Chromosome	Position(bp)	Rate(cM/Mb)	Map(cM)
chr18	0	0.0	0.0
chr18	143715	0.6187863536982797	0.0
chr18	240679	2.707778995147911	0.06
chr18	304569	0.3610964396968946	0.233
chr18	397342	6.07661822985469	0.2665
chr18	427622	0.6206361520558578	0.4505
chr18	446957	0.0	0.4625
chr18	489133	0.8488867619242954	0.4625
chr18	576895	4.7786854610497045	0.537
chr18	595624	0.0	0.6265
chr18	634960	0.0	0.6265
chr18	658583	0.5094184188234474	0.6265
chr18	1002112	1.5877147319104647	0.8015
chr18	1040532	0.0	0.8625
chr18	1050054	0.2954181596401608	0.8625
chr18	1102522	27.087110420443757	0.878
chr18	1125688	5.718866916087653	1.5055
chr18	1144398	41.2332838038633	1.6125
chr18	1156512	22.18070037972394	2.112
chr18	1173103	0.852058513044793	2.48
chr18	1239413	0.0	2.5365
chr18	1248770	2.1801838062654966	2.5365
chr18	1263677	10.403658267832219	2.569
chr18	1318129	1.5466964668917866	3.1355
chr18	1441618	0.7212000769280213	3.3265
chr18	1472816	0.0	3.349
chr18	1547552	0.04824624885414628	3.349
chr18	1609733	0.0	3.352
chr18	1630313	1.5227144427607933	3.352
chr18	1697627	0.1829714564528003	3.4545
chr18	1714023	0.29766334275932843	3.4575
chr18	1734180	0.703427924372926	3.4635
chr18	1763323	1.1777792318261986	3.484
chr18	1778606	0.6551805329484154	3.502
chr18	1876289	0.13782388613241267	3.566
chr18	1916195	0.07924139570511936	3.5715
chr18	1954054	1.1503067484662488	3.5745
chr18	1971006	0.0	3.594
chr18	1990189	0.0	3.594
chr18	1994747	0.0	3.594
chr18	2016181	0.0	3.594
chr18	2031086	0.1618122977346296	3.594
chr18	2065076	9.888410120428697	3.5995
chr18	2083178	5.0903433593536676	3.7785
chr18	2119816	5.770536320434485	3.965
chr18	2164006	0.0	4.22
chr18	2164283	0.0	4.22
chr18	2171870	3.812857879453996	4.22
chr18	2208719	18.303483566227115	4.3605
chr18	2223962	0.11905895799601823	4.6395
chr18	2244960	0.35707673182213934	4.642
chr18	2282767	1.122441493654174	4.6555
chr18	2350922	37.89083200847901	4.732
chr18	2362244	11.925424108392592	5.161
chr18	2380105	0.16441599438794027	5.374
chr18	2425721	3.8204166864410913	5.3815
chr18	2467863	55.68755568755569	5.5425
chr18	2474597	1.344188675210399	5.9175
chr18	2540064	2.630941634926584	6.0055
chr18	2585485	0.0	6.125
chr18	2607156	0.05539061461426842	6.125
chr18	2652290	0.9131956775404492	6.1275
chr18	2691712	0.9110988404196432	6.1635
chr18	2709822	21.73149838505827	6.18
chr18	2724064	5.848358303481318	6.4895
chr18	2774591	2.510945145506047	6.785
chr18	2836719	1.4899380804953553	6.941
chr18	2862559	2.8672993728830805	6.9795
chr18	2892378	9.237768080958121	7.065
chr18	2924691	0.0	7.3635
chr18	2927518	3.0747596860177064	7.3635
chr18	2975164	4.1830081231710725	7.51
chr18	3057521	0.0	7.8545
chr18	3066029	11.783009586565093	7.8545
chr18	3109736	0.46010253713682614	8.3695
chr18	3124950	4.3057050592033805	8.3765
chr18	3137956	5.758710048949047	8.4325
chr18	3203943	6.9291718133341496	8.8125
chr18	3237136	0.7076109804574272	9.0425
chr18	3285185	3.7233126721763092	9.0765
chr18	3331649	13.862595419847347	9.2495
chr18	3364399	1.3597733711047668	9.7035
chr18	3382049	0.8211444701052099	9.7275
chr18	3421019	0.0	9.7595
chr18	3434071	0.5608444303834087	9.7595
chr18	3468840	0.6666210857377526	9.779
chr18	3498092	0.5333033934936773	9.7985
chr18	3569346	1.301061037708374	9.8365
chr18	3613925	1.6808545247519218	9.8945
chr18	3650811	1.2634611751369653	9.9565
chr18	3693155	12.203553896148847	10.01
chr18	3707618	3.658042360770428	10.1865
chr18	3848267	3.660276692102443	10.701
chr18	3864386	0.35401362952469767	10.76
chr18	3875685	5.405153534318091	10.764
chr18	3918607	9.172976121141508	10.996
chr18	3976985	0.0	11.5315
chr18	3988978	12.119681858351228	11.5315
chr18	4020662	4.595250349239027	11.9155
chr18	4034263	15.779237999823225	11.978
chr18	4068200	1.0566508109347175	12.5135
chr18	4207792	0.0	12.661
chr18	4224595	0.9227999099707489	12.661
chr18	4246810	0.08099133392729682	12.6815
chr18	4271504	2.3796824354818784	12.6835
chr18	4295877	2.171758395522401	12.7415
chr18	4330181	0.0	12.816
chr18	4348939	0.5067064083457365	12.816
chr18	4399264	5.185940877844975	12.8415
chr18	4440433	0.29047601757383157	13.055
chr18	4467974	13.064405225762076	13.063
chr18	4502878	0.0	13.519
chr18	4538601	0.0	13.519
chr18	4567214	0.0	13.519
chr18	4570817	0.24722804914594884	13.519
chr18	4637557	0.0	13.5355
chr18	4658811	0.0	13.5355
chr18	4689021	0.32757143577075354	13.5355
chr18	4708864	4.858470637938311	13.542
chr18	4770406	0.10965513460171435	13.841
chr18	4788645	4.79129989080293	13.843
chr18	4833518	1.1034637540211165	14.058
chr18	4886986	11.809400400518312	14.117
chr18	4903964	0.4272591326639516	14.3175
chr18	4927369	0.905115427641601	14.3275
chr18	4976534	3.380150358412485	14.372
chr18	5028011	0.6569007422978831	14.546
chr18	5058457	0.0	14.566
chr18	5239250	0.0	14.566
chr18	5256049	4.308238380616751	14.566
chr18	5294928	1.8284106891701688	14.7335
chr18	5309148	5.271507016473485	14.7595
chr18	5350123	0.04926108374381506	14.9755
chr18	5390723	12.320143884892127	14.9775
chr18	5412963	0.43484983185804715	15.2515
chr18	5464705	1.2343831824642912	15.274
chr18	5518173	0.0	15.34
chr18	5523609	2.5164668130383534	15.34
chr18	5553214	0.28534741047221857	15.4145
chr18	5581250	0.18734193024636173	15.4225
chr18	5613277	3.351915884552983	15.4285
chr18	5641619	0.07400281210681904	15.5235
chr18	5668645	5.993257585216637	15.5255
chr18	5676654	3.009833029172229	15.5735
chr18	5713367	3.2934365954783926	15.684
chr18	5777282	0.31643110129125324	15.8945
chr18	5867349	0.3042565491222134	15.923
chr18	5900216	7.047056149124732	15.933
chr18	5909014	0.0	15.995
chr18	5928139	1.1711338918340763	15.995
chr18	6056220	2.3410221140619987	16.145
chr18	6131828	5.8972198820556265	16.322
chr18	6155568	0.6753334458888333	16.462
chr18	6167414	2.447021191523398	16.47
chr18	6292464	0.9396351530934169	16.776
chr18	6366961	0.6355460929803799	16.846
chr18	6398430	0.0	16.866
chr18	6400610	0.951224448492292	16.866
chr18	6425315	2.9203446270944093	16.8895
chr18	6463153	4.100517498464995	17.0
chr18	6485955	0.43925151541779683	17.0935
chr18	6508721	5.841496707884953	17.1035
chr18	6533629	9.549333086899	17.249
chr18	6566092	0.26437541308659296	17.559
chr18	6634177	0.022133564997968046	17.577
chr18	6814898	0.9970089730808376	17.581
chr18	6842982	3.765567149107938	17.609
chr18	6866750	1.0620095580860631	17.6985
chr18	6883699	3.68160748741379	17.7165
chr18	6928788	2.178313677169439	17.8825
chr18	6951512	8.323424494649243	17.932
chr18	6991039	4.2342498269211895	18.261
chr18	7071927	1.7146776406035908	18.6035
chr18	7101087	0.0	18.6535
chr18	7110406	4.862538349268748	18.6535
chr18	7177552	1.0648476804839693	18.98
chr18	7274749	155.12265512265247	19.0835
chr18	7275442	0.0	19.191
chr18	7300336	16.118736035748903	19.191
chr18	7306602	0.2644802962177852	19.292
chr18	7314164	0.94266255037351	19.294
chr18	7356597	0.0	19.334
chr18	7391548	0.9211637368542607	19.334
chr18	7404575	2.088662931899876	19.346
chr18	7497218	2.3661577712851245	19.5395
chr18	7570121	5.97380164099617	19.712
chr18	7590962	0.0727246281953411	19.8365
chr18	7673465	16.423600336894356	19.8425
chr18	7696024	0.0	20.213
chr18	7775624	0.0	20.213
chr18	7777684	1.254311696456617	20.213
chr18	7787251	0.5184319089324388	20.225
chr18	7832580	5.5077173030056645	20.2485
chr18	7863355	0.9695646590471514	20.418
chr18	7941225	1.3191397981409105	20.4935
chr18	7973822	5.206235086305719	20.5365
chr18	8006091	8.196056155156949	20.7045
chr18	8018414	0.0	20.8055
chr18	8119729	0.0	20.8055
chr18	8124231	0.0	20.8055
chr18	8165184	0.0	20.8055
chr18	8190335	0.05779066295522406	20.8055
chr18	8294158	2.0347008989678415	20.8115
chr18	8321189	0.4352872896111598	20.8665
chr18	8348757	0.16646898474733487	20.8785
chr18	8396814	0.13257324671873866	20.8865
chr18	8426986	0.040402952109035634	20.8905
chr18	8464112	0.0	20.892
chr18	8481518	3.72934106031345	20.892
chr18	8500154	8.278580814717323	20.9615
chr18	8515374	7.260360343147607	21.0875
chr18	8567713	1.0125300594860296	21.4675
chr18	8575614	0.0	21.4755
chr18	8587607	0.26558661443472115	21.4755
chr18	8602668	17.71351972424346	21.4795
chr18	8613112	0.16444663706618085	21.6645
chr18	8625274	11.468600830698795	21.6665
chr18	8641405	0.0	21.8515
chr18	8759854	0.0	21.8515
chr18	8784653	0.27269008771524117	21.8515
chr18	8828659	1.455959870770282	21.8635
chr18	8875707	0.031731425217002396	21.932
chr18	8938736	0.07486244026601403	21.934
chr18	9018883	0.0	21.94
chr18	9041612	0.07561150807148657	21.94
chr18	9094514	0.0	21.944
chr18	9106216	0.1628266710087656	21.944
chr18	9130782	0.566693725015684	21.948
chr18	9196073	0.0	21.985
chr18	9233323	0.06713887676655449	21.985
chr18	9263112	0.053632962818966436	21.987
chr18	9337693	0.16280016280014487	21.991
chr18	9386833	1.4991686428435547	21.999
chr18	9460207	1.2502604709311211	22.109
chr18	9469805	3.7558443344334838	22.121
chr18	9527981	5.119892145218687	22.3395
chr18	9559134	15.706203539240928	22.499
chr18	9589536	1.4904406222160658	22.9765
chr18	9618722	0.7124940928423351	23.02
chr18	9756267	0.0	23.118
chr18	9757115	0.13557720903384143	23.118
chr18	9871441	27.78970615299671	23.1335
chr18	9887742	0.0	23.5865
chr18	9935902	27.62205410112667	23.5865
chr18	9954275	0.0	24.094
chr18	9998624	0.11551536354331655	24.094
chr18	10028923	0.27092928745582384	24.0975
chr18	10036305	4.830042222885688	24.0995
chr18	10083199	0.1319130692872665	24.326
chr18	10113522	0.8903269237033337	24.33
chr18	10205623	0.5523150081500191	24.412
chr18	10279856	0.1962045323247041	24.453
chr18	10371597	0.018126778690148924	24.471
chr18	10481931	6.772285306316735	24.473
chr18	10555466	0.32764597087318975	24.971
chr18	10718752	0.6425834190111192	25.0245
chr18	10761548	14.780971234745229	25.052
chr18	10844391	2.2237946022440354	26.2765
chr18	10883963	5.487269534679515	26.3645
chr18	10909021	0.3608284621491507	26.502
chr18	10936735	7.6365345238494555	26.512
chr18	10966526	0.21400734383093814	26.7395
chr18	11010917	0.13255274494643163	26.749
chr18	11146712	0.0	26.767
chr18	11247265	0.0	26.767
chr18	11384835	0.0	26.767
chr18	11533915	0.08578010881816941	26.767
chr18	11574717	4.228503526913281	26.7705
chr18	11653823	0.0	27.105
chr18	11763384	0.22219259654267848	27.105
chr18	11853396	0.3367838910946957	27.125
chr18	11881604	0.0	27.1345
chr18	11910291	1.428306833076891	27.1345
chr18	12050667	0.09846534723098418	27.335
chr18	12121758	0.4642572388805641	27.342
chr18	12220841	0.0	27.388
chr18	12248245	0.0	27.388
chr18	12308864	0.0	27.388
chr18	12337145	0.70918740849192	27.388
chr18	12359001	0.0	27.4035
chr18	12418353	0.0	27.4035
chr18	12455381	0.0	27.4035
chr18	12468286	0.08202858801455981	27.4035
chr18	12706008	0.14110840653336634	27.423
chr18	12762702	0.0	27.431
chr18	12796990	0.0	27.431
chr18	12817911	0.0	27.431
chr18	12849182	0.0	27.431
chr18	12860968	0.0	27.431
chr18	12883536	0.3305013900499535	27.431
chr18	12934973	0.712342960756375	27.448
chr18	12973578	0.0	27.4755
chr18	13005977	1.0269049086054411	27.4755
chr18	13025453	0.9551292472768537	27.4955
chr18	13099265	8.20720528671936	27.566
chr18	13122720	0.4518465249183682	27.7585
chr18	13279853	0.5250887399971043	27.8295
chr18	13327464	0.0	27.8545
chr18	13354309	0.0	27.8545
chr18	13376722	0.0	27.8545
chr18	13456427	1.833900969347636	27.8545
chr18	13483146	1.1982197877438336	27.9035
chr18	13509435	1.1130583053096232	27.935
chr18	13530548	2.2788701044040094	27.9585
chr18	13549417	0.15226204297594487	28.0015
chr18	13601958	0.682447451546303	28.0095
chr18	13627601	0.6468734450157817	28.027
chr18	13657746	0.0	28.0465
chr18	13703706	0.4676280697519883	28.0465
chr18	13736852	0.9588013196917202	28.062
chr18	13820811	0.08780691259922369	28.1425
chr18	13911920	0.0	28.1505
chr18	13934613	0.7767730210607682	28.1505
chr18	14002844	3.2982706364771626	28.2035
chr18	14025280	0.18448482612294914	28.2775
chr18	14036121	1.9228128004398983	28.2795
chr18	14043402	3.727299596072325	28.2935
chr18	14073853	5.1794393441012945	28.407
chr18	14114591	11.736703873933083	28.618
chr18	14126775	0.24683264351837225	28.761
chr18	14379983	0.39358660976919985	28.8235
chr18	14404120	4.32131850462297	28.833
chr18	14419046	21.519107075293146	28.8975
chr18	14429618	2.0048115477145108	29.125
chr18	14533119	0.0	29.3325
chr18	14653755	3.254312285350451	29.3325
chr18	14731498	7.397044159014123	29.5855
chr18	14798687	1.1945690810558933	30.0825
chr18	14833009	1.9646365422396823	30.1235
chr18	14878819	1.3999763775698033	30.2135
chr18	15022750	0.12004801920772316	30.415
chr18	15056070	1.7595701813297546	30.419
chr18	15130520	0.3581341212284136	30.55
chr18	15164027	4.732440959353042	30.562
chr18	15196674	3.032385277246698	30.7165
chr18	15230146	2.36219576057011	30.818
chr18	15317988	2.882953787191782	31.0255
chr18	15376435	0.0	31.194
chr18	15403904	1.168224299065431	31.194
chr18	15439000	4.523580365736228	31.235
chr18	15454585	0.7537478015689406	31.3055
chr18	15490406	0.36008461988563345	31.3325
chr18	15512623	2.403502246130065	31.3405
chr18	15547572	0.779410658037622	31.4245
chr18	15733610	1.6409961134302176	31.5695
chr18	15768345	3.2640653809737437	31.6265
chr18	15808479	1.9657859633521246	31.7575
chr18	15893941	0.08404773911584586	31.9255
chr18	15941533	0.0	31.9295
chr18	15946959	0.06501316516591006	31.9295
chr18	15977722	0.2684333157956748	31.9315
chr18	16070855	0.044204756431846084	31.9565
chr18	16116099	0.07162554166811917	31.9585
chr18	16144022	0.5332656170645199	31.9605
chr18	16183402	1.1437946253205702	31.9815
chr18	16226679	0.43494603447351704	32.031
chr18	16319794	0.4787349044075411	32.0715
chr18	16352171	2.54950381853934	32.087
chr18	16395905	4.159590704873283	32.1985
chr18	16442424	1.3197771043110904	32.392
chr18	16473111	1.1065023641662954	32.4325
chr18	16555804	4.253379917970548	32.524
chr18	16621634	0.0	32.804
chr18	16639301	0.8022184807367422	32.804
chr18	16689786	0.8733348765758182	32.8445
chr18	16737305	0.044982232018247914	32.886
chr18	16781767	7.4541735504681945	32.888
chr18	16807189	1.5089766564820397	33.0775
chr18	17020910	0.8522268098799511	33.4
chr18	17088967	0.13498009043682554	33.458
chr18	17103784	0.03995205753101167	33.46
chr18	17153844	2.1175913876728716	33.462
chr18	17196109	0.0	33.5515
chr18	17214800	1.5794852736228757	33.5515
chr18	17236326	0.03806526924833926	33.5855
chr18	17275732	0.21668785392329767	33.587
chr18	17310344	0.22827015404557974	33.5945
chr18	17378246	2.1745904859972494	33.61
chr18	17452053	0.9624077692554828	33.7705
chr18	17486342	0.0	33.8035
chr18	17489964	0.0	33.8035
chr18	17506375	0.0	33.8035
chr18	17552506	0.0	33.8035
chr18	17598772	0.0	33.8035
chr18	17646389	0.0	33.8035
chr18	17672603	1.8964452677075783	33.8035
chr18	17706614	0.36227911699232307	33.868
chr18	17916397	4.5306241116423305	33.944
chr18	18040221	0.3949759064696579	34.505
chr18	18154152	0.03528759389023039	34.55
chr18	18253337	0.01735312746741902	34.5535
chr18	18368590	0.3155113255419684	34.5555
chr18	18444657	0.16838661566952676	34.5795
chr18	18486228	0.0	34.5865
chr18	18547361	0.15963815351869703	34.5865
chr18	18584946	0.04073693108327426	34.5925
chr18	18683137	0.0	34.5965
chr18	18780795	0.0	34.5965
chr18	18799473	0.0	34.5965
chr18	18880580	4.6059135436326475	34.5965
chr18	18969596	0.0	35.0065
chr18	19132667	0.0	35.0065
chr18	19197407	0.0	35.0065
chr18	19224368	0.0	35.0065
chr18	19267311	0.05265790790119636	35.0065
chr18	19305292	0.11137593834233751	35.0085
chr18	19395078	0.0	35.0185
chr18	19476023	0.1806053892648225	35.0185
chr18	19517550	0.11282543085205154	35.026
chr18	19553003	0.18393541525925733	35.03
chr18	19702512	0.7263189056336135	35.0575
chr18	19847765	0.11813349084479884	35.163
chr18	19864695	0.05970386881070119	35.165
chr18	19889819	4.1940983932994405	35.1665
chr18	19970170	0.023960130343077545	35.5035
chr18	20116246	1.6980189778592287	35.507
chr18	20146281	4.441340782123073	35.558
chr18	20164181	2.615746795709655	35.6375
chr18	20168004	3.71109100885325	35.6475
chr18	20302870	0.09591406100132668	36.148
chr18	20422769	11.1111111111105	36.1595
chr18	20429654	0.7006751960981709	36.236
chr18	20484601	0.03906326295426354	36.2745
chr18	20535800	2.5004831851565608	36.2765
chr18	20618584	6.2703410216499496	36.4835
chr18	20675120	0.09417526015915975	36.838
chr18	20738831	0.0	36.844
chr18	20777506	0.0	36.844
chr18	20861610	0.0	36.844
chr18	20893975	0.10536020018432196	36.844
chr18	20931940	7.668081610297268	36.848
chr18	20961152	0.8758134836919723	37.072
chr18	21039365	0.0	37.1405
chr18	21051133	3.593542680229992	37.1405
chr18	21105397	7.2744612637474	37.3355
chr18	21154679	0.0	37.694
chr18	21188642	0.0679671039215435	37.694
chr18	21218068	0.0	37.696
chr18	21244501	0.07337833871450118	37.696
chr18	21271757	1.8743556902315541	37.698
chr18	21303768	0.9199534736173108	37.758
chr18	21351053	0.4356747336763346	37.8015
chr18	21422207	0.08322929671239665	37.8325
chr18	21470267	0.978350059963353	37.8365
chr18	21501953	0.773769223329057	37.8675
chr18	21522631	1.8979333614509364	37.8835
chr18	21543970	0.2963764754393605	37.924
chr18	21582772	3.725099601593861	37.9355
chr18	21607872	0.43218377333058033	38.029
chr18	21676130	0.12247611715699323	38.0585
chr18	21704707	1.4854329982977206	38.062
chr18	21796936	0.4616015865417668	38.199
chr18	21884674	0.21609940572689837	38.2395
chr18	21893929	0.0	38.2415
chr18	21908254	1.4099718005639001	38.2415
chr18	21924921	1.448061989013518	38.265
chr18	22041974	3.3649602824360074	38.4345
chr18	22114486	0.49057105797051165	38.6785
chr18	22174620	0.4119201159058474	38.708
chr18	22245022	0.49501237530940145	38.737
chr18	22311687	0.2739726027395742	38.77
chr18	22355487	0.4647236386582229	38.782
chr18	22472761	0.54763582642069	38.8365
chr18	22590540	0.05261081152164511	38.901
chr18	22628555	0.6618919928040712	38.903
chr18	22687477	1.0109123137427753	38.942
chr18	22723583	0.12489851995269122	38.9785
chr18	22739596	0.8292542470486925	38.9805
chr18	22826421	0.06863182457689643	39.0525
chr18	22855562	0.162201847393719	39.0545
chr18	22914131	0.14641556397449937	39.064
chr18	22968770	0.0	39.072
chr18	23028297	0.7264578408195121	39.072
chr18	23068905	0.35743007774084384	39.1015
chr18	23091287	1.7192641971142828	39.1095
chr18	23138691	0.0	39.191
chr18	23160710	0.0	39.191
chr18	23259586	1.0162121283734025	39.191
chr18	23280743	1.0388998372034146	39.2125
chr18	23327427	6.345670433876225	39.261
chr18	23376358	2.88570238591046	39.5715
chr18	23393165	0.9468686653154295	39.62
chr18	23430657	3.8087922287835796	39.6555
chr18	23493144	0.0	39.8935
chr18	23506151	0.0	39.8935
chr18	23519440	0.0	39.8935
chr18	23538748	0.0	39.8935
chr18	23582102	0.1295714424540113	39.8935
chr18	23612973	0.13411117816662588	39.8975
chr18	23642799	0.0	39.9015
chr18	23690097	0.039256592303492724	39.9015
chr18	23779254	0.06599353263364809	39.905
chr18	23809560	0.9507346585999451	39.907
chr18	23838485	0.0	39.9345
chr18	23850296	0.0	39.9345
chr18	23886194	0.12075836251675187	39.9345
chr18	23902756	0.0	39.9365
chr18	23920930	0.0	39.9365
chr18	23933284	0.0	39.9365
chr18	23980983	0.09457606279828529	39.9365
chr18	24002130	0.0	39.9385
chr18	24031741	0.05322141629795632	39.9385
chr18	24097504	0.0	39.942
chr18	24134624	0.0	39.942
chr18	24151663	1.257275902211922	39.942
chr18	24173138	0.0	39.969
chr18	24201685	0.0	39.969
chr18	24224817	0.0	39.969
chr18	24324904	0.0	39.969
chr18	24350044	0.4759349959328552	39.969
chr18	24407825	2.0900587699693545	39.9965
chr18	24456149	1.6494605293798195	40.0975
chr18	24559213	0.0	40.2675
chr18	24597440	0.0	40.2675
chr18	24629689	5.388866956178648	40.2675
chr18	24655019	0.0	40.404
chr18	24701189	0.7524858908893197	40.404
chr18	24719794	3.770210726203481	40.418
chr18	24774035	0.8730255410727913	40.6225
chr18	24823289	1.0394495866950846	40.6655
chr18	24843492	0.0	40.6865
chr18	24887185	0.0	40.6865
chr18	24962722	0.1427551748750101	40.6865
chr18	24990742	0.5290538753196568	40.6905
chr18	25036106	0.0	40.7145
chr18	25082887	0.0	40.7145
chr18	25121159	0.0	40.7145
chr18	25162285	0.54876136719977	40.7145
chr18	25200553	2.0331250619853622	40.7355
chr18	25220719	8.448511543135012	40.7765
chr18	25247055	0.055934668307419055	40.999
chr18	25273872	0.2166573383646064	41.0005
chr18	25329259	2.9325513196480655	41.0125
chr18	25397118	0.2796811634736507	41.2115
chr18	25440024	1.5681149950997002	41.2235
chr18	25470634	0.0	41.2715
chr18	25570962	0.0	41.2715
chr18	25592368	0.0	41.2715
chr18	25615123	6.992815225141102	41.2715
chr18	25633356	2.6086036919967723	41.399
chr18	25718459	0.7352941176469248	41.621
chr18	25747699	0.0	41.6425
chr18	25775673	2.65438125457662	41.6425
chr18	25824837	0.19052983862947856	41.773
chr18	25885195	0.9702824442618803	41.7845
chr18	25955793	0.9658276246614048	41.853
chr18	26006009	0.0	41.9015
chr18	26032839	3.753677589530425	41.9015
chr18	26062410	0.1849910587655	42.0125
chr18	26094844	0.9454851065892249	42.0185
chr18	26156717	2.0510803292967434	42.077
chr18	26227899	0.04262938016878872	42.223
chr18	26321731	6.888586053313898	42.227
chr18	26381903	0.0	42.6415
chr18	26407014	2.260267008704777	42.6415
chr18	26534875	0.06588799041626643	42.9305
chr18	26618350	0.08984725965869021	42.936
chr18	26640610	1.0243299527622634	42.938
chr18	26758736	0.044569238311771724	43.059
chr18	26803610	0.3857021512645771	43.061
chr18	26918984	1.4593941264208448	43.1055
chr18	26996756	0.0	43.219
chr18	27039043	0.15969716685397187	43.219
chr18	27292648	0.0	43.2595
chr18	27380007	0.0	43.2595
chr18	27437067	0.16030779095855174	43.2595
chr18	27462019	0.017031858090579208	43.2635
chr18	27579446	0.0	43.2655
chr18	27607354	0.15966789078707422	43.2655
chr18	27632406	0.13784527308027594	43.2695
chr18	27802887	2.295322049173406	43.293
chr18	27944915	0.0	43.619
chr18	28053005	0.9357295777930073	43.619
chr18	28190331	0.0	43.7475
chr18	28224324	0.0	43.7475
chr18	28342744	0.0	43.7475
chr18	28382714	0.5799454851242829	43.7475
chr18	28399957	0.0	43.7575
chr18	28572307	0.0	43.7575
chr18	28590940	0.2589575780402957	43.7575
chr18	28612179	0.5411664023761782	43.763
chr18	28651908	0.0	43.7845
chr18	28692282	0.0	43.7845
chr18	28715294	0.0	43.7845
chr18	28748097	0.5300879683173655	43.7845
chr18	28862229	0.4720219704769859	43.845
chr18	28873881	0.03521808801004497	43.8505
chr18	28930670	0.16840687100024349	43.8525
chr18	28954422	0.6854479402292903	43.8565
chr18	28969011	4.253332641734568	43.8665
chr18	28988290	0.0	43.9485
chr18	29022771	0.0	43.9485
chr18	29084323	0.0	43.9485
chr18	29106998	2.1746293245465664	43.9485
chr18	29122173	0.0	43.9815
chr18	29152879	0.7609886764886669	43.9815
chr18	29185731	0.5070501548120899	44.0065
chr18	29278424	0.0	44.0535
chr18	29347988	0.09186917829012782	44.0535
chr18	29598344	0.0	44.0765
chr18	29626448	0.04432722356424874	44.0765
chr18	29671567	0.46327904028102646	44.0785
chr18	29692073	0.0	44.088
chr18	29738684	0.0	44.088
chr18	29789605	0.0	44.088
chr18	29838622	0.07121492664871258	44.088
chr18	29866706	0.0	44.09
chr18	29899436	0.0	44.09
chr18	29977560	0.0	44.09
chr18	30074920	0.0	44.09
chr18	30120120	3.363228699551358	44.09
chr18	30141082	0.0	44.1605
chr18	30164241	0.0	44.1605
chr18	30180555	0.0	44.1605
chr18	30326658	0.20412329046769181	44.1605
chr18	30336456	0.0	44.1625
chr18	30431951	0.8375724231200316	44.1625
chr18	30497020	0.0	44.217
chr18	30530817	0.31585596967783885	44.217
chr18	30554562	0.0	44.2245
chr18	30639877	0.2139746419071515	44.2245
chr18	30759050	13.715892017641702	44.25
chr18	30779683	2.0987952853059295	44.533
chr18	30940966	0.012183829621327037	44.8715
chr18	31064080	0.0	44.873
chr18	31089644	0.0	44.873
chr18	31114375	0.10131712259380944	44.873
chr18	31168660	0.35023348899259604	44.8785
chr18	31258600	0.0	44.91
chr18	31285326	0.34408179315779397	44.91
chr18	31336186	0.15197337426479857	44.9275
chr18	31401987	0.16543874354789526	44.9375
chr18	31447321	0.0	44.945
chr18	31466303	0.27390235089803283	44.945
chr18	31552100	0.15076354440232423	44.9685
chr18	31654910	0.0	44.984
chr18	31698596	0.07138268256117108	44.984
chr18	31754632	0.0	44.988
chr18	31767975	0.1884170611649514	44.988
chr18	31810434	4.112390010797779	44.996
chr18	31853961	0.5777596519847963	45.175
chr18	31898097	0.0	45.2005
chr18	32113090	0.0	45.2005
chr18	32158188	0.0	45.2005
chr18	32320643	0.03634381246597209	45.2005
chr18	32430703	0.0	45.2045
chr18	32452202	0.10228953198154284	45.2045
chr18	32623285	0.05931843122522444	45.222
chr18	32724434	0.20961430967021477	45.228
chr18	32753058	0.050742287172283046	45.234
chr18	32822034	0.16522371290732743	45.2375
chr18	32927951	0.0	45.255
chr18	32938625	0.0	45.255
chr18	32957869	1.377928097206579	45.255
chr18	33021733	0.1793357404173305	45.343
chr18	33063554	0.12803550851436618	45.3505
chr18	33110416	0.07960832703110474	45.3565
chr18	33160662	0.9006937258057768	45.3605
chr18	33186753	0.0	45.384
chr18	33188214	0.0	45.384
chr18	33211320	0.0411853133173214	45.384
chr18	33259881	0.0	45.386
chr18	33262737	0.0	45.386
chr18	33276754	0.0	45.386
chr18	33285651	0.3877436924019564	45.386
chr18	33341100	0.0	45.4075
chr18	33424150	0.11955352193810156	45.4075
chr18	33516159	0.09839614287097012	45.4185
chr18	33536485	0.4656494018196747	45.4205
chr18	33592321	10.497237569063788	45.4465
chr18	33593226	0.10052849264692656	45.456
chr18	33628042	10.139519792342634	45.4595
chr18	33640370	1.369423967833226	45.5845
chr18	33674691	0.0	45.6315
chr18	33698832	4.602288925996805	45.6315
chr18	33723385	1.0559075247304728	45.7445
chr18	33795361	0.0282589651566301	45.8205
chr18	33866135	33.232235701906845	45.8225
chr18	33877675	0.5155303518491794	46.206
chr18	33885434	0.5852293813696768	46.21
chr18	33955492	1.8354236769655023	46.251
chr18	33991451	0.16314100821143693	46.317
chr18	34028229	0.0	46.323
chr18	34096867	2.427400676999808	46.323
chr18	34164223	0.4629272432682839	46.4865
chr18	34177184	19.958604376108518	46.4925
chr18	34183948	1.3189486320844253	46.6275
chr18	34247256	2.1923322982820688	46.711
chr18	34311343	0.40724903278356256	46.8515
chr18	34326076	4.042063752875372	46.8575
chr18	34356506	1.4250984994551634	46.9805
chr18	34392293	1.6971630482161224	47.0315
chr18	34500120	0.7745550428476771	47.2145
chr18	34530460	0.22677260586921957	47.238
chr18	34589991	2.5091839412228714	47.2515
chr18	34620479	12.504818812644354	47.328
chr18	34641231	0.16646862640424018	47.5875
chr18	34815438	0.0	47.6165
chr18	34821461	0.0	47.6165
chr18	34873926	0.0	47.6165
chr18	34954477	0.0	47.6165
chr18	35025369	0.0	47.6165
chr18	35040582	0.0	47.6165
chr18	35068526	0.0	47.6165
chr18	35117454	0.20271346451784303	47.6165
chr18	35186517	0.0	47.6305
chr18	35242055	0.03544528134696401	47.6305
chr18	35298480	0.13534974373782366	47.6325
chr18	35353892	0.0	47.64
chr18	35436180	0.06410256410256653	47.64
chr18	35529780	0.0	47.646
chr18	35567563	0.0	47.646
chr18	35639228	0.0	47.646
chr18	35679810	0.0	47.646
chr18	35689441	0.0	47.646
chr18	35787815	0.3139858257826275	47.646
chr18	35832403	2.733627523723993	47.66
chr18	35858010	0.0	47.73
chr18	35896904	0.0	47.73
chr18	35910720	0.0	47.73
chr18	35922902	0.0	47.73
chr18	36000924	0.0	47.73
chr18	36020049	0.0	47.73
chr18	36076429	0.0	47.73
chr18	36102434	0.0	47.73
chr18	36127500	0.0	47.73
chr18	36165574	0.0	47.73
chr18	36267938	0.18341892883367977	47.73
chr18	36278842	0.2854424357754628	47.732
chr18	36347157	16.52892561982555	47.7515
chr18	36347399	0.2339655602695372	47.7555
chr18	36379455	0.1547756898983125	47.763
chr18	36553901	0.0	47.79
chr18	36570684	0.20948989211258945	47.79
chr18	36589778	0.10482454990971694	47.794
chr18	36627937	1.0305939165512379	47.798
chr18	36661898	0.8058909044940575	47.833
chr18	36693540	0.06753627662863733	47.8585
chr18	36745364	0.0	47.862
chr18	36749904	1.6086492957482748	47.862
chr18	36803365	0.831113478955812	47.948
chr18	36850290	1.5811976623573758	47.987
chr18	36929344	2.613152869442723	48.112
chr18	36959193	1.7741833803146945	48.19
chr18	37070230	0.15599407222516898	48.387
chr18	37095872	0.12022843402479376	48.391
chr18	37112507	0.06358289620088671	48.393
chr18	37175417	0.3049361539928596	48.397
chr18	37201652	0.0	48.405
chr18	37233436	5.855260809025723	48.405
chr18	37261445	0.7443781440971727	48.569
chr18	37344736	0.07014467338888795	48.631
chr18	37458786	0.0	48.639
chr18	37474325	0.0	48.639
chr18	37489761	0.13858733311775828	48.639
chr18	37533055	0.8576329331043513	48.645
chr18	37555792	4.001975000649762	48.6645
chr18	37594273	0.9324009324011254	48.8185
chr18	37609288	0.02897731800431605	48.8325
chr18	37747327	0.0	48.8365
chr18	37767780	0.0	48.8365
chr18	37793156	0.058799317927983895	48.8365
chr18	37827170	1.0266758713468895	48.8385
chr18	37883663	0.0	48.8965
chr18	37911485	0.0	48.8965
chr18	37934956	0.8346777807653643	48.8965
chr18	38024212	0.5563704415558353	48.971
chr18	38083525	0.0	49.004
chr18	38145281	0.0	49.004
chr18	38197564	0.13589841593408938	49.004
chr18	38668504	0.0403924802665919	49.068
chr18	38965589	0.19574259848323408	49.08
chr18	38986024	1.0548290182910018	49.084
chr18	39076560	2.8510010383837865	49.1795
chr18	39131453	0.4920622588247055	49.336
chr18	39170066	1.1071718825455672	49.355
chr18	39254967	1.48133701113558	49.449
chr18	39362640	3.616065159387697	49.6085
chr18	39405366	0.5571731550380299	49.763
chr18	39433185	0.10489327109678735	49.7785
chr18	39452252	0.26044522425692573	49.7805
chr18	39488728	0.10437323870153906	49.79
chr18	39527052	0.2569868294250778	49.794
chr18	39558182	0.1438808851923637	49.802
chr18	39665910	2.4691861888824405	49.8175
chr18	39690412	5.575868372943452	49.878
chr18	39717762	0.0	50.0305
chr18	39740226	0.0	50.0305
chr18	39751891	0.009107053412847042	50.0305
chr18	39971501	0.0	50.0325
chr18	39976056	0.0	50.0325
chr18	40001356	0.08482586461798068	50.0325
chr18	40042617	0.0	50.036
chr18	40065697	0.6460387623254419	50.036
chr18	40080402	1.7877913238274377	50.0455
chr18	40103615	0.0	50.087
chr18	40204056	0.14123369353665294	50.087
chr18	40494355	0.2545176889793076	50.128
chr18	40521858	0.835555555555503	50.135
chr18	40549983	1.5802596308045875	50.1585
chr18	40635412	0.0	50.2935
chr18	40680651	0.0	50.2935
chr18	40687252	0.01943691264075084	50.2935
chr18	40790149	5.711318795431306	50.2955
chr18	40806520	0.30703241712412843	50.389
chr18	40915629	0.6740449218325064	50.4225
chr18	41007611	2.9216396703609666	50.4845
chr18	41063915	0.0	50.649
chr18	41089500	0.6625023660799039	50.649
chr18	41121198	9.189572425829061	50.67
chr18	41139534	1.0540270352500782	50.8385
chr18	41185548	2.4215132333574987	50.887
chr18	41209087	1.4222739748814128	50.944
chr18	41269202	0.0	51.0295
chr18	41286831	21.566626990874443	51.0295
chr18	41304474	2.7716002257111825	51.41
chr18	41334601	1.9118021921999195	51.4935
chr18	41358139	0.3892907373920775	51.5385
chr18	41397955	0.09595087315272206	51.554
chr18	41418799	0.4714757190010477	51.556
chr18	41427283	0.5384277908507363	51.56
chr18	41452356	1.3440860215050165	51.5735
chr18	41463888	1.728043341195107	51.589
chr18	41506711	3.915898548105599	51.663
chr18	41523310	0.9860259971585861	51.728
chr18	41570469	0.43383947939161366	51.7745
chr18	41575079	1.4768512158263245	51.7765
chr18	41604195	0.0	51.8195
chr18	41615200	4.799897990782748	51.8195
chr18	41670097	14.939452439452383	52.083
chr18	41692889	0.36676488505968763	52.4235
chr18	41773322	1.802481556002354	52.453
chr18	41785250	0.027872622116959716	52.4745
chr18	41857005	0.5878606770195687	52.4765
chr18	41877418	0.24925224327019888	52.4885
chr18	41907508	0.29274906782520177	52.496
chr18	41939959	2.2195094884034097	52.5055
chr18	41948970	0.0	52.5255
chr18	41952890	0.4698043905353925	52.5255
chr18	41964597	1.5079246251578011	52.531
chr18	42011350	0.6442800814369657	52.6015
chr18	42050153	0.26979630379069397	52.6265
chr18	42102044	0.4437386146011314	52.6405
chr18	42123453	2.3228803716609474	52.65
chr18	42126036	2.8831969961114634	52.656
chr18	42133493	0.04290740581814423	52.6775
chr18	42180105	1.2875333695576185	52.6795
chr18	42222434	0.9281291656804054	52.734
chr18	42302703	0.0	52.8085
chr18	42342217	0.0	52.8085
chr18	42360323	1.5581021310815644	52.8085
chr18	42380219	0.7777828613259204	52.8395
chr18	42445790	2.428135035638663	52.8905
chr18	42458557	0.0	52.9215
chr18	42489865	2.2825724758413934	52.9215
chr18	42519875	1.7178362573098334	52.99
chr18	42547235	0.02970488199739257	53.037
chr18	42614564	0.0	53.039
chr18	42618832	0.784636078314183	53.039
chr18	42685742	2.4920964939762063	53.0915
chr18	42720853	0.1042698503725217	53.179
chr18	42740034	8.067796610169475	53.181
chr18	42784284	25.124313007066235	53.538
chr18	42799568	0.6117811571403833	53.922
chr18	42833894	0.7477753682794858	53.943
chr18	42860640	0.9241340320510747	53.963
chr18	42906629	1.5279138099902634	54.0055
chr18	42932154	1.596674097728423	54.0445
chr18	42965348	1.221112488153519	54.0975
chr18	42992782	0.1941510606194894	54.131
chr18	43082918	0.09270786427575295	54.1485
chr18	43120671	0.7996801279488508	54.152
chr18	43143180	1.0011248593925606	54.17
chr18	43187630	0.5579578741803883	54.2145
chr18	43223475	6.010243545521166	54.2345
chr18	43242609	3.9717387833306335	54.3495
chr18	43267661	2.8835227272727693	54.449
chr18	43302861	1.7554248974239333	54.5505
chr18	43326502	4.196782466775631	54.592
chr18	43347947	0.5937104990996994	54.682
chr18	43374054	3.292659306604927	54.6975
chr18	43394706	9.92975457462489	54.7655
chr18	43417768	0.0	54.9945
chr18	43433365	4.6712735976525925	54.9945
chr18	43459268	6.351604085743129	55.1155
chr18	43528778	0.33579583613158354	55.557
chr18	43567492	0.6995045176333695	55.57
chr18	43584647	1.4852616345495269	55.582
chr18	43597776	3.7903273197388105	55.6015
chr18	43614793	1.6335016335016634	55.666
chr18	43688867	0.5902581737924378	55.787
chr18	43708350	0.9004682434866472	55.7985
chr18	43749995	3.080513418903267	55.836
chr18	43771420	9.198662012798142	55.902
chr18	43798924	2.282372913326459	56.155
chr18	43851939	4.199106573069478	56.276
chr18	43891114	0.0	56.4405
chr18	43933290	2.784586155385711	56.4405
chr18	44002241	6.954290729863043	56.6325
chr18	44017052	0.1854599406527162	56.7355
chr18	44038620	10.26626344391648	56.7395
chr18	44082599	0.0	57.191
chr18	44120335	0.0	57.191
chr18	44123205	0.9423049428767987	57.191
chr18	44200144	0.0	57.2635
chr18	44222941	2.3873296844064757	57.2635
chr18	44240115	1.0593220338983453	57.3045
chr18	44264187	0.8329773601025519	57.33
chr18	44311007	0.4723445587237247	57.369
chr18	44386164	3.2949616282949283	57.4045
chr18	44446104	0.5497324635344341	57.602
chr18	44514319	0.7804797896811679	57.6395
chr18	44538663	0.1767281198538424	57.6585
chr18	44663148	0.28697149416492385	57.6805
chr18	44710191	1.918853804660604	57.694
chr18	44757094	1.575013744223736	57.784
chr18	44824395	0.8744922885680169	57.89
chr18	44962761	9.922792518486158	58.011
chr18	44981153	3.07125307125312	58.1935
chr18	45016155	12.796767132513978	58.301
chr18	45033972	2.6010566159949584	58.529
chr18	45132778	3.965035595205955	58.786
chr18	45154972	3.190575530739944	58.874
chr18	45252760	20.565172362775986	59.186
chr18	45259519	5.099035043169073	59.325
chr18	45357969	1.2679310965728117	59.827
chr18	45424613	0.0	59.9115
chr18	45439155	0.07779528171625899	59.9115
chr18	45490572	0.13188958204188825	59.9155
chr18	45566393	4.3859649122805795	59.9255
chr18	45591017	2.431082166116711	60.0335
chr18	45613435	0.16977208098118854	60.088
chr18	45636996	0.11045147038513828	60.092
chr18	45673211	0.0	60.096
chr18	45714871	0.0	60.096
chr18	45755260	0.41797283176644606	60.096
chr18	45760045	0.0	60.098
chr18	45801996	0.58734687028037	60.098
chr18	45825832	24.69431790937377	60.112
chr18	45834174	8.22285618392339	60.318
chr18	45846092	0.31376240342011497	60.416
chr18	45871589	2.4956745137104757	60.424
chr18	45966954	0.40163868583814005	60.662
chr18	45991852	3.8639876352398543	60.672
chr18	46008674	3.2259253797374496	60.737
chr18	46062922	9.991704079640867	60.912
chr18	46103906	0.0	61.3215
chr18	46171479	0.0	61.3215
chr18	46189858	0.0	61.3215
chr18	46254927	0.0	61.3215
chr18	46341565	4.276309246772805	61.3215
chr18	46391842	1.3630856219709724	61.5365
chr18	46471074	0.0	61.6445
chr18	46486568	3.4200097714564266	61.6445
chr18	46523410	1.0582599977721618	61.7705
chr18	46586249	6.1473414834286055	61.837
chr18	46658150	5.586839888263099	62.279
chr18	46680703	0.7748875653336869	62.405
chr18	46713611	19.2873103610488	62.4305
chr18	46730617	1.9858036166978261	62.7585
chr18	46754285	1.9078841296285793	62.8055
chr18	46791499	0.35945363048173157	62.8765
chr18	46838793	0.0	62.8935
chr18	46854709	1.896505012191569	62.8935
chr18	46876855	3.151943156709101	62.9355
chr18	46923017	0.0	63.081
chr18	46929274	2.2007176474175507	63.081
chr18	47027651	0.1847984772605106	63.2975
chr18	47081764	2.3119605425401617	63.3075
chr18	47085008	0.3615851894708243	63.315
chr18	47112664	0.0	63.325
chr18	47162074	1.111510883811696	63.325
chr18	47239896	35.633484162897275	63.4115
chr18	47240780	2.3747170313817594	63.443
chr18	47263309	0.0	63.4965
chr18	47268728	4.461130742049555	63.4965
chr18	47325328	3.182396799418089	63.749
chr18	47369320	0.2590170303696033	63.889
chr18	47384763	2.9674166020169044	63.893
chr18	47410543	4.287929933400291	63.9695
chr18	47454387	12.137601408716296	64.1575
chr18	47470288	7.944978062374307	64.3505
chr18	47495587	0.4507496678687952	64.5515
chr18	47516663	0.17572376224565228	64.561
chr18	47607715	0.501976532596823	64.577
chr18	47623652	2.1577679646731416	64.585
chr18	47653544	0.2235011454428495	64.6495
chr18	47671441	3.6700015082201753	64.6535
chr18	47691332	12.425393380358068	64.7265
chr18	47709762	4.131561892417525	64.9555
chr18	47734450	0.8192981000578622	65.0575
chr18	47782662	0.9267179925862912	65.097
chr18	47824746	3.041469263613892	65.136
chr18	47841843	48.77542548775414	65.188
chr18	47846661	0.3630118816580742	65.423
chr18	47918284	3.12785717722909	65.449
chr18	47939065	3.554421381211828	65.514
chr18	47982954	0.1545774239674185	65.67
chr18	48008831	0.0	65.674
chr18	48024551	0.10592659287089343	65.674
chr18	48043432	0.830633773569068	65.676
chr18	48067510	0.23995920693468806	65.696
chr18	48100849	1.9490450611757981	65.704
chr18	48154465	5.395410101829431	65.8085
chr18	48174204	1.136167519990498	65.915
chr18	48208970	30.14568546880845	65.9545
chr18	48235740	3.7122258015031484	66.7615
chr18	48268335	3.0345770825324685	66.8825
chr18	48291732	19.609806333495165	66.9535
chr18	48326689	0.0	67.639
chr18	48348274	0.30728587319244105	67.639
chr18	48707874	1.9120458891011725	67.7495
chr18	48727748	0.13203430112163458	67.7875
chr18	48799699	0.560569538651291	67.797
chr18	48853216	1.3307984790874499	67.827
chr18	48897926	5.9776320863864685	67.8865
chr18	48910891	3.9021974912759227	67.964
chr18	48953303	0.06583928630245085	68.1295
chr18	48983680	0.71081288561595	68.1315
chr18	49054022	3.0161123898719504	68.1815
chr18	49079220	4.745450873925843	68.2575
chr18	49123789	0.9084302325582816	68.469
chr18	49167821	21.49390869190701	68.509
chr18	49192200	3.6326612700486107	69.033
chr18	49231978	18.445952403709455	69.1775
chr18	49242441	11.931571253604856	69.3705
chr18	49267752	0.0	69.6725
chr18	49281394	0.06324810650988866	69.6725
chr18	49344637	1.123432630281902	69.6765
chr18	49399825	1.3894045922217257	69.7385
chr18	49483314	0.14214977848326724	69.8545
chr18	49525523	6.207479458508172	69.8605
chr18	49597694	5.743714803702997	70.3085
chr18	49660023	1.2973849584429953	70.6665
chr18	49684688	12.167074708806402	70.6985
chr18	49711646	2.866644416897078	71.0265
chr18	49795542	0.0	71.267
chr18	49822184	5.304428044280559	71.267
chr18	49850368	0.0	71.4165
chr18	49873335	5.453740102984407	71.4165
chr18	49891396	0.0	71.515
chr18	49916251	4.047840896940452	71.515
chr18	49981718	0.0	71.78
chr18	50004433	12.832120346832795	71.78
chr18	50033150	0.40729247478694736	72.1485
chr18	50058930	0.0	72.159
chr18	50099568	0.01734033883018033	72.159
chr18	50214906	0.9725680241864405	72.161
chr18	50304874	0.12410797393703622	72.2485
chr18	50353219	0.0	72.2545
chr18	50394580	0.44498831905716857	72.2545
chr18	50412558	0.5960711138753987	72.2625
chr18	50470437	2.209081022294648	72.297
chr18	50485149	3.5779699280147885	72.3295
chr18	50508626	0.0	72.4135
chr18	50599694	0.0	72.4135
chr18	50606438	1.9226717235566275	72.4135
chr18	50663390	4.552431818659936	72.523
chr18	50710947	4.442028713873276	72.7395
chr18	50790978	1.6015490689298801	73.095
chr18	50846237	2.3197404681342624	73.1835
chr18	50874904	0.99813008540971	73.25
chr18	50914478	1.1113379147671745	73.2895
chr18	51002660	3.6542598650280027	73.3875
chr18	51036593	1.9090214901277038	73.5115
chr18	51091595	7.970244420829003	73.6165
chr18	51126412	2.082486168102189	73.894
chr18	51207565	1.1775362318845317	74.063
chr18	51213085	1.556876541712123	74.0695
chr18	51312001	0.2344762903091764	74.2235
chr18	51384503	3.401889781600052	74.2405
chr18	51455199	0.4859965189087272	74.481
chr18	51499438	0.212338269018439	74.5025
chr18	51570080	0.3382741866042094	74.5175
chr18	51602598	0.5086204648010602	74.5285
chr18	51640937	0.9383960378834312	74.548
chr18	51698482	0.7402014318648055	74.602
chr18	51739687	1.518394981829219	74.6325
chr18	51759774	0.0	74.663
chr18	51828097	0.0	74.663
chr18	51863287	0.0	74.663
chr18	51888898	0.0	74.663
chr18	51934735	10.459770114943469	74.663
chr18	51939085	0.0	74.7085
chr18	51947135	3.9008581888014	74.7085
chr18	51963798	1.00367155062957	74.7735
chr18	52022084	0.49390846229833946	74.832
chr18	52040306	2.0861609611420704	74.841
chr18	52060199	3.8868494925503523	74.8825
chr18	52078723	1.5066137791323004	74.9545
chr18	52137464	0.04560795402707605	75.043
chr18	52181316	3.780361024477757	75.045
chr18	52223640	0.5550758603676046	75.205
chr18	52239854	0.10095911155958298	75.214
chr18	52259664	1.12593828190222	75.216
chr18	52271654	0.6313593956988347	75.2295
chr18	52449049	33.38242513500139	75.3415
chr18	52451086	4.285117056856845	75.4095
chr18	52465438	0.2636137681701737	75.471
chr18	52491992	0.13953055719225066	75.478
chr18	52524243	1.6788034709806432	75.4825
chr18	52547176	3.4692879064183137	75.521
chr18	52569659	1.0743236644202092	75.599
chr18	52620854	9.564409466032528	75.654
chr18	52639151	0.6430931792550622	75.829
chr18	52689688	1.2186001495754115	75.8615
chr18	52803343	3.758648566359088	76.0
chr18	52898590	0.14136273678245553	76.358
chr18	52951645	1.064010895471509	76.3655
chr18	52998637	2.4068075010267456	76.4155
chr18	53042471	0.0	76.521
chr18	53059289	0.0	76.521
chr18	53079674	0.5987442552916119	76.521
chr18	53234164	0.17049006421793064	76.6135
chr18	53286953	0.1561641097396787	76.6225
chr18	53366997	0.0	76.635
chr18	53382392	0.8512666848262485	76.635
chr18	53397076	0.3041641319655982	76.6475
chr18	53517077	0.20686231244504055	76.684
chr18	53553333	1.4275517487509464	76.6915
chr18	53582754	3.4386985848427782	76.7335
chr18	53597876	0.0	76.7855
chr18	53604797	0.44557984790918426	76.7855
chr18	53621629	1.4931124169153471	76.793
chr18	53652772	0.0	76.8395
chr18	53672798	0.0	76.8395
chr18	53697786	0.0	76.8395
chr18	53724902	0.540540540540817	76.8395
chr18	53743402	0.5376674450042489	76.8495
chr18	53775950	0.11729930089605999	76.867
chr18	53797263	0.5777452528598609	76.8695
chr18	53823226	0.835637192883802	76.8845
chr18	53887249	0.6396673729657031	76.938
chr18	53912262	0.25440853649690354	76.954
chr18	53981049	0.0	76.9715
chr18	54049909	0.08870910510246705	76.9715
chr18	54078091	1.3273553182703588	76.974
chr18	54111993	0.1375818612072933	77.019
chr18	54130164	0.04481009481811988	77.0215
chr18	54185955	0.039589326717518455	77.024
chr18	54261733	0.22072270921345552	77.027
chr18	54309304	0.10044561326634617	77.0375
chr18	54364060	0.1675362596332279	77.043
chr18	54426733	0.0	77.0535
chr18	54451929	0.0	77.0535
chr18	54465764	0.0	77.0535
chr18	54512026	0.0	77.0535
chr18	54523394	0.0	77.0535
chr18	54549627	0.13101008777682582	77.0535
chr18	54625957	0.7157130911719206	77.0635
chr18	54696516	1.0128505412414466	77.114
chr18	54712313	1.8528886400598523	77.13
chr18	54749822	0.0	77.1995
chr18	54809108	0.4698696111829146	77.1995
chr18	54860186	1.6795063711706257	77.2235
chr18	54887575	0.0	77.2695
chr18	54904057	0.7649785024289488	77.2695
chr18	54993602	0.18598088886054503	77.338
chr18	55071567	0.022204294310520494	77.3525
chr18	55206676	2.1026348643141124	77.3555
chr18	55221895	0.955730560440618	77.3875
chr18	55234974	0.15416238437821755	77.4
chr18	55254434	0.0	77.403
chr18	55272841	0.15408890313341178	77.403
chr18	55353963	0.0	77.4155
chr18	55370135	0.0	77.4155
chr18	55394053	0.4106776180700253	77.4155
chr18	55418403	0.10910942462958083	77.4255
chr18	55542132	0.7395974017625039	77.439
chr18	55573230	0.13801511265484093	77.462
chr18	55660177	0.08882966910927555	77.474
chr18	55705207	0.0	77.478
chr18	55726127	0.0	77.478
chr18	55730194	0.17623474468012904	77.478
chr18	55752891	1.0310065678942735	77.482
chr18	55765985	0.0	77.4955
chr18	55767727	0.0	77.4955
chr18	55807286	0.0	77.4955
