Chromosome	Position(bp)	Rate(cM/Mb)	Map(cM)
chr16	0	0.0	0.0
chr16	112291	76.28979143798024	0.0
chr16	115024	0.8976660682226214	0.2085
chr16	158470	1.4555733693359199	0.2475
chr16	182172	0.0	0.282
chr16	194301	4.367592141581426	0.282
chr16	225096	1.057568741968228	0.4165
chr16	425083	4.888327012220822	0.628
chr16	436948	0.15619694397283468	0.686
chr16	510573	0.0	0.6975
chr16	514820	1.2859560067681906	0.6975
chr16	544370	1.762175027462467	0.7355
chr16	566218	4.8130368873168266	0.774
chr16	605798	0.465766185374941	0.9645
chr16	700266	1.037900874635568	1.0085
chr16	743141	1.8725160501375757	1.053
chr16	782393	0.0	1.1265
chr16	832219	7.638626933232739	1.1265
chr16	853427	0.6215650353310693	1.2885
chr16	883995	21.1252653927813	1.3075
chr16	888705	0.7346720691036983	1.407
chr16	911164	0.0	1.4235
chr16	933180	8.227767521802786	1.4235
chr16	964598	0.44938505203406165	1.682
chr16	985738	2.577811724269622	1.6915
chr16	1006686	2.2536753864947925	1.7455
chr16	1030425	7.630979498861048	1.799
chr16	1078715	7.719494047619048	2.1675
chr16	1105595	1.7033137194177734	2.375
chr16	1166946	4.246922997931555	2.4795
chr16	1235113	1.173054089237942	2.769
chr16	1305016	0.695974944901979	2.851
chr16	1348121	5.209208536380463	2.881
chr16	1360023	0.14239798201717152	2.943
chr16	1409181	1.8073822655918548	2.95
chr16	1468106	7.845322815742082	3.0565
chr16	1479769	15.449227538623065	3.148
chr16	1493103	3.6704730831973933	3.354
chr16	1512719	10.518526349172781	3.426
chr16	1531638	7.295256250458238	3.625
chr16	1586194	0.149342891278374	4.023
chr16	1629718	2.7361837753322833	4.0295
chr16	1646347	0.19600156801252253	4.075
chr16	1666755	4.045401629802129	4.079
chr16	1683935	0.26655609524933555	4.1485
chr16	1700817	0.0	4.153
chr16	1727075	0.0	4.153
chr16	1747296	0.2623790432610604	4.153
chr16	1794937	0.24350497312079533	4.1655
chr16	1901711	0.6819344206398908	4.1915
chr16	1954502	1.2017261156934638	4.2275
chr16	1972809	0.26897882978385906	4.2495
chr16	2004410	0.0	4.258
chr16	2019610	1.6489017136799706	4.258
chr16	2036591	0.31349118536550025	4.286
chr16	2090819	0.1226241569589074	4.303
chr16	2107129	0.760035928971196	4.305
chr16	2121602	1.4897329217554778	4.316
chr16	2158857	0.05109757593098767	4.3715
chr16	2207783	0.2723729973600874	4.374
chr16	2279376	1.4317445874702186	4.3935
chr16	2316743	1.5292746868627956	4.447
chr16	2371671	2.4596884394643306	4.531
chr16	2389966	1.9823116803904017	4.576
chr16	2406361	0.07644675483524883	4.6085
chr16	2458685	0.05300962124625035	4.6125
chr16	2496414	1.6355012811426837	4.6145
chr16	2514757	0.0	4.6445
chr16	2531894	0.0	4.6445
chr16	2559364	0.14240145819095412	4.6445
chr16	2576920	7.240010905455754	4.647
chr16	2609931	0.2747037124244437	4.886
chr16	2648154	1.7952109710336757	4.8965
chr16	2685197	0.14899798852713847	4.963
chr16	2698620	0.0995553195725796	4.965
chr16	2743821	0.0	4.9695
chr16	2764726	6.433385526584521	4.9695
chr16	2779415	0.04910686882327125	5.064
chr16	2860870	0.1950669729940687	5.068
chr16	2907008	0.6404000975848011	5.077
chr16	2923404	9.084213110729172	5.0875
chr16	2939696	2.0481810201892037	5.2355
chr16	2980708	0.5872128529149329	5.3195
chr16	3001995	2.7012425715829504	5.332
chr16	3024207	0.0	5.392
chr16	3038975	10.45956825140264	5.392
chr16	3103318	0.0	6.065
chr16	3124462	0.0	6.065
chr16	3127842	14.238253440911157	6.065
chr16	3132056	0.8758154143512901	6.125
chr16	3148612	1.4467999598111134	6.1395
chr16	3248142	2.1147161066048783	6.2835
chr16	3265402	0.12458730455365226	6.32
chr16	3281455	5.037050303342355	6.322
chr16	3326124	0.8035919283655273	6.547
chr16	3365323	1.0541621228644098	6.5785
chr16	3420343	0.345736635118199	6.6365
chr16	3443482	2.243639337739574	6.6445
chr16	3488721	0.0	6.746
chr16	3496110	1.0214336315260448	6.746
chr16	3556809	0.0	6.808
chr16	3584777	0.36484059272563707	6.808
chr16	3602593	0.1212121212121258	6.8145
chr16	3652093	4.496539180518386	6.8205
chr16	3671886	9.886936518036315	6.9095
chr16	3692317	4.573542564436125	7.1115
chr16	3716915	1.0157784248662343	7.224
chr16	3731682	0.25193147463889537	7.239
chr16	3803130	0.05255965520867005	7.257
chr16	3850695	1.6222479721900414	7.2595
chr16	3872270	3.753452730998839	7.2945
chr16	3917162	0.29302598163704957	7.463
chr16	3937638	8.93641957222384	7.469
chr16	3954703	3.8118871083472703	7.6215
chr16	3988151	2.427013717903652	7.749
chr16	4002366	2.2197309417040403	7.7835
chr16	4024666	0.8253473336695765	7.833
chr16	4046475	0.0	7.851
chr16	4062087	5.40799234266573	7.851
chr16	4082982	7.692676380368091	7.964
chr16	4124710	13.490258742548093	8.285
chr16	4157252	22.19020172910662	8.724
chr16	4181542	0.0	9.263
chr16	4202927	22.90791841631676	9.263
chr16	4216263	0.0	9.5685
chr16	4241081	19.056396970904757	9.5685
chr16	4261153	0.1773521326593757	9.951
chr16	4306261	0.0	9.959
chr16	4344297	16.708523397058094	9.959
chr16	4363808	0.15304560759106794	10.285
chr16	4432415	1.7162261380322836	10.2955
chr16	4486895	4.229486988107721	10.389
chr16	4506992	12.620162681784581	10.474
chr16	4527277	0.7000494152528192	10.73
chr16	4575845	5.731419322312762	10.764
chr16	4613532	0.3027275754548417	10.98
chr16	4646565	0.38431975403535773	10.99
chr16	4688197	0.2790859933716769	11.006
chr16	4716862	0.0	11.014
chr16	4768650	0.0	11.014
chr16	4795600	6.623620079150206	11.014
chr16	4819605	0.5197119311010227	11.173
chr16	4846543	5.26640688298159	11.187
chr16	4872462	1.6863406408094659	11.3235
chr16	4915158	2.155668915583351	11.3955
chr16	4945543	3.28977568320225	11.461
chr16	4978220	2.1845068055788777	11.5685
chr16	4990122	1.4181853747595563	11.5945
chr16	5020795	102.42813284956765	11.638
chr16	5024378	7.093056502518305	12.005
chr16	5069845	6.137658921525619	12.3275
chr16	5076688	19.23510830324896	12.3695
chr16	5085552	0.12975638239210224	12.54
chr16	5116379	4.1169656554271645	12.544
chr16	5148320	1.3205963665086804	12.6755
chr16	5188832	0.8932559178204894	12.729
chr16	5202266	1.3432251636777666	12.741
chr16	5258474	1.299545159194283	12.8165
chr16	5270786	1.8182723921490584	12.8325
chr16	5310934	9.401169221045961	12.9055
chr16	5329921	1.065624722493557	13.084
chr16	5408748	0.0	13.168
chr16	5424886	0.44108728014560816	13.168
chr16	5443023	0.0	13.176
chr16	5475166	11.66065299656778	13.176
chr16	5509255	12.725808710264674	13.5735
chr16	5537819	0.0	13.937
chr16	5579629	0.0	13.937
chr16	5582970	0.0	13.937
chr16	5599228	0.0	13.937
chr16	5606170	0.0	13.937
chr16	5632752	0.5918181145661457	13.937
chr16	5673305	1.1083078032077953	13.961
chr16	5728795	21.15197509243043	14.0225
chr16	5754490	0.3052569609488988	14.566
chr16	5800353	2.7744579136076277	14.58
chr16	5823781	0.3965266949836083	14.645
chr16	5898177	0.1183361931247067	14.6745
chr16	5915078	0.23066720489011935	14.6765
chr16	5932419	2.5574915789911654	14.6805
chr16	5956466	10.908440629470663	14.742
chr16	5978834	12.695082528740553	14.986
chr16	6025545	2.7621559747175572	15.579
chr16	6105917	3.099716297152426	15.801
chr16	6124951	4.668401991851593	15.86
chr16	6142623	0.4088808929958616	15.9425
chr16	6167080	8.808290155440398	15.9525
chr16	6180590	1.4221514306842584	16.0715
chr16	6198169	7.332326935518728	16.0965
chr16	6221354	6.777260772810052	16.2665
chr16	6260898	1.680090922567521	16.5345
chr16	6281135	3.2562241367613765	16.5685
chr16	6325358	11.444512784465354	16.7125
chr16	6348120	4.379847123807498	16.973
chr16	6366043	2.757890945112313	17.0515
chr16	6410461	4.8402710551790875	17.174
chr16	6454880	4.1822810429613035	17.389
chr16	6518123	0.22746227917204592	17.6535
chr16	6544501	5.249096338205187	17.6595
chr16	6576316	2.2743105355899726	17.8265
chr16	6600719	6.357942683621062	17.882
chr16	6627064	2.092361025133144	18.0495
chr16	6667449	0.12811068763415867	18.134
chr16	6698672	0.2869955156950356	18.138
chr16	6726547	0.8848297465521764	18.146
chr16	6775709	0.568027342991438	18.1895
chr16	6878697	1.688394956187233	18.248
chr16	6902092	0.7122869498854921	18.2875
chr16	6921747	1.8355195415678187	18.3015
chr16	6944084	6.084531527289821	18.3425
chr16	6999306	0.34136596960579846	18.6785
chr16	7078400	5.349794238683191	18.7055
chr16	7095410	0.09637625289123418	18.7965
chr16	7136914	0.22005281267509771	18.8005
chr16	7161908	0.7879063059212829	18.806
chr16	7236790	0.25142210628877937	18.865
chr16	7268609	0.5660195577821311	18.873
chr16	7310127	1.6284371655888028	18.8965
chr16	7396099	3.023261624565886	19.0365
chr16	7476145	1.3034673349966825	19.2785
chr16	7565522	1.0948042741999044	19.395
chr16	7755967	0.9197617379116859	19.6035
chr16	7824463	3.2770116684346458	19.6665
chr16	7850859	0.0	19.753
chr16	7854038	6.325685149776904	19.753
chr16	7885418	1.949729856706647	19.9515
chr16	7927988	1.5586938870200406	20.0345
chr16	7996956	1.85788338914628	20.142
chr16	8040554	0.8786756814767133	20.223
chr16	8264186	0.5359056806003933	20.4195
chr16	8271650	0.0	20.4235
chr16	8290017	0.49466080402006346	20.4235
chr16	8353697	0.0	20.455
chr16	8366998	2.4610151122885577	20.455
chr16	8433434	3.358522250209882	20.6185
chr16	8464400	0.39581317618085765	20.7225
chr16	8509876	3.2717142486934443	20.7405
chr16	8556182	1.6325642141924868	20.892
chr16	8579152	2.485700539904816	20.9295
chr16	8635273	2.258638881561601	21.069
chr16	8665601	3.1341022952347473	21.1375
chr16	8708516	0.5522794077373989	21.272
chr16	8818062	1.3479359730412819	21.3325
chr16	8841802	0.3280931505319587	21.3645
chr16	8913428	0.08716875871682755	21.388
chr16	8936372	0.0	21.39
chr16	8952161	0.9921947347533119	21.39
chr16	8967279	0.0	21.405
chr16	9009965	1.260467359375629	21.405
chr16	9055583	2.2693817468106263	21.4625
chr16	9096343	0.6247703050349374	21.555
chr16	9137158	0.24391235416074747	21.5805
chr16	9161757	1.504082509669086	21.5865
chr16	9194335	0.29170267934313987	21.6355
chr16	9240615	0.0	21.649
chr16	9287982	0.7524292716483917	21.649
chr16	9311240	0.8594141660102023	21.6665
chr16	9325203	0.14895853159990302	21.6785
chr16	9446042	0.17505712390357442	21.6965
chr16	9500310	0.14467941453064134	21.706
chr16	9541781	0.277998411437636	21.712
chr16	9592141	3.1943653955606512	21.726
chr16	9662421	0.07379451390497266	21.9505
chr16	9709850	0.0365346851166624	21.954
chr16	9819335	1.8776642533325023	21.958
chr16	9848893	9.366465361387888	22.0135
chr16	9874890	0.8687299591767376	22.257
chr16	9945683	0.3527775017390339	22.3185
chr16	10046313	0.39950829748003974	22.354
chr16	10095123	0.6426900434458104	22.3735
chr16	10134022	0.33567989565154216	22.3985
chr16	10186155	0.1284274064084564	22.416
chr16	10201728	0.5073566717402097	22.418
chr16	10229322	0.2969341548512609	22.432
chr16	10256264	0.05881891616344039	22.44
chr16	10281766	0.6196426727253451	22.4415
chr16	10330181	4.160557184750804	22.4715
chr16	10357461	2.931725738027974	22.585
chr16	10460472	2.0635942041848794	22.887
chr16	10595673	1.2517915132163615	23.166
chr16	10650794	0.47407407407402186	23.235
chr16	10667669	1.4092864560154814	23.243
chr16	10708115	0.41766225693027237	23.3
chr16	10759592	0.3570918440222115	23.3215
chr16	10787596	1.1211815257460993	23.3315
chr16	10872774	0.4540295119183457	23.427
chr16	10894799	0.11213276519397733	23.437
chr16	10966143	3.4293186731072223	23.445
chr16	11041085	2.2653013103378448	23.702
chr16	11159833	0.0	23.971
chr16	11166001	0.0	23.971
chr16	11175656	1.3280212483399554	23.971
chr16	11192975	0.0065965453891818895	23.994
chr16	11799353	0.0928842240367419	23.998
chr16	12036207	2.8886554621856053	24.02
chr16	12038111	3.236692246540206	24.0255
chr16	12161385	0.0	24.4245
chr16	12230918	0.0	24.4245
chr16	12268643	0.0	24.4245
chr16	12290627	0.0	24.4245
chr16	12343709	0.026432449986047452	24.4245
chr16	12476122	4.045916447120743	24.428
chr16	12481436	0.0	24.4495
chr16	12520949	0.0	24.4495
chr16	12594871	1.9603294281405512	24.4495
chr16	12637976	0.0	24.534
chr16	12724062	0.10838799184923445	24.534
chr16	12885519	0.0	24.5515
chr16	13165498	2.7053526036749385	24.5515
chr16	13220574	0.0	24.7005
chr16	13302477	0.0	24.7005
chr16	13315543	0.09719117504125238	24.7005
chr16	13336121	0.0	24.7025
chr16	13344615	1.2091898428053391	24.7025
chr16	13388446	0.0	24.7555
chr16	13395963	0.03624074728418891	24.7555
chr16	13506336	0.09693403353917253	24.7595
chr16	13681713	0.0	24.7765
chr16	13722002	0.988272044340938	24.7765
chr16	13866699	0.0	24.9195
chr16	13875767	0.0	24.9195
chr16	14077887	0.0	24.9195
chr16	14177396	0.0	24.9195
chr16	14220455	4.8172043010752725	24.9195
chr16	14266955	0.049879576451124404	25.1435
chr16	14337124	0.0	25.147
chr16	14440261	0.1378866571678133	25.147
chr16	14483775	0.09133254178464133	25.153
chr16	14549469	0.13131792908831996	25.159
chr16	14907379	0.0	25.206
chr16	14938502	0.13887924449683298	25.206
chr16	14952903	0.10103561505434037	25.208
chr16	14992493	0.14192897243424493	25.212
chr16	15087611	0.1306749779659761	25.2255
chr16	15806953	1.0255454036919582	25.3195
chr16	15833768	2.9406451353901044	25.347
chr16	15883587	0.0	25.4935
chr16	15933002	0.0	25.4935
chr16	15940215	0.0	25.4935
chr16	15946281	0.0	25.4935
chr16	15956970	0.0373399051566202	25.4935
chr16	16010532	0.017596185147050365	25.4955
chr16	16124193	0.04660918200887131	25.4975
chr16	16210013	0.0	25.5015
chr16	16286185	0.03800114003421371	25.5015
chr16	16391445	0.0	25.5055
chr16	16394772	0.0	25.5055
chr16	16420455	0.0	25.5055
chr16	16461772	0.2287544321170971	25.5055
chr16	16496744	0.4298828684743153	25.5135
chr16	16604913	2.9532226773011523	25.56
chr16	16628108	0.0	25.6285
chr16	16650412	0.018133188267849352	25.6285
chr16	16760707	0.10036480424497798	25.6305
chr16	16875289	0.0	25.642
chr16	16896473	0.0	25.642
chr16	16914409	0.9680542110357114	25.642
chr16	16922673	0.09402030838672641	25.65
chr16	16943945	0.0	25.652
chr16	16966716	0.0	25.652
chr16	16980263	0.40946687412980143	25.652
chr16	17004685	0.0	25.662
chr16	17029905	0.0	25.662
chr16	17062816	0.0	25.662
chr16	17111425	0.0	25.662
chr16	17132912	0.10148724951104168	25.662
chr16	17187106	0.0	25.6675
chr16	17188921	0.12662635727630933	25.6675
chr16	17220510	0.0	25.6715
chr16	17229002	1.7025641025640699	25.6715
chr16	17253377	0.0	25.713
chr16	17270956	5.155752307941354	25.713
chr16	17289479	0.38273649636052187	25.8085
chr16	17361330	0.19823391602095486	25.836
chr16	17389075	0.0	25.8415
chr16	17416207	0.0	25.8415
chr16	17470641	1.3938388792829781	25.8415
chr16	17498980	0.0689964466829576	25.881
chr16	17527967	0.901778306821128	25.883
chr16	17555690	22.105263157893084	25.908
chr16	17557115	1.5774259343497588	25.9395
chr16	17625264	0.0	26.047
chr16	17641448	0.9214163485586453	26.047
chr16	17679433	3.6411784177424504	26.082
chr16	17724748	0.0	26.247
chr16	17728502	1.4837307201269543	26.247
chr16	17757483	0.0818483700482321	26.29
chr16	17800245	0.4990323640744996	26.2935
chr16	17882404	5.453970595984632	26.3345
chr16	17901381	10.468257541648038	26.438
chr16	17914707	3.0135432177550547	26.5775
chr16	17971119	17.39587619439498	26.7475
chr16	17992992	0.06893936782595883	27.128
chr16	18022003	0.12218217362101803	27.13
chr16	18038372	2.0385839299920043	27.132
chr16	18098708	10.018443997317418	27.255
chr16	18110636	2.690449961867615	27.3745
chr16	18157840	9.793096826844637	27.5015
chr16	18178671	1.1345948277478302	27.7055
chr16	18231994	0.850464110414544	27.766
chr16	18273148	0.7011217948718689	27.801
chr16	18298108	0.08847208705648463	27.8185
chr16	18320714	0.5945164599459333	27.8205
chr16	18363606	2.1442709478778026	27.846
chr16	18381794	0.6282393591955054	27.885
chr16	18388161	0.19400039908655572	27.889
chr16	18478367	0.19667617268157062	27.9065
chr16	18488536	4.829362524146996	27.9085
chr16	18490089	1.45526960784312	27.916
chr16	18522729	2.526019904277191	27.9635
chr16	18549055	0.9694973208514523	28.03
chr16	18597018	0.24705866641738763	28.0765
chr16	18896542	0.0	28.1505
chr16	18942719	0.15126304643776098	28.1505
chr16	18982385	3.5571232139654385	28.1565
chr16	19015839	0.0	28.2755
chr16	19065197	0.0	28.2755
chr16	19088028	0.0	28.2755
chr16	19137958	0.0	28.2755
chr16	19189082	0.06356672917391512	28.2755
chr16	19220545	0.27298164198466773	28.2775
chr16	19235198	0.0	28.2815
chr16	19252486	0.0	28.2815
chr16	19287857	0.0	28.2815
chr16	19319755	0.0	28.2815
chr16	19329235	0.0	28.2815
chr16	19331832	0.0	28.2815
chr16	19357237	0.08497018962514306	28.2815
chr16	19427850	0.14311014114236092	28.2875
chr16	19483751	1.6663818150743588	28.2955
chr16	19553963	6.261789981135957	28.4125
chr16	19573047	11.761725535610989	28.532
chr16	19586863	6.454028152141321	28.6945
chr16	19620253	11.821620835152148	28.91
chr16	19633999	0.0	29.0725
chr16	19669217	9.000297530496777	29.0725
chr16	19682661	2.9718621561808787	29.1935
chr16	19698476	2.9489847169405277	29.2405
chr16	19768161	1.7233348858872395	29.446
chr16	19789631	3.8651315789473206	29.483
chr16	19807871	0.6723844245883503	29.5535
chr16	19941723	2.8848675583531125	29.6435
chr16	19953162	1.7578037529669541	29.6765
chr16	19997820	5.567153792623526	29.755
chr16	20015064	0.5042035849441333	29.851
chr16	20103322	3.468876469454747	29.8955
chr16	20108511	3.0777984688599154	29.9135
chr16	20147175	1.5377311756935363	30.0325
chr16	20195623	3.8475411807142037	30.107
chr16	20220574	4.557112759915765	30.203
chr16	20264242	0.048013443764227386	30.402
chr16	20305897	5.316308200223362	30.404
chr16	20326494	4.805557731985715	30.5135
chr16	20364783	0.1774544163966897	30.6975
chr16	20387324	22.613065326633105	30.7015
chr16	20402846	1.4425744405400953	31.0525
chr16	20429881	2.2546321967754963	31.0915
chr16	20525462	0.7171029042667895	31.307
chr16	20542196	11.708433593520773	31.319
chr16	20559235	0.6555411960817392	31.5185
chr16	20612626	0.3439200909145768	31.5535
chr16	20646064	0.2592688618096681	31.565
chr16	20676920	0.2313074654485246	31.573
chr16	20694213	0.7455429497567629	31.577
chr16	20709638	0.0	31.5885
chr16	20733340	3.9252069654581585	31.5885
chr16	20754358	14.780719309280206	31.671
chr16	20771847	0.20012007204311502	31.9295
chr16	20791835	5.998163241878075	31.9335
chr16	20826679	0.044286979628043496	32.1425
chr16	20871839	7.184124591811137	32.1445
chr16	20891744	0.3066771007381016	32.2875
chr16	20986306	0.0	32.3165
chr16	20997039	0.0	32.3165
chr16	21045106	7.320973464594632	32.3165
chr16	21065117	7.876040011218175	32.463
chr16	21086511	0.0	32.6315
chr16	21114783	0.0	32.6315
chr16	21132482	4.0118372078831985	32.6315
chr16	21165260	2.1997274673934113	32.763
chr16	21190945	0.0	32.8195
chr16	21238716	2.98501482490586	32.8195
chr16	21263674	1.4291775529800599	32.894
chr16	21308455	24.403142943487488	32.958
chr16	21321691	1.1640065500030503	33.281
chr16	21372378	1.1569515557305299	33.34
chr16	21392690	1.383503540676834	33.3635
chr16	21447623	1.9891193471606632	33.4395
chr16	21477033	0.04088892523465018	33.498
chr16	21525946	0.0	33.5
chr16	21544004	3.127421676076595	33.5
chr16	21562070	1.4513788098693379	33.5565
chr16	21587563	2.474783456447566	33.5935
chr16	21667570	2.6737967914439515	33.7915
chr16	21672619	8.17630065463418	33.805
chr16	21710350	4.40904394627442	34.1135
chr16	21751969	15.628870064893254	34.297
chr16	21772156	5.921841285063532	34.6125
chr16	21793011	4.508518069712739	34.736
chr16	21821069	4.073295138637118	34.8625
chr16	21862436	4.122417887708866	35.031
chr16	21884753	5.065494387789344	35.123
chr16	21929566	0.9186351706033985	35.35
chr16	21944806	1.654417613184423	35.364
chr16	21976237	0.09208527096102234	35.416
chr16	21997956	0.29151371194127645	35.418
chr16	22044266	2.040238871762803	35.4315
chr16	22111415	11.155115511550953	35.5685
chr16	22118990	6.700616456714018	35.653
chr16	22137645	0.0	35.778
chr16	22166324	12.003919647231623	35.778
chr16	22170406	0.0	35.827
chr16	22180841	0.0	35.827
chr16	22204967	0.03047804818583143	35.827
chr16	22270588	0.021900527802746813	35.829
chr16	22361910	0.0	35.831
chr16	22442204	7.503971856559186	35.831
chr16	22477452	1.347094775094977	36.0955
chr16	22653015	0.3037974683544419	36.332
chr16	22672765	0.8635274214013726	36.338
chr16	22729509	0.2531356153645635	36.387
chr16	22790741	0.3965915786610682	36.4025
chr16	22834867	3.9311517212069753	36.42
chr16	22867809	2.8697519923942187	36.5495
chr16	22953008	1.9935892424361634	36.794
chr16	22978590	1.3680583704905263	36.845
chr16	22998326	3.5792449389019807	36.872
chr16	23020258	2.500290731480775	36.9505
chr16	23028857	10.850694444443828	36.972
chr16	23031161	0.3440268340928686	36.997
chr16	23042788	2.14346956273229	37.001
chr16	23046287	6.235450615231364	37.0085
chr16	23052301	4.0735188685393995	37.046
chr16	23067644	5.9555496406708155	37.1085
chr16	23082672	0.20563085833748232	37.198
chr16	23141029	1.5728854837890713	37.21
chr16	23160738	6.382244710211561	37.241
chr16	23186826	15.858631626644176	37.4075
chr16	23189033	2.7311991869913714	37.4425
chr16	23196905	2.199120351859245	37.464
chr16	23221915	15.647226173541881	37.519
chr16	23225430	0.521618175495557	37.574
chr16	23242684	5.764362220058411	37.583
chr16	23294034	6.091824254398352	37.879
chr16	23315292	3.4110814049970117	38.0085
chr16	23336986	14.129353233830793	38.0825
chr16	23357086	2.7478597072631605	38.3665
chr16	23393296	2.1461786097531013	38.466
chr16	23435231	0.9379469177764074	38.556
chr16	23489072	0.9505240068243109	38.6065
chr16	23509587	1.2022769653547818	38.626
chr16	23550343	0.9671496951021525	38.675
chr16	23580845	0.2783267869205131	38.7045
chr16	23740729	3.645001433427474	38.749
chr16	23789563	2.5551175354063798	38.927
chr16	23796412	2.2109549250480325	38.9445
chr16	23873528	1.5591323886824837	39.115
chr16	23917142	0.46968061718028786	39.183
chr16	23967176	1.4475096128051526	39.2065
chr16	24056640	1.2862989670629994	39.336
chr16	24082295	0.20577434468786396	39.369
chr16	24177059	1.317222937506193	39.3885
chr16	24328514	0.4817883985353815	39.588
chr16	24344081	2.133256343630635	39.5955
chr16	24406427	42.98323690847078	39.7285
chr16	24419909	12.172140010503826	40.308
chr16	24452278	0.0	40.702
chr16	24464530	1.9394584727715978	40.702
chr16	24477678	0.0378963723697339	40.7275
chr16	24583229	0.2768791349713715	40.7315
chr16	24617540	0.06781040211576742	40.741
chr16	24647034	0.05443361820247507	40.743
chr16	24683776	0.22758306781991683	40.745
chr16	24699155	0.21693150387753038	40.7485
chr16	24717594	0.22004620970430677	40.7525
chr16	24726683	0.3530034712008135	40.7545
chr16	24743680	0.07334470176206581	40.7605
chr16	24798217	0.07239294892686302	40.7645
chr16	24825844	0.029203475213586103	40.7665
chr16	24894329	1.486774365346908	40.7685
chr16	24916861	0.17885888034341585	40.802
chr16	24967180	0.3109211037697461	40.811
chr16	24980045	0.25519366363585777	40.815
chr16	25032946	1.4596551321475	40.8285
chr16	25058637	0.2661437176075845	40.866
chr16	25094332	1.3692322605661054	40.8755
chr16	25135596	0.0	40.932
chr16	25190382	0.09141290064555295	40.932
chr16	25277897	0.0	40.94
chr16	25310214	0.05866478939347777	40.94
chr16	25344306	0.0	40.942
chr16	25379670	0.23266635644484343	40.942
chr16	25480673	0.0	40.9655
chr16	25512806	0.3077198518469168	40.9655
chr16	25602173	8.066713079274772	40.993
chr16	25635210	0.11200427339379947	41.2595
chr16	25751277	0.1799835111879591	41.2725
chr16	25837396	0.07731037215282976	41.288
chr16	25940875	0.0	41.296
chr16	25956413	0.16269862790824413	41.296
chr16	26030169	0.18531330302432011	41.308
chr16	26070641	0.0882651485061157	41.3155
chr16	26274572	0.0	41.3335
chr16	26287447	0.4322726385362928	41.3335
chr16	26323304	0.08304636201570445	41.349
chr16	26413615	0.10479983232027226	41.3565
chr16	26542432	0.0	41.37
chr16	26576664	0.7576714231595186	41.37
chr16	26584583	0.016196430306780186	41.376
chr16	26708067	0.0	41.378
chr16	26741736	0.0	41.378
chr16	26877366	0.0	41.378
chr16	27006631	0.025831783426359323	41.378
chr16	27084055	0.16420830180055213	41.38
chr16	27154088	0.0	41.3915
chr16	27155684	0.12879958784132378	41.3915
chr16	27202268	1.0133437099729234	41.3975
chr16	27263945	0.11983223487132678	41.46
chr16	27280635	0.19489032989610006	41.462
chr16	27308856	0.36968576709710516	41.4675
chr16	27314266	0.18484039871756663	41.4695
chr16	27463043	0.08245042668098561	41.497
chr16	27560071	0.24864282458249667	41.505
chr16	27608333	0.0	41.517
chr16	27618317	0.7312996239020885	41.517
chr16	27623103	0.1296609170563092	41.5205
chr16	27877613	0.0	41.5535
chr16	27910605	0.1456310679611706	41.5535
chr16	27993005	0.4973392350921575	41.5655
chr16	28013112	0.12636899747262484	41.5755
chr16	28060592	0.0	41.5815
chr16	28082909	0.0	41.5815
chr16	28118637	0.0	41.5815
chr16	28188550	0.19220912352640399	41.5815
chr16	28235374	2.2640710960643102	41.5905
chr16	28306264	0.39070130884951515	41.751
chr16	28326740	0.0	41.759
chr16	28370917	0.0	41.759
chr16	28441773	0.032124901617528054	41.759
chr16	28504030	0.0	41.761
chr16	28631918	0.016899885080742066	41.761
chr16	28750262	0.0	41.763
chr16	28752544	0.0	41.763
chr16	28795212	0.3182986348525337	41.763
chr16	28837625	0.31761156106092864	41.7765
chr16	28862813	1.337599190210185	41.7845
chr16	28918136	1.829500919085757	41.8585
chr16	28975802	0.0	41.964
chr16	29007626	0.0	41.964
chr16	29030967	0.036477490348665396	41.964
chr16	29195452	0.0	41.97
chr16	29252376	0.0	41.97
chr16	29292556	0.04324137334607032	41.97
chr16	29338808	0.1435853255793911	41.972
chr16	29352737	0.17779313007350883	41.974
chr16	29451166	0.0	41.9915
chr16	29471609	0.0	41.9915
chr16	29510912	0.0	41.9915
chr16	29555245	0.0	41.9915
chr16	29597057	0.0990589400691104	41.9915
chr16	29617247	0.06457167455876267	41.9935
chr16	29640477	0.0	41.995
chr16	29698356	0.15782828282847572	41.995
chr16	29723700	0.0	41.999
chr16	29748148	0.06068206642663768	41.999
chr16	29847024	0.0	42.005
chr16	29891001	4.00565504241297	42.005
chr16	29897367	0.42705178973506014	42.0305
chr16	29910246	0.0	42.036
chr16	29934786	0.13164412354019497	42.036
chr16	30158875	0.862254796292337	42.0655
chr16	30172792	0.12239125310511606	42.0775
chr16	30283094	26.096033402922757	42.091
chr16	30287884	0.698938648718639	42.216
chr16	30307199	2.703878667329701	42.2295
chr16	30387639	0.0	42.447
chr16	30409708	0.06170649306569864	42.447
chr16	30474531	0.055252688964198354	42.451
chr16	30501679	0.9600438877205366	42.4525
chr16	30589175	0.0	42.5365
chr16	30605250	0.12925805874282115	42.5365
chr16	30756111	0.5419687013076805	42.556
chr16	30770872	0.2132954141486039	42.564
chr16	30827132	0.03831564427760536	42.576
chr16	30879330	0.0	42.578
chr16	30879504	11.149228130356565	42.578
chr16	30881253	0.024817926665305197	42.5975
chr16	31102867	0.2374362314121119	42.603
chr16	31176571	5.336300467777815	42.6205
chr16	31198590	0.1810938065917142	42.738
chr16	31220678	1.1673538323980739	42.742
chr16	31240809	0.0	42.7655
chr16	31262408	0.2832472931609375	42.7655
chr16	31371853	0.1344718617626127	42.7965
chr16	31386726	0.0	42.7985
chr16	31452342	0.0	42.7985
chr16	31468846	0.0	42.7985
chr16	31483713	0.1690545623602083	42.7985
chr16	31507374	0.0	42.8025
chr16	31521752	0.12173258670675373	42.8025
chr16	31566933	0.1895554923706231	42.808
chr16	31577484	0.085034013605403	42.81
chr16	31689204	0.0	42.8195
chr16	31722380	0.0	42.8195
chr16	31744119	0.0	42.8195
chr16	31768957	1.247623574144534	42.8195
chr16	31794205	0.0	42.851
chr16	31831940	0.0	42.851
chr16	31864108	0.0	42.851
chr16	31926532	1.1061377784639184	42.851
chr16	31945969	0.24998214413248687	42.8725
chr16	32001973	0.43044560477613536	42.8865
chr16	32055406	0.6319904760504896	42.9095
chr16	32123445	0.06202383782834104	42.9525
chr16	32220182	0.23229703046963596	42.9585
chr16	32246011	0.0	42.9645
chr16	32300794	0.051440329218169864	42.9645
chr16	32339674	0.21090574430546208	42.9665
chr16	32365752	4.1622904267319925	42.972
chr16	32391459	0.04804112320151916	43.079
chr16	32433090	1.5943877551020218	43.081
chr16	32462882	1.5418323460195043	43.1285
chr16	32475205	0.045002981447495954	43.1475
chr16	32564088	0.0	43.1515
chr16	32612903	0.21006317172475927	43.1515
chr16	32743816	1.4057464170608522	43.179
chr16	32772982	0.2611735397720523	43.22
chr16	32922308	0.0	43.259
chr16	32932795	0.3892642246384296	43.259
chr16	33008579	0.0	43.2885
chr16	33030270	0.0	43.2885
chr16	33056410	0.0	43.2885
chr16	33070121	0.09617234083484465	43.2885
chr16	33106514	0.771208226221109	43.292
chr16	33139579	0.3539274891056305	43.3175
chr16	33184786	0.1584427342690132	43.3335
chr16	33206876	0.8829887647290553	43.337
chr16	33239719	0.581673852049567	43.366
chr16	33283558	0.17228705320224857	43.3915
chr16	33327090	0.6118317129062297	43.399
chr16	33372037	2.1213845915043166	43.4265
chr16	33391364	0.5117572958219804	43.4675
chr16	33467572	0.0	43.5065
chr16	33493717	0.09295840111528417	43.5065
chr16	33515232	0.12304250559295178	43.5085
chr16	33559932	0.0	43.514
chr16	33589981	1.1344178082191196	43.514
chr16	33636701	2.345996670198184	43.567
chr16	33649915	0.18601882510506362	43.598
chr16	33703673	0.6091932804135362	43.608
chr16	33757843	0.041903245406407934	43.641
chr16	33805572	0.0667359784197112	43.643
chr16	33947924	0.046614613681280476	43.6525
chr16	33990829	0.0	43.6545
chr16	34002360	0.06777133950060805	43.6545
chr16	34031871	0.0	43.6565
chr16	34053896	0.07512825466321926	43.6565
chr16	34100483	0.047838115816080204	43.66
chr16	34225906	0.0	43.666
chr16	34240625	0.0907832323370983	43.666
chr16	34284686	0.07972733252272793	43.67
chr16	34334857	0.044552360161333994	43.674
chr16	34379748	1.2262415695863513	43.676
chr16	34381379	0.36098911016185714	43.678
chr16	34398000	0.05964096141237086	43.684
chr16	34431534	0.0	43.686
chr16	34431535	0.03341296757275581	43.686
chr16	34491392	0.0	43.688
chr16	34545054	0.0	43.688
chr16	34641553	0.0	43.688
chr16	34691841	0.0	43.688
chr16	34707200	0.0	43.688
chr16	34719087	0.2378404090853718	43.688
chr16	34735905	0.10427218018240188	43.692
chr16	34769471	0.32041343669242073	43.6955
chr16	34817846	0.10561613814594398	43.711
chr16	34893592	0.011953048425783977	43.719
chr16	35019083	0.08151952392579029	43.7205
chr16	35043617	0.12924071082406746	43.7225
chr16	35059092	0.927195033459491	43.7245
chr16	35071495	0.05101650383905426	43.736
chr16	35149901	0.09954210631073755	43.74
chr16	35169993	0.0	43.742
chr16	35179888	0.32456994482321777	43.742
chr16	35204536	0.13628155769825	43.75
chr16	35263238	0.3698152869960946	43.758
chr16	35314615	0.31264942803546997	43.777
chr16	35396176	1.1722184233662651	43.8025
chr16	35406413	0.0	43.8145
chr16	35444989	0.10359259105789147	43.8145
chr16	35517388	7.230499561786623	43.822
chr16	35521952	0.5707179120243218	43.855
chr16	35580650	0.0	43.8885
chr16	35614961	0.4813516353921995	43.8885
chr16	35739610	0.710741958860412	43.9485
chr16	35775488	0.40008171881925886	43.974
chr16	35834226	0.042054165765450645	43.9975
chr16	35917452	0.2237828248716578	44.001
chr16	36040339	0.9186485658875514	44.0285
chr16	36089324	0.20617493943599727	44.0735
chr16	36108725	0.12776500127762852	44.0775
chr16	36198734	0.3753031294507244	44.089
chr16	36302650	0.6056580181306425	44.128
chr16	36353834	0.5846243788364811	44.159
chr16	36370939	0.3814313564829348	44.169
chr16	36477118	1.2831479897348648	44.2095
chr16	36486470	0.02968019588932914	44.2215
chr16	36553855	0.38169326402269793	44.2235
chr16	36608873	0.16980331116457414	44.2445
chr16	36644208	0.6024840882406961	44.2505
chr16	36741306	0.04124179030616759	44.309
chr16	36838295	0.09086365907933937	44.313
chr16	36860306	0.0	44.315
chr16	36925524	0.28474614880848303	44.315
chr16	36960643	0.4186557344961352	44.325
chr16	37052604	0.0	44.3635
chr16	37083811	0.06921373200439132	44.3635
chr16	37141603	0.0	44.3675
chr16	37225711	0.23246932235197346	44.3675
chr16	37285934	0.8369576589098235	44.3815
chr16	37352843	0.05551777262693144	44.4375
chr16	37424892	0.0	44.4415
chr16	37451697	0.015122758996169739	44.4415
chr16	37583948	0.49777556544187657	44.4435
chr16	37616091	0.0658482993810449	44.4595
chr16	37760362	0.01475143826519648	44.469
chr16	37895942	0.1778925325798016	44.471
chr16	37994316	0.8524742211795516	44.4885
chr16	38067632	0.17795055712213556	44.551
chr16	38177213	0.3365668683574385	44.5705
chr16	38310916	0.0	44.6155
chr16	38383590	0.12166190157552623	44.6155
chr16	38432907	0.0725105799528674	44.6215
chr16	38508758	0.36126109413291513	44.627
chr16	38611177	0.04084717031218142	44.664
chr16	38660140	0.8394019828037419	44.666
chr16	38704219	8.201872918106835	44.703
chr16	38720130	1.0501132296004272	44.8335
chr16	38829642	0.15520720161379317	44.9485
chr16	38842528	0.3550281615558507	44.9505
chr16	38925620	0.0	44.98
chr16	39005495	0.17057233579133088	44.98
chr16	39119816	0.23303603584523835	44.9995
chr16	39167019	0.0	45.0105
chr16	39179598	4.239070640390908	45.0105
chr16	39210501	0.037285607755451984	45.1415
chr16	39264141	0.09901886450823438	45.1435
chr16	39440875	0.1729156459840407	45.161
chr16	39475574	0.0	45.167
chr16	39578929	0.25142474019444466	45.167
chr16	39710181	0.11262880421758219	45.2
chr16	40127481	0.0	45.247
chr16	40203540	0.2346200942055629	45.247
chr16	40427306	0.9742547987230431	45.2995
chr16	40451427	0.14637277520095324	45.323
chr16	40823764	1.0202744444653282	45.3775
chr16	40877181	0.025416782277725907	45.432
chr16	41349310	0.0	45.444
chr16	41369736	0.16119375489316978	45.444
chr16	41391449	2.012543293082433	45.4475
chr16	41412815	0.4317256691748036	45.4905
chr16	41534420	1.1570178391115538	45.543
chr16	41558188	0.14956861263296842	45.5705
chr16	41621704	0.23005679681780372	45.58
chr16	41823828	0.11325761252955133	45.6265
chr16	41947440	0.025679050388702395	45.6405
chr16	42103209	0.036149205847146114	45.6445
chr16	42324514	0.2785209692529236	45.6525
chr16	42442997	0.05447809980394542	45.6855
chr16	42479709	0.0	45.6875
chr16	42509938	0.05111298525396622	45.6875
chr16	42549067	0.0	45.6895
chr16	42634214	0.0464770403419627	45.6895
chr16	42677246	0.0	45.6915
chr16	42794903	0.27467081976499624	45.6915
chr16	42971478	0.0	45.74
chr16	42980554	0.0	45.74
chr16	43045220	0.07275152323502049	45.74
chr16	43210165	0.13812379141679187	45.752
chr16	43333243	0.0	45.769
chr16	43376624	0.0	45.769
chr16	43386172	0.05151850802407059	45.769
chr16	43424993	0.0	45.771
chr16	43444095	0.0	45.771
chr16	43498640	0.0	45.771
chr16	43542843	0.0	45.771
chr16	43585529	0.0	45.771
chr16	43609682	0.0	45.771
chr16	43633747	0.17799928800279452	45.771
chr16	43712399	0.08551802043683075	45.785
chr16	43963808	0.0	45.8065
chr16	43976694	0.0	45.8065
chr16	44056584	0.0	45.8065
chr16	44083199	0.0	45.8065
chr16	44108580	0.0	45.8065
chr16	44187538	0.14238744919351334	45.8065
chr16	44226165	0.41227504122768954	45.812
chr16	44254059	0.0	45.8235
chr16	44279880	0.24608829795046305	45.8235
chr16	44416010	0.08089960359204126	45.857
chr16	44440732	0.3171582619727364	45.859
chr16	44459650	0.22409322278068525	45.865
chr16	44553361	3.356043401463426	45.886
chr16	44573176	0.7228958409096811	45.9525
chr16	44685917	0.4076456200742975	46.034
chr16	44719034	2.551020408162758	46.0475
chr16	44722954	0.5570482993644083	46.0575
chr16	44753472	0.29660388551099925	46.0745
chr16	44780444	0.9159132541509101	46.0825
chr16	44797367	0.05954330286697704	46.098
chr16	44864545	2.7725585445215466	46.102
chr16	44886366	1.138455576010005	46.1625
chr16	44907008	0.13878465761311476	46.186
chr16	45004281	0.09508414947239917	46.1995
chr16	45025315	0.0	46.2015
chr16	45050194	0.0	46.2015
chr16	45053506	3.0030030029960044	46.2015
chr16	45054172	0.0	46.2035
chr16	45062313	0.40135684507633435	46.2035
chr16	45100932	0.7466666666664423	46.219
chr16	45119682	0.4590793372564912	46.233
chr16	45143643	0.28954734099026286	46.244
chr16	45164365	0.5067588194351068	46.25
chr16	45246258	0.6642584189156813	46.2915
chr16	45313250	0.8335921282751496	46.336
chr16	45374431	0.7641170627340398	46.387
chr16	45452953	0.8411522919231534	46.447
chr16	45510612	1.8233277091386075	46.4955
chr16	45528985	1.563851733546185	46.529
chr16	45544012	0.421387770390502	46.5525
chr16	45608086	0.872423307904498	46.5795
chr16	45682018	1.6807852628748152	46.644
chr16	45719203	27.090858571826534	46.7065
chr16	45722802	0.19479507558049672	46.804
chr16	45761304	0.0	46.8115
chr16	45790345	0.5804564527949532	46.8115
chr16	45944534	0.012837794466880666	46.901
chr16	46100324	0.34101909706950095	46.903
chr16	46145776	0.9393680614858818	46.9185
chr16	46333136	0.21512500914283125	47.0945
chr16	46565559	0.48964166505750156	47.1445
chr16	46638061	0.34378043889304	47.18
chr16	46655514	1.0762232331076689	47.186
chr16	46700579	0.6516598707852258	47.2345
chr16	46754288	0.4688607826544018	47.2695
chr16	46841734	0.18790652854734513	47.3105
chr16	46945509	1.779287476242488	47.33
chr16	46994967	1.0086956521740336	47.418
chr16	47023717	0.4274854562012552	47.447
chr16	47077520	0.7925724637680388	47.47
chr16	47099600	1.701724041734083	47.4875
chr16	47135446	0.5099699117752245	47.5485
chr16	47253100	0.0	47.6085
chr16	47263760	0.033445654991357106	47.6085
chr16	47502954	0.0	47.6165
chr16	47529006	0.2722111321390571	47.6165
chr16	48030455	0.0	47.753
chr16	48044288	0.0	47.753
chr16	48064702	1.991254099640869	47.753
chr16	48077508	0.9019550485105318	47.7785
chr16	48118530	1.4426297078674168	47.8155
chr16	48157348	0.5881324410675245	47.8715
chr16	48220259	1.8696744927359257	47.9085
chr16	48269198	0.0	48.0
chr16	48320430	1.550068587105618	48.0
chr16	48356880	0.8342497440369522	48.0565
chr16	48383251	0.7751079614661431	48.0785
chr16	48428406	0.0	48.1135
chr16	48483494	1.3970606856149306	48.1135
chr16	48601957	0.4229447528414257	48.279
chr16	48620872	0.2240825543112994	48.287
chr16	48794915	0.012912445014505468	48.326
chr16	48911082	0.024501546660119344	48.3275
chr16	49074337	0.020585450203821114	48.3315
chr16	49171493	0.39389914349836724	48.3335
chr16	49280658	1.9537609899056423	48.3765
chr16	49283729	0.0	48.3825
chr16	49303751	0.0	48.3825
chr16	49307589	0.5145722481332747	48.3825
chr16	49353258	0.05609232797181056	48.406
chr16	49424569	0.5443328898028512	48.41
chr16	49441103	1.3744472331780484	48.419
chr16	49508039	4.675606426153472	48.511
chr16	49561508	0.24289956006031682	48.761
chr16	49818816	0.40247195679258024	48.8235
chr16	49857328	0.0	48.839
chr16	49944429	0.1529675708749803	48.839
chr16	49993459	0.0	48.8465
chr16	50050006	0.039594551789722134	48.8465
chr16	50100518	0.1308329699084219	48.8485
chr16	50146378	0.08265897387148191	48.8545
chr16	50267357	0.045450930039630744	48.8645
chr16	50355364	0.0	48.8685
chr16	50435124	0.09459436217603825	48.8685
chr16	50551410	0.08753884536258115	48.8795
chr16	50597104	0.2218770800977	48.8835
chr16	50633160	0.12496399342561784	48.8915
chr16	50869228	0.42669117405711504	48.921
chr16	50899695	0.0823825019566851	48.934
chr16	50948249	0.31751791708240434	48.938
chr16	51047456	0.3222100809729392	48.9695
chr16	51083147	1.514131897711852	48.981
chr16	51121783	0.3970859188038864	49.0395
chr16	51216221	0.03787960778374533	49.077
chr16	51308619	0.15863162976754352	49.0805
chr16	51381114	0.7209805335256221	49.092
chr16	51389436	0.7315288953922621	49.098
chr16	51392170	2.4107277384359893	49.1
chr16	51425355	0.48709971402542207	49.18
chr16	51457176	0.39687901101125656	49.1955
chr16	51516388	3.905410247223026	49.219
chr16	51530343	0.23843586075346637	49.2735
chr16	51555507	0.9867921663883061	49.2795
chr16	51588442	2.741385355902127	49.312
chr16	51619813	3.439124783362092	49.398
chr16	51656741	0.26528884902538935	49.525
chr16	51735900	2.026581204637537	49.546
chr16	51778336	0.17529361680818997	49.632
chr16	51858202	2.421479951570324	49.646
chr16	51886284	0.3165332462016614	49.714
chr16	51935252	0.33946635888384746	49.7295
chr16	51979439	1.0600215479790072	49.7445
chr16	52036985	2.9985143312677907	49.8055
chr16	52092179	0.8739434415111039	49.971
chr16	52130511	0.05532984491838849	50.0045
chr16	52193768	0.43116457551838966	50.008
chr16	52216961	0.6649196229514861	50.018
chr16	52293662	0.5466187724502497	50.069
chr16	52306468	0.5292600724316804	50.076
chr16	52624837	1.5516066467473517	50.2445
chr16	52720222	0.8906922658221922	50.3925
chr16	52740431	0.24759479343537782	50.4105
chr16	52754567	0.0	50.414
chr16	52806718	0.30485481289537014	50.414
chr16	52846081	0.1765820143191267	50.426
chr16	52877228	0.1289349022004939	50.4315
chr16	52981932	0.5623506256150923	50.445
chr16	53003271	0.059906545788572095	50.457
chr16	53028310	0.0	50.4585
chr16	53059421	0.0	50.4585
chr16	53094469	0.0	50.4585
chr16	53124185	0.021624426952712182	50.4585
chr16	53216673	0.46030542618856024	50.4605
chr16	53272071	0.0	50.486
chr16	53300502	0.14796182584911183	50.486
chr16	53314019	0.0	50.488
chr16	53339502	2.641118591403518	50.488
chr16	53349157	4.062410123669814	50.5135
chr16	53363065	1.1539349180705085	50.57
chr16	53393396	1.4993926510781013	50.605
chr16	53472428	1.1792452830188254	50.7235
chr16	53553836	3.399465002229286	50.8195
chr16	53580752	0.13441763559347664	50.911
chr16	53595631	1.3534416086620775	50.913
chr16	53618905	0.12323509735581496	50.9445
chr16	53647306	7.066948151858805	50.948
chr16	53675253	1.9185710890013166	51.1455
chr16	53704702	0.7217677758448658	51.202
chr16	53731719	0.7594704657649024	51.2215
chr16	53808088	0.9255994358251409	51.2795
chr16	53842120	0.3364879074659378	51.311
chr16	53865895	0.32849969496458137	51.319
chr16	53929822	0.17700681476195582	51.34
chr16	53941121	0.15606343607097267	51.342
chr16	54142962	0.23925855034510474	51.3735
chr16	54182668	0.8523695874530366	51.383
chr16	54203199	0.05126102111951229	51.4005
chr16	54281231	1.7164179104478263	51.4045
chr16	54341531	0.0	51.508
chr16	54347500	0.0	51.508
chr16	54359854	0.0	51.508
chr16	54401898	0.09188642837447816	51.508
chr16	54445430	0.5212959030003672	51.512
chr16	54497224	0.05001062725826467	51.539
chr16	54577207	0.8564109559971469	51.543
chr16	54643180	1.2247959949170706	51.5995
chr16	54708497	0.10713233521720783	51.6795
chr16	54745834	2.3327836544262492	51.6835
chr16	54770697	1.0249256217169727	51.7415
chr16	54840946	2.11042525678876	51.8135
chr16	54881933	1.25726645937547	51.9
chr16	54918918	2.019041973844972	51.9465
chr16	54945911	0.5517635999509752	52.001
chr16	54970378	2.1355820830139893	52.0145
chr16	55006902	2.960229129423454	52.0925
chr16	55058925	4.0873200185787715	52.2465
chr16	55080455	3.9382950897634132	52.3345
chr16	55114099	0.2606972783204242	52.467
chr16	55142868	4.060352698092281	52.4745
chr16	55163679	1.2291723572794784	52.559
chr16	55185645	3.1077670810358393	52.586
chr16	55207043	2.5704897180409745	52.6525
chr16	55225911	0.8631783797355945	52.701
chr16	55257770	0.9578296098787474	52.7285
chr16	55296399	0.66584989080058	52.7655
chr16	55333945	6.600956868951944	52.7905
chr16	55361744	1.068099430347011	52.974
chr16	55531672	0.890670229347486	53.1555
chr16	55549636	1.4209968186638424	53.1715
chr16	55643936	17.547723935388408	53.3055
chr16	55650746	0.0	53.425
chr16	55653061	0.0	53.425
chr16	55655093	0.1426838838554929	53.425
chr16	55669110	1.456915158558854	53.427
chr16	55789570	3.7151702786377427	53.6025
chr16	55831560	0.0	53.7585
chr16	55851755	0.31210986267167223	53.7585
chr16	55870979	1.1665888940743252	53.7645
chr16	55879551	9.476876421531223	53.7745
chr16	55891422	28.58974358974346	53.887
chr16	55899222	3.3646275884607606	54.11
chr16	55966540	2.009738399847204	54.3365
chr16	56071280	0.05322404662432989	54.547
chr16	56108857	0.8860125582649443	54.549
chr16	56212693	0.4721160123100058	54.641
chr16	56298477	0.7775617883922744	54.6815
chr16	56316482	1.9888747319680553	54.6955
chr16	56348661	0.24684212318270032	54.7595
chr16	56466145	0.1327844907714829	54.7885
chr16	56556517	0.4360583033613838	54.8005
chr16	56704433	2.30814718730319	54.865
chr16	56756856	1.0798471600942607	54.986
chr16	56919379	1.32437801532522	55.1615
chr16	56929950	4.521411671435852	55.1755
chr16	57010677	0.04532023276470647	55.5405
chr16	57231329	0.9587923296613023	55.5505
chr16	57280349	1.0930888575460478	55.5975
chr16	57308709	0.7614903453902458	55.6285
chr16	57510944	3.742463095155731	55.7825
chr16	57539802	0.0	55.8905
chr16	57565581	0.08787861034624506	55.8905
chr16	57582650	0.0	55.892
chr16	57607134	1.3365392364935529	55.892
chr16	57681580	0.0	55.9915
chr16	57973281	0.2450797132151862	55.9915
chr16	58093650	0.25857992828717635	56.021
chr16	58296682	0.0	56.0735
chr16	58355610	3.1189214568377928	56.0735
chr16	58370519	0.7324956201293452	56.12
chr16	58436731	0.0	56.1685
chr16	58502260	3.112051801761415	56.1685
chr16	58613762	0.18129322500504277	56.5155
chr16	58688227	0.41138575729988314	56.529
chr16	58745351	0.0	56.5525
chr16	58869433	0.456498388829106	56.5525
chr16	58906673	0.14234875444857253	56.5695
chr16	58920723	0.17398112304805283	56.5715
chr16	58943714	0.9411692098807329	56.5755
chr16	59008527	0.3889791799856698	56.6365
chr16	59268181	0.35743278446204374	56.7375
chr16	59350714	0.6226954164731963	56.767
chr16	59391665	0.0	56.7925
chr16	59459409	0.0	56.7925
chr16	59495949	0.036697247706466866	56.7925
chr16	59550449	0.39784127862733065	56.7945
chr16	59608261	0.0	56.8175
chr16	59624532	3.351286654697771	56.8175
chr16	59674662	0.3640629424376175	56.9855
chr16	59724104	0.0	57.0035
chr16	59747429	0.0	57.0035
chr16	59815207	0.7260406582767415	57.0035
chr16	59862725	0.0	57.038
chr16	59940392	0.15150367396427877	57.038
chr16	59953593	0.5944308697808016	57.04
chr16	60120980	3.507416563658898	57.1395
chr16	60153340	1.7806518122818236	57.253
chr16	60196021	1.178146747766786	57.329
chr16	60214270	0.24836306163941954	57.3505
chr16	60236415	0.5924170616113968	57.356
chr16	60279459	0.0	57.3815
chr16	60317803	0.01764072891487765	57.3815
chr16	60431177	1.5305790147848	57.3835
chr16	60477238	0.7749501817740243	57.454
chr16	60617247	0.12843359180597974	57.5625
chr16	60679536	0.19658917776565504	57.5705
chr16	60699883	0.13479450577591776	57.5745
chr16	60774070	0.05492694716034396	57.5845
chr16	60810482	0.29655225766518134	57.5865
chr16	60849261	0.0	57.598
chr16	60867483	0.02171983890086756	57.598
chr16	61028626	0.03773774781121206	57.6015
chr16	61187618	0.4905327185322285	57.6075
chr16	61228390	0.5148177992660566	57.6275
chr16	61250728	0.5540874605743652	57.639
chr16	61285921	0.021254662741664924	57.6585
chr16	61380018	0.9803921568625803	57.6605
chr16	61391748	0.03484563384212217	57.672
chr16	61506540	0.6965031967710245	57.676
chr16	61590531	0.8250558125991189	57.7345
chr16	61621438	5.844155844156066	57.76
chr16	61626058	0.713088882827444	57.787
chr16	61754373	2.475503904874258	57.8785
chr16	61802646	0.10655301012266619	57.998
chr16	61821416	0.4023363254207671	58.0
chr16	61893495	0.6352432981831279	58.029
chr16	61964334	0.6491097922848911	58.074
chr16	61996686	0.0	58.095
chr16	62026614	1.775416152509574	58.095
chr16	62066323	0.5256206366748246	58.1655
chr16	62251818	0.0	58.263
chr16	62264676	0.06010605379269428	58.263
chr16	62489279	2.025992736440826	58.2765
chr16	62555913	82.11521926053418	58.4115
chr16	62558239	0.7025555457978558	58.6025
chr16	62785979	2.10161492515283	58.7625
chr16	62813101	4.950320935549128	58.8195
chr16	62869966	1.517495834325218	59.101
chr16	62886770	2.8582823717097603	59.1265
chr16	62909336	0.0	59.191
chr16	62943892	0.9097381536270741	59.191
chr16	62994456	0.32399907428826186	59.237
chr16	63037666	15.510391198044237	59.251
chr16	63044210	1.13217041261326	59.3525
chr16	63056134	0.7531301973829011	59.366
chr16	63088001	0.2854346762357284	59.39
chr16	63100263	0.0	59.3935
chr16	63117862	0.0	59.3935
chr16	63156074	0.4495897493536652	59.3935
chr16	63191662	0.0	59.4095
chr16	63207557	3.5080751919511033	59.4095
chr16	63230219	2.0317210643600676	59.489
chr16	63245477	25.00229168576391	59.52
chr16	63267295	1.0739102969046523	60.0655
chr16	63291040	33.139622263413486	60.091
chr16	63311001	0.0	60.7525
chr16	63346903	0.0	60.7525
chr16	63457940	0.05224660397080576	60.7525
chr16	63496220	0.0	60.7545
chr16	63527620	1.9344212058530432	60.7545
chr16	63553726	0.06960879855213963	60.805
chr16	63639922	0.0	60.811
chr16	63653437	0.0	60.811
chr16	63677724	0.0	60.811
chr16	63683623	2.1508252259480662	60.811
chr16	63773356	0.0	61.004
chr16	63780227	0.0	61.004
chr16	63856104	0.0	61.004
chr16	63874044	0.397750543461135	61.004
chr16	64001008	0.6779661016957438	61.0545
chr16	64003958	3.3056450245805626	61.0565
chr16	64009857	0.0	61.076
chr16	64043274	10.418653442685427	61.076
chr16	64064246	0.4313133491486833	61.2945
chr16	64068883	0.10660054800578415	61.2965
chr16	64195524	0.0	61.31
chr16	64244676	0.0	61.31
chr16	64269019	0.0	61.31
chr16	64295495	0.2633796881584592	61.31
chr16	64323971	0.0	61.3175
chr16	64339220	0.36148933606459976	61.3175
chr16	64355818	0.23108030040426247	61.3235
chr16	64373128	0.7979226961672324	61.3275
chr16	64410099	0.5401373492116771	61.357
chr16	64448978	0.5740528128586688	61.378
chr16	64466398	0.21880641102811052	61.388
chr16	64484679	0.0	61.392
chr16	64498191	0.28435345133985807	61.392
chr16	64512258	0.5656108597286692	61.396
chr16	64529054	6.630961489415613	61.4055
chr16	64540817	0.634100516674519	61.4835
chr16	64562107	0.0	61.497
chr16	64575444	0.5505026328385864	61.497
chr16	64596334	0.5539398975212055	61.5085
chr16	64632439	0.0	61.5285
chr16	64648192	3.9677291363577747	61.5285
chr16	64663314	15.360565486304568	61.5885
chr16	64678027	1.0229597635826713	61.8145
chr16	64695623	0.9911031208222043	61.8325
chr16	64717316	0.4430333013365006	61.854
chr16	64730859	5.056436354146315	61.86
chr16	64746186	0.0	61.9375
chr16	64771398	0.1679402132839778	61.9375
chr16	64795216	0.13420245398782596	61.9415
chr16	64821296	2.8831302557063045	61.945
chr16	64850431	1.7010839465147267	62.029
chr16	64875709	0.34916201117311485	62.072
chr16	64904349	0.0	62.082
chr16	64927269	0.9469696969697329	62.082
chr16	64933605	4.404094085227882	62.088
chr16	64953927	0.4074526799272393	62.1775
chr16	64980924	3.52310743997394	62.1885
chr16	65014701	0.39244824915755927	62.3075
chr16	65110255	2.47650495301	62.345
chr16	65133877	0.6247753376353818	62.4035
chr16	65192298	0.5315822388993322	62.44
chr16	65240268	0.6065455296303562	62.4655
chr16	65279012	0.4006410256410821	62.489
chr16	65336420	1.18916616378533	62.512
chr16	65364591	1.1592813750761113	62.5455
chr16	65441794	1.5235242472756674	62.635
chr16	65461157	0.11751571772738964	62.6645
chr16	65478176	0.8788841007032749	62.6665
chr16	65495812	0.0	62.682
chr16	65518830	0.48088945313248654	62.682
chr16	65570817	0.0	62.707
chr16	65577622	0.4156403940886857	62.707
chr16	65610102	0.0	62.7205
chr16	65688786	1.1265991980140826	62.7205
chr16	65714971	0.6705130204273564	62.75
chr16	65747036	2.417058472948589	62.7715
chr16	65762137	9.114489516535777	62.808
chr16	65803774	1.9509657280354515	63.1875
chr16	65849905	16.822894034390323	63.2775
chr16	65866014	14.342685230532807	63.5485
chr16	65880307	6.1721530249111085	63.7535
chr16	65925267	1.3269671978669229	64.031
chr16	66005902	2.94478914049925	64.138
chr16	66037653	0.0	64.2315
chr16	66059441	2.5456665371162113	64.2315
chr16	66136631	0.42386351594778043	64.428
chr16	66183816	1.3640309180341939	64.448
chr16	66208009	0.0	64.481
chr16	66254739	2.599887885875606	64.481
chr16	66306472	1.040273443305207	64.6155
chr16	66373762	0.5498533724340384	64.6855
chr16	66384674	1.109467455621344	64.6915
chr16	66419826	0.20707149143193443	64.7305
chr16	66439143	5.2333413934850475	64.7345
chr16	66468092	5.169246099710741	64.886
chr16	66500205	1.180423136293086	65.052
chr16	66533244	1.905269196099683	65.091
chr16	66557650	6.432699202767259	65.1375
chr16	66581357	0.9040527239268636	65.29
chr16	66861761	0.37859666834933287	65.5435
chr16	66877609	0.0	65.5495
chr16	66911345	1.4961915125136585	65.5495
chr16	66933401	0.0	65.5825
chr16	66956813	0.3765178375325674	65.5825
chr16	66988684	5.398063662325038	65.5945
chr16	67003041	0.0	65.672
chr16	67010586	0.058517174791080505	65.672
chr16	67044764	1.176470588234979	65.674
chr16	67071114	11.846901579587326	65.705
chr16	67074406	2.0448319765421994	65.744
chr16	67100325	8.821695760598542	65.797
chr16	67132405	0.08639842014323627	66.08
chr16	67172915	4.008995795443123	66.0835
chr16	67193369	0.5529225908376779	66.1655
chr16	67225019	8.135275577135543	66.183
chr16	67248497	0.1251407833819015	66.374
chr16	67264479	3.5227669733312243	66.376
chr16	67281653	0.2726143078132932	66.4365
chr16	67360519	0.785001004071168	66.458
chr16	67415296	0.0	66.501
chr16	67438504	0.8166465227188278	66.501
chr16	67469117	3.3716191181918753	66.526
chr16	67509602	2.589694151449859	66.6625
chr16	67536053	1.2923713167418838	66.731
chr16	67590217	1.094466105752181	66.801
chr16	67604836	0.1626333593548311	66.817
chr16	67650952	0.38983540282972584	66.8245
chr16	67685582	1.2310514627791866	66.838
chr16	67706296	0.0	66.8635
chr16	67744659	3.027584660236243	66.8635
chr16	67749118	0.8727296678689174	66.877
chr16	67809847	0.7917424197990386	66.93
chr16	67826898	1.7280711760008969	66.9435
chr16	67914568	3.113979140091484	67.095
chr16	67927895	1.9185440991063194	67.1365
chr16	67946138	2.898211305951689	67.1715
chr16	67980297	0.07515971439291014	67.2705
chr16	68006907	0.0	67.2725
chr16	68055377	0.0	67.2725
chr16	68110031	0.9207314461908775	67.2725
chr16	68133382	0.2893012365946309	67.294
chr16	68207699	1.8037115549110867	67.3155
chr16	68234588	1.0951782950262643	67.364
chr16	68268829	6.245120999219068	67.4015
chr16	68277796	0.0391155963662089	67.4575
chr16	68380057	0.3794256444308696	67.4615
chr16	68422226	0.6261121729384844	67.4775
chr16	68452572	0.5131099594645757	67.4965
chr16	68472061	1.631425446591342	67.5065
chr16	68526921	0.6032512065025863	67.596
chr16	68542669	0.05776673791217546	67.6055
chr16	68577291	4.9019607843133155	67.6075
chr16	68589225	3.6325153023285153	67.666
chr16	68624187	1.4155673082592162	67.793
chr16	68675050	2.324093098454061	67.865
chr16	68764117	3.608007448789598	68.072
chr16	68785597	1.8631060639667123	68.1495
chr16	68830683	1.9250615225846273	68.2335
chr16	68881071	11.388470691078483	68.3305
chr16	68901662	0.081160925883884	68.565
chr16	69024874	0.0756258035239862	68.575
chr16	69051320	0.1637392080975838	68.577
chr16	69084910	0.09459395544669866	68.5825
chr16	69106053	0.4728250049765338	68.5845
chr16	69126145	2.008937722930859	68.594
chr16	69150536	4.317770695150426	68.643
chr16	69196972	3.288768141845955	68.8435
chr16	69224946	9.605911330046125	68.9355
chr16	69226976	2.5089218124797155	68.955
chr16	69411916	8.99268391816837	69.419
chr16	69441440	0.0	69.6845
chr16	69445153	0.4980630879909023	69.6845
chr16	69472258	1.4211185699060869	69.698
chr16	69525737	0.17025623563463657	69.774
chr16	69560978	0.0	69.78
chr16	69565478	0.19488745249619083	69.78
chr16	69596265	3.3344759886565276	69.786
chr16	69628354	1.3203817524785515	69.893
chr16	69693108	1.3389914304547983	69.9785
chr16	69765924	1.9785734967672535	70.076
chr16	69786646	0.029262582910514073	70.117
chr16	69837906	0.6123230003829063	70.1185
chr16	69864036	5.487431023911773	70.1345
chr16	69880346	0.8891523414345328	70.224
chr16	69924208	0.0	70.263
chr16	69943664	1.441894711007395	70.263
chr16	70025154	8.306812665192101	70.3805
chr16	70043693	0.0	70.5345
chr16	70049837	0.0	70.5345
chr16	70071031	1.8440769177242495	70.5345
chr16	70114142	0.0	70.614
chr16	70139504	0.0	70.614
chr16	70152279	0.0	70.614
chr16	70172659	0.0	70.614
chr16	70184835	0.0	70.614
chr16	70224171	7.795899615229684	70.614
chr16	70258997	0.1064367632581594	70.8855
chr16	70296578	0.043712025178024624	70.8895
chr16	70342332	0.39232610145573055	70.8915
chr16	70367821	1.6944520360757536	70.9015
chr16	70386116	0.08085054776227266	70.9325
chr16	70435590	2.076940348776368	70.9365
chr16	70489034	1.2568077084206593	71.0475
chr16	70515291	0.0	71.0805
chr16	70551772	0.7269513655280763	71.0805
chr16	70586850	0.0	71.106
chr16	70588209	0.2986857825571153	71.106
chr16	70601601	0.0	71.11
chr16	70616812	0.057066768118971364	71.11
chr16	70643097	0.7125044531511717	71.1115
chr16	70645904	0.9083227714407767	71.1135
chr16	70669574	0.6320541760720448	71.135
chr16	70691724	0.0	71.149
chr16	70736508	0.1466490687780715	71.149
chr16	70750146	1.8318852716429812	71.151
chr16	70769252	2.2169558902221818	71.186
chr16	70782333	3.7812979049557414	71.215
chr16	70792118	642.8571428575056	71.252
chr16	70792139	3.2783278327832983	71.2655
chr16	70814864	0.8860131433720291	71.34
chr16	70913621	0.0	71.4275
chr16	70930427	2.139015645371948	71.4275
chr16	70954971	0.7458975634011529	71.48
chr16	70997202	0.07762167197063334	71.5115
chr16	71022968	0.14001680201654876	71.5135
chr16	71062249	1.6066573288286754	71.519
chr16	71074386	1.3678721039587367	71.5385
chr16	71086083	5.676855895196032	71.5545
chr16	71096388	0.49724443707787896	71.613
chr16	71120521	1.568786681924033	71.625
chr16	71147612	5.369825047634107	71.6675
chr16	71153385	0.0	71.6985
chr16	71168094	0.16262806960501255	71.6985
chr16	71192690	0.8091269520191857	71.7025
chr16	71205049	5.649717514124294	71.7125
chr16	71227174	18.07264552768546	71.8375
chr16	71244078	0.4614868266485853	72.143
chr16	71255996	0.49452926995089114	72.1485
chr16	71272173	0.05346592883710401	72.1565
chr16	71309580	1.7900053945362924	72.1585
chr16	71329971	4.255319148936332	72.195
chr16	71343366	0.732484076432998	72.252
chr16	71359066	1.5033072760075576	72.2635
chr16	71384011	2.8087963280123875	72.301
chr16	71398608	12.489475161380668	72.342
chr16	71412860	23.623209803632616	72.52
chr16	71426406	7.429935324914677	72.84
chr16	71439394	1.4143920595534036	72.9365
chr16	71479694	0.6820792647905463	72.9935
chr16	71507550	0.05298013245020765	73.0125
chr16	71545300	4.45417484523611	73.0145
chr16	71558546	2.2883295194507616	73.0735
chr16	71596128	1.8706225257757154	73.1595
chr16	71619115	7.605848052058092	73.2025
chr16	71630948	1.3384695743012802	73.2925
chr16	71692212	0.39590632856258334	73.3745
chr16	71742729	3.2923328153396367	73.3945
chr16	71780696	13.028953229399159	73.5195
chr16	71798656	16.980816417577763	73.7535
chr16	71816588	15.552832500706867	74.058
chr16	71837806	23.47180006754438	74.388
chr16	71858533	9.462969043852272	74.8745
chr16	71892032	8.980981451044352	75.1915
chr16	71909068	5.607704498354185	75.3445
chr16	71925474	2.507522567703109	75.4365
chr16	71950399	9.081927344581407	75.499
chr16	71963557	3.7400111503438342	75.6185
chr16	71985081	7.651109410864412	75.699
chr16	72016449	2.358688066992479	75.939
chr16	72052274	0.0	76.0235
chr16	72072529	20.51683633516057	76.0235
chr16	72091684	0.2153740866729722	76.4165
chr16	72340089	0.0	76.47
chr16	72348368	2.039706282297359	76.47
chr16	72352045	4.841450511398129	76.4775
chr16	72383234	2.5772427971278167	76.6285
chr16	72416797	17.853536744322607	76.715
chr16	72471268	0.20058168689199438	77.6875
chr16	72501181	0.10599208592375292	77.6935
chr16	72515333	3.1637085098402973	77.695
chr16	72533982	0.5654788618614862	77.754
chr16	72589687	0.009604902342133051	77.7855
chr16	72797914	0.0	77.7875
chr16	72802055	0.1985702938849831	77.7875
chr16	72812127	0.9310986964620923	77.7895
chr16	72822330	6.372549019607474	77.799
chr16	72841710	0.0	77.9225
chr16	72852335	0.0	77.9225
chr16	72868184	1.290897995587636	77.9225
chr16	72889487	2.9129565430038777	77.95
chr16	72959004	0.0	78.1525
chr16	72978737	0.09959167413581012	78.1525
chr16	72998819	18.721056261700436	78.1545
chr16	73019117	6.486630703941219	78.5345
chr16	73139056	0.27674000276773825	79.3125
chr16	73153510	0.0	79.3165
chr16	73168335	0.2999009023104905	79.3165
chr16	73206681	0.9289055502103835	79.328
chr16	73236824	6.568799531940166	79.356
chr16	73255625	1.0323281716923853	79.4795
chr16	73292435	2.2394744699911273	79.5175
chr16	73312529	0.4752406324047039	79.5625
chr16	73387228	1.6830194084364767	79.598
chr16	73401191	1.6086192061653648	79.6215
chr16	73427922	2.9987459789538526	79.6645
chr16	73446263	6.564551422319724	79.7195
chr16	73469113	5.8167570825793735	79.8695
chr16	73485703	2.3801865551628265	79.966
chr16	73501248	1.3871549452071037	80.003
chr16	73515666	0.12410027302119321	80.023
chr16	73531782	1.2843565373745198	80.025
chr16	73547354	2.495663563311819	80.045
chr16	73575603	3.5670356703569555	80.1155
chr16	73595928	0.56882821387943	80.188
chr16	73627572	4.9875874520425105	80.206
chr16	73649727	3.86294927779579	80.3165
chr16	73667589	0.0	80.3855
chr16	73679712	10.680907877169568	80.3855
chr16	73691696	0.2641682223242362	80.5135
chr16	73720087	2.6349206349205843	80.521
chr16	73735837	1.391962309943153	80.5625
chr16	73749846	0.6021738475901073	80.582
chr16	73783059	0.0	80.602
chr16	73795707	0.7545271629778958	80.602
chr16	73803659	0.0	80.608
chr16	73812542	0.24784117294103278	80.608
chr16	73850873	0.0	80.6175
chr16	73858210	3.8551401869154804	80.6175
chr16	73871050	3.703703703703844	80.667
chr16	73906690	3.354209795340796	80.799
chr16	73944851	0.49152125829414883	80.927
chr16	73961127	0.6543788853746567	80.935
chr16	73997803	6.973706387999091	80.959
chr16	74021535	1.2869350355196996	81.1245
chr16	74050674	3.8532566233394507	81.162
chr16	74078832	0.1405678942929488	81.2705
chr16	74121516	5.521912350597706	81.2765
chr16	74184266	6.452955870108256	81.623
chr16	74265934	0.09635303752928356	82.15
chr16	74286691	15.203271590089127	82.152
chr16	74307476	6.778040274496559	82.468
chr16	74343032	17.000000000000213	82.709
chr16	74359532	0.0	82.9895
chr16	74372957	0.0	82.9895
chr16	74392613	0.09757287474059465	82.9895
chr16	74433608	0.0	82.9935
chr16	74439017	0.21085925144991505	82.9935
chr16	74457987	0.5652112477038508	82.9975
chr16	74479218	0.0	83.0095
chr16	74499443	8.147667459802404	83.0095
chr16	74513312	1.887191788070114	83.1225
chr16	74541661	2.47368421052616	83.176
chr16	74598661	8.297324629953536	83.317
chr16	74620415	0.05028410519423088	83.4975
chr16	74660189	3.7600676367195507	83.4995
chr16	74705135	2.3332662173846423	83.6685
chr16	74789566	1.6129032258061309	83.8655
chr16	74801966	4.6241403841595305	83.8855
chr16	74835702	0.0	84.0415
chr16	74876786	3.1151667715541076	84.0415
chr16	74892676	15.70166830225729	84.091
chr16	74903885	2.816901408454147	84.267
chr16	74906725	20.70063694267217	84.275
chr16	74907981	36.13118399110649	84.301
chr16	74916976	0.6100613189836577	84.626
chr16	74948940	3.416740327735141	84.6455
chr16	75037182	0.0	84.947
chr16	75047828	0.29539188656952675	84.947
chr16	75068140	0.8067050811943235	84.953
chr16	75115865	0.22605681561299928	84.9915
chr16	75142407	0.29186428310819285	84.9975
chr16	75169817	5.062372246738123	85.0055
chr16	75222164	2.962988046459845	85.2705
chr16	75251695	0.33422459892970235	85.358
chr16	75263663	1.2199577255291603	85.362
chr16	75340305	0.0	85.4555
chr16	75361238	0.9570994257401142	85.4555
chr16	75370119	1.9500216669071417	85.464
chr16	75390888	2.528445006321208	85.5045
chr16	75428856	2.808845309228682	85.6005
chr16	75448437	2.5990584542956685	85.6555
chr16	75479025	0.9115916069598892	85.735
chr16	75510289	1.2389738064778528	85.7635
chr16	75584544	4.664387125547766	85.8555
chr16	75611450	16.096375784572384	85.981
chr16	75621328	0.06877579092143532	86.14
chr16	75650408	7.482700394000566	86.142
chr16	75680611	8.070683345168627	86.368
chr16	75717225	1.471541876589951	86.6635
chr16	75737272	18.291533094474627	86.693
chr16	75753181	0.16122531237423976	86.984
chr16	75777991	5.042974008491195	86.988
chr16	75826276	0.5698255457177711	87.2315
chr16	75860497	5.225638857004827	87.251
chr16	75877050	0.0	87.3375
chr16	75898052	5.069444444444472	87.3375
chr16	75926852	0.06399627658024656	87.4835
chr16	76098737	0.0	87.4945
chr16	76134614	0.0	87.4945
chr16	76146065	0.26972353337765864	87.4945
chr16	76153480	2.492320957051278	87.4965
chr16	76190594	0.0	87.589
chr16	76238775	0.0	87.589
chr16	76250807	0.0	87.589
chr16	76253299	1.0010780840905638	87.589
chr16	76324722	0.5787945377491515	87.6605
chr16	76426658	1.1810061629519386	87.7195
chr16	76463491	0.1263344071754999	87.763
chr16	76479322	2.6956040917888777	87.765
chr16	76493790	0.9299256059517013	87.804
chr16	76510458	3.84037760137314	87.8195
chr16	76533763	0.3409810511954207	87.909
chr16	76554292	0.21666305561582688	87.916
chr16	76614293	1.5512184115521381	87.929
chr16	76649749	0.09194134142461038	87.984
chr16	76671502	1.7894367886065305	87.986
chr16	76725709	2.533996474439709	88.083
chr16	76757477	27.398743773014328	88.1635
chr16	76762094	1.1681351066590693	88.29
chr16	76827583	0.21911290575030526	88.3665
chr16	76859530	0.0	88.3735
chr16	76865515	0.30076193022276865	88.3735
chr16	76880477	1.0613779718582177	88.378
chr16	76896965	0.07678132678125694	88.3955
chr16	76929525	1.1159528111384651	88.398
chr16	76976570	2.018348623852853	88.4505
chr16	77009270	0.2171228508231038	88.5165
chr16	77082961	10.646485377116266	88.5325
chr16	77086859	0.5047700772297213	88.574
chr16	77126481	2.6115257936894687	88.594
chr16	77177792	7.5248985614167365	88.728
chr16	77191347	7.498125468633126	88.83
chr16	77199349	25.830258302588376	88.89
chr16	77200433	0.0	88.918
chr16	77211707	2.2027890953657883	88.918
chr16	77272085	1.4341211923176076	89.051
chr16	77299628	2.0864582131455	89.0905
chr16	77351630	2.0354008985918814	89.199
chr16	77417956	1.3759388759385447	89.334
chr16	77448844	2.4645208243739605	89.3765
chr16	77479073	0.32113037893389473	89.451
chr16	77546024	7.503802602670556	89.4725
chr16	77575609	1.2455348749764352	89.6945
chr16	77660713	13.001014713343674	89.8005
chr16	77684365	0.36859932257399597	90.108
chr16	77734555	3.4645461444552077	90.1265
chr16	77764862	0.15182800923100487	90.2315
chr16	77781328	0.0	90.234
chr16	77809225	0.840917742326274	90.234
chr16	77953710	11.185799810943907	90.3555
chr16	77963231	3.0750637840741133	90.462
chr16	78037701	0.0	90.691
chr16	78130530	0.0	90.691
chr16	78168921	0.0	90.691
chr16	78240442	0.0	90.691
chr16	78261060	0.0	90.691
chr16	78274805	1.59170803095898	90.691
chr16	78341086	0.12439873942611186	90.7965
chr16	78365202	1.3896312132555029	90.7995
chr16	78383912	1.5248485889780927	90.8255
chr16	78407193	0.0	90.861
chr16	78440258	0.37501242511046334	90.861
chr16	78550921	0.1638986013986076	90.9025
chr16	78569225	3.3013205282111646	90.9055
chr16	78617539	0.844576981627876	91.065
chr16	78713445	0.0	91.146
chr16	78729205	0.2763754283816626	91.146
chr16	78756342	0.11116051578487268	91.1535
chr16	78787828	0.0	91.157
chr16	78811324	0.14704646668357707	91.157
chr16	78835126	1.0316752174884602	91.1605
chr16	78853058	0.0	91.179
chr16	78863596	2.332516460479894	91.179
chr16	78897465	2.500100810516457	91.258
chr16	78922264	0.11042402826866003	91.32
chr16	78990184	0.3409042485190082	91.3275
chr16	79013651	0.33347132146647546	91.3355
chr16	79100615	0.9256234346072039	91.3645
chr16	79118981	0.29877998174123466	91.3815
chr16	79179226	0.268348316113691	91.3995
chr16	79194132	0.3007891291274343	91.4035
chr16	79222391	0.12472145541612363	91.412
chr16	79282525	0.0	91.4195
chr16	79365541	0.0	91.4195
