Chromosome	Position(bp)	Rate(cM/Mb)	Map(cM)
chr5	0	0.0	0.0
chr5	222124	0.07725189267137045	0.0
chr5	299792	0.12896398928606856	0.006
chr5	450997	0.37007700198672916	0.0255
chr5	528008	2.185208566017579	0.054
chr5	569194	0.9637601472823201	0.144
chr5	650127	1.9580541293185965	0.222
chr5	661618	5.406904200748648	0.2445
chr5	697683	22.1965215070504	0.4395
chr5	720164	1.1290322580645151	0.9385
chr5	748064	1.4022353280818258	0.97
chr5	772311	16.304347826086953	1.004
chr5	784087	1.0546419354643755	1.196
chr5	949546	2.0531233262581567	1.3705
chr5	999957	10.717985496852345	1.474
chr5	1025055	0.0	1.743
chr5	1041403	0.5696577496240238	1.743
chr5	1063346	0.737038901272739	1.7555
chr5	1118974	4.672204093740742	1.7965
chr5	1125716	0.9953502922064049	1.828
chr5	1196043	28.105921711682765	1.898
chr5	1248950	4.869908731780412	3.385
chr5	1307678	2.611480013647937	3.671
chr5	1460082	0.45708121358227555	4.069
chr5	2249876	7.990056818181844	4.43
chr5	2272404	0.0	4.61
chr5	2274193	19.0698818897637	4.61
chr5	2278257	286.01694915254194	4.6875
chr5	2278729	4.24929178470271	4.8225
chr5	2280494	11.946591707660119	4.83
chr5	2281917	2.739061091463818	4.847
chr5	2325180	0.0	4.9655
chr5	2329171	2.4330385477933443	4.9655
chr5	2352804	1.1630199093238922	5.023
chr5	2378169	9.496970550937009	5.0525
chr5	2413654	0.26055883666683094	5.3895
chr5	2494250	8.117606296094625	5.4105
chr5	2514453	7.288629737610469	5.5745
chr5	2514796	0.0	5.577
chr5	2515131	34.124629080118886	5.577
chr5	2516479	0.5925925925925913	5.623
chr5	2641354	11.579933178090503	5.697
chr5	2680862	0.799781523096137	6.1545
chr5	2706494	0.35671819262783755	6.175
chr5	2727519	0.17323816783310253	6.1825
chr5	2741950	5.239395797335728	6.185
chr5	2759891	0.04819834583277855	6.279
chr5	2811760	1.0187048946929178	6.2815
chr5	2852498	1.9422290769610044	6.323
chr5	3201324	8.179454264178268	7.0005
chr5	3231705	0.16756032171587365	7.249
chr5	3243641	2.4199584199584083	7.251
chr5	3303766	5.613126079447471	7.3965
chr5	3308398	1.4829461196243217	7.4225
chr5	3324582	7.690195001373216	7.4465
chr5	3346428	9.25496381517909	7.6145
chr5	3367984	2.2349801502436817	7.814
chr5	3533981	11.47291250119012	8.185
chr5	3544484	7.829977628635324	8.3055
chr5	3583373	2.4847366179185104	8.61
chr5	3604502	4.174724149698565	8.6625
chr5	3648457	0.20845927748013982	8.846
chr5	3696428	2.136220810633633	8.856
chr5	3740665	0.0	8.9505
chr5	3758059	0.14747087450233504	8.9505
chr5	3771621	20.275489186405736	8.9525
chr5	3787157	5.026548672566353	9.2675
chr5	3815407	0.0	9.4095
chr5	3841911	0.0	9.4095
chr5	3924062	2.940543641970908	9.4095
chr5	3938005	2.6770503772206924	9.4505
chr5	3950332	4.36184335293013	9.4835
chr5	3960878	1.432758059264099	9.5295
chr5	3976233	0.2664771717889436	9.5515
chr5	4083184	0.0	9.58
chr5	4100365	2.4233308264393676	9.58
chr5	4124299	5.431675242996034	9.638
chr5	4131295	0.6388027012228751	9.676
chr5	4147732	1.4726456078344434	9.6865
chr5	4161313	0.0	9.7065
chr5	4170685	0.0	9.7065
chr5	4183088	0.0	9.7065
chr5	4192471	1.3848817080208258	9.7065
chr5	4201136	0.0	9.7185
chr5	4209542	0.13757996835653102	9.7185
chr5	4224079	1.6439809086088026	9.7205
chr5	4252364	0.4220151222085618	9.767
chr5	4280799	0.0	9.779
chr5	4290298	3.7063953488371775	9.779
chr5	4310938	1.8829168093119	9.8555
chr5	4322622	1.1808367071525914	9.8775
chr5	4334478	0.0	9.8915
chr5	4349366	1.3237958103023506	9.8915
chr5	4370895	2.766251728907333	9.92
chr5	4388247	8.548216178028996	9.968
chr5	4402402	12.439935931660466	10.089
chr5	4411767	6.223598986201073	10.2055
chr5	4429522	13.386773547094174	10.316
chr5	4441997	10.604076520154825	10.483
chr5	4477125	1.6529345946496103	10.8555
chr5	4496787	3.22030687630234	10.888
chr5	4528461	46.29156010230203	10.99
chr5	4530416	1.675843907110288	11.0805
chr5	4538770	0.0	11.0945
chr5	4573551	0.5396290050590223	11.0945
chr5	4603201	1.1846586702206436	11.1105
chr5	4616707	1.0501443948541769	11.1265
chr5	4624325	3.6058132298569157	11.1345
chr5	4651642	9.961685823754713	11.233
chr5	4659472	5.407713106588908	11.311
chr5	4666499	1.909792767167842	11.349
chr5	4678804	3.2617845117844797	11.3725
chr5	4697812	10.616637579988423	11.4345
chr5	4708126	22.75646907689462	11.544
chr5	4713575	3.823610220716219	11.668
chr5	4735413	14.192214950051639	11.7515
chr5	4749928	11.286681715575627	11.9575
chr5	4782267	0.0	12.3225
chr5	4812887	6.328429251406366	12.3225
chr5	4822131	1.9872703521498745	12.381
chr5	4858110	0.3953741227636216	12.4525
chr5	4868227	12.257405515832039	12.4565
chr5	4870185	6.622218217857556	12.4805
chr5	4881284	14.365574622984925	12.554
chr5	4888976	9.154510270913912	12.6645
chr5	4902412	0.0	12.7875
chr5	4910401	0.7837604827964406	12.7875
chr5	4923160	2.6593284617519655	12.7975
chr5	4944782	29.529335912314533	12.855
chr5	4952537	1.8009605122732806	13.084
chr5	4960033	0.42743984456733125	13.0975
chr5	5127308	7.9785428125212	13.169
chr5	5142035	0.0	13.2865
chr5	5149761	0.0	13.2865
chr5	5153862	0.1580527896317898	13.2865
chr5	5166516	0.838433805651026	13.2885
chr5	5178443	0.2300172512938217	13.2985
chr5	5195833	0.0	13.3025
chr5	5200719	0.21479969928049275	13.3025
chr5	5210030	0.0	13.3045
chr5	5210138	0.3398470688188431	13.3045
chr5	5216023	0.0	13.3065
chr5	5227843	0.14634554273292877	13.3065
chr5	5251759	6.201161373575168	13.31
chr5	5279657	2.9918576027267125	13.483
chr5	5306062	2.1699676477551053	13.562
chr5	5344081	4.611849663548314	13.6445
chr5	5374546	0.2594594594594693	13.785
chr5	5397671	0.754806928333003	13.791
chr5	5410257	14.670223084384075	13.8005
chr5	5422629	0.42322070960007246	13.982
chr5	5436806	0.9592837348113773	13.988
chr5	5469643	5.990850337666079	14.0195
chr5	5483414	1.8729514593414165	14.102
chr5	5489821	4.65506715506715	14.114
chr5	5502925	0.578575185553154	14.175
chr5	5588480	0.7985668961646998	14.2245
chr5	5634813	1.5087628144921146	14.2615
chr5	5684854	0.21767522855903504	14.337
chr5	5700933	2.7008520998173293	14.3405
chr5	5714077	10.793292102759263	14.376
chr5	5730893	7.390260631001388	14.5575
chr5	5760053	8.510638297872404	14.773
chr5	5776033	0.9627406851712701	14.909
chr5	5816023	7.069194943446512	14.9475
chr5	5828047	1.2076322357298106	15.0325
chr5	5865310	2.7597025331163976	15.0775
chr5	5882522	0.37040466709876463	15.125
chr5	5893321	7.6279292204687374	15.129
chr5	5914231	1.0787390343056724	15.2885
chr5	5970315	22.85029119561487	15.349
chr5	5984910	1.0095061832254104	15.6825
chr5	5996797	1.4994679307343697	15.6945
chr5	6007134	1.4864088034819527	15.71
chr5	6068019	0.3743916136278819	15.8005
chr5	6113426	6.964285714285661	15.8175
chr5	6135826	0.21830513981683203	15.9735
chr5	6332798	1.111419838844001	16.0165
chr5	6339996	0.4743397496710042	16.0245
chr5	6372673	5.565506653019659	16.04
chr5	6380489	3.558449424591202	16.0835
chr5	6393697	1.749292839064949	16.1305
chr5	6407131	0.8439576225533677	16.154
chr5	6434976	8.15617061104425	16.1775
chr5	6457413	1.5434465833269553	16.3605
chr5	6509569	0.0	16.441
chr5	6516328	0.0	16.441
chr5	6524134	0.2956393200299252	16.441
chr5	6530899	6.724045185583647	16.443
chr5	6540194	3.2195867287543583	16.5055
chr5	6567682	5.874290189935374	16.594
chr5	6583003	4.952627045650344	16.684
chr5	6599257	4.882896897415934	16.7645
chr5	6645541	1.1217049915871602	16.9905
chr5	6658022	0.03840743567954333	17.0045
chr5	6866315	0.5319148936176713	17.0125
chr5	6870075	17.182261505638273	17.0145
chr5	6883199	2.2192745268099405	17.24
chr5	6902800	0.0	17.2835
chr5	6925914	0.0	17.2835
chr5	6937521	0.0	17.2835
chr5	6952725	0.0	17.2835
chr5	6962647	0.6355615373111807	17.2835
chr5	6989395	3.960769520935646	17.3005
chr5	6997348	9.789250529991273	17.332
chr5	7013386	0.7659674758425933	17.489
chr5	7038844	0.9372071227738912	17.5085
chr5	7051648	15.00799242200003	17.5205
chr5	7068539	1.0013569790837988	17.774
chr5	7282249	2.573848225982061	17.988
chr5	7336448	0.14268388385523947	18.1275
chr5	7350465	3.6716988865359026	18.1295
chr5	7379743	0.21733073279465856	18.237
chr5	7559193	0.43730867745359364	18.276
chr5	7591207	3.4390663300772397	18.29
chr5	7618540	0.15869867089868422	18.384
chr5	7643745	0.862663906141791	18.388
chr5	7652439	0.7420599584447584	18.3955
chr5	7665915	15.99205911547365	18.4055
chr5	7674982	0.06179705845998305	18.5505
chr5	7707346	16.374316060508672	18.5525
chr5	7719774	0.22092124157725523	18.756
chr5	7728827	0.0	18.758
chr5	7736032	0.0	18.758
chr5	7746570	8.102516952074373	18.758
chr5	7755271	0.0	18.8285
chr5	7762695	9.602373269491174	18.8285
chr5	7781909	0.0	19.013
chr5	7791519	1.2375743542655917	19.013
chr5	7816568	0.8637934169848314	19.044
chr5	7827566	0.0	19.0535
chr5	7835394	0.0	19.0535
chr5	7860887	1.4230534661515906	19.0535
chr5	7870725	32.94879898862212	19.0675
chr5	7883381	0.0	19.4845
chr5	7895525	0.0	19.4845
chr5	7918406	1.5774292410310342	19.4845
chr5	7929500	1.5339367663091987	19.502
chr5	7968941	0.36350418029808723	19.5625
chr5	7985447	0.6384608836298872	19.5685
chr5	7997194	1.085586216556899	19.576
chr5	8011472	1.3649806627739958	19.5915
chr5	8024659	0.20024028834593657	19.6095
chr5	8052126	0.0	19.615
chr5	8063834	0.8321198252551145	19.615
chr5	8073448	0.5415106600240831	19.623
chr5	8105765	0.5683470353432455	19.6405
chr5	8143594	0.45882083046585637	19.662
chr5	8152312	0.21905805038323017	19.666
chr5	8161442	2.7127638509366054	19.668
chr5	8186693	5.422153369480966	19.7365
chr5	8195730	0.0	19.7855
chr5	8201858	0.23116042533519138	19.7855
chr5	8208347	0.3214056138847347	19.787
chr5	8245683	0.0	19.799
chr5	8255050	0.0	19.799
chr5	8283860	9.338903907594066	19.799
chr5	8296067	0.0	19.913
chr5	8309579	0.0	19.913
chr5	8320653	1.1540414531689323	19.913
chr5	8342316	4.42516268980494	19.938
chr5	8353841	1.0774942391397018	19.989
chr5	8400709	7.320722453777945	20.0395
chr5	8410066	0.11491391032884966	20.108
chr5	8462279	0.0	20.114
chr5	8477444	0.140311491511077	20.114
chr5	8491698	8.438159231189978	20.116
chr5	8504497	1.38668779714725	20.224
chr5	8517117	0.1578656563266591	20.2415
chr5	8529786	0.33494341219191115	20.2435
chr5	8558149	4.319260250638639	20.253
chr5	8566368	10.630008904719508	20.2885
chr5	8593320	17.77539341917024	20.575
chr5	8607300	0.1737720111214153	20.8235
chr5	8641828	0.0	20.8295
chr5	8654035	0.14199503017386522	20.8295
chr5	8668120	0.0	20.8315
chr5	8681384	4.423106003326948	20.8315
chr5	8694610	0.0	20.89
chr5	8713165	1.390732663252953	20.89
chr5	8728984	3.4697508896797205	20.912
chr5	8757084	2.998022580850966	21.0095
chr5	8772761	7.1761750986724016	21.0565
chr5	8845223	0.0	21.5765
chr5	8854689	0.0	21.5765
chr5	8869293	0.49156576632511517	21.5765
chr5	8888619	1.8681007642231109	21.586
chr5	8906284	0.0	21.619
chr5	8918197	0.055282215711175066	21.619
chr5	8954375	0.3490401396161724	21.621
chr5	8977295	7.915364516624763	21.629
chr5	8996814	0.07603406326029849	21.7835
chr5	9023118	0.3539353183206951	21.7855
chr5	9045721	0.0	21.7935
chr5	9054916	3.7272123403940913	21.7935
chr5	9082014	1.824177868072588	21.8945
chr5	9221803	4.203794193733735	22.1495
chr5	9235719	5.786230913474446	22.208
chr5	9254384	0.0	22.316
chr5	9259250	0.18390804597723626	22.316
chr5	9270125	0.5888089498960389	22.318
chr5	9378819	0.26080719827852794	22.382
chr5	9394156	0.21455774285252155	22.386
chr5	9431442	0.0	22.394
chr5	9448697	0.0	22.394
chr5	9477242	0.0	22.394
chr5	9491167	0.0	22.394
chr5	9503105	0.6805807622504795	22.394
chr5	9511921	0.5756223917112298	22.4
chr5	9518870	0.9666639047697998	22.404
chr5	9555077	0.8820675663757223	22.439
chr5	9566414	3.465722236276078	22.449
chr5	9586179	0.9476720230738871	22.5175
chr5	9598314	0.0	22.529
chr5	9647293	1.3780612646666546	22.529
chr5	9659992	4.103680750387294	22.5465
chr5	9683873	10.616534988713386	22.6445
chr5	9698049	2.3236881578441118	22.795
chr5	9854051	0.0	23.1575
chr5	9863426	0.40563837339025816	23.1575
chr5	9883148	12.469151837901038	23.1655
chr5	9890847	0.3804565478573959	23.2615
chr5	9915817	4.461682024962053	23.271
chr5	9932963	1.704568242890965	23.3475
chr5	9957896	96.59752971335361	23.39
chr5	9962187	0.0	23.8045
chr5	9966611	0.10336451496195626	23.8045
chr5	9985960	0.0	23.8065
chr5	9995639	1.0657281649647878	23.8065
chr5	10015813	2.1296075153251994	23.828
chr5	10066057	2.1912244134466556	23.935
chr5	10084768	1.0904820489878504	23.976
chr5	10102650	3.6344433399601557	23.9955
chr5	10118746	3.4488333243519995	24.054
chr5	10137303	2.5903316284442104	24.118
chr5	10167608	0.0	24.1965
chr5	10169851	0.69078663327857	24.1965
chr5	10181432	2.964397437807211	24.2045
chr5	10214997	5.567650522859572	24.304
chr5	10243016	1.5135967162646868	24.46
chr5	10262506	6.164838291549438	24.4895
chr5	10294137	0.09495323553153244	24.6845
chr5	10336263	0.0	24.6885
chr5	10353713	0.6954102920719373	24.6885
chr5	10359465	3.852962615849483	24.6925
chr5	10369068	7.600596125186048	24.7295
chr5	10382488	1.0227660138642003	24.8315
chr5	10408887	1.6560556434696834	24.8585
chr5	10436060	12.465483234713822	24.9035
chr5	10448735	12.462345738995365	25.0615
chr5	10469317	6.548536209553087	25.318
chr5	10495277	5.635738831615101	25.488
chr5	10546202	19.938650306748496	25.775
chr5	10551092	1.2562313060818024	25.8725
chr5	10576167	24.301336573511563	25.904
chr5	10589335	0.6935614379840744	26.224
chr5	10597986	49.42602040816363	26.23
chr5	10599554	11.903820295815661	26.3075
chr5	10612197	4.677066986676545	26.458
chr5	10644696	0.3539321865931041	26.61
chr5	10672950	4.569818581638111	26.62
chr5	10687502	3.0656645569621417	26.6865
chr5	10702670	1.0422312085712504	26.733
chr5	10726657	5.251944178118697	26.758
chr5	10773592	29.831212203267505	27.0045
chr5	10784671	0.789724639408709	27.335
chr5	10818227	24.405458089668524	27.3615
chr5	10831052	50.030606959551726	27.6745
chr5	10852289	0.43761935073212865	28.737
chr5	10864857	0.26595744680859945	28.7425
chr5	10879897	4.536095740573872	28.7465
chr5	10895439	0.7561941194786469	28.817
chr5	10917920	4.383561643835646	28.834
chr5	10952595	5.775577557755825	28.986
chr5	10966533	0.709351097952015	29.0665
chr5	10982745	23.76268378546281	29.078
chr5	11002061	2.9470221369336755	29.537
chr5	11016652	0.8508794999923154	29.58
chr5	11081291	0.17475534252041885	29.635
chr5	11101319	3.2506783440345663	29.6385
chr5	11138542	0.8286111408104033	29.7595
chr5	11157248	0.0	29.775
chr5	11206658	2.064108790675163	29.775
chr5	11219012	3.363103544515764	29.8005
chr5	11254842	7.6314301865463605	29.921
chr5	11256611	0.4609356994696685	29.9345
chr5	11260950	29.42069698580236	29.9365
chr5	11274121	8.593147515698954	30.324
chr5	11292275	3.3583989347119063	30.48
chr5	11343341	1.1654451519884814	30.6515
chr5	11384956	10.250000000000092	30.7
chr5	11392956	16.726596905175608	30.782
chr5	11417707	1.8572933414647714	31.196
chr5	11435744	1.2660722203064088	31.2295
chr5	11537239	6.838615614260394	31.358
chr5	11566046	49.290220820189276	31.555
chr5	11569850	2.6082794927016453	31.7425
chr5	11590745	45.79423498342424	31.797
chr5	11608542	1.6004168527613576	32.612
chr5	11621976	8.644674085850884	32.6335
chr5	11637072	0.1172882946281311	32.764
chr5	11671176	2.041997073137606	32.768
chr5	11700559	0.1514348451575179	32.828
chr5	11713766	5.021194993944238	32.83
chr5	11733582	5.228791773778973	32.9295
chr5	11830832	12.052683896619557	33.438
chr5	11834856	0.48269537095129655	33.4865
chr5	11855573	35.64674397859063	33.4965
chr5	11883598	102.42555235350615	34.4955
chr5	11908582	18.875483544702863	37.0545
chr5	12060843	0.09849305623965549	39.9285
chr5	12081149	0.0	39.9305
chr5	12113070	0.7537688442211341	39.9305
chr5	12138940	0.18603167853701477	39.95
chr5	12157754	11.60541586073545	39.9535
chr5	12158271	0.5435354350037856	39.9595
chr5	12186788	0.41082524521109054	39.975
chr5	12206261	0.03360497353612441	39.983
chr5	12265776	3.4626038781164747	39.985
chr5	12267942	1.3497214404685844	39.9925
chr5	12285353	0.4592922065365852	40.016
chr5	12306037	1.3849187883622505	40.0255
chr5	12351166	0.2844950213371374	40.088
chr5	12372256	5.364563656970001	40.094
chr5	12398726	0.18749414080819568	40.236
chr5	12452061	0.0	40.246
chr5	12473395	0.6691554553775884	40.246
chr5	12487592	0.6019530030766715	40.2555
chr5	12510019	0.5587872883056062	40.269
chr5	12544916	2.0576527374473437	40.2885
chr5	12596917	0.0	40.3955
chr5	12616821	3.5178324164515247	40.3955
chr5	12643542	0.0	40.4895
chr5	12666458	0.0	40.4895
chr5	12690810	1.9890226093961998	40.4895
chr5	12750387	1.1154923731453348	40.608
chr5	12769661	1.17492759167185	40.6295
chr5	12787960	5.376874506708497	40.651
chr5	12798096	10.990688444512704	40.7055
chr5	12804647	0.7070200246314761	40.7775
chr5	12826570	3.8912835249043622	40.793
chr5	12851626	14.90970180596345	40.8905
chr5	12863531	0.6678539626002034	41.068
chr5	12885991	1.5737115236900383	41.083
chr5	12939368	1.9151623813209342	41.167
chr5	12963909	0.0	41.214
chr5	13003249	1.2145991395164102	41.214
chr5	13120160	0.1266555692261488	41.356
chr5	13147794	0.1947356463600736	41.3595
chr5	13178605	0.14279084710687495	41.3655
chr5	13206618	0.11408362329561	41.3695
chr5	13224149	1.5285177744782819	41.3715
chr5	13247047	0.1011992106459211	41.4065
chr5	13266810	0.0	41.4085
chr5	13310593	0.11514767689575936	41.4085
chr5	13327962	0.0	41.4105
chr5	13377210	0.0	41.4105
chr5	13400849	0.0	41.4105
chr5	13450807	0.0	41.4105
chr5	13468400	0.0	41.4105
chr5	13513189	0.0	41.4105
chr5	13567207	1.2663998784255397	41.4105
chr5	13586948	0.9602934829520786	41.4355
chr5	13633288	0.096116878123916	41.48
chr5	13654096	0.09290874038970068	41.482
chr5	13697149	0.5571030640670385	41.486
chr5	13725869	1.880222841225698	41.502
chr5	13733049	0.0	41.5155
chr5	13735213	0.21475954884587442	41.5155
chr5	13798074	0.0	41.529
chr5	13814578	0.08265829062635721	41.529
chr5	13838774	0.2829854969933736	41.531
chr5	13867044	5.937935663758042	41.539
chr5	13886411	0.10824268008850672	41.654
chr5	13904888	0.0	41.656
chr5	13913760	2.108910145364333	41.656
chr5	13940314	0.5384422739793658	41.712
chr5	13980244	1.119449396741201	41.7335
chr5	14004363	1.9161564705331038	41.7605
chr5	14025760	3.4314419131176037	41.8015
chr5	14039894	6.272977941176382	41.85
chr5	14061654	0.17073587160652992	41.9865
chr5	14085082	0.0	41.9905
chr5	14096246	0.9821373764658611	41.9905
chr5	14112537	0.6319695023749579	42.0065
chr5	14161590	0.08572653236156617	42.0375
chr5	14184920	2.019487008661068	42.0395
chr5	14208936	6.981740064446841	42.088
chr5	14236866	1.7443243386102332	42.283
chr5	14274703	0.7624973312595139	42.349
chr5	14307490	6.539480084310388	42.374
chr5	14325993	0.0	42.495
chr5	14326690	3.6975771139437827	42.495
chr5	14347244	7.258100759516595	42.571
chr5	14369495	12.259920054596863	42.7325
chr5	14390009	0.08630734043910321	42.984
chr5	14413182	3.4468054864618156	42.986
chr5	14427253	0.0	43.0345
chr5	14433202	3.594060342381562	43.0345
chr5	14454348	1.4390896921014777	43.1105
chr5	14469288	17.99736623908695	43.132
chr5	14489791	3.3438237608182706	43.501
chr5	14533005	0.6330894766460566	43.6455
chr5	14575653	0.2794353602913872	43.6725
chr5	14631122	0.9026847591867597	43.688
chr5	14648293	0.27230643550876954	43.7035
chr5	14692361	2.0813220806992216	43.7155
chr5	14788694	0.6656758932442624	43.916
chr5	14820992	0.41705765822138835	43.9375
chr5	14840174	1.3674011564306978	43.9455
chr5	14891366	2.317684471514001	44.0155
chr5	14909919	0.5120731082836933	44.0585
chr5	14935306	0.5821568912822226	44.0715
chr5	14976532	3.1472199557059124	44.0955
chr5	14993690	0.43471091723998084	44.1495
chr5	15060401	0.7851758793970823	44.1785
chr5	15095425	0.8923322415385251	44.206
chr5	15143053	0.10862480990661894	44.2485
chr5	15216701	0.723629279153806	44.2565
chr5	15270596	1.8726591760300335	44.2955
chr5	15319457	0.0	44.387
chr5	15334876	0.1072213584945527	44.387
chr5	15372182	0.640436153441958	44.391
chr5	15402630	0.3121988299331248	44.4105
chr5	15476301	0.7104355082433342	44.4335
chr5	15520640	0.6834062811947987	44.465
chr5	15585755	0.4230605213459417	44.5095
chr5	15733488	1.2768465165006015	44.572
chr5	15764032	9.368475991649502	44.611
chr5	15783192	1.1503795066412976	44.7905
chr5	15825352	10.621818986501316	44.839
chr5	15838909	16.288364376743917	44.983
chr5	15852170	0.20596261778512376	45.199
chr5	15871591	0.43156929384450377	45.203
chr5	15890128	1.2249342164958272	45.211
chr5	15923191	6.283775292195491	45.2515
chr5	15947062	3.214423820572377	45.4015
chr5	15988438	27.352297592997484	45.5345
chr5	15997121	0.025816778324264468	45.772
chr5	16074590	4.325403427050177	45.774
chr5	16092623	0.7096293088933597	45.852
chr5	16134194	6.475024903941846	45.8815
chr5	16155275	0.022436616558250442	46.018
chr5	16244415	0.0	46.02
chr5	16292819	0.0	46.02
chr5	16314193	0.0	46.02
chr5	16328791	0.0360170000240127	46.02
chr5	16370438	3.622641509433742	46.0215
chr5	16390313	0.0	46.0935
chr5	16450825	0.0	46.0935
chr5	16485462	0.0	46.0935
chr5	16565840	3.300095809233212	46.0935
chr5	16650383	0.7602798224697066	46.3725
chr5	16852940	2.673603584073924	46.5265
chr5	16866779	0.911044664548717	46.5635
chr5	16888183	0.0	46.583
chr5	16910716	4.089487611258844	46.583
chr5	16914873	3.915209997627294	46.6
chr5	16927516	0.0331023524738504	46.6495
chr5	16972830	0.3028274521053082	46.651
chr5	17004201	0.7524454477050699	46.6605
chr5	17020149	0.07449205728435077	46.6725
chr5	17073846	0.7904533632517189	46.6765
chr5	17093455	2.1958456973293194	46.692
chr5	17110305	0.5862077051140427	46.729
chr5	17152952	0.6161429451640308	46.754
chr5	17156198	1.2307692307696418	46.756
chr5	17162698	1.422879908935581	46.764
chr5	17192567	0.7781236104934769	46.8065
chr5	17215057	1.3770516208269394	46.824
chr5	17241926	6.305522768217772	46.861
chr5	17258023	4.256605880163913	46.9625
chr5	17279519	0.0	47.054
chr5	17293406	15.83690611602042	47.054
chr5	17316264	0.0	47.416
chr5	17342047	0.47786720321945314	47.416
chr5	17361927	2.372142985021275	47.4255
chr5	17395441	1.2356509098200286	47.505
chr5	17594931	1.723999141354547	47.7515
chr5	17669467	0.9472529663973652	47.88
chr5	17689525	1.9271463119710526	47.899
chr5	17702757	0.6209251785160124	47.9245
chr5	17712420	1.5445627217699451	47.9305
chr5	17736375	2.6139410187666647	47.9675
chr5	17773675	6.764084708031537	48.065
chr5	17791194	1.397034762252336	48.1835
chr5	17870648	5.145431245388539	48.2945
chr5	17896399	2.9191774719219117	48.427
chr5	17939048	0.0	48.5515
chr5	17963115	3.834244080145779	48.5515
chr5	18018015	2.179998513637401	48.762
chr5	18058382	1.9259870683725488	48.85
chr5	18094727	9.39437291368601	48.92
chr5	18115697	10.77116512992477	49.117
chr5	18139557	1.3959528189588861	49.374
chr5	18185762	0.0	49.4385
chr5	18207424	0.2718868950518528	49.4385
chr5	18220297	2.46141318429129	49.442
chr5	18247314	0.33174404789463163	49.5085
chr5	18312123	11.732740521180544	49.53
chr5	18320220	0.5558689808515594	49.625
chr5	18440752	0.0	49.692
chr5	18448980	3.2412409322425337	49.692
chr5	18481375	0.3619865823640274	49.797
chr5	18502094	0.16234425098441044	49.8045
chr5	18526733	0.0	49.8085
chr5	18557151	0.2910796560269838	49.8085
chr5	18617272	0.0	49.826
chr5	18652891	0.0	49.826
chr5	18680097	1.8274543136422283	49.826
chr5	18715392	0.07061024907761448	49.8905
chr5	18772041	0.4413801500691957	49.8945
chr5	18837744	1.538320945534286	49.9235
chr5	18870572	1.170419440109602	49.974
chr5	18933370	1.8839128153767284	50.0475
chr5	18954337	0.17708022666260853	50.087
chr5	19007985	1.0920902794631437	50.0965
chr5	19061552	3.947840650795699	50.155
chr5	19069911	8.774360395307921	50.188
chr5	19080738	0.9657796869143059	50.283
chr5	19115425	0.09289980092906439	50.3165
chr5	19153100	1.9944156362181913	50.32
chr5	19158114	0.25559012107666673	50.33
chr5	19226583	1.4830275733275307	50.3475
chr5	19235686	0.4065867046149671	50.361
chr5	19260281	7.576466186511974	50.371
chr5	19281663	0.0	50.533
chr5	19286866	1.9099406794893437	50.533
chr5	19309118	1.779873003655909	50.5755
chr5	19329906	2.256812621277299	50.6125
chr5	19377318	0.9976306272605902	50.7195
chr5	19385337	0.749625187407213	50.7275
chr5	19388005	0.7728603970058268	50.7295
chr5	19400297	23.109741644940435	50.739
chr5	19404516	6.875019710492176	50.8365
chr5	19436225	0.1508913366817152	51.0545
chr5	19529007	0.32404406999346463	51.0685
chr5	19564496	0.9449686979119175	51.08
chr5	19640689	0.1605394124257566	51.152
chr5	19678063	0.0	51.158
chr5	19685764	3.2941971450292655	51.158
chr5	19697603	5.689313984168788	51.197
chr5	19721859	6.887476551782126	51.335
chr5	19757576	7.979040133380869	51.581
chr5	19816355	1.2003017901644297	52.05
chr5	19903833	0.05636501986863827	52.155
chr5	19974799	0.0	52.159
chr5	20040763	0.0	52.159
chr5	20066737	0.6875147324584856	52.159
chr5	20092191	0.22342973581673117	52.1765
chr5	20204083	0.892017922487957	52.2015
chr5	20423249	0.0	52.397
chr5	20430577	0.3657783840215948	52.397
chr5	20561804	0.2680692393777513	52.445
chr5	21181047	0.0	52.611
chr5	21209880	0.34933277440107297	52.611
chr5	21238506	0.10058338362498563	52.621
chr5	21293187	0.48853659207881234	52.6265
chr5	21365853	1.2160152494885608	52.662
chr5	21487562	1.483459427384667	52.81
chr5	21534749	1.1491353457215834	52.88
chr5	21606107	0.0	52.962
chr5	21635544	0.0	52.962
chr5	21678112	0.0	52.962
chr5	21727700	0.11151379983246941	52.962
chr5	21745635	0.0	52.964
chr5	21768539	0.012367054167697723	52.964
chr5	21889829	0.07397452810415893	52.9655
chr5	21970938	0.0	52.9715
chr5	22011657	0.13789553034621493	52.9715
chr5	22066046	0.0	52.979
chr5	22112683	1.9288073185545154	52.979
chr5	22323435	0.0	53.3855
chr5	22338938	0.0	53.3855
chr5	22437696	0.0	53.3855
chr5	22463279	0.0	53.3855
chr5	22495559	0.0	53.3855
chr5	22520972	0.0	53.3855
chr5	22604759	0.0	53.3855
chr5	22719112	0.0	53.3855
chr5	22747576	0.11391954432186076	53.3855
chr5	22817801	0.13478983376562415	53.3935
chr5	23337128	0.2869046728038836	53.4635
chr5	23377211	0.08463459015679992	53.475
chr5	23400842	0.0	53.477
chr5	23422738	0.29195659578610417	53.477
chr5	23443289	0.0	53.483
chr5	23482502	0.0	53.483
chr5	23500279	0.0478377344049004	53.483
chr5	23531635	0.060844830471165456	53.4845
chr5	23597376	0.0	53.4885
chr5	23651962	0.0	53.4885
chr5	23657820	0.03356662135164961	53.4885
chr5	23717403	0.1303929718188625	53.4905
chr5	23778756	0.7083639416518266	53.4985
chr5	23816872	0.9077220907722028	53.5255
chr5	23933097	0.02964060763249269	53.631
chr5	24000572	0.3317132267043012	53.633
chr5	24069909	0.49918881817063965	53.656
chr5	24085935	2.835211949380874	53.664
chr5	24100396	0.3801317790167402	53.705
chr5	24135910	2.452725690323788	53.7185
chr5	24161188	0.5671978780770995	53.7805
chr5	24343664	0.2314302388762164	53.884
chr5	24393355	0.0647747054775039	53.8955
chr5	24640365	0.11386186928665543	53.9115
chr5	24671104	0.3685779301944831	53.915
chr5	24702305	0.7585647249762134	53.9265
chr5	24787334	0.0	53.991
chr5	24799525	1.7917254859377376	53.991
chr5	24817943	0.1381732603540748	54.024
chr5	25042299	0.4292561944053772	54.055
chr5	25084232	0.0	54.073
chr5	25138272	0.3874513688616687	54.073
chr5	25263449	0.011470060275180764	54.1215
chr5	25437816	0.06425608972484187	54.1235
chr5	25523411	0.0	54.129
chr5	25617017	0.08964991707393628	54.129
chr5	25639326	0.0	54.131
chr5	25651776	0.1963672066765506	54.131
chr5	25692516	0.0	54.139
chr5	25721043	0.18322568824138993	54.139
chr5	25742874	0.5769103975736235	54.143
chr5	25773208	0.26644424364583924	54.1605
chr5	25816369	1.0351966873709197	54.172
chr5	25833274	4.329361316125711	54.1895
chr5	25857527	0.5237125400058389	54.2945
chr5	25995007	0.3533251104943507	54.3665
chr5	26072839	0.0	54.394
chr5	26154094	0.0	54.394
chr5	26189003	0.4184660707709581	54.394
chr5	26248745	0.11834319526627668	54.419
chr5	26350145	0.6476976607570419	54.431
chr5	26416534	1.3528256600481066	54.474
chr5	26462364	0.8631628648153438	54.536
chr5	26530138	0.13271450455780928	54.5945
chr5	26793862	0.30657748049040356	54.6295
chr5	26811802	1.3296035364001055	54.635
chr5	26898670	0.0	54.7505
chr5	26928547	0.0	54.7505
chr5	26938485	0.17325278334359895	54.7505
chr5	27071239	0.02542459066412138	54.7735
chr5	27149903	0.0	54.7755
chr5	27233651	0.1901502186727587	54.7755
chr5	27265205	0.6624899090940835	54.7815
chr5	27379169	1.5387814514451668	54.857
chr5	27403214	6.453863596720881	54.894
chr5	27426146	0.9657947686117067	55.042
chr5	27438571	0.4000000000000152	55.054
chr5	27468571	1.6586593456872776	55.066
chr5	27486055	0.0	55.095
chr5	27486105	1.2006861063463667	55.095
chr5	27500680	0.8765674214062475	55.1125
chr5	27534334	1.3082441183523792	55.142
chr5	27580197	0.25611473940356566	55.202
chr5	27595815	0.37397157815987714	55.206
chr5	27631914	0.32751700301044745	55.2195
chr5	27703666	0.08930564858227621	55.243
chr5	27770851	0.0	55.249
chr5	27832268	0.0	55.249
chr5	27908860	0.0	55.249
chr5	27965800	0.17887487702310517	55.249
chr5	27976981	0.10395992817316686	55.251
chr5	28082791	0.5155303518496374	55.262
chr5	28098309	0.0	55.27
chr5	28153438	0.6388551715324865	55.27
chr5	28169091	10.452008317828357	55.28
chr5	28187365	0.24726943891039518	55.471
chr5	28258138	0.14139014793447816	55.4885
chr5	28381909	0.1818677821224039	55.506
chr5	28447891	0.0	55.518
chr5	28453821	0.3001855692608798	55.518
chr5	28472143	3.5197988686362116	55.5235
chr5	28496008	1.4873424125300136	55.6075
chr5	28545425	0.3957949203101094	55.681
chr5	28649014	3.611432985708722	55.722
chr5	28674904	5.31500445235982	55.8155
chr5	28710840	0.839025399923082	56.0065
chr5	28846116	0.041372418599783044	56.12
chr5	29160335	0.16419483435411159	56.133
chr5	29291277	2.223575191254022	56.1545
chr5	29329054	10.067615525421223	56.2385
chr5	29355823	0.1344072124977836	56.508
chr5	29452544	0.12666725778051113	56.521
chr5	29531491	0.3005960756222789	56.531
chr5	29609669	0.07619279825674775	56.5545
chr5	29740915	0.0	56.5645
chr5	29807655	0.0	56.5645
chr5	29828443	0.17559879188031852	56.5645
chr5	29871154	0.1357821768026245	56.572
chr5	29941119	0.0	56.5815
chr5	30023263	0.03539697709819908	56.5815
chr5	30079765	0.24156286783433448	56.5835
chr5	30193607	0.5887498317858006	56.611
chr5	30342227	1.7375793827748918	56.6985
chr5	30407260	0.16232916164838299	56.8115
chr5	30502745	0.3072039322103439	56.827
chr5	30522276	0.7422707028979583	56.833
chr5	30537769	0.044553352639840595	56.8445
chr5	30582659	0.14673514306694382	56.8465
chr5	30596289	0.07977662544855758	56.8485
chr5	30621359	0.20798092121683492	56.8505
chr5	30657420	1.8199419167474984	56.858
chr5	30683245	0.3897333110628732	56.905
chr5	30737128	0.0	56.926
chr5	30746164	6.99869791666539	56.926
chr5	30749236	0.058225858103654965	56.9475
chr5	30783585	0.5001875703390442	56.9495
chr5	30799579	0.09469248615100322	56.9575
chr5	30820700	0.06783089142130316	56.9595
chr5	30901784	0.8097728008883576	56.965
chr5	30923395	0.19598974822856163	56.9825
chr5	31022890	0.0	57.002
chr5	31063326	0.5932016333736916	57.002
chr5	31099570	0.0	57.0235
chr5	31110521	0.5016668284947715	57.0235
chr5	31141418	2.898550724636075	57.039
chr5	31144178	0.24684044233819893	57.047
chr5	31184690	9.585600669736259	57.057
chr5	31196635	1.2982516877271486	57.1715
chr5	31271736	0.4040290149209453	57.269
chr5	31324950	0.0	57.2905
chr5	31409844	0.0	57.2905
chr5	31476338	0.2702946211370496	57.2905
chr5	31554031	0.2971411230669835	57.3115
chr5	31633118	0.9706045479753046	57.335
chr5	31647542	0.02272753099469817	57.349
chr5	31735541	0.0	57.351
chr5	31752996	1.4781491002572777	57.351
chr5	31768556	1.3540025974743566	57.374
chr5	31804745	0.7036758353537824	57.423
chr5	31876511	0.6305170239596708	57.4735
chr5	31897922	0.5610303444237519	57.487
chr5	31918420	0.5577867023649047	57.4985
chr5	31936348	0.6560093912925269	57.5085
chr5	31965311	0.46620046619937966	57.5275
chr5	31969601	0.11021105416886781	57.5295
chr5	31987748	1.5588618335371072	57.5315
chr5	32013087	2.4670485128700688	57.571
chr5	32042069	0.07442875927258574	57.6425
chr5	32122683	1.7415957877682973	57.6485
chr5	32147373	0.13492584944627808	57.6915
chr5	32232605	0.0	57.703
chr5	32241025	0.780096985030551	57.703
chr5	32288455	0.026880997822576528	57.74
chr5	32362857	2.1964406397838183	57.742
chr5	32433881	0.5270446231112965	57.898
chr5	32482264	0.11729930089620286	57.9235
chr5	32631455	0.7142857142853852	57.941
chr5	32644755	0.05388124573440342	57.9505
chr5	32672594	2.5847854182450125	57.952
chr5	32739911	0.0719702421988252	58.126
chr5	32871910	0.19670637604738264	58.1355
chr5	33161682	0.1287373684120059	58.1925
chr5	33569489	0.9043417182492782	58.245
chr5	33683384	0.10002645861165183	58.348
chr5	33838343	0.0	58.3635
chr5	33842148	0.1363651859679468	58.3635
chr5	33871481	0.0	58.3675
chr5	33897912	0.7777101508080115	58.3675
chr5	33912699	0.6478182407108832	58.379
chr5	33934310	0.04155585106383136	58.393
chr5	33970406	0.8701957940536951	58.3945
chr5	33991091	0.0	58.4125
chr5	34022699	0.26980304377805225	58.4125
chr5	34122772	0.8607037113543544	58.4395
chr5	34151818	0.6739791198625866	58.4645
chr5	34189653	0.30255740628668504	58.49
chr5	34221052	1.5982122652183688	58.4995
chr5	34256404	0.6940063091482913	58.556
chr5	34303954	0.161847360550454	58.589
chr5	34677763	0.02864344637940162	58.6495
chr5	34747587	0.5502063273727856	58.6515
chr5	34769397	0.5318053935360927	58.6635
chr5	34798543	0.5729321393710696	58.679
chr5	34822106	0.5233681649011873	58.6925
chr5	34933882	0.49922180130981153	58.751
chr5	34967935	0.4457991208425827	58.768
chr5	35016163	0.19946145407424395	58.7895
chr5	35036217	1.3160401045905645	58.7935
chr5	35093966	11.269928532160304	58.8695
chr5	35115794	0.20956452491724414	59.1155
chr5	35282807	0.0	59.1505
chr5	35398660	0.26825274959064965	59.1505
chr5	35506767	0.1214048499279635	59.1795
chr5	35634439	0.13138014845954163	59.195
chr5	35710554	0.060966316110423545	59.205
chr5	35776164	0.0	59.209
chr5	35929671	0.054847414492882884	59.209
chr5	36066414	0.3569461725171496	59.2165
chr5	36115441	0.05614192679079662	59.234
chr5	36151065	0.37835383650801896	59.236
chr5	36197318	0.6964846520108475	59.2535
chr5	36236802	0.40514580696850166	59.281
chr5	36346639	1.0416666666668208	59.3255
chr5	36367279	0.0	59.347
chr5	36385238	0.07861179838966316	59.347
chr5	36506085	1.419632016437854	59.3565
chr5	36613155	0.16825907939189827	59.5085
chr5	36764707	0.0	59.534
chr5	36929813	7.715664254221677	59.534
chr5	36953855	0.0	59.7195
chr5	37006434	0.11562119413569742	59.7195
chr5	37071301	0.0	59.727
chr5	37128089	0.2926792424328365	59.727
chr5	37286966	0.0	59.7735
chr5	37397148	0.15794045644811214	59.7735
chr5	37422474	0.10415056812452277	59.7775
chr5	37571297	0.0	59.793
chr5	37783193	0.0	59.793
chr5	37876818	0.0	59.793
chr5	37889694	0.0	59.793
chr5	37947709	0.0	59.793
chr5	37968620	0.0	59.793
chr5	37981588	0.0	59.793
chr5	37997337	0.1586923748315833	59.793
chr5	38009940	0.0	59.795
chr5	38033696	0.32975215402607916	59.795
chr5	38080701	0.0	59.8105
chr5	38185707	0.05639402505306446	59.8105
chr5	38327566	0.11989731147913091	59.8185
chr5	38469354	0.10764428178194185	59.8355
chr5	38599412	0.0	59.8495
chr5	38741540	0.0	59.8495
chr5	38772760	0.14935032608155094	59.8495
chr5	38853108	0.0	59.8615
chr5	38864889	0.12025640757508776	59.8615
chr5	38960518	0.042540821463264065	59.873
chr5	39101559	0.07210827181338246	59.879
chr5	39503732	0.30201052722369454	59.908
chr5	39515321	0.17299541562152185	59.9115
chr5	39596248	0.093905815496295	59.9255
chr5	39761307	0.0	59.941
chr5	40434313	0.005407115222909241	59.941
chr5	40804196	0.08913450396648881	59.943
chr5	40871510	0.03668403044110843	59.949
chr5	41021439	0.0	59.9545
chr5	41078365	0.0	59.9545
chr5	41296835	0.0	59.9545
chr5	41461123	0.09116739853828616	59.9545
chr5	41526936	0.0	59.9605
chr5	41567246	0.0	59.9605
chr5	41602115	0.0	59.9605
chr5	41616881	0.5210186550093633	59.9605
chr5	41695573	0.09030084882799234	60.0015
chr5	41933666	0.09255775902734246	60.023
chr5	42101129	0.16775794054252538	60.0385
chr5	42297841	0.0236735113993064	60.0715
chr5	42783616	1.046650717703566	60.083
chr5	42796992	0.0	60.097
chr5	42806240	0.912058371735371	60.097
chr5	42816656	0.05818963382626712	60.1065
chr5	43220508	0.0	60.13
chr5	43276919	2.190645352279398	60.13
chr5	43293809	0.04374979492281205	60.167
chr5	43385238	0.034479588083855664	60.171
chr5	43428742	0.0	60.1725
chr5	43556786	0.055713927553324986	60.1725
chr5	43664479	0.0	60.1785
chr5	43688400	0.0	60.1785
chr5	43752802	0.0909148404642038	60.1785
chr5	43879294	0.07977980773069002	60.19
chr5	43979570	0.05139010226630546	60.198
chr5	44096324	0.25443674066543703	60.204
chr5	44127766	0.182465103548521	60.212
chr5	44138727	0.07839623698060139	60.214
chr5	44228017	0.06550289850326126	60.221
chr5	44319616	0.0	60.227
chr5	44464359	0.026907398189164985	60.227
chr5	44613017	0.0	60.231
chr5	44768117	0.05039440250802662	60.231
chr5	44956630	0.1953291907268119	60.2405
chr5	45038543	0.11174682639012662	60.2565
chr5	45329379	0.0	60.289
chr5	45351923	0.0	60.289
chr5	45378203	0.0	60.289
chr5	45398628	0.0	60.289
chr5	45453944	0.0	60.289
chr5	45548358	0.09226794611552297	60.289
chr5	45613386	0.026853567496379318	60.295
chr5	45687864	0.4810254943512804	60.297
chr5	45764783	0.10242003921223361	60.334
chr5	45935648	0.1561463090915323	60.3515
chr5	45961265	0.09874227033168358	60.3555
chr5	46042284	0.05018190942153654	60.3635
chr5	46082139	0.0	60.3655
chr5	46113896	0.035152679805958535	60.3655
chr5	46156567	0.10248789361769167	60.367
chr5	46195596	0.883379740215686	60.371
chr5	46266347	0.27745089597501377	60.4335
chr5	46370870	0.3519267992257744	60.4625
chr5	46422017	0.07519852410363645	60.4805
chr5	46521753	0.0	60.488
chr5	46621797	0.33126028509754873	60.488
chr5	46715379	0.056913036879650054	60.519
chr5	46820803	0.18382667282274992	60.525
chr5	46937761	0.0	60.5465
chr5	46984419	0.06603057215475383	60.5465
chr5	47014708	0.0	60.5485
chr5	47028838	0.1160564034122001	60.5485
chr5	47046071	0.0	60.5505
chr5	47127879	0.1800645100679245	60.5505
chr5	47191745	1.0025248774692197	60.562
chr5	47205211	0.05022853985634828	60.5755
chr5	47324665	0.2304424495031495	60.5815
chr5	47374569	0.9802534510984315	60.593
chr5	47424046	0.4190876674574697	60.6415
chr5	47564828	0.03438282823323838	60.7005
chr5	47666623	0.11484610621764903	60.704
chr5	47766757	0.17335529167018215	60.7155
chr5	47789831	0.0	60.7195
chr5	47855923	0.30002790957302794	60.7195
chr5	47927583	0.0	60.741
chr5	48085986	0.0	60.741
chr5	48253313	0.33779264214046517	60.741
chr5	48402813	0.019049977616299583	60.7915
chr5	48507800	0.5094654160043119	60.7935
chr5	48817929	0.19645618393363393	60.9515
chr5	48896827	0.5356649156760768	60.967
chr5	48925763	0.14352144210342171	60.9825
chr5	48995439	0.0	60.9925
chr5	49014519	0.03486871927192182	60.9925
chr5	49129235	1.7489955093358087	60.9965
chr5	49150390	0.21477267846075576	61.0335
chr5	49476316	0.0	61.1035
chr5	49606838	0.0	61.1035
chr5	49651466	0.0	61.1035
chr5	49701577	0.0	61.1035
chr5	49814536	0.13021802217430908	61.1035
chr5	49948926	0.34348916291689047	61.121
chr5	50094491	0.0	61.171
chr5	50243917	0.9896790612186728	61.171
chr5	50272209	0.06821179002895471	61.199
chr5	50404151	0.33741986278260194	61.208
chr5	50457497	4.208754208754141	61.226
chr5	50478287	0.145911878638966	61.3135
chr5	50690744	0.5049968105464788	61.3445
chr5	50860052	0.0	61.43
chr5	51419842	0.2981498446910339	61.43
chr5	51604313	0.3525307038690133	61.485
chr5	51797204	0.06195059602996276	61.553
chr5	51950552	0.09276168942225838	61.5625
chr5	52123037	0.03919877699815914	61.5785
chr5	52276103	0.1239804486589495	61.5845
chr5	52542274	0.0	61.6175
chr5	52565887	0.032077078303051634	61.6175
chr5	52737349	0.02096597222707625	61.623
chr5	53023527	0.1084520280529287	61.629
chr5	53148006	0.0310229026579251	61.6425
chr5	53276943	0.6911849803895094	61.6465
chr5	53308049	0.526937141869927	61.668
chr5	53481694	0.21756658177301758	61.7595
chr5	53716105	0.0	61.8105
chr5	53741302	0.0	61.8105
chr5	53752814	0.0	61.8105
chr5	53793721	0.0	61.8105
chr5	53859646	0.17070256297717468	61.8105
chr5	53900653	0.0	61.8175
chr5	53999896	0.0332823004725311	61.8175
chr5	54059988	0.04585578356070333	61.8195
chr5	54190833	0.22336385972757067	61.8255
chr5	54262465	0.9179795909652055	61.8415
chr5	54285886	0.3410827330277038	61.863
chr5	54359182	0.3855832453932615	61.888
chr5	54408458	0.09969890929398333	61.907
chr5	54508760	1.01897496626364	61.917
chr5	54545071	0.09830264106429365	61.954
chr5	54606107	0.4685844674435839	61.96
chr5	54679733	0.32959789057350314	61.9945
chr5	54923970	0.881619748282251	62.075
chr5	54956864	0.04116496861168862	62.104
chr5	55054034	0.07778469197271486	62.108
chr5	55105458	0.027636829945059033	62.112
chr5	55376835	0.04459223585464709	62.1195
chr5	55455324	0.0	62.123
chr5	55570003	0.10066945185486828	62.123
chr5	55649471	0.010416992197685574	62.131
chr5	55841465	0.13127321895057578	62.133
chr5	55917642	0.07911914023867908	62.143
chr5	55993477	0.0	62.149
chr5	56046785	0.0	62.149
chr5	56089295	1.134635629898166	62.149
chr5	56132040	0.11802936168715952	62.1975
chr5	56331143	0.08732289824709955	62.221
chr5	56376950	0.09155832265131564	62.225
chr5	56398794	0.6137848864499048	62.227
chr5	56426491	0.04549694033081836	62.244
chr5	56470450	0.03864696959447525	62.246
chr5	56573951	0.213363279056771	62.25
chr5	56618476	0.07435497062977181	62.2595
chr5	56752966	0.22454879726057966	62.2695
chr5	56788593	0.0	62.2775
chr5	56836990	0.22331781560816527	62.2775
chr5	56895203	0.7663383332652434	62.2905
chr5	56944137	0.21230134659683342	62.328
chr5	56960623	0.038965846435646816	62.3315
chr5	57011950	1.5204895234562141	62.3335
chr5	57038915	0.6065586600924691	62.3745
chr5	57064469	0.11551345731791869	62.39
chr5	57081783	0.13658092419759227	62.392
chr5	57125713	0.0	62.398
chr5	57125937	0.0	62.398
chr5	57149098	0.5533820652732441	62.398
chr5	57187950	0.10698619878048808	62.4195
chr5	57206644	0.9204712812959712	62.4215
chr5	57233804	0.394397629766409	62.4465
chr5	57337760	1.7196597785135264	62.4875
chr5	57407832	8.733104892442519	62.608
chr5	57428844	0.49679297997087657	62.7915
chr5	57530496	1.0760147252417924	62.842
chr5	57657353	2.791563275434349	62.9785
chr5	57689593	7.656719870460399	63.0685
chr5	57711208	8.692493946731105	63.234
chr5	57731858	0.09047726758662947	63.4135
chr5	57753963	1.825669511917687	63.4155
chr5	57837494	1.3774631719916344	63.568
chr5	57889764	0.0689741660396017	63.64
chr5	57969504	1.2280100525475888	63.6455
chr5	57987012	0.4880885255145211	63.667
chr5	58270772	0.8081274532440518	63.8055
chr5	58625914	0.07578915457207337	64.0925
chr5	58678692	0.7341345369510798	64.0965
chr5	58697081	0.5583804590599848	64.11
chr5	58739167	0.4835372436128819	64.1335
chr5	58783631	2.7258298254091415	64.155
chr5	58798122	1.5494332894676546	64.1945
chr5	58821679	8.709656215079693	64.231
chr5	58836892	1.1220438460206934	64.3635
chr5	58854271	0.3247280402662893	64.383
chr5	58872748	7.98454975210467	64.389
chr5	58890094	0.12376237623733533	64.5275
chr5	58906254	1.113585746102588	64.5295
chr5	58930949	0.8919651776791592	64.557
chr5	58958977	4.392386530014807	64.582
chr5	58984248	0.04151358532069948	64.693
chr5	59032425	2.3190045248875015	64.695
chr5	59050105	6.2837406396933995	64.736
chr5	59084559	4.471093858311059	64.9525
chr5	59098985	2.568536697014371	65.017
chr5	59118646	1.412590424790639	65.0675
chr5	59276512	1.5843895930622003	65.2905
chr5	59324480	2.363276121362673	65.3665
chr5	59366371	6.724137931033921	65.4655
chr5	59383771	5.277761022981222	65.5825
chr5	59400350	7.208791208791066	65.67
chr5	59434475	3.98920215956838	65.916
chr5	59467815	7.238869045995822	66.049
chr5	59504492	0.27882336539803093	66.3145
chr5	59526011	9.880239520958458	66.3205
chr5	59536031	0.7584002790071304	66.4195
chr5	60201247	0.0	66.924
chr5	60218808	0.39074848091039405	66.924
chr5	60332692	0.2849611740393729	66.9685
chr5	60346729	3.9837751702163424	66.9725
chr5	60360535	1.75278158817224	67.0275
chr5	60373657	1.800041143797397	67.0505
chr5	60402823	3.27665224654174	67.103
chr5	60426170	0.12207776353508752	67.1795
chr5	60442553	3.819479344657423	67.1815
chr5	60462451	0.0	67.2575
chr5	60476859	0.7720417931957676	67.2575
chr5	60496288	0.0	67.2725
chr5	60515811	2.9783524625897884	67.2725
chr5	60529577	6.0185469508075276	67.3135
chr5	60545860	10.25356796452793	67.4115
chr5	60560294	4.050996698055314	67.5595
chr5	60593002	1.1055215221713748	67.692
chr5	60642300	5.38618980932934	67.7465
chr5	60660866	2.379704829272126	67.8465
chr5	60683768	2.6695141484255935	67.901
chr5	60693133	1.103296097089445	67.926
chr5	60707635	5.8131809726286	67.942
chr5	60722687	0.052423265445082405	68.0295
chr5	60760838	0.8084385586695718	68.0315
chr5	60786814	1.1180679785332335	68.0525
chr5	60811410	0.08518976019062653	68.08
chr5	60834887	2.3862447698747222	68.082
chr5	60850183	0.0	68.1185
chr5	60867431	1.009336361341858	68.1185
chr5	60875357	0.0	68.1265
chr5	60931507	0.029113494104518547	68.1265
chr5	61137597	0.14119058964737258	68.1325
chr5	61194258	0.0	68.1405
chr5	61217387	1.6550334604588137	68.1405
chr5	61231284	0.04332098685197953	68.1635
chr5	61277451	0.0	68.1655
chr5	61298050	0.0	68.1655
chr5	61317321	0.0	68.1655
chr5	61351926	0.16010673782522286	68.1655
chr5	61389401	0.10978153474637994	68.1715
chr5	61407619	0.0	68.1735
chr5	61426480	0.54686645521114	68.1735
chr5	61444766	0.0	68.1835
chr5	61477214	0.0	68.1835
chr5	61491527	0.22140688259125132	68.1835
chr5	61507335	1.0344623751255124	68.187
chr5	61524252	0.0	68.2045
chr5	61540741	0.21174104070747385	68.2045
chr5	61559632	0.0	68.2085
chr5	61589832	0.0	68.2085
chr5	61608521	0.0	68.2085
chr5	61624324	1.61011390065007	68.2085
chr5	61641093	0.3040206734061631	68.2355
chr5	61654250	1.531144123012674	68.2395
chr5	61669598	0.6029781879193618	68.263
chr5	61688670	0.3913237924864656	68.2745
chr5	61724446	0.1680995149129485	68.2885
chr5	61745267	2.123524330549867	68.292
chr5	61759159	0.21554046772307836	68.3215
chr5	61777717	0.5675368898974512	68.3255
chr5	61800623	6.772730176986055	68.3385
chr5	61816274	0.7273902852986617	68.4445
chr5	61828647	8.961136963903803	68.4535
chr5	61844549	2.068014705882431	68.596
chr5	61879365	3.5437563817645206	68.668
chr5	61896014	1.3782716189717554	68.727
chr5	61966392	0.3011745808653864	68.824
chr5	61986314	0.18624575126869597	68.83
chr5	62029268	0.0	68.838
chr5	62044523	0.0	68.838
chr5	62074243	0.23462161931627212	68.838
chr5	62097685	0.6857534716269761	68.8435
chr5	62115184	1.2568482114079043	68.8555
chr5	62130699	0.5054334091471667	68.875
chr5	62134656	0.9813853362038089	68.877
chr5	62150450	0.5829525760202637	68.8925
chr5	62213920	0.32777481869937175	68.9295
chr5	62238327	0.2415604807056518	68.9375
chr5	62254886	0.0	68.9415
chr5	62273891	3.148366784730074	68.9415
chr5	62294219	12.98347062353388	69.0055
chr5	62312550	0.7045713103734155	69.2435
chr5	62389902	3.759628316420243	69.298
chr5	62422618	0.21336259448843514	69.421
chr5	62439022	2.074046557702058	69.4245
chr5	62455174	0.3048431962807441	69.458
chr5	62481417	0.06181233774290856	69.466
chr5	62505684	2.668478801339234	69.4675
chr5	62535851	1.7831669044220801	69.548
chr5	62575107	0.43549265106204554	69.618
chr5	62584292	0.0	69.622
chr5	62601777	1.7170027295935224	69.622
chr5	62613134	0.0	69.6415
chr5	62639174	0.07730663677513624	69.6415
chr5	62665045	3.709854552272611	69.6435
chr5	62702378	1.685182873548934	69.782
chr5	62718400	11.657063593683628	69.809
chr5	62737144	1.2643747365886444	70.0275
chr5	62753753	0.13489815189500465	70.0485
chr5	62783405	6.592984552359765	70.0525
chr5	62806839	6.124628683956121	70.207
chr5	62836800	24.305391205566025	70.3905
chr5	62857927	0.847992783040091	70.904
chr5	62913352	15.586007617880512	70.951
chr5	62936193	1.758641600970256	71.307
chr5	63010398	1.4325570909227532	71.4375
chr5	63436210	0.4023391812866093	72.0475
chr5	63543085	0.0	72.0905
chr5	63560482	0.5532796534350078	72.0905
chr5	63602956	6.829633948278077	72.114
chr5	63626969	0.29947855498653947	72.278
chr5	63712117	0.23153507756371136	72.3035
chr5	63720755	0.8767328587487346	72.3055
chr5	63787480	3.6188776521911756	72.364
chr5	63868168	0.998166632714976	72.656
chr5	63892713	0.5209254781703867	72.6805
chr5	63994455	0.7623438719750195	72.7335
chr5	64076439	0.0	72.796
chr5	64106264	0.737020254408113	72.796
chr5	64124581	0.03089232480183097	72.8095
chr5	64189322	0.0	72.8115
chr5	64231850	13.53739573024211	72.8115
chr5	64245996	0.44989502449430174	73.003
chr5	64306010	1.5072975258261394	73.03
chr5	64333211	5.417463352454134	73.071
chr5	64350470	1.9015499425946207	73.1645
chr5	64378342	9.344950566565556	73.2175
chr5	64400493	4.032076912709566	73.4245
chr5	64445011	14.600115074798833	73.604
chr5	64458915	1.2747161533216513	73.807
chr5	64593847	1.1202509876531348	73.979
chr5	64904938	2.1473191046330853	74.3275
chr5	64920306	6.133228566439801	74.3605
chr5	64943214	0.8904238957394903	74.501
chr5	64980275	1.8756698821001867	74.534
chr5	64987739	11.647972389985682	74.548
chr5	64988898	0.5457621568523231	74.5615
chr5	65007221	3.5711230861346674	74.5715
chr5	65030603	83.93694077545919	74.655
chr5	65032950	16.41750290122174	74.852
chr5	65047599	34.93352369054997	75.0925
chr5	65058806	9.998709843891184	75.484
chr5	65066557	8.49214309595517	75.5615
chr5	65081512	5.175611799198	75.6885
chr5	65131651	0.14683569086193105	75.948
chr5	65172513	3.5752695985816545	75.954
chr5	65206916	29.26324997018028	76.077
chr5	65232067	1.9834287725134396	76.813
chr5	65263326	4.235380775054091	76.875
chr5	65287763	4.4835711480560425	76.9785
chr5	65348875	0.37939465475107825	77.2525
chr5	65384458	8.91572295564026	77.266
chr5	65400441	5.1769995567094895	77.4085
chr5	65495187	4.568580625064576	77.899
chr5	65514449	1.209574738986851	77.987
chr5	65522303	5.896868309322548	77.9965
chr5	65577417	0.15072725902444334	78.3215
chr5	65590686	0.5482523685734266	78.3235
chr5	65671853	4.203426281189769	78.368
chr5	65753691	1.5121660633277392	78.712
chr5	65775514	2.0597708036843083	78.745
chr5	65788865	39.35185185185237	78.7725
chr5	65805929	1.0062460885250353	79.444
chr5	65887420	0.3829097579654701	79.526
chr5	65943569	1.6568920456677887	79.5475
chr5	66023538	5.340777676917025	79.68
chr5	66103957	0.3396656719317273	80.1095
chr5	66145174	4.376083188908106	80.1235
chr5	66156714	1.2858241204695247	80.174
chr5	66194433	1.5909748336710101	80.2225
chr5	66211718	2.857637686179533	80.25
chr5	66223266	3.7695015220699326	80.283
chr5	66307362	0.43344593990744995	80.6
chr5	66419256	0.07191528379577658	80.6485
chr5	66474877	0.973946919890596	80.6525
chr5	66478984	0.16354834489091086	80.6565
chr5	66524842	0.0	80.664
chr5	66527455	0.0	80.664
chr5	66528183	0.43150858786688995	80.664
chr5	66587278	0.33635692895280056	80.6895
chr5	66633360	1.33401092618508	80.705
chr5	66656973	0.9919314841471644	80.7365
chr5	66822307	11.24714366575132	80.9005
chr5	66870008	1.2477540427230984	81.437
chr5	66920098	0.07725288732648379	81.4995
chr5	66945987	0.6901772196991253	81.5015
chr5	66968445	0.7563550264727661	81.517
chr5	66998854	2.226889693043345	81.54
chr5	67038371	0.533313717196542	81.628
chr5	67092748	0.8050449483429797	81.657
chr5	67115107	0.8912842882309365	81.675
chr5	67162791	0.3080384646290967	81.7175
chr5	67200124	0.2243284168020741	81.729
chr5	67235786	0.7910753781825705	81.737
chr5	67297727	0.2939663408543315	81.786
chr5	67311334	0.975769988793128	81.79
chr5	67363088	0.19066450109446234	81.8405
chr5	67433893	2.057532528609299	81.854
chr5	67459409	0.0	81.9065
chr5	67472373	1.0317503989437222	81.9065
chr5	67508719	2.8884491138208386	81.944
chr5	67577441	1.8224866818279422	82.1425
chr5	67609540	4.678539088439569	82.201
chr5	67662548	0.16764916877205313	82.449
chr5	67790792	0.29249422088023497	82.4705
chr5	67896777	0.09332711152634389	82.5015
chr5	67918207	0.0	82.5035
chr5	68109805	0.13795640577564938	82.5035
chr5	68164170	0.10392849719393452	82.511
chr5	68221902	0.0	82.517
chr5	68282058	0.0	82.517
chr5	68336860	0.015419487147931088	82.517
chr5	68466566	0.04787093994579427	82.519
chr5	68508345	0.20750018863645364	82.521
chr5	68534851	0.0	82.5265
chr5	68563061	0.18359572221957052	82.5265
chr5	68606635	0.7055911495476361	82.5345
chr5	68739148	0.0492313751554467	82.628
chr5	68820397	0.0	82.632
chr5	68853379	0.08845252310822502	82.632
chr5	68921212	0.38351793329843026	82.638
chr5	68986398	0.0	82.663
chr5	68997895	1.6114355046638347	82.663
chr5	69024269	0.0	82.7055
chr5	69044329	0.5165670430225	82.7055
chr5	69071431	0.0	82.7195
chr5	69092358	1.8184179763607584	82.7195
chr5	69130853	0.0	82.7895
chr5	69173070	0.0	82.7895
chr5	69295291	0.0	82.7895
chr5	69323805	0.0	82.7895
chr5	69346413	0.0951791747963327	82.7895
chr5	69367426	0.0	82.7915
chr5	69382977	0.901896892819909	82.7915
chr5	69400163	2.3594893822978693	82.807
chr5	69449750	0.0	82.924
chr5	69601645	0.0	82.924
chr5	69617195	0.0	82.924
chr5	69687699	0.0	82.924
chr5	69699683	0.0	82.924
chr5	69770950	0.0	82.924
chr5	69872902	0.9704770660945521	82.924
chr5	69961003	0.0	83.0095
chr5	69976622	0.0	83.0095
chr5	70014271	0.0	83.0095
chr5	70032356	0.0	83.0095
chr5	70055269	0.0	83.0095
chr5	70106806	0.0	83.0095
chr5	70146754	0.6312024406494611	83.0095
chr5	70175271	0.3101178447810759	83.0275
chr5	70225252	0.2449309228599454	83.043
chr5	70376315	0.10513220374621485	83.08
chr5	70433386	1.8021813415718342	83.086
chr5	70454749	1.210341985990859	83.1245
chr5	70474165	0.43233555527611955	83.148
chr5	70537773	0.2180117329949992	83.1755
chr5	70588229	1.3988242793400334	83.1865
chr5	70616467	3.2809906804545514	83.226
chr5	70655632	1.8221194893898809	83.3545
chr5	70703653	0.052048769697269896	83.442
chr5	70857355	0.46197302077554164	83.45
chr5	70895236	0.0	83.4675
chr5	70940092	0.0	83.4675
chr5	70971295	0.2740549524382573	83.4675
chr5	71027853	1.050533347699641	83.483
chr5	71064977	0.0	83.522
chr5	71103347	0.8548213687715247	83.522
chr5	71160084	0.029825594834243425	83.5705
chr5	71294197	0.22298408451084445	83.5745
chr5	71330074	0.29863924379344725	83.5825
chr5	71368582	0.5184311201689473	83.594
chr5	71424520	0.0	83.623
chr5	71448544	0.9295408068412354	83.623
chr5	71470060	0.08262755628983016	83.643
chr5	71494265	1.8278750952018972	83.645
chr5	71527090	0.0	83.705
chr5	71555827	0.5999382920613295	83.705
chr5	71643336	0.0	83.7575
chr5	71646842	0.0792864222005768	83.7575
chr5	71672067	0.36323671857524836	83.7595
chr5	71725751	3.457416157658308	83.779
chr5	71743105	0.0	83.839
chr5	71749027	0.3420265070547147	83.839
chr5	71760722	0.10403932686531271	83.843
chr5	71799169	0.36141856787904547	83.847
chr5	71843439	0.45181523414649194	83.863
chr5	71881065	0.8162752731385928	83.88
chr5	71904954	0.9811886757076574	83.8995
chr5	71984959	0.13703595646679712	83.978
chr5	72098068	0.13280026839637007	83.9935
chr5	72169604	2.1829197665615268	84.003
chr5	72192051	0.0	84.052
chr5	72238892	0.5937629078892022	84.052
chr5	72277628	0.0573904559670389	84.075
chr5	72312477	0.18039292859712816	84.077
chr5	72342966	0.0	84.0825
chr5	72354871	0.0	84.0825
chr5	72377107	0.0	84.0825
chr5	72393833	4.942458241639326	84.0825
chr5	72421552	19.911961948654515	84.2195
chr5	72455401	1.8330163455439974	84.8935
chr5	72491680	2.127193668470987	84.96
chr5	72523647	1.4941043450168254	85.028
chr5	72597939	1.8379415055146513	85.139
chr5	72610453	0.9735163809030335	85.162
chr5	72660786	2.245075318655594	85.211
chr5	72681498	4.87164902108301	85.2575
chr5	72735997	1.6539733825681349	85.523
chr5	72761995	0.0	85.566
chr5	72774633	0.4746084480292688	85.566
chr5	72783061	0.3297717979161672	85.57
chr5	72805804	0.0	85.5775
chr5	72815150	1.3504279066740166	85.5775
chr5	72845881	0.6499281658344891	85.619
chr5	72860498	0.225857768525209	85.6285
chr5	72911415	3.53337682104793	85.64
chr5	72939009	0.35013097492044554	85.7375
chr5	72977566	0.6036438135655456	85.751
chr5	73032234	2.1771354456177994	85.784
chr5	73053822	2.118891178414145	85.831
chr5	73079543	0.7197104707593164	85.8855
chr5	73152489	1.4620917344652191	85.938
chr5	73194894	0.8819290584868855	86.0
chr5	73241383	0.17761080355341266	86.041
chr5	73573570	0.6312245756769477	86.1
chr5	73637731	0.7124781957103005	86.1405
chr5	73678434	5.474292721380398	86.1695
chr5	73712685	0.8955252702265831	86.357
chr5	73919826	0.2850199513966796	86.5425
chr5	73953157	8.269446119389217	86.552
chr5	73964766	9.093848516692034	86.648
chr5	73977137	0.53484602917344	86.7605
chr5	74038837	1.6754511501274676	86.7935
chr5	74096135	2.6954897251134	86.8895
chr5	74114870	2.9816513761469023	86.94
chr5	74127950	0.0	86.979
chr5	74220017	1.4564458437747188	86.979
chr5	74266706	1.5033072760070694	87.047
chr5	74278347	8.550617544600767	87.0645
chr5	74297293	8.704215508751895	87.2265
chr5	74360251	0.08436326823281473	87.7745
chr5	74383958	0.5123250775806047	87.7765
chr5	74418116	2.447166306912218	87.794
chr5	74457958	2.9801238694967243	87.8915
chr5	74496547	3.803645758575949	88.0065
chr5	74517448	1.115241635687986	88.086
chr5	74551073	1.1295856426497686	88.1235
chr5	74645798	0.034095945991942087	88.2305
chr5	74704456	0.10159504216206666	88.2325
chr5	74743828	1.2186136144640352	88.2365
chr5	74761471	0.25677093799535733	88.258
chr5	74806258	0.30055950307507584	88.2695
chr5	74871137	0.19830449655470173	88.289
chr5	74891308	0.4029249365764336	88.293
chr5	74924813	1.2091364823836799	88.3065
chr5	74981465	0.0	88.375
chr5	75006050	0.0	88.375
chr5	75007419	0.09928021841624914	88.375
chr5	75027564	0.069586194099423	88.377
chr5	75049120	0.03615721155576054	88.3785
chr5	75104434	9.057971014492708	88.3805
chr5	75128722	0.22051277701914432	88.6005
chr5	75246629	0.3311636405161981	88.6265
chr5	75421769	0.2637519014672357	88.6845
chr5	75503285	0.22419011321548468	88.706
chr5	75512206	12.599469496022147	88.708
chr5	75517484	0.0	88.7745
chr5	75550217	0.0	88.7745
chr5	75644213	0.1865787673362842	88.7745
chr5	75676371	0.47869794159886925	88.7805
chr5	75707706	2.5224619228364427	88.7955
chr5	75728519	1.3699779126011853	88.848
chr5	75764286	6.932180338184771	88.897
chr5	75813549	0.7869284038231388	89.2385
chr5	75848495	0.17269627595973638	89.266
chr5	75961410	1.817934946593551	89.2855
chr5	76027694	0.07760460453987231	89.406
chr5	76105009	0.9068297232872989	89.412
chr5	76124307	4.517684887459445	89.4295
chr5	76155407	4.6932280546268395	89.57
chr5	76180230	0.1597200543048589	89.6865
chr5	76317971	17.58648617378237	89.7085
chr5	76326614	0.05186049526760894	89.8605
chr5	76365179	0.026954541166451698	89.8625
chr5	76439378	0.0	89.8645
chr5	76469639	0.047083800604366295	89.8645
chr5	76586452	0.0	89.87
chr5	76609707	0.0	89.87
chr5	76646897	0.0	89.87
chr5	76707156	0.0	89.87
chr5	76755124	0.0	89.87
chr5	76787291	0.02757973992298825	89.87
chr5	76859808	0.0933082437833418	89.872
chr5	76924111	0.0	89.878
chr5	76948299	0.4725662836393935	89.878
chr5	76968402	0.4751187796950602	89.8875
chr5	76988397	0.031063618290186053	89.897
chr5	77052781	0.49179320095916096	89.899
chr5	77085315	1.3780918727910694	89.915
chr5	77113615	0.21931573490757042	89.954
chr5	77138693	1.6063956963530313	89.9595
chr5	77152077	1.5521992395967532	89.981
chr5	77180746	0.0	90.0255
chr5	77195567	0.069112082519911	90.0255
chr5	77253444	0.16407900404035455	90.0295
chr5	77302201	0.7766990291299223	90.0375
chr5	77304776	0.23245677756779215	90.0395
chr5	77339191	0.0	90.0475
chr5	77378782	0.0	90.0475
chr5	77480462	0.8299430431242917	90.0475
chr5	77511187	1.1329581170969194	90.073
chr5	77538549	0.0	90.104
chr5	77541675	0.7462909340579027	90.104
chr5	77575174	3.233562722825759	90.129
chr5	77587235	0.38384315578114314	90.168
chr5	77638037	0.39023162134952055	90.1875
chr5	77677757	1.3213010598520436	90.203
chr5	77713328	0.23590796813849058	90.25
chr5	77785390	0.4918973574181041	90.267
chr5	77821983	13.43750000000199	90.285
chr5	77825183	0.0	90.328
chr5	77860262	0.433548793945912	90.328
chr5	77872948	0.4126476504872113	90.3335
chr5	77892335	2.0214271275522653	90.3415
chr5	77926964	8.099501569134185	90.4115
chr5	77948632	0.04832318546427319	90.587
chr5	77990020	0.09492394219143521	90.589
chr5	78032159	0.5768466974738298	90.593
chr5	78190780	0.0	90.6845
chr5	78209925	0.2751718224054264	90.6845
chr5	78288058	1.297220802704558	90.706
chr5	78313497	0.2737913253781847	90.739
chr5	78357326	4.477218856991284	90.751
chr5	78361123	1.4470715196703006	90.768
chr5	78381509	0.7404381351171005	90.7975
chr5	78420675	0.03111048890148163	90.8265
chr5	78484962	0.6419515326593085	90.8285
chr5	78503655	0.024223632575884634	90.8405
chr5	78668783	0.28507625789899876	90.8445
chr5	78689830	0.6810663553221388	90.8505
chr5	78725803	0.27630670043749606	90.875
chr5	78769233	0.0	90.887
chr5	78851834	0.0	90.887
chr5	78934160	0.30095100517651124	90.887
chr5	78967388	0.0	90.897
chr5	78975412	0.5906387236643195	90.897
chr5	79047368	0.0	90.9395
chr5	79093903	0.41598947449893936	90.9395
chr5	79145587	161.55988857938672	90.961
chr5	79147023	0.27057386256488647	91.193
chr5	79268986	0.759281213784313	91.226
chr5	79344057	0.0	91.283
chr5	79349372	0.3926958570591879	91.283
chr5	79359558	0.03544339689499188	91.287
chr5	79401879	0.18722209220677666	91.2885
chr5	79444609	0.0	91.2965
chr5	79461125	0.0	91.2965
chr5	79487555	0.8979464355434663	91.2965
chr5	79513169	0.2691065661995881	91.3195
chr5	79528033	1.1938516639322156	91.3235
chr5	79534734	0.6714607520355547	91.3315
chr5	79557818	6.994623966703816	91.347
chr5	79575117	0.1902587519026422	91.468
chr5	79625049	0.0	91.4775
chr5	79649365	0.36843721215844194	91.4775
chr5	79681935	0.0	91.4895
chr5	79697860	0.08856245424265143	91.4895
chr5	79782546	0.77408795850881	91.497
chr5	79872975	0.2918612408274267	91.567
chr5	79932935	2.292263610315273	91.5845
chr5	79938170	3.2437827497286253	91.5965
chr5	79950193	3.2405439864007146	91.6355
chr5	79978429	1.5070865131788957	91.727
chr5	80009615	3.2234297292315888	91.774
chr5	80020473	270.99737532809115	91.809
chr5	80021235	9.886896976225474	92.0155
chr5	80034232	3.279825461270458	92.144
chr5	80103443	0.5815624187523636	92.371
chr5	80176522	0.6238212679530881	92.4135
chr5	80210987	0.21477663230190494	92.435
chr5	80220299	0.0	92.437
chr5	80233983	0.30228340231607753	92.437
chr5	80298492	0.12945542418166492	92.4565
chr5	80310079	0.5904183535763278	92.458
chr5	80393071	0.2407169662254794	92.507
chr5	80474079	6.173414713693677	92.5265
chr5	80495542	3.2961147047916564	92.659
chr5	80592626	0.3247861365863188	92.979
chr5	80683455	0.16132005899716542	93.0085
chr5	80705151	1.6019984251540225	93.012
chr5	80741980	0.0	93.071
chr5	80765763	2.9816513761479886	93.071
chr5	80770123	0.0	93.084
chr5	80785987	0.06593261686540973	93.084
chr5	80816321	5.703422053232155	93.086
chr5	80818425	1.6084399861637722	93.098
chr5	80847335	4.176747158442989	93.1445
chr5	80869242	5.24953257586639	93.236
chr5	80890101	0.3109729009328884	93.3455
chr5	81002651	0.0	93.3805
chr5	81041098	0.171932086825914	93.3805
chr5	81064363	0.0	93.3845
chr5	81081173	0.41896097677789096	93.3845
chr5	81089527	0.15985932379468779	93.388
chr5	81102038	0.9309322728152882	93.39
chr5	81169175	0.07290888212465392	93.4525
chr5	81224038	1.725859363856524	93.4565
chr5	81259093	0.20232568045326765	93.517
chr5	81306047	0.8776549060909064	93.5265
chr5	81397199	0.11484446777800568	93.6065
chr5	81427675	34.46336760925466	93.61
chr5	81433899	2.8488552781522234	93.8245
chr5	81443552	0.3072596604520232	93.852
chr5	81539562	2.4190155658388868	93.8815
chr5	81544316	1.178640551851899	93.893
chr5	81665218	0.06824026319193995	94.0355
chr5	81804432	0.5963029218839868	94.045
chr5	81817848	0.31443244942879295	94.053
chr5	81903717	0.057920872365622725	94.08
chr5	82033204	1.3021853215318921	94.0875
chr5	82084272	0.0	94.154
chr5	82148377	0.08101320515244291	94.154
chr5	82222439	38.46153846153872	94.16
chr5	82226391	0.011611940558490474	94.312
chr5	82570864	0.17020749841390873	94.316
chr5	82635491	0.0	94.327
chr5	82666014	0.0	94.327
chr5	82694567	0.05502012819690078	94.327
chr5	82803618	0.0	94.333
chr5	82818485	0.24100948544467615	94.333
chr5	82876574	0.03440209164733641	94.347
chr5	82934710	0.047061354560278885	94.349
chr5	83009081	0.7637335660900002	94.3525
chr5	83027412	0.7870120525273563	94.3665
chr5	83049648	0.8745397159390437	94.384
chr5	83125688	4.7991245896512105	94.4505
chr5	83157673	0.0	94.604
chr5	83161082	2.4827288428323593	94.604
chr5	83207402	0.5073309319671816	94.719
chr5	83227113	1.0877447425676914	94.729
chr5	83239524	0.6858710562412205	94.7425
chr5	83259936	1.218549024032541	94.7565
chr5	83304251	1.219828704905192	94.8105
chr5	83323516	0.5639097744361117	94.834
chr5	83334156	0.48068766611988656	94.84
chr5	83387205	1.5005001667222977	94.8655
chr5	83405199	0.2619650183141493	94.8925
chr5	83618968	0.7350914269964781	94.9485
chr5	83640734	0.1903469279660697	94.9645
chr5	83701150	1.8278194114417858	94.976
chr5	83712092	1.4241679347615495	94.996
chr5	83737721	0.4202673951302919	95.0325
chr5	83775792	0.48224462954825426	95.0485
chr5	83787197	0.0	95.054
chr5	83840718	1.2785345669256316	95.054
chr5	83862227	0.18146328065989822	95.0815
chr5	84066125	8.335080729712299	95.1185
chr5	84075663	3.5921997947320627	95.198
chr5	84090278	0.7839343496680296	95.2505
chr5	84120255	0.45790651923185016	95.274
chr5	84149737	0.04503794446842952	95.2875
chr5	84194144	0.19254219883191798	95.2895
chr5	84225306	0.3342692873375754	95.2955
chr5	84247743	0.6341672974245834	95.303
chr5	84296626	3.1251963063003934	95.334
chr5	84328464	0.5311405752058708	95.4335
chr5	84353881	0.7084720071177771	95.447
chr5	84384228	0.43157276133105343	95.4685
chr5	84438680	2.1998331725027156	95.492
chr5	84499821	0.10210723812696751	95.6265
chr5	84578170	2.7365692063946927	95.6345
chr5	84605942	0.7506068736424722	95.7105
chr5	84637250	0.17885888034362765	95.734
chr5	84659614	0.7279465290183098	95.738
chr5	84674725	0.9716074705819218	95.749
chr5	84693251	0.6893563381390646	95.767
chr5	84718637	0.20889910173411783	95.7845
chr5	84737785	0.11077877478649267	95.7885
chr5	84755839	0.6600091827371601	95.7905
chr5	84773263	0.6784987322783719	95.802
chr5	84801266	1.5319104741132445	95.821
chr5	84820523	0.5223269151988544	95.8505
chr5	84869343	1.453687234915507	95.876
chr5	84898579	8.49303135888578	95.9185
chr5	84914651	3.602351008025529	96.055
chr5	84930474	4.257874338119054	96.112
chr5	84948793	10.843300712818921	96.19
chr5	84965347	15.56731140133349	96.3695
chr5	84983494	8.691302444819346	96.652
chr5	84999487	0.4015960203130624	96.791
chr5	85038083	0.09903441445879371	96.8065
chr5	85058278	1.0200095490255012	96.8085
chr5	85081317	0.5890038338795736	96.832
chr5	85128006	0.6351357073294901	96.8595
chr5	85151623	0.987647041481283	96.8745
chr5	85185542	0.6338710880209267	96.908
chr5	85225771	1.2162035737679138	96.9335
chr5	85236460	2.5190070532200615	96.9465
chr5	85247377	0.3641375421890121	96.974
chr5	85375076	4.052187817997042	97.0205
chr5	85402592	0.4925865720895969	97.132
chr5	85422893	0.6622516556295127	97.142
chr5	85443278	0.8591822347547423	97.1555
chr5	85465974	0.0	97.175
chr5	85481604	0.23696682464483937	97.175
chr5	85498484	0.1497566454507929	97.179
chr5	85511839	0.03810394756901471	97.181
chr5	85616815	0.420906682512464	97.185
chr5	85657204	0.15702284682421888	97.202
chr5	85695415	0.0	97.208
chr5	85742899	0.0	97.208
chr5	85749004	1.3244866037639358	97.208
chr5	85788642	0.09545628102374712	97.2605
chr5	85809594	0.9073347772641196	97.2625
chr5	85826677	2.9183447148775556	97.278
chr5	85860943	5.741593893969662	97.378
chr5	85875486	1.4104372355430717	97.4615
chr5	85894629	6.283068783068419	97.4885
chr5	85914285	1.7752456444554559	97.612
chr5	86023284	0.0	97.8055
chr5	86050904	9.640570430733948	97.8055
chr5	86064648	5.531258039619332	97.938
chr5	86103518	0.7690106588450165	98.153
chr5	86131476	1.5437392795883946	98.1745
chr5	86178116	1.6275182545969094	98.2465
chr5	86200850	0.05165289256186309	98.2835
chr5	86239570	1.344661084286142	98.2855
chr5	86255931	0.0	98.3075
chr5	86284183	2.212669111138993	98.3075
chr5	86307910	1.8994469751727074	98.36
chr5	86367401	0.11243896170658253	98.473
chr5	86398529	0.0	98.4765
chr5	86406945	0.9685138060691201	98.4765
chr5	86433274	3.7346877801018263	98.502
chr5	86456703	1.0845986984814424	98.5895
chr5	86486207	3.1037591899015475	98.6215
chr5	86515043	0.4639607279694371	98.711
chr5	86548451	0.0	98.7265
chr5	86573553	6.149853306251911	98.7265
chr5	86582415	0.8627512033107678	98.781
chr5	86659494	1.1290873705636169	98.8475
chr5	86726805	5.79358663432995	98.9235
chr5	86749071	5.978647686832966	99.0525
chr5	86784196	0.6641687239188119	99.2625
chr5	86863995	0.8139038075161857	99.3155
chr5	87147198	0.4519093168637665	99.546
chr5	87173752	9.498956158663551	99.558
chr5	87197702	1.792062999848609	99.7855
chr5	87336369	179.01234567900937	100.034
chr5	87337098	3.7190082644628477	100.1645
chr5	87406068	0.7157088419055637	100.421
chr5	87457765	5.4744525547438965	100.458
chr5	87466259	10.953316210908765	100.5045
chr5	87479497	10.33196954787925	100.6495
chr5	87498806	5.907586714058087	100.849
chr5	87539601	4.417177914110597	101.09
chr5	87555901	3.8796653517702033	101.162
chr5	87578970	9.125535629265919	101.2515
chr5	87597873	3.238228601435182	101.424
chr5	87660716	5.036499810390731	101.6275
chr5	87702908	0.08046023252988449	101.84
chr5	87752622	1.8835691445094558	101.844
chr5	87775451	2.6331134516562855	101.887
chr5	87830329	1.9052682883601701	102.0315
chr5	87943174	2.202839877355344	102.2465
chr5	87976767	1.8005781787370763	102.3205
chr5	88057019	0.5954070576506243	102.465
chr5	88201458	6.636771300446983	102.551
chr5	88207033	1.1933174224347454	102.588
chr5	88228402	2.8491096532333837	102.6135
chr5	88281752	43.632397054812266	102.7655
chr5	88285419	1.1137983706719892	102.9255
chr5	88316843	3.8890484395943066	102.9605
chr5	88358627	7.860461257673608	103.123
chr5	88382735	3.6303779200866186	103.3125
chr5	88404909	5.671077504726113	103.393
chr5	88424482	1.187865497075852	103.504
chr5	88490146	1.9264853201822982	103.582
chr5	88503123	5.922242314647388	103.607
chr5	88525243	3.696712285669108	103.738
chr5	88531600	0.8246710904836195	103.7615
chr5	88609813	0.7987910189984054	103.826
chr5	88656133	0.7000520969003381	103.863
chr5	88686845	2.272915974759155	103.8845
chr5	88735021	0.08265677234484042	103.994
chr5	88898347	16.50084930842321	104.0075
chr5	88902468	1.9588979978806083	104.0755
chr5	88974192	0.0	104.216
chr5	89031131	8.807517597697732	104.216
chr5	89059970	3.56326177208443	104.47
chr5	89105013	9.918684657314289	104.6305
chr5	89116204	10.645011991416675	104.7415
chr5	89163738	0.0	105.2475
chr5	89195589	4.159857376318543	105.2475
chr5	89229244	9.168771274843614	105.3875
chr5	89256565	0.8937850758673445	105.638
chr5	89280620	5.99578674445084	105.6595
chr5	89292962	0.3089879566552984	105.7335
chr5	89362544	0.0	105.755
chr5	89444874	8.198565602587518	105.755
chr5	89480429	1.8848389922751378	106.0465
chr5	89518098	2.5951413647291948	106.1175
chr5	89578403	1.328162354566524	106.274
chr5	89597226	2.5548095775651634	106.299
chr5	89630888	0.7512621203620946	106.385
chr5	89680804	0.7958656330749166	106.4225
chr5	89729179	0.10900596937454209	106.461
chr5	90018154	0.0	106.4925
chr5	90025787	0.6360207035704089	106.4925
chr5	90071383	9.43179204048696	106.5215
chr5	90075730	1.3771532608187642	106.5625
chr5	90118572	0.8114333577637397	106.6215
chr5	90156776	0.845029024909844	106.6525
chr5	90170385	0.33094775162352896	106.664
chr5	90194558	0.0	106.672
chr5	90231309	0.17752135803860594	106.672
chr5	90276374	0.0	106.68
chr5	90310292	0.0	106.68
chr5	90348253	0.6150061500609413	106.68
chr5	90360448	0.23707918444789525	106.6875
chr5	90377320	1.0505923552640724	106.6915
chr5	90444425	2.124360365948216	106.762
chr5	90476670	0.4430797131317118	106.8305
chr5	90525194	2.9950083194676678	106.852
chr5	90549234	3.234252271676584	106.924
chr5	90568713	6.825006825006825	106.987
chr5	90587028	0.48061518744011644	107.112
chr5	90627601	0.0	107.1315
chr5	90647579	1.9003378378379099	107.1315
chr5	90657051	3.9530426449450466	107.1495
chr5	90682095	1.529381354471781	107.2485
chr5	90728519	0.25545750116107013	107.3195
chr5	90750049	3.892558641143073	107.325
chr5	90779721	9.450307134982245	107.4405
chr5	90798768	9.361368426211605	107.6205
chr5	90839574	2.396713079206076	108.0025
chr5	90861479	2.119406837804224	108.055
chr5	91008690	0.2848461830611578	108.367
chr5	91029754	44.695820113118785	108.373
chr5	91037003	0.245355765860424	108.697
chr5	91094063	0.0	108.711
chr5	91094233	0.0	108.711
chr5	91115913	1.2788881595328045	108.711
chr5	91160092	0.2542696105437228	108.7675
chr5	91183689	1.073255389112099	108.7735
chr5	91205585	0.0	108.797
chr5	91224763	0.0	108.797
chr5	91282792	0.0	108.797
chr5	91359293	1.3781697905183627	108.797
chr5	91379247	0.0	108.8245
chr5	91407636	0.0	108.8245
chr5	91441263	0.30525030525018537	108.8245
chr5	91459281	0.0	108.83
chr5	91533707	0.0	108.83
chr5	91603491	0.0	108.83
chr5	91619555	0.44092520806159924	108.83
chr5	91673986	6.958324080242363	108.854
chr5	91687495	0.3038329697726371	108.948
chr5	91751675	4.014167650531439	108.9675
chr5	91764380	0.43157927186398454	109.0185
chr5	91796819	0.19671486180781703	109.0325
chr5	91827320	0.11984659635638416	109.0385
chr5	91844008	0.07012980389172023	109.0405
chr5	91922434	2.284098324994133	109.046
chr5	91936225	0.42327445115374335	109.0775
chr5	91953944	0.7519526512396525	109.085
chr5	91974557	5.2026956248472676	109.1005
chr5	92003196	0.0	109.2495
chr5	92019518	0.20484457417959176	109.2495
chr5	92039045	0.0	109.2535
chr5	92066022	0.0	109.2535
chr5	92069859	0.0	109.2535
chr5	92090407	0.07812805187695539	109.2535
chr5	92218402	0.17367945719397423	109.2635
chr5	92261585	1.365498406918577	109.271
chr5	92270373	1.0504201680673824	109.283
chr5	92290841	0.06859298636698409	109.3045
chr5	92349156	0.17284400671265415	109.3085
chr5	92508259	0.0	109.336
chr5	92532526	0.19806882891829108	109.336
chr5	92552721	0.6898772018580954	109.34
chr5	92617950	0.13421017313081055	109.385
chr5	92647754	0.0	109.389
chr5	92707697	0.0	109.389
chr5	92722847	0.126624353028851	109.389
chr5	92786026	1.676815815020594	109.397
chr5	92831350	5.9242802925113445	109.473
chr5	92852956	0.0	109.601
chr5	92864623	0.0	109.601
chr5	92907851	1.8053133654732558	109.601
chr5	92956596	0.1717438440567995	109.689
chr5	93003177	1.5315253303964524	109.697
chr5	93032233	6.139869215793818	109.7415
chr5	93072299	5.887939221273677	109.9875
chr5	93077564	44.57593688362901	110.0185
chr5	93082634	37.243180100323066	110.2445
chr5	93097187	0.0	110.7865
chr5	93111090	0.0	110.7865
chr5	93114663	11.571996409795807	110.7865
chr5	93145859	2.360218116708806	111.1475
chr5	93182720	2.785523197610993	111.2345
chr5	93359527	6.744570526790043	111.727
chr5	93386141	2.5716228853185696	111.9065
chr5	93409667	0.1595872011064773	111.967
chr5	93447264	0.2081057177048483	111.973
chr5	93466485	0.4875076173053843	111.977
chr5	93474690	0.0	111.981
chr5	93474735	0.0	111.981
chr5	93521526	7.911831658431127	111.981
chr5	93575559	0.0	112.4085
chr5	93603254	1.8285966071821635	112.4085
chr5	93625949	2.6632343171679786	112.45
chr5	93710245	0.1218739336030856	112.6745
chr5	93956401	0.7343526399038881	112.7045
chr5	93982955	23.035527977595923	112.724
chr5	94001166	1.7659279778394021	113.1435
chr5	94030046	78.276858418701	113.1945
chr5	94037660	5.738880918227961	113.7905
chr5	94038357	0.0	113.7945
chr5	94040631	0.2994684435125989	113.7945
chr5	94067345	0.0	113.8025
chr5	94094121	0.0	113.8025
chr5	94095211	0.20729684908888368	113.8025
chr5	94104859	1.4407293748214882	113.8045
chr5	94216955	0.0	113.966
chr5	94264922	3.6837486479317785	113.966
chr5	94313921	0.0	114.1465
chr5	94322495	3.7545889420400185	114.1465
chr5	94340473	2.443849645060025	114.214
chr5	94392031	3.363743437206687	114.34
chr5	94442124	3.3614846094009088	114.5085
chr5	94478120	1.120047500810035	114.6295
chr5	94515172	21.838992458752656	114.671
chr5	94541295	4.02129587675566	115.2415
chr5	94558951	3.9083802944919723	115.3125
chr5	94586456	4.2599912165127005	115.42
chr5	94609226	2.726003622094926	115.517
chr5	94662234	0.0	115.6615
chr5	94681757	0.6335228622561656	115.6615
chr5	94744896	0.0	115.7015
chr5	94766947	1.3495633765550714	115.7015
chr5	94785842	0.0	115.727
chr5	94801309	0.0	115.727
chr5	94836377	5.296963630296768	115.727
chr5	94860353	0.07200720071990419	115.854
chr5	94888128	6.162746824299064	115.856
chr5	94911981	6.711711711711753	116.003
chr5	94934181	7.991911133272365	116.152
chr5	94970280	0.0	116.4405
chr5	95008451	29.91376212720072	116.4405
chr5	95014017	0.07119718059148264	116.607
chr5	95042108	7.651620192060849	116.609
chr5	95061581	0.20367635826696312	116.758
chr5	95100859	0.3715826257451184	116.766
chr5	95164102	5.239582477192313	116.7895
chr5	95188436	0.0	116.917
chr5	95215569	0.37494415725315144	116.917
chr5	95278245	0.07443633088441612	116.9405
chr5	95412588	0.0	116.9505
chr5	95427570	0.26162030173542455	116.9505
chr5	95519306	1.2167360075350298	116.9745
chr5	95532045	1.4889815366291785	116.99
chr5	95558909	0.516084637880632	117.03
chr5	95570535	3.102975724354026	117.036
chr5	95621615	0.3208041490670067	117.1945
chr5	95659021	2.7929482504046477	117.2065
chr5	95715234	7.193997758309018	117.3635
chr5	95758951	0.0	117.678
chr5	95782143	0.0	117.678
chr5	95812239	0.32335426153971747	117.678
chr5	95849350	0.0	117.69
chr5	95873338	0.07019267890342677	117.69
chr5	95901831	1.0589417761509425	117.692
chr5	95929689	0.31477061091730596	117.7215
chr5	95967812	0.9264406151563842	117.7335
chr5	95989400	2.861054553113503	117.7535
chr5	96017886	2.45265243803415	117.835
chr5	96048669	2.4699287632839066	117.9105
chr5	96134299	1.5181706044217294	118.122
chr5	96197533	0.9970674486801118	118.218
chr5	96231633	2.5257394053908193	118.252
chr5	96257566	1.3097576948267282	118.3175
chr5	96278944	0.30734241017933783	118.3455
chr5	96311481	2.6471504204297673	118.3555
chr5	96333958	4.4791103560120336	118.415
chr5	96359856	0.7190847232060007	118.531
chr5	96592791	4.308410376088486	118.6985
chr5	96603932	1.2231727450098373	118.7465
chr5	96670562	4.539264639128204	118.828
chr5	96681577	10.559127851943588	118.878
chr5	96712214	3.2681221914576155	119.2015
chr5	96778307	8.305374646404767	119.4175
chr5	96808709	0.07746133388417241	119.67
chr5	96886167	0.0	119.676
chr5	96904099	0.09632210110610245	119.676
chr5	96966390	1.9245430372449621	119.682
chr5	97020169	1.117942984907812	119.7855
chr5	97030903	2.5985275010826845	119.7975
chr5	97137117	7.346984384166417	120.0735
chr5	97172914	0.6983484060196243	120.3365
chr5	97230192	2.711431875274331	120.3765
chr5	97280350	2.1458490695598433	120.5125
chr5	97309476	2.264242256637172	120.575
chr5	97338404	0.2852735456331624	120.6405
chr5	97480373	2.852369866178517	120.681
chr5	97536642	4.260826281732178	120.8415
chr5	97586867	0.0	121.0555
chr5	97607080	0.5474352657801016	121.0555
chr5	97625347	0.0	121.0655
chr5	97647616	1.9776804633423548	121.0655
chr5	97668853	0.29760133325398425	121.1075
chr5	97820062	0.0	121.1525
chr5	97849009	0.41293062765442995	121.1525
chr5	97882913	0.23327695806875187	121.1665
chr5	97900060	0.11765397964558731	121.1705
chr5	97917059	0.6420892835077864	121.1725
chr5	98143663	0.6640473687123266	121.318
chr5	98161734	0.0	121.33
chr5	98176208	2.4280263614293935	121.33
chr5	98196389	2.626425885058632	121.379
chr5	98228562	3.799614193020268	121.4635
chr5	98245669	0.0	121.5285
chr5	98266998	3.4330011074198423	121.5285
chr5	98294088	0.5411255411256308	121.6215
chr5	98328276	3.5173287060921465	121.64
chr5	98349599	8.829978074546217	121.715
chr5	98374684	0.0	121.9365
chr5	98400216	0.733978622872854	121.9365
chr5	98422015	0.6343999504858083	121.9525
chr5	98454329	0.0	121.973
chr5	98533795	0.20717131474111922	121.973
chr5	98565170	2.5454545454543958	121.9795
chr5	98594045	2.1950989854288907	122.053
chr5	98679007	0.7713797273063778	122.2395
chr5	98702990	4.78911783644558	122.258
chr5	98727838	2.663565426170391	122.377
chr5	98741166	3.4274058717316342	122.4125
chr5	98771072	3.3057582073997356	122.515
chr5	98801776	10.941625110002652	122.6165
chr5	98818821	0.8449381943358167	122.803
chr5	98850776	12.887857317371031	122.83
chr5	98867148	6.416771052445066	123.041
chr5	98909459	5.64721634345437	123.3125
chr5	98955765	0.8041252903787889	123.574
chr5	98994938	0.8707160769015945	123.6055
chr5	99052362	3.504485097900352	123.6555
chr5	99083465	1.5840097257482462	123.7645
chr5	99223300	1.1523698930068473	123.986
chr5	99336111	0.0	124.116
chr5	99348457	0.9844577641483095	124.116
chr5	99463241	0.07510452045763973	124.229
chr5	99583074	0.0	124.238
chr5	99622539	0.0	124.238
chr5	99652499	0.5907655952885793	124.238
chr5	99706666	1.5301449728594774	124.27
chr5	99751433	0.9293213442509203	124.3385
chr5	99771340	3.311513284559597	124.357
chr5	99784325	0.1897406134201963	124.4
chr5	99829123	3.9984305225985803	124.4085
chr5	99882644	0.2083896548616289	124.6225
chr5	100060196	0.19095743118195643	124.6595
chr5	100094235	0.3413746017301833	124.666
chr5	100107417	0.6334905328359499	124.6705
chr5	100121624	2.657807308969301	124.6795
chr5	100132159	1.3463041778861249	124.7075
chr5	100143672	277.7777777777507	124.723
chr5	100143861	0.6823548424748617	124.7755
chr5	100255240	0.08061135652783434	124.8515
chr5	100286253	1.5103338632750969	124.854
chr5	100323993	0.0	124.911
chr5	100353991	0.7898537642172908	124.911
chr5	100376147	6.339026027294634	124.9285
chr5	100389556	3.0246397481930574	125.0135
chr5	100409889	1.5379142952794544	125.075
chr5	100457681	0.3774790208776454	125.1485
chr5	100492120	0.574480638449782	125.1615
chr5	100588729	0.28731962712343734	125.217
chr5	100604391	1.5315718763993933	125.2215
chr5	100660216	0.913204101116241	125.307
chr5	100684307	1.0311366440187002	125.329
chr5	100738616	0.7765180928714094	125.385
chr5	100764372	0.18972132046009804	125.405
chr5	100788091	0.054706146944793865	125.4095
chr5	101034864	0.6289072033342151	125.423
chr5	101088131	0.08478528127497303	125.4565
chr5	101111720	0.7982969664715577	125.4585
chr5	101134268	0.12440905697923495	125.4765
chr5	101154363	0.5191900635011474	125.479
chr5	101179402	0.5811700891124632	125.492
chr5	101202631	0.47988615114752964	125.5055
chr5	101263062	0.0629623799782638	125.5345
chr5	101294827	0.32137806916049655	125.5365
chr5	101357059	0.0	125.5565
chr5	101365072	0.2687655980036476	125.5565
chr5	101391117	0.888508621824438	125.5635
chr5	101421505	0.08108546407901446	125.5905
chr5	101477002	2.047315741582976	125.595
chr5	101496784	0.0676429803500372	125.6355
chr5	101526351	0.25340443347578484	125.6375
chr5	101571733	0.08124695323928621	125.649
chr5	101651736	0.44858955099307457	125.6555
chr5	101747592	0.0	125.6985
chr5	101780359	1.8031663601285393	125.6985
chr5	101835817	6.182744949971693	125.7985
chr5	101846411	0.12105604895061661	125.864
chr5	101937278	0.9289583070915338	125.875
chr5	101969034	1.2583271650633148	125.9045
chr5	101989299	0.2799310938840828	125.93
chr5	102012519	1.0309740463494708	125.9365
chr5	102034828	0.34404458817851064	125.9595
chr5	102107493	0.0	125.9845
chr5	102129676	1.2916502473838063	125.9845
chr5	102175354	1.0588733587465347	126.0435
chr5	102198964	0.996447448227889	126.0685
chr5	102222046	1.063096195839735	126.0915
chr5	102239448	4.060935067121409	126.11
chr5	102263211	2.309164082601873	126.2065
chr5	102293525	0.0	126.2765
chr5	102318507	0.19632651280516888	126.2765
chr5	102341428	0.0	126.281
chr5	102362190	0.0	126.281
chr5	102388796	0.856245837693877	126.281
chr5	102420329	0.6595013908296599	126.308
chr5	102496902	0.0	126.3585
chr5	102524995	0.8080208436393617	126.3585
chr5	102555316	0.16797312430038358	126.383
chr5	102582106	0.4549433336405126	126.3875
chr5	102668930	0.12933503316502765	126.427
chr5	102723053	1.081557442717554	126.434
chr5	102748017	0.24688745459051958	126.461
chr5	102776370	0.17305828603057774	126.468
chr5	102805262	0.6650055557426826	126.473
chr5	102864660	1.5990405756544313	126.5125
chr5	102884672	0.05494354550686352	126.5445
chr5	102921073	0.4103817462200733	126.5465
chr5	102975900	0.13206131871153415	126.569
chr5	103070553	0.697739324588195	126.5815
chr5	103099217	0.12802785886197196	126.6015
chr5	103118744	0.11334784185698794	126.604
chr5	103162856	0.0	126.609
chr5	103167882	0.28898696931491136	126.609
chr5	103244010	0.6313359067786822	126.631
chr5	103271729	0.2659480160280625	126.6485
chr5	103299930	0.5811810733421714	126.656
chr5	103370476	0.0	126.697
chr5	103399391	0.0	126.697
chr5	103414878	0.0	126.697
chr5	103438350	0.26092401892545153	126.697
chr5	103467094	0.18372446229992137	126.7045
chr5	103507916	0.0	126.712
chr5	103626848	0.6421429226674522	126.712
chr5	103670452	0.23652861996353375	126.74
chr5	103693705	0.2276037873268141	126.7455
chr5	103715673	0.1054718811963771	126.7505
chr5	103739376	0.03004591015068296	126.753
chr5	103822582	0.0	126.7555
chr5	103849895	0.0	126.7555
chr5	103875002	0.0	126.7555
chr5	103894416	0.05250556558990478	126.7555
chr5	103942030	0.8856915624323367	126.758
chr5	103969692	0.0	126.7825
chr5	103990567	0.0	126.7825
chr5	104012040	0.12214983713355511	126.7825
chr5	104036600	0.21252479455937331	126.7855
chr5	104064832	0.05645996047802981	126.7915
chr5	104117967	0.0	126.7945
chr5	104139207	0.0	126.7945
chr5	104155444	0.34295316974460316	126.7945
chr5	104213761	0.0	126.8145
chr5	104239160	0.0	126.8145
chr5	104246978	0.0	126.8145
chr5	104277718	0.0	126.8145
chr5	104293530	0.07409465592303212	126.8145
chr5	104347515	0.0	126.8185
chr5	104361304	0.0	126.8185
chr5	104384359	0.0	126.8185
chr5	104415535	0.0	126.8185
chr5	104434460	0.3824313361917608	126.8185
chr5	104477605	0.0	126.835
