Chromosome	Position(bp)	Rate(cM/Mb)	Map(cM)
chr17	0	0.0	0.0
chr17	301098	0.2458052794699156	0.0
chr17	347883	0.0	0.0115
chr17	484869	0.2958977807666442	0.0115
chr17	522044	0.0	0.0225
chr17	620637	38.73092002588406	0.0225
chr17	673179	0.0	2.0575
chr17	692093	0.7168214090660809	2.0575
chr17	721389	15.52374044258416	2.0785
chr17	805486	0.0	3.384
chr17	884653	0.0	3.384
chr17	910439	0.0	3.384
chr17	934656	0.40653554282174204	3.384
chr17	960484	0.0	3.3945
chr17	979109	0.0	3.3945
chr17	1060671	7.081110906750042	3.3945
chr17	1066108	0.20303390666241602	3.433
chr17	1135062	0.0	3.447
chr17	1152271	0.0	3.447
chr17	1155138	0.7674765371458675	3.447
chr17	1177940	0.0	3.4645
chr17	1244770	0.3120990394285084	3.4645
chr17	1302444	12.972168801480457	3.4825
chr17	1357562	0.323729362253158	4.1975
chr17	1440965	0.0	4.2245
chr17	1486142	0.0726981934499009	4.2245
chr17	1541164	17.53696130858757	4.2285
chr17	1560238	0.36090058576940953	4.563
chr17	1596259	19.652865219860264	4.576
chr17	1636762	0.0	5.372
chr17	1703512	0.0	5.372
chr17	1734089	2.997633447278469	5.372
chr17	1791134	0.9943652635068326	5.543
chr17	1797168	0.18607536052099052	5.549
chr17	1829413	0.0	5.555
chr17	1882295	0.0	5.555
chr17	1935637	0.0	5.555
chr17	1956406	0.0	5.555
chr17	1971411	0.3119313750974904	5.555
chr17	1990646	0.0	5.561
chr17	2027656	20.71551512171132	5.561
chr17	2035790	0.19496685563454064	5.7295
chr17	2069129	1.1824058016711785	5.736
chr17	2081815	0.0	5.751
chr17	2158540	0.0	5.751
chr17	2219828	0.0	5.751
chr17	2254600	0.10349260300237559	5.751
chr17	2346394	0.10246601543818654	5.7605
chr17	2375672	0.1722059583261646	5.7635
chr17	2410514	0.0	5.7695
chr17	2446953	0.0	5.7695
chr17	2448320	0.0	5.7695
chr17	2472939	0.0	5.7695
chr17	2477048	0.0	5.7695
chr17	2481616	0.11837588288679769	5.7695
chr17	2506959	0.5636297757558772	5.7725
chr17	2531798	0.03432847776086913	5.7865
chr17	2619189	0.1306165099268597	5.7895
chr17	2642157	1.7624211400731913	5.7925
chr17	2686698	1.1458810783782598	5.871
chr17	2710697	8.853098584504579	5.8985
chr17	2750683	102.55509261583255	6.2525
chr17	2770604	0.0	8.2955
chr17	2774388	0.09669819613909801	8.2955
chr17	2831266	0.0	8.301
chr17	2861501	1.3120145546147801	8.301
chr17	2890083	0.0	8.3385
chr17	2955425	0.0	8.3385
chr17	2986143	0.0	8.3385
chr17	3013296	0.0	8.3385
chr17	3034250	0.0	8.3385
chr17	3044949	0.31048186785885523	8.3385
chr17	3053001	1.0573016004644236	8.341
chr17	3077119	0.0	8.3665
chr17	3125716	1.488594900723022	8.3665
chr17	3170389	0.17830286680000376	8.433
chr17	3234886	1.099476439790571	8.4445
chr17	3273086	30.62482222432923	8.4865
chr17	3294180	0.0	9.1325
chr17	3335445	0.08145644116804021	9.1325
chr17	3359998	0.11319667407593217	9.1345
chr17	3408586	0.0	9.14
chr17	3429593	0.15733747963867412	9.14
chr17	3483617	10.270020770828573	9.1485
chr17	3492283	0.0	9.2375
chr17	3506773	0.0	9.2375
chr17	3557918	0.0	9.2375
chr17	3587804	0.0	9.2375
chr17	3683738	0.0	9.2375
chr17	3693092	0.0	9.2375
chr17	3718814	0.16895887540969165	9.2375
chr17	3748407	0.0	9.2425
chr17	3784310	0.12142995919950954	9.2425
chr17	3804898	55.101162290142106	9.245
chr17	3816513	2.581821524883548	9.885
chr17	3881777	0.14342263782912643	10.0535
chr17	3899208	0.0	10.056
chr17	3947415	0.0	10.056
chr17	3969442	0.0	10.056
chr17	4018289	0.0	10.056
chr17	4061948	0.0	10.056
chr17	4123608	0.12440131865401928	10.056
chr17	4139685	0.0	10.058
chr17	4182740	0.0	10.058
chr17	4193371	0.0	10.058
chr17	4240840	0.0	10.058
chr17	4279512	0.0	10.058
chr17	4300089	0.0	10.058
chr17	4341248	0.0	10.058
chr17	4378393	0.0	10.058
chr17	4449016	0.0	10.058
chr17	4475272	0.0	10.058
chr17	4494827	0.03205991356646665	10.058
chr17	4572806	0.0	10.0605
chr17	4615580	19.7431385261338	10.0605
chr17	4647971	0.0	10.7
chr17	4661297	1.4608723118633447	10.7
chr17	4699288	0.0	10.7555
chr17	4717694	0.0730905104154005	10.7555
chr17	4758739	0.25983875951570995	10.7585
chr17	4829937	0.21231422505308659	10.777
chr17	4851132	0.5413293165128904	10.7815
chr17	4872376	0.0	10.793
chr17	4907266	1.0575575707902845	10.793
chr17	4945089	0.29039377395742855	10.833
chr17	4962307	2.7734635012205606	10.838
chr17	4966814	0.053350405463070905	10.8505
chr17	5013674	2.9803174865989224	10.853
chr17	5061991	1.644630764269653	10.997
chr17	5077496	3.5120750208189846	11.0225
chr17	5132734	0.8905248159581857	11.2165
chr17	5166422	55.88269589552243	11.2465
chr17	5183574	1.5622512338799557	12.205
chr17	5233822	3.686858245468972	12.2835
chr17	5277355	4.2460027864392735	12.444
chr17	5307501	6.766492862129932	12.572
chr17	5374818	5.202813373157339	13.0275
chr17	5447471	0.0	13.4055
chr17	5471763	0.0	13.4055
chr17	5556981	3.2456645502722616	13.4055
chr17	5831347	0.5116535835947739	14.296
chr17	5905616	0.0	14.334
chr17	5980998	0.0	14.334
chr17	6006508	12.35557823377193	14.334
chr17	6033945	0.5639029359333286	14.673
chr17	6061432	0.0	14.6885
chr17	6071479	0.0	14.6885
chr17	6105449	9.558738593046076	14.6885
chr17	6122763	0.23407326493193256	14.854
chr17	6148396	5.29762342726805	14.86
chr17	6175578	0.13163312834568033	15.004
chr17	6323717	1.9326966803091699	15.0235
chr17	6332513	17.326624051021774	15.0405
chr17	6400876	0.08896995039920334	16.225
chr17	6445835	4.447589204488071	16.229
chr17	6465621	0.3972823583602041	16.317
chr17	6726141	0.22166805209186938	16.4205
chr17	6744186	0.0	16.4245
chr17	6798935	0.07876651635392426	16.4245
chr17	6849718	0.30335715248754014	16.4285
chr17	6864552	7.094588441012003	16.433
chr17	6974354	0.021355429083966003	17.212
chr17	7161660	0.021669881032341125	17.216
chr17	7253954	6.037058112241287	17.218
chr17	7310190	1.0742869420421965	17.5575
chr17	7366041	2.6544089084552875	17.6175
chr17	7381487	4.401295682887119	17.6585
chr17	7436130	0.0	17.899
chr17	7477977	0.18619934282580403	17.899
chr17	7523627	20.9444348873216	17.9075
chr17	7546879	0.05153443788809017	18.3945
chr17	7585688	3.38258857041125	18.3965
chr17	7658709	0.0	18.6435
chr17	7688270	0.0	18.6435
chr17	7705302	0.0	18.6435
chr17	7748050	0.02273011399150907	18.6435
chr17	7836039	0.0	18.6455
chr17	7867590	0.7470581178497838	18.6455
chr17	7959283	26.632887677765577	18.714
chr17	7982769	0.6078706028490548	19.3395
chr17	8058443	0.0	19.3855
chr17	8087661	0.08571000021430362	19.3855
chr17	8134330	0.8485962803195445	19.3895
chr17	8162612	1.4952976822886026	19.4135
chr17	8213438	12.949375531890398	19.4895
chr17	8256915	0.0	20.0525
chr17	8284656	0.0	20.0525
chr17	8349710	1.257819999337998	20.0525
chr17	8379921	0.0	20.0905
chr17	8391103	10.553085826424788	20.0905
chr17	8416072	15.357258325250584	20.354
chr17	8468653	0.0	21.1615
chr17	8482541	15.032836229306296	21.1615
chr17	8511777	2.0275882285881988	21.601
chr17	8573180	0.24077529645466414	21.7255
chr17	8589793	1.3670326930098544	21.7295
chr17	8702080	0.1672163128803073	21.883
chr17	8809725	0.0	21.901
chr17	8813615	0.0	21.901
chr17	9176487	3.249773632180207	21.901
chr17	9257108	35.501236723410415	22.163
chr17	9270854	0.82963046290564	22.651
chr17	9306412	3.0159975992058907	22.6805
chr17	9739602	10.45638359329893	23.987
chr17	9748257	1.1419512588333403	24.0775
chr17	9785474	1.9841269841269475	24.12
chr17	9817226	0.16297065321052806	24.183
chr17	9900063	3.5642629529092362	24.1965
chr17	9942428	5.0085938339241265	24.3475
chr17	9979664	3.2401225355431458	24.534
chr17	10005126	0.1675501127155728	24.6165
chr17	10037952	1.7109888698130131	24.622
chr17	10123575	2.575367368580544	24.7685
chr17	10156580	0.9202857268066045	24.8535
chr17	10247856	0.40644659645160175	24.9375
chr17	10276150	3.109376905255141	24.949
chr17	10284351	3.479165000399894	24.9745
chr17	10359369	0.7939486676098799	25.2355
chr17	10394006	1.7252056976021575	25.263
chr17	10405309	0.6810359108395624	25.2825
chr17	10459638	2.8066924628045062	25.3195
chr17	10533034	0.5686618574120457	25.5255
chr17	10563808	0.0	25.543
chr17	10658793	1.3297634984382054	25.543
chr17	10770843	2.7915119112393496	25.692
chr17	10813114	5.093305940763619	25.81
chr17	10871524	0.42947639669292087	26.1075
chr17	10899465	0.14011489421330164	26.1195
chr17	10928013	0.7578819725141758	26.1235
chr17	10937909	0.0	26.131
chr17	10969499	0.0	26.131
chr17	10991715	0.0	26.131
chr17	11032780	0.5818312018170991	26.131
chr17	11211526	0.4580852038478653	26.235
chr17	11228990	0.0	26.243
chr17	11245042	0.16331196668441333	26.243
chr17	11269535	0.3572653481193349	26.247
chr17	11339511	0.05783355502869829	26.272
chr17	11374093	0.9084831759200677	26.274
chr17	11432432	0.10535742506447303	26.327
chr17	11451415	0.2317429970162834	26.329
chr17	11485936	0.3183862950105664	26.337
chr17	11534619	6.188229008992937	26.3525
chr17	11557081	0.7515473032714697	26.4915
chr17	11624941	3.456252551367503	26.5425
chr17	11661686	6.947152022117518	26.6695
chr17	11689899	0.17740457112445604	26.8655
chr17	11723720	1.9609026185591207	26.8715
chr17	11756868	0.6813500237680125	26.9365
chr17	11788423	3.2051282051282572	26.958
chr17	11805427	0.03670735064696302	27.0125
chr17	12023367	0.0	27.0205
chr17	12045366	0.1222942399413396	27.0205
chr17	12078074	0.2673420571268032	27.0245
chr17	12149144	0.3828565351482958	27.0435
chr17	12196159	6.984785615490947	27.0615
chr17	12203389	0.9873617693524132	27.112
chr17	12231241	2.6353551520502703	27.1395
chr17	12267479	2.0006810829218713	27.235
chr17	12290971	1.5092895710215966	27.282
chr17	12314492	7.575244034707205	27.3175
chr17	12343996	0.1780821917807962	27.541
chr17	12416996	4.820593770870039	27.554
chr17	12499351	0.005611210450318555	27.951
chr17	12766673	1.4922048997772868	27.9525
chr17	12789123	0.9340368060989835	27.986
chr17	12828736	11.472128118263083	28.023
chr17	12835230	0.08405985061361165	28.0975
chr17	12876867	11.597938144330337	28.101
chr17	12878419	0.7635797416804678	28.119
chr17	12978605	4.181943171402406	28.1955
chr17	12987333	0.06999860002808499	28.232
chr17	13015905	2.0633160877061183	28.234
chr17	13032141	0.7593162260036891	28.2675
chr17	13083503	7.626156092812039	28.3065
chr17	13101992	1.950681863907128	28.4475
chr17	13216311	6.716556660779062	28.6705
chr17	13237825	3.3065810593900213	28.815
chr17	13284550	0.0	28.9695
chr17	13291283	1.683091316409555	28.9695
chr17	13377434	0.7087058065555365	29.1145
chr17	13625774	0.0	29.2905
chr17	13692476	8.819620635495857	29.2905
chr17	13717307	2.01945135545575	29.5095
chr17	13779205	6.664547784112348	29.6345
chr17	13829546	0.0	29.97
chr17	13862853	0.6541517115535286	29.97
chr17	13979034	0.1746165711126052	30.046
chr17	14013395	1.9421411943187739	30.052
chr17	14089857	0.0	30.2005
chr17	14191867	2.0866239920192675	30.2005
chr17	14252012	1.8055745216744772	30.326
chr17	14317919	8.273824181236112	30.445
chr17	14338224	0.3793710747554869	30.613
chr17	14518786	7.927537596935773	30.6815
chr17	14550637	0.7953204371696548	30.934
chr17	14570126	0.5654158564671213	30.9495
chr17	14642639	0.16228936193233148	30.9905
chr17	14716581	0.0	31.0025
chr17	14729442	13.721413721413503	31.0025
chr17	14734252	0.0	31.0685
chr17	14757867	34.70961887477284	31.0685
chr17	14764479	0.432378079436967	31.298
chr17	14814204	0.02587154776534604	31.3195
chr17	15046119	8.128342245988978	31.3255
chr17	15055469	1.3482074887768125	31.4015
chr17	15196026	0.19702168880425	31.591
chr17	15256933	1.0555052056853347	31.603
chr17	15347411	0.0	31.6985
chr17	15389338	10.571091644205053	31.6985
chr17	15401210	0.0	31.824
chr17	15421802	1.1099314737959507	31.824
chr17	15442524	6.006684129708207	31.847
chr17	15464666	5.836715635214176	31.98
chr17	15492507	0.0	32.1425
chr17	15518000	0.9376890502119151	32.1425
chr17	15534530	0.9476277718111937	32.158
chr17	15629504	1.0906927551560435	32.248
chr17	15659760	0.06820351930167931	32.281
chr17	15689084	0.09413536665703373	32.283
chr17	15710330	0.08132064731245199	32.285
chr17	15734924	3.848744347156658	32.287
chr17	15755710	5.174903722721634	32.367
chr17	15768174	0.202432564651908	32.4315
chr17	15827453	20.799180327869156	32.4435
chr17	15832333	0.49489144316717276	32.545
chr17	15863653	2.651241262954958	32.5605
chr17	15896845	0.9575131379711047	32.6485
chr17	15919299	1.1657729074375176	32.67
chr17	15949322	1.9037296425990835	32.705
chr17	15985304	18.24330761169905	32.7735
chr17	15995801	1.0111223458035385	32.965
chr17	16009647	1.0180425360346648	32.979
chr17	16059252	2.578617860826638	33.0295
chr17	16100941	2.9020190350442663	33.137
chr17	16137295	0.31095217999695485	33.2425
chr17	16182318	0.04941060210341492	33.2565
chr17	16253153	12.43599122165323	33.26
chr17	16262722	0.0	33.379
chr17	16279384	0.18075011296882745	33.379
chr17	16312579	5.269215552278646	33.385
chr17	16340382	0.0	33.5315
chr17	16349929	3.5577583668661306	33.5315
chr17	16370307	5.36129052785649	33.604
chr17	16401736	1.6954983290741747	33.7725
chr17	16422084	1.2339150361360705	33.807
chr17	16461795	0.3028391167192544	33.856
chr17	16501420	4.477203691173717	33.868
chr17	16570883	7.417709782104507	34.179
chr17	16583825	0.0	34.275
chr17	16634315	2.8046350284154	34.275
chr17	16661413	2.0031055900621877	34.351
chr17	16693613	0.16861012015681848	34.4155
chr17	16749956	1.9317533578800097	34.425
chr17	16788522	0.0	34.4995
chr17	16860694	0.16981965153016196	34.4995
chr17	16919580	3.8134294036485907	34.5095
chr17	16971764	4.8682153533912516	34.7085
chr17	17044686	0.6152253421926217	35.0635
chr17	17162529	0.0	35.136
chr17	17194879	0.7154440522751392	35.136
chr17	17215845	0.37818800671279545	35.151
chr17	17258152	0.20527618444356424	35.167
chr17	17343403	5.51470588235315	35.1845
chr17	17344763	0.0	35.192
chr17	17353273	0.3586262114060347	35.192
chr17	17413224	0.10670650376115558	35.2135
chr17	17431967	0.35139092240118464	35.2155
chr17	17466117	0.7485391413533083	35.2275
chr17	17486824	1.6250073863969925	35.243
chr17	17503747	0.15277671682854208	35.2705
chr17	17516838	0.653936698927456	35.2725
chr17	17558891	0.7603175085917607	35.3
chr17	17591772	0.026377916408321427	35.325
chr17	17667593	4.863813229571985	35.327
chr17	17680443	0.723576965301601	35.3895
chr17	17740561	1.08958476372419	35.433
chr17	17774060	4.187513595823521	35.4695
chr17	17801642	2.021450257067452	35.585
chr17	17867189	0.09283327144443426	35.7175
chr17	17910277	0.0	35.7215
chr17	17919766	0.0	35.7215
chr17	17954921	0.0	35.7215
chr17	18000462	0.062316943977143525	35.7215
chr17	18032556	2.1427040925643905	35.7235
chr17	18037223	1.9146608315112148	35.7335
chr17	18039051	1.3679455366800044	35.737
chr17	18070485	0.16036606226480252	35.78
chr17	18117253	1.289868667917275	35.7875
chr17	18138573	0.7046223224352015	35.815
chr17	18213081	0.45748243173133146	35.8675
chr17	18319096	2.5876058067630634	35.916
chr17	18341897	0.0	35.975
chr17	18391925	2.8575243690746244	35.975
chr17	18429370	0.8863214531500255	36.082
chr17	18477321	0.29034599564482105	36.1245
chr17	18518651	2.2309658053786445	36.1365
chr17	18543304	3.100882028666049	36.1915
chr17	18565072	4.295478773437025	36.259
chr17	18581019	0.49767750497679386	36.3275
chr17	18647327	0.22338961310359373	36.3605
chr17	18786098	0.2886597938144049	36.3915
chr17	18846723	1.2212439647827114	36.409
chr17	18881933	1.8263557178983554	36.452
chr17	18903287	7.485426603073632	36.491
chr17	18910835	758.3333333333226	36.5475
chr17	18911015	15.477949754997681	36.684
chr17	18923872	4.148862853204517	36.883
chr17	18960147	2.5513848917192252	37.0335
chr17	19009140	0.33398694218800135	37.1585
chr17	19055549	0.57801558990614	37.174
chr17	19085825	4.025028750205393	37.1915
chr17	19225824	3.291072138534278	37.755
chr17	19248461	0.18610190940555346	37.8295
chr17	19302195	0.035313228335377575	37.8395
chr17	19358831	0.0	37.8415
chr17	19391237	0.5399082156027285	37.8415
chr17	19402350	0.29194239003504413	37.8475
chr17	19407488	0.0	37.849
chr17	19434890	0.050911312493698305	37.849
chr17	19474174	0.44552249888621065	37.851
chr17	19534777	0.023971330289003685	37.878
chr17	19618210	0.6653359946771121	37.88
chr17	19639252	0.2849073431772166	37.894
chr17	19679616	0.07008199593508091	37.9055
chr17	19708154	0.090619579007392	37.9075
chr17	19746777	6.03141738308504	37.911
chr17	19791211	0.0	38.179
chr17	19823782	0.2893782935817607	38.179
chr17	19856611	0.032187977790334665	38.1885
chr17	19980881	0.711605641091865	38.1925
chr17	20027255	0.0	38.2255
chr17	20037875	0.08571367347386566	38.2255
chr17	20084542	0.33921302578013296	38.2295
chr17	20118444	0.9594394760931858	38.241
chr17	20175248	0.0	38.2955
chr17	20221234	0.8949410770794851	38.2955
chr17	20291071	1.6201203517976235	38.358
chr17	20310514	1.0293007616826026	38.3895
chr17	20325087	0.11013721261071502	38.4045
chr17	20434042	0.6712710891000747	38.4165
chr17	20501079	0.5428095823985152	38.4615
chr17	20514896	0.07637085688091373	38.469
chr17	20560725	0.1861726884666405	38.4725
chr17	20635924	1.1207019886498413	38.4865
chr17	20677862	0.28595030819089856	38.5335
chr17	20819495	0.0	38.574
chr17	20832190	0.6007208650380684	38.574
chr17	20854663	0.2641219094865664	38.5875
chr17	21202987	0.34503808689652815	38.6795
chr17	21316018	0.4333721304573511	38.7185
chr17	21356399	2.016289496723543	38.736
chr17	21394092	0.38880248833595904	38.812
chr17	21518834	0.46579379732035275	38.8605
chr17	21577873	5.062305295950117	38.888
chr17	21608689	2.3774509803923634	39.044
chr17	21629089	1.1403475703999237	39.0925
chr17	21682143	2.09896810506569	39.153
chr17	21724783	0.32087580218951767	39.2425
chr17	21804253	1.9581072827218529	39.268
chr17	21832086	0.3973239693738285	39.3225
chr17	21925209	0.0	39.3595
chr17	21945985	4.937314640064815	39.3595
chr17	21975657	0.0	39.506
chr17	21990951	0.966675146273129	39.506
chr17	22010606	0.27739536030576184	39.525
chr17	22059273	0.7660633917455826	39.5385
chr17	22080159	0.025566293398814288	39.5545
chr17	22236615	0.638701170265199	39.5585
chr17	22260883	0.6156901688183894	39.574
chr17	22286058	0.0	39.5895
chr17	22355242	0.4081306017925891	39.5895
chr17	22417722	0.0	39.615
chr17	22462010	0.0	39.615
chr17	22486060	0.08288781134714819	39.615
chr17	22510189	0.0	39.617
chr17	22530409	0.0	39.617
chr17	22568435	0.0	39.617
chr17	22603214	0.0	39.617
chr17	22646692	0.32528462404617114	39.617
chr17	22686657	5.973750809251626	39.63
chr17	22703648	1.6824395373291456	39.7315
chr17	22808258	0.0	39.9075
chr17	22884364	0.0	39.9075
chr17	22940817	0.06878095142811566	39.9075
chr17	23020781	0.0	39.913
chr17	23066967	0.07873189166492005	39.913
chr17	23143175	0.6744712627066966	39.919
chr17	23163932	2.0897357098958835	39.933
chr17	23172067	0.6098114774304496	39.95
chr17	23249140	0.06935173466022475	39.997
chr17	23306817	1.8700621953269172	40.001
chr17	23330613	0.0	40.0455
chr17	23366730	0.0	40.0455
chr17	23373553	0.0	40.0455
chr17	23397405	0.0	40.0455
chr17	23431920	0.0	40.0455
chr17	23467785	0.6212424849700584	40.0455
chr17	23492735	0.0	40.061
chr17	23564838	0.10527423939362437	40.061
chr17	23621832	0.08170935980726576	40.067
chr17	23646309	1.1474145552357833	40.069
chr17	23805798	0.08631106507849524	40.252
chr17	23852142	0.9743111208694417	40.256
chr17	23888578	0.25346007887490385	40.2915
chr17	24103602	0.0	40.346
chr17	24109827	0.0	40.346
chr17	24120756	0.0	40.346
chr17	24145324	0.13678286696898942	40.346
chr17	24170912	0.5801866266982766	40.3495
chr17	24191595	0.06548359635919207	40.3615
chr17	24222137	9.233176838810529	40.3635
chr17	24247697	0.1555391375355343	40.5995
chr17	24299131	2.781475034981685	40.6075
chr17	24328432	0.0	40.689
chr17	24367494	0.0	40.689
chr17	24395857	0.3338839489685702	40.689
chr17	24424310	0.06463392958129789	40.6985
chr17	24486197	7.768678483284749	40.7025
chr17	24504025	0.9045775833051194	40.841
chr17	24527793	0.18971848225217816	40.8625
chr17	24609493	0.0	40.878
chr17	24630530	0.0	40.878
chr17	24668413	5.7832718860694206	40.878
chr17	24682246	0.0	40.958
chr17	24816221	1.3522753947113302	40.958
chr17	24914204	0.6423097021424566	41.0905
chr17	24960132	1.0167361288142531	41.12
chr17	25128809	0.09265407600723052	41.2915
chr17	25193566	0.4105090311987591	41.2975
chr17	25234978	5.4797239189397775	41.3145
chr17	25280327	4.254945826204948	41.563
chr17	25303124	0.09568526224438988	41.66
chr17	25527819	0.5502163075648762	41.6815
chr17	25858598	0.2739225712198789	41.8635
chr17	25880502	5.673202614379052	41.8695
chr17	25918752	0.20044900577293898	42.0865
chr17	25956168	0.32186981603903275	42.094
chr17	26077335	0.8479762861587772	42.133
chr17	26212952	2.348548717331174	42.248
chr17	26229558	0.47328876530809155	42.287
chr17	26246461	4.973925237740253	42.295
chr17	26269280	1.6603352548946684	42.4085
chr17	26306923	1.283316880552862	42.471
chr17	26337313	0.03368761474847891	42.51
chr17	26396682	0.0	42.512
chr17	26404192	6.497424235392424	42.512
chr17	26425739	3.238232306129182	42.652
chr17	26449363	0.033271780539376225	42.7285
chr17	26509474	0.0	42.7305
chr17	26575097	2.0866114797838926	42.7305
chr17	26618948	0.2973459747850324	42.822
chr17	26677802	0.1768867924528369	42.8395
chr17	26711722	0.0	42.8455
chr17	26730810	0.1823544335912417	42.8455
chr17	26793874	0.21368662855928927	42.857
chr17	26831312	0.05564985113651851	42.865
chr17	26867251	0.4477568824566818	42.867
chr17	26901868	0.23391812865504888	42.8825
chr17	26936068	0.0	42.8905
chr17	26941538	0.12431419999668966	42.8905
chr17	27001869	5.852405195793765	42.898
chr17	27022886	0.06410667350479018	43.021
chr17	27054084	0.0	43.023
chr17	27082820	0.19525529629980393	43.023
chr17	27123792	0.10476140589800909	43.031
chr17	27161974	1.2438129920756087	43.035
chr17	27200967	0.08884940026665679	43.0835
chr17	27223477	0.03081094404732678	43.0855
chr17	27272161	0.7831729693443358	43.087
chr17	27307913	7.741659538066613	43.115
chr17	27342983	2.063396065317152	43.3865
chr17	27371092	0.3358766380252824	43.4445
chr17	27470831	1.4178982385340357	43.478
chr17	27525842	6.914316702820218	43.556
chr17	27529530	1.0926206085056727	43.5815
chr17	27565224	1.875000000000071	43.6205
chr17	27566024	1.0429567824782113	43.622
chr17	27581365	0.8532674257805475	43.638
chr17	27615352	0.8404415454089333	43.667
chr17	27695072	1.4313137776579288	43.734
chr17	27724765	7.206137933957938	43.7765
chr17	27748356	2.318045272843366	43.9465
chr17	27790633	0.0	44.0445
chr17	27809749	0.03347915364699707	44.0445
chr17	27854553	1.1370965004583564	44.046
chr17	27884014	1.5313334380393933	44.0795
chr17	27896748	1.870806147376377	44.099
chr17	27929087	2.3203788762225797	44.1595
chr17	27971106	0.5398372183157284	44.257
chr17	28007228	0.6811909780039616	44.2765
chr17	28093107	0.5503771850983844	44.335
chr17	28192130	6.063916962578761	44.3895
chr17	28210435	0.28987607797667597	44.5005
chr17	28251832	0.3387485044613686	44.5125
chr17	28321205	0.44071559153827733	44.536
chr17	28351837	2.0859919505250257	44.5495
chr17	28372211	0.8375495692602128	44.592
chr17	28489219	2.4763619990995984	44.69
chr17	28502545	0.37384575124296276	44.723
chr17	28529294	0.8848542448424803	44.733
chr17	28590321	2.410854451670737	44.787
chr17	28608157	0.3651800794267892	44.83
chr17	28630064	2.174273171539882	44.838
chr17	28654210	11.600521146522194	44.8905
chr17	28674166	0.8729199477468941	45.122
chr17	28756075	0.9956930486732188	45.1935
chr17	28820854	1.0828135828135828	45.258
chr17	28878574	1.6136363636363171	45.3205
chr17	28900574	9.114043913120458	45.356
chr17	28917471	8.796232165119992	45.51
chr17	28931909	4.008680450901067	45.637
chr17	28948498	0.41851510839542894	45.7035
chr17	28984339	0.04070004070009044	45.7185
chr17	29033479	0.9208910717418346	45.7205
chr17	29067685	0.38388807529894964	45.752
chr17	29138018	2.172640142993484	45.779
chr17	29170467	0.44682752457553077	45.8495
chr17	29183895	0.5801662613450916	45.8555
chr17	29246808	0.5304576708207558	45.892
chr17	29321272	7.308042094322509	45.9315
chr17	29352060	0.13347570742093826	46.1565
chr17	29367044	0.9061788754953715	46.1585
chr17	29390770	5.616672955792291	46.18
chr17	29425221	0.469330286087339	46.3735
chr17	29449724	1.6286644951140683	46.385
chr17	29497616	0.0	46.463
chr17	29528863	2.0319585241407014	46.463
chr17	29662724	0.331729971802965	46.735
chr17	29716985	0.2573163618897411	46.753
chr17	29746132	0.08163931749540551	46.7605
chr17	29770630	0.7854877434270574	46.7625
chr17	29838104	7.490889458766169	46.8155
chr17	29852922	0.11341083073447374	46.9265
chr17	29870557	2.0991410853906456	46.9285
chr17	29896520	0.7516485018280628	46.983
chr17	29925789	10.246545226130484	47.005
chr17	29938525	1.501976284585037	47.1355
chr17	29976475	0.5178332460580591	47.1925
chr17	30062410	3.093264853507486	47.237
chr17	30088111	1.7445793427564171	47.3165
chr17	30116198	4.209960587602999	47.3655
chr17	30144108	2.1178214676503573	47.483
chr17	30172439	4.2810609585854404	47.543
chr17	30236909	6.258570373756101	47.819
chr17	30265350	5.022578564187604	47.997
chr17	30330456	2.510082241284573	48.324
chr17	30437823	1.7891419227944187	48.5935
chr17	30522221	3.8420356490520846	48.7445
chr17	30585729	0.2668801708031614	48.9885
chr17	30615705	5.028377974708707	48.9965
chr17	30625748	3.4291638422586876	49.047
chr17	30650827	4.595283831224686	49.133
chr17	30711215	0.31520711281157643	49.4105
chr17	30803218	0.0	49.4395
chr17	31103122	0.06895362868467131	49.4395
chr17	31161132	0.0	49.4435
chr17	31194557	0.0	49.4435
chr17	31231989	0.0	49.4435
chr17	31282449	0.11221455422768757	49.4435
chr17	31335918	0.5425281813249949	49.4495
chr17	31418863	0.19295625765529736	49.4945
chr17	31478462	0.0	49.506
chr17	31599335	1.4449196624667433	49.506
chr17	31659892	0.22000990044539812	49.5935
chr17	31678073	6.036217303823166	49.5975
chr17	31679067	0.2875034184857961	49.6035
chr17	31821674	0.0	49.6445
chr17	31867848	0.04147914635921862	49.6445
chr17	31916065	0.1215399106680983	49.6465
chr17	31948976	0.06065568798721513	49.6505
chr17	31981949	0.36488244439502704	49.6525
chr17	32044983	0.13705201123843241	49.6755
chr17	32059576	0.08014104824472428	49.6775
chr17	32084532	6.395460665512727	49.6795
chr17	32105328	1.0612660019014228	49.8125
chr17	32241015	0.0	49.9565
chr17	32254208	0.0	49.9565
chr17	32289354	0.0	49.9565
chr17	32323704	0.0	49.9565
chr17	32368515	0.0	49.9565
chr17	32389052	0.7044398751046956	49.9565
chr17	32441576	0.43617126053502614	49.9935
chr17	32512649	0.04536073121488147	50.0245
chr17	32556740	0.07935878104922006	50.0265
chr17	32581942	0.02448220143958337	50.0285
chr17	32663634	0.5980677810149865	50.0305
chr17	32696239	0.0	50.05
chr17	32748042	0.0	50.05
chr17	32836411	1.4607106294789438	50.05
chr17	32876460	1.7947321516981387	50.1085
chr17	32916856	10.12285320295874	50.181
chr17	32932810	0.48190448653067375	50.3425
chr17	32974312	0.7867676656787493	50.3625
chr17	33028966	3.750961785072782	50.4055
chr17	33044562	0.779561804206928	50.464
chr17	33154239	3.8556193601313042	50.5495
chr17	33178619	2.0059029296020454	50.6435
chr17	33270099	0.7857692179088014	50.827
chr17	33300006	4.101348888078902	50.8505
chr17	33321950	1.6628381389927196	50.9405
chr17	33380284	0.3087440732163589	51.0375
chr17	33425629	0.45381554143686703	51.0515
chr17	33597505	4.099038655956455	51.1295
chr17	33651908	0.44696850186683	51.3525
chr17	33689942	0.15244134819125307	51.3695
chr17	33755541	0.08843687817830839	51.3795
chr17	33778156	1.4168765743070388	51.3815
chr17	33800388	0.0	51.413
chr17	33818351	0.580540289496113	51.413
chr17	33831270	0.5899898390639052	51.4205
chr17	33861779	0.0	51.4385
chr17	33884417	0.5320311238207861	51.4385
chr17	33989674	0.519549921325247	51.4945
chr17	34023357	0.052034550941796535	51.512
chr17	34100229	0.6161904028346816	51.516
chr17	34113212	0.12346985571674256	51.524
chr17	34141559	3.0049080164267075	51.5275
chr17	34171510	0.0	51.6175
chr17	34193887	2.4045067326189424	51.6175
chr17	34215721	0.2242152466367798	51.67
chr17	34242481	21.447631754503025	51.676
chr17	34257471	0.0	51.9975
chr17	34269681	0.3463203463201544	51.9975
chr17	34281231	1.743910265353386	52.0015
chr17	34317070	1.5404060352319093	52.064
chr17	34329729	1.699149300085478	52.0835
chr17	34374163	0.8999798404515739	52.159
chr17	34443609	0.0	52.2215
chr17	34445728	1.5985690342389816	52.2215
chr17	34516729	5.242030696576014	52.335
chr17	34537904	0.7948387695663803	52.446
chr17	34624085	0.06991051454141038	52.5145
chr17	34738517	0.0	52.5225
chr17	34780415	0.38279510022256685	52.5225
chr17	34809151	0.5440696409140576	52.5335
chr17	34820179	0.30006765161603793	52.5395
chr17	34911825	0.43257816586864073	52.567
chr17	34961527	0.38679410076608695	52.5885
chr17	35041673	0.0	52.6195
chr17	35082663	0.0	52.6195
chr17	35138947	1.6671213361219641	52.6195
chr17	35171938	5.767751858497129	52.6745
chr17	35179740	0.02946839024007027	52.7195
chr17	35230642	0.915128379438655	52.721
chr17	35249765	0.05615926768301852	52.7385
chr17	35285378	7.39640531701037	52.7405
chr17	35318705	1.010498687664018	52.987
chr17	35356805	0.07447957397692788	53.0255
chr17	35383658	0.05665936390421005	53.0275
chr17	35410132	2.3467600700522966	53.029
chr17	35424407	0.7257329903202034	53.0625
chr17	35524306	0.21249803242563375	53.135
chr17	35587836	1.5049879600963763	53.1485
chr17	35622720	1.342386638570179	53.201
chr17	35686785	0.08813543734335319	53.287
chr17	35817266	0.05548158011543007	53.2985
chr17	35997506	0.31401844445176263	53.3085
chr17	36058012	0.0	53.3275
chr17	36079375	2.1941567516031615	53.3275
chr17	36155942	7.985611510791329	53.4955
chr17	36176792	0.2796338268625888	53.662
chr17	36210765	0.5107757200288622	53.6715
chr17	36241111	0.6569527499368564	53.687
chr17	36300476	0.0	53.726
chr17	36337818	0.0	53.726
chr17	36369024	0.023312740412664	53.726
chr17	36454814	0.392951687623909	53.728
chr17	36478990	2.060977686935945	53.7375
chr17	36508345	0.0	53.798
chr17	36537229	54.235946159936844	53.798
chr17	36538492	2.9304574191148474	53.8665
chr17	36605717	0.2702702702706006	54.0635
chr17	36613117	0.0	54.0655
chr17	36636410	0.0	54.0655
chr17	36637600	0.06109481915937895	54.0655
chr17	36694888	4.439667258622248	54.069
chr17	36726985	0.0	54.2115
chr17	36789602	0.0	54.2115
chr17	36826725	0.0530461766968794	54.2115
chr17	36864428	0.0	54.2135
chr17	36903813	0.0	54.2135
chr17	36984879	0.18320051296133474	54.2135
chr17	37006713	0.05514351098721605	54.2175
chr17	37042982	0.5019240421616386	54.2195
chr17	37108729	0.16457857598392625	54.2525
chr17	37157338	2.93078528986663	54.2605
chr17	37194700	0.0	54.37
chr17	37218713	0.03659116689235691	54.37
chr17	37273371	0.08485722771432354	54.372
chr17	37320509	0.5267442417278545	54.376
chr17	37341392	0.5727572705978309	54.387
chr17	37399881	0.41506533435820175	54.4205
chr17	37432406	0.0	54.434
chr17	37533903	0.0	54.434
chr17	37552219	0.0	54.434
chr17	37581697	0.0	54.434
chr17	37731305	0.0	54.434
chr17	37754798	0.019672905163482586	54.434
chr17	37831045	0.03676234065827464	54.4355
chr17	37939852	0.0	54.4395
chr17	38007891	0.0	54.4395
chr17	38046894	0.0	54.4395
chr17	38080659	0.39909459137475023	54.4395
chr17	38164599	0.0	54.473
chr17	38236664	2.9208044730034337	54.473
chr17	38260630	0.0	54.543
chr17	38276893	0.08577955557163251	54.543
chr17	38387642	0.1371718591930105	54.5525
chr17	38445963	0.0	54.5605
chr17	38483872	0.8711507293354793	54.5605
chr17	38533232	0.0	54.6035
chr17	38616287	0.0	54.6035
chr17	38740945	0.06640988179045787	54.6035
chr17	38793648	0.575142347730949	54.607
chr17	38811035	0.0	54.617
chr17	38908506	0.5607776116214697	54.617
chr17	38964678	0.0	54.6485
chr17	38994503	0.14896267807824454	54.6485
chr17	39031425	0.0	54.654
chr17	39140035	0.0	54.654
chr17	39146712	0.0	54.654
chr17	39176311	0.0	54.654
chr17	39238796	0.0	54.654
chr17	39258499	0.0	54.654
chr17	39285654	0.3946631359167859	54.654
chr17	39324928	0.025761244783333654	54.6695
chr17	39480200	1.3299670889502662	54.6735
chr17	39502381	0.09585569966323865	54.703
chr17	39622353	0.0	54.7145
chr17	39664648	2.6224751701817346	54.7145
chr17	39673609	0.8295462742550723	54.738
chr17	39687472	0.1947319872912315	54.7495
chr17	39736257	4.243873281530063	54.759
chr17	39744622	0.30889865747886713	54.7945
chr17	39786707	0.06482561908474149	54.8075
chr17	39817559	0.04502780466935839	54.8095
chr17	39906393	0.0	54.8135
chr17	39929275	0.947193937958833	54.8135
chr17	39954613	0.8750490329200528	54.8375
chr17	39987754	0.10222098317996171	54.8665
chr17	40041559	0.8703113508212545	54.872
chr17	40082349	0.8680017360034755	54.9075
chr17	40162994	0.0	54.9775
chr17	40187435	0.10039872637051436	54.9775
chr17	40222296	0.0665424540855516	54.981
chr17	40252352	0.21201413427562643	54.983
chr17	40280652	0.12299333696971342	54.989
chr17	40374153	0.0	55.0005
chr17	40427450	0.5439669623330575	55.0005
chr17	40517529	0.7601765571356474	55.0495
chr17	40537919	0.06575270408003564	55.065
chr17	40598753	0.4815647148890115	55.069
chr17	40639246	4.082156611039585	55.0885
chr17	40658721	0.3378949146814668	55.168
chr17	40688316	1.3993898395012503	55.178
chr17	40763706	0.0	55.2835
chr17	40780142	0.2367280540954043	55.2835
chr17	40862515	0.3624883068288811	55.303
chr17	40905275	0.0	55.3185
chr17	40933144	2.6695669369190824	55.3185
chr17	40983714	0.5310342673289917	55.4535
chr17	41015727	0.2576544853351753	55.4705
chr17	41062301	4.294478527607219	55.4825
chr17	41077786	0.23884949967322192	55.549
chr17	41117560	0.0	55.5585
chr17	41181715	1.9356279623792303	55.5585
chr17	41222012	10.459348716842774	55.6365
chr17	41245197	1.3196445434515227	55.879
chr17	41286496	0.8922890706227372	55.9335
chr17	41479819	3.0951471150173124	56.106
chr17	41492904	0.3876563021194816	56.1465
chr17	41603827	0.7999999999999878	56.1895
chr17	41659452	1.429973363241128	56.234
chr17	41695117	0.5550686532283219	56.285
chr17	41712232	1.9551616266945473	56.2945
chr17	41739084	0.34203625584313235	56.347
chr17	41835565	1.495524670534741	56.38
chr17	41880031	1.144950767117193	56.4465
chr17	41897499	0.03553491898038607	56.4665
chr17	41939711	3.3971718544311136	56.468
chr17	41963260	3.374807840122883	56.548
chr17	42004892	5.4818802521008925	56.6885
chr17	42050588	0.7649938800489033	56.939
chr17	42106144	0.34980988593171625	56.9815
chr17	42139019	8.146790808240727	56.993
chr17	42159211	3.423689759363495	57.1575
chr17	42205214	8.196301418984872	57.315
chr17	42224735	2.1729450529877976	57.475
chr17	42337025	0.16841041618414765	57.719
chr17	42384528	2.7449675594744014	57.727
chr17	42438627	2.1672968735588416	57.8755
chr17	42460313	0.4379598578507006	57.9225
chr17	42500271	1.723823005616706	57.94
chr17	42631665	6.658540989526943	58.1665
chr17	42675969	1.093368592351306	58.4615
chr17	42695633	0.0	58.483
chr17	42732069	0.3195092338170208	58.483
chr17	42763367	0.3972789578119439	58.493
chr17	42998718	0.0	58.5865
chr17	43011190	0.19955300127714676	58.5865
chr17	43048774	3.188178712106289	58.594
chr17	43094725	5.25351718523423	58.7405
chr17	43173339	0.20179089418578802	59.1535
chr17	43212984	0.5035880649628944	59.1615
chr17	43371844	3.7173224542380296	59.2415
chr17	43409102	2.075203973039912	59.38
chr17	43437292	3.1185031185032366	59.4385
chr17	43445469	1.6374666690528368	59.464
chr17	43501348	2.080443828016722	59.5555
chr17	43504953	30.69806560134484	59.563
chr17	43508520	20.223610654390185	59.6725
chr17	43520684	8.986373723109557	59.9185
chr17	43575211	0.08774128854355731	60.4085
chr17	43615101	1.1687797147384607	60.412
chr17	43640341	2.254912487920197	60.4415
chr17	43686906	0.0	60.5465
chr17	43706865	0.21510002150950083	60.5465
chr17	43716163	0.0	60.5485
chr17	43761370	0.3302934106464701	60.5485
chr17	43815867	0.09293248455008803	60.5665
chr17	43837388	0.3312720848056663	60.5685
chr17	43860028	0.0990049997526085	60.576
chr17	43880229	0.7929585282688137	60.578
chr17	43892840	0.1516300227444669	60.588
chr17	44004955	0.11188393906055209	60.605
chr17	44058582	0.4415325452215626	60.611
chr17	44128792	0.2631348127357349	60.642
chr17	44151594	3.670473083197345	60.648
chr17	44228832	0.0	60.9315
chr17	44262252	17.93492185498342	60.9315
chr17	44266155	0.06421168199353594	61.0015
chr17	44663279	0.8479422610478843	61.027
chr17	44713990	2.195721364973101	61.07
chr17	44738811	3.749800542524665	61.1245
chr17	44751345	3.3597518952446115	61.1715
chr17	44791973	1.6487330787920311	61.308
chr17	44832307	1.5553093574230337	61.3745
chr17	44855775	12.540767199875772	61.411
chr17	44881531	1.4993026499302393	61.734
chr17	44938891	3.02280550774533	61.82
chr17	44985371	37.03703703703416	61.9605
chr17	44987585	3.8705525420612896	62.0425
chr17	45041970	10.049403172849752	62.253
chr17	45074559	0.0	62.5805
chr17	45100435	0.25577577387037614	62.5805
chr17	45184493	2.424861413549707	62.602
chr17	45340172	0.602503737754613	62.9795
chr17	45429798	0.044570231542407336	63.0335
chr17	45474671	0.38517091959558514	63.0355
chr17	45505826	0.0	63.0475
chr17	45529728	0.6443400229448527	63.0475
chr17	45593359	1.305538008001634	63.0885
chr17	45617104	1.3338739969267543	63.1195
chr17	45663960	2.7606220700944646	63.182
chr17	45731155	4.975831674722964	63.3675
chr17	45741706	3.8966327909515956	63.42
chr17	45795727	2.6716770521175484	63.6305
chr17	45858796	1.7845458330855473	63.799
chr17	45892418	10.002353494939808	63.859
chr17	45905165	0.2605738109606322	63.9865
chr17	45941623	0.48062424607963217	63.996
chr17	45994679	1.0222761096448696	64.0215
chr17	46036742	5.561917225585224	64.0645
chr17	46061194	0.07786645902277889	64.2005
chr17	46138249	20.30745872081976	64.2065
chr17	46154056	2.0986553747864116	64.5275
chr17	46180978	0.9904153354634476	64.584
chr17	46196628	0.22500562514063704	64.5995
chr17	46223294	1.9833663894398201	64.6055
chr17	46283293	0.6690279417550534	64.7245
chr17	46346818	4.203777641277528	64.767
chr17	46372866	0.8974778905994134	64.8765
chr17	46449191	2.4722751995479366	64.945
chr17	46505819	0.9825256593478736	65.085
chr17	46567395	0.14948241713060215	65.1455
chr17	46620913	0.7077012411991267	65.1535
chr17	46676021	2.5080839068072573	65.1925
chr17	46724265	1.1293763332915474	65.3135
chr17	46764110	16.497743582155728	65.3585
chr17	46777627	1.9220091402207107	65.5815
chr17	46801040	0.2527087216100634	65.6265
chr17	46832697	0.11026747739524594	65.6345
chr17	46864438	0.7451025033373195	65.638
chr17	46961069	0.0	65.71
chr17	46988558	1.1309910976924096	65.71
chr17	47194572	0.0	65.943
chr17	47252871	0.8992284040147912	65.943
chr17	47287345	4.168674194021369	65.974
chr17	47335082	2.864524825881667	66.173
chr17	47388494	2.8209084771920785	66.326
chr17	47409232	0.032122837731410336	66.3845
chr17	47471493	0.0	66.3865
chr17	47504644	4.113492254595037	66.3865
chr17	47554480	17.55007080720205	66.5915
chr17	47584138	1.4037024855518743	67.112
chr17	47669270	1.8450696409745544	67.2315
chr17	47705312	5.323463800445638	67.298
chr17	47715174	3.6719706242351453	67.3505
chr17	47739684	0.0	67.4405
chr17	47815194	6.95227358136021	67.4405
chr17	47825838	4.014049172103699	67.5145
chr17	47829824	2.5745487466756836	67.5305
chr17	47882843	0.3747477659266577	67.667
chr17	47934878	1.5918322538152287	67.6865
chr17	47962205	1.5926885177577226	67.73
chr17	48029387	7.511346928338082	67.837
chr17	48045030	2.1841479396205266	67.9545
chr17	48086236	0.5578037843157359	68.0445
chr17	48131951	0.1892310338899725	68.07
chr17	48161016	6.062514762616973	68.0755
chr17	48186418	2.2134578235669915	68.2295
chr17	48211266	0.6677005255450571	68.2845
chr17	48234480	4.702772484170148	68.3
chr17	48250747	0.8700753733866882	68.3765
chr17	48351313	1.4902874370480161	68.464
chr17	48380502	0.0	68.5075
chr17	48407955	2.8280542986428845	68.5075
chr17	48427403	0.2508184602387456	68.5625
chr17	48503155	1.6056240236066623	68.5815
chr17	48526199	1.2877035226329716	68.6185
chr17	48572017	0.9997412434429672	68.6775
chr17	48614528	0.6334028033183342	68.72
chr17	48663470	0.8131857461886937	68.751
chr17	48704666	11.223637502610327	68.7845
chr17	48714244	0.9552034093414358	68.892
chr17	48755073	0.3411045856320243	68.931
chr17	48788787	1.5765069551782425	68.9425
chr17	48804962	0.33400959968332206	68.968
chr17	48885798	2.7548209366390712	68.995
chr17	48917016	20.1057202189913	69.081
chr17	48932907	2.5262429345947917	69.4005
chr17	48976252	4.805704099821591	69.51
chr17	49046377	30.71340633707016	69.847
chr17	49061810	0.699419081221759	70.321
chr17	49174046	0.09766737746813972	70.3995
chr17	49235479	2.796212064722918	70.4055
chr17	49275712	1.592779400053153	70.518
chr17	49294547	2.1554366036038113	70.548
chr17	49343493	2.277380803142553	70.6535
chr17	49367424	9.29752066116227	70.708
chr17	49368876	1.163971895369051	70.7215
chr17	49392502	0.3275466754028087	70.749
chr17	49398608	0.30166519185878765	70.751
chr17	49423470	1.2116672541418492	70.7585
chr17	49446166	1.6928215217089229	70.786
chr17	49468023	11.279386604144952	70.823
chr17	49483804	0.3668462684854094	71.001
chr17	49527419	0.4609229521194285	71.017
chr17	49581658	2.078097815580522	71.042
chr17	49602350	2.454050461412706	71.085
chr17	49641469	0.05529953917077096	71.181
chr17	49668594	2.251723976169173	71.1825
chr17	49753862	4.664704777409082	71.3745
chr17	49769833	2.340281271188279	71.449
chr17	49815554	2.6058407567270168	71.556
chr17	49859110	0.23089355807001202	71.6695
chr17	49876434	0.095732714261558	71.6735
chr17	49918217	0.5980775050800444	71.6775
chr17	49987606	3.7370803792605147	71.719
chr17	50011020	5.827974276527416	71.8065
chr17	50028436	5.6716861501882105	71.908
chr17	50068812	2.1210111025765923	72.137
chr17	50126096	1.4178912090739468	72.2585
chr17	50129975	0.10279869445670604	72.264
chr17	50207797	0.0	72.272
chr17	50219825	0.21954451313575535	72.272
chr17	50477176	2.8890692899092905	72.3285
chr17	50498117	3.4333379418406587	72.389
chr17	50519816	0.2521591124002325	72.4635
chr17	50551542	0.8114803109241068	72.4715
chr17	50563249	0.0932661816826359	72.481
chr17	50649025	0.267320115838727	72.489
chr17	50671470	0.0	72.495
chr17	50689180	0.04161767919002297	72.495
chr17	50785293	2.653893455887826	72.499
chr17	50800742	1.4563223647786043	72.54
chr17	50883828	0.31185172128586136	72.661
chr17	50957581	1.1693434770357625	72.684
chr17	50993071	0.5058401545111625	72.7255
chr17	51069182	1.5211201684933686	72.764
chr17	51094821	0.27704028627497296	72.803
chr17	51138136	2.871644183250919	72.815
chr17	51168084	2.998544968343297	72.901
chr17	51218942	3.537886532072675	73.0535
chr17	51281550	3.575009809477858	73.275
chr17	51304487	5.965843526425062	73.357
chr17	51347817	1.9164484960353092	73.6155
chr17	51454003	0.0	73.819
chr17	51624929	0.0	73.819
chr17	51638251	1.2017075008072475	73.819
chr17	51666128	1.550897640755101	73.8525
chr17	51687406	3.5103737052547492	73.8855
chr17	51719169	2.8076059198179215	73.997
chr17	51784171	0.028599210661719082	74.1795
chr17	51854103	5.182657059789763	74.1815
chr17	51862014	2.446305663819843	74.2225
chr17	51898191	3.1302170283802586	74.311
chr17	51926943	1.8072289156629093	74.401
chr17	51964293	0.0	74.4685
chr17	51997209	4.138877063525446	74.4685
chr17	52018350	6.679800529459243	74.556
chr17	52034593	1.3821379540647927	74.6645
chr17	52088495	0.45645426328266336	74.739
chr17	52143265	1.8588498079953109	74.764
chr17	52208628	1.4113535552669727	74.8855
chr17	52275585	3.8090401218894283	74.98
chr17	52287399	0.3587926626898491	75.025
chr17	52309696	2.065677966101773	75.033
chr17	52328576	1.4045717433214524	75.072
chr17	52364886	8.464710162502778	75.123
chr17	52385501	4.871202113606469	75.2975
chr17	52427893	3.5558118302819697	75.504
chr17	52490326	0.9295408068412354	75.726
chr17	52511842	2.728302275301368	75.746
chr17	52550694	0.7253758064017817	75.852
chr17	52615488	3.1580696991524273	75.899
chr17	52651586	0.5860233432631955	76.013
chr17	52672063	4.767195232804565	76.025
chr17	52721568	5.572955047899947	76.261
chr17	52775848	3.6346791148486175	76.5635
chr17	52831974	3.458996833555187	76.7675
chr17	52919138	2.971158026957593	77.069
chr17	52939837	0.3344881137258582	77.1305
chr17	52981692	2.573966566412698	77.1445
chr17	53053177	2.483831661823848	77.3285
chr17	53085184	2.3611851626171965	77.408
chr17	53124571	0.0	77.501
chr17	53146714	0.7977389798057297	77.501
chr17	53168651	0.16409134418160065	77.5185
chr17	53241781	1.357673307815592	77.5305
chr17	53272348	0.29631824579582067	77.572
chr17	53326344	6.890848952591655	77.588
chr17	53342670	0.31680658957632485	77.7005
chr17	53355296	3.0132288094076154	77.7045
chr17	53375706	0.4124778031012563	77.766
chr17	53447225	1.7965204236004493	77.7955
chr17	53468377	0.5013368983957409	77.8335
chr17	53492313	3.071844482141721	77.8455
chr17	53514124	1.0566857594311607	77.9125
chr17	53564754	0.0812199232472718	77.966
chr17	53614003	0.03695013579166292	77.97
chr17	53668130	1.508102857727046	77.972
chr17	53687691	0.04454640621889101	78.0015
chr17	53732588	0.14324082363440205	78.0035
chr17	53760513	0.0	78.0075
chr17	53785433	0.0	78.0075
chr17	53838627	0.0	78.0075
chr17	53861469	0.247142415817124	78.0075
chr17	53910024	0.5787493752138891	78.0195
chr17	53948037	0.9985630434252372	78.0415
chr17	53989096	0.4797543657649739	78.0825
chr17	54030784	0.7786579998644503	78.1025
chr17	54045553	1.526054590570601	78.114
chr17	54085853	3.8597619813446298	78.1755
chr17	54098289	0.8946608946610652	78.2235
chr17	54115614	3.7644787644775355	78.239
chr17	54120794	0.37058769031223415	78.2585
chr17	54153175	2.982464008610924	78.2705
chr17	54197769	0.36994952831461575	78.4035
chr17	54235612	1.6073814295256803	78.4175
chr17	54283516	0.9217468692389664	78.4945
chr17	54346440	0.055972237770333305	78.5525
chr17	54382172	5.743905855981622	78.5545
chr17	54400017	2.111791280173427	78.657
chr17	54437426	2.9821073558647577	78.736
chr17	54480181	2.7524351762930266	78.8635
chr17	54538493	2.0995649094404127	79.024
chr17	54558259	2.0884270578645485	79.0655
chr17	54587707	0.6377181285873259	79.127
chr17	54622205	4.270514309853148	79.149
chr17	54697957	0.31842063365716733	79.4725
chr17	54748205	0.6973848069736386	79.4885
chr17	54768280	2.595476455321264	79.5025
chr17	54779068	3.427217014370801	79.5305
chr17	54825899	29.91964438365484	79.691
chr17	54837597	2.2345408448286155	80.041
chr17	54860868	2.785456091856267	80.093
chr17	54884383	0.0	80.1585
chr17	54928165	0.5976775956288424	80.1585
chr17	54934021	3.6723315284404774	80.162
chr17	54971327	0.5881055649485823	80.299
chr17	55012136	1.2934064389148456	80.323
chr17	55047701	3.241808952468919	80.369
chr17	55091041	1.0965580261955943	80.5095
chr17	55140286	1.153300212916922	80.5635
chr17	55196646	4.351610095735302	80.6285
chr17	55229967	0.0	80.7735
chr17	55229968	7.173210648310803	80.7735
chr17	55286916	11.986897031539861	81.182
chr17	55321412	0.787578757875551	81.5955
chr17	55339188	2.468904306519399	81.6095
chr17	55355187	7.447056085641152	81.649
chr17	55406751	0.08360155498902497	82.033
chr17	55454597	2.027883396704766	82.037
chr17	55466432	5.224693890633454	82.061
chr17	55482031	1.4127411593305583	82.1425
chr17	55504682	0.0	82.1745
chr17	55515254	2.8735632183908466	82.1745
chr17	55550576	0.38330085923277396	82.276
chr17	55613190	0.0	82.3
chr17	55658767	0.6708857928752183	82.3
chr17	55703484	2.5683780222144863	82.33
chr17	55740667	0.0	82.4255
chr17	55749408	1.065263025973808	82.4255
chr17	55781325	0.5818530307696173	82.4595
chr17	55839759	0.20263835133447722	82.4935
chr17	55889108	0.6413400233898935	82.5035
chr17	55942122	0.08924786362937344	82.5375
chr17	55986941	0.5553182400685702	82.5415
chr17	56022056	1.944371991558429	82.561
chr17	56064229	3.0380243041943165	82.643
chr17	56084637	3.529289193342732	82.705
chr17	56123030	0.0	82.8405
chr17	56135363	0.0	82.8405
chr17	56153390	0.0	82.8405
chr17	56186628	0.3053876816249363	82.8405
chr17	56217736	8.130540342160547	82.85
chr17	56235447	1.210015968918158	82.994
chr17	56296190	0.0	83.0675
chr17	56400092	2.8220504762211247	83.0675
chr17	56493641	1.1146360284659287	83.3315
chr17	56516967	0.0	83.3575
chr17	56564220	0.11244588541764702	83.3575
chr17	56617579	1.195904028701034	83.3635
chr17	56630958	0.4489841733080408	83.3795
chr17	56666594	0.0	83.3955
chr17	56680804	0.5559673832468706	83.3955
chr17	56691596	2.935446855068968	83.4015
chr17	56729069	0.5726746106913119	83.5115
chr17	56774470	2.956802956803288	83.5375
chr17	56796115	0.0	83.6015
chr17	56865814	5.474228072333537	83.6015
chr17	56898330	0.0	83.7795
chr17	56915313	1.6567434636291212	83.7795
chr17	56934628	0.038211692778172525	83.8115
chr17	56986968	1.977425593949373	83.8135
chr17	57090891	0.0	84.019
chr17	57106428	5.054175475686826	84.019
chr17	57121564	3.4072434190045096	84.0955
chr17	57150473	2.4723073948233756	84.194
chr17	57186674	5.402836489156657	84.2835
chr17	57226653	0.11878365536902573	84.4995
chr17	57327677	6.630744683633766	84.5115
chr17	57365908	0.0	84.765
chr17	57391799	11.80030257186065	84.765
chr17	57414934	3.4742886554825914	85.038
chr17	57477105	4.055488174651278	85.254
chr17	57516681	12.512339585390054	85.4145
chr17	57536941	3.11404755138743	85.668
chr17	57579169	0.9158676053646674	85.7995
chr17	57641951	3.733095416979856	85.857
chr17	57684543	1.7226978492379021	86.016
chr17	57703699	0.7833579946033161	86.049
chr17	57761144	0.4087193460492378	86.094
chr17	57801514	1.7574414186192209	86.1105
chr17	57833094	0.0	86.166
chr17	57879928	2.1980163714323155	86.166
chr17	57926106	5.739993794601521	86.2675
chr17	57945444	2.0464929351044954	86.3785
chr17	58039996	5.421736611207691	86.572
chr17	58064158	8.515057113187293	86.703
chr17	58078603	4.9712114916603545	86.826
chr17	58145991	2.1810518061069115	87.161
chr17	58166394	3.394116864102036	87.2055
chr17	58188933	0.09491943712785385	87.282
chr17	58231074	3.8237801514468535	87.286
chr17	58270956	2.038984354962706	87.4385
chr17	58309946	2.197602340067535	87.518
chr17	58375927	1.5230523000671998	87.663
chr17	58472772	8.17815802717666	87.8105
chr17	58520460	0.6077666176185543	88.2005
chr17	58551722	0.15926384710696428	88.2195
chr17	58579977	1.1541105981729949	88.224
chr17	58620701	1.0252237591535913	88.271
chr17	58651426	2.410613169390081	88.3025
chr17	58682331	1.2751765629092233	88.377
chr17	58697623	1.8091440816397244	88.3965
chr17	58754556	3.1882413336578104	88.4995
chr17	58791567	3.4817551040782257	88.6175
chr17	58831633	1.3977423317630284	88.757
chr17	58935014	1.3183232113760721	88.9015
chr17	58968769	0.0	88.946
chr17	58973969	0.0	88.946
chr17	58994059	0.7179660444295554	88.946
chr17	59041415	0.38964259147730085	88.98
chr17	59069646	2.7444413433806636	88.991
chr17	59091144	0.7083204807439377	89.05
chr17	59178675	0.628334017234389	89.112
chr17	59217667	2.9267102963295284	89.1365
chr17	59242268	0.5901445854236259	89.2085
chr17	59269380	0.30142271521554453	89.2245
chr17	59302556	1.9919903216386727	89.2345
chr17	59350498	2.087109353545159	89.33
chr17	59368705	1.450077969016514	89.368
chr17	59437322	1.6875821138948137	89.4675
chr17	59481468	1.7773731725027526	89.542
chr17	59573739	1.74117065942197	89.706
chr17	59614229	2.4468265401236606	89.7765
chr17	59661433	0.4060129528034384	89.892
chr17	59711924	0.0681314937833265	89.9125
chr17	59741279	0.5382131324003324	89.9145
chr17	59821173	0.6287048679720015	89.9575
chr17	59854575	2.2841881468207554	89.9785
chr17	59911488	0.0	90.1085
chr17	59968883	2.1241149521031732	90.1085
chr17	60076928	0.14882336526852902	90.338
chr17	60130683	0.24539414074280844	90.346
chr17	60183659	0.0	90.359
chr17	60215649	0.04287061647966967	90.359
chr17	60262301	0.4860903380194069	90.361
chr17	60289045	0.0	90.374
chr17	60333414	0.4305148958154115	90.374
chr17	60368256	0.08462487004043862	90.389
chr17	60533692	0.26567066214499224	90.403
chr17	60597681	0.2796889858474829	90.42
chr17	60615558	2.0045621068636454	90.425
chr17	60630025	2.6085730400453033	90.454
chr17	60686761	0.1405580153204961	90.602
chr17	60700990	0.0	90.604
chr17	60719275	1.0253475451273664	90.604
chr17	60761212	1.0490610903241997	90.647
chr17	60789809	0.9531401635931374	90.677
chr17	60818661	0.6209720730398453	90.7045
chr17	60848453	0.8474141030249219	90.723
chr17	60906866	0.5967799278788343	90.7725
chr17	60946244	0.0	90.796
chr17	60978837	0.08674531575295263	90.796
chr17	61013421	0.0	90.799
chr17	61083558	0.7204822820170295	90.799
chr17	61117563	0.2979515828681481	90.8235
chr17	61144413	0.0	90.8315
chr17	61185867	0.0	90.8315
chr17	61204210	1.166290443942502	90.8315
chr17	61230790	0.6413102461643788	90.8625
chr17	61271332	0.3176775328675341	90.8885
chr17	61291793	0.5732639453570482	90.895
chr17	61414773	0.10034270894421568	90.9655
chr17	61479551	0.0	90.972
chr17	61516477	2.330088128085616	90.972
chr17	61538150	1.8340716390388778	91.0225
chr17	61588039	0.5159202268921098	91.114
chr17	61765392	0.42062661998097106	91.2055
chr17	61809374	0.9204138893424624	91.224
chr17	61876735	0.0	91.286
chr17	61899536	0.0	91.286
