Chromosome	Position(bp)	Rate(cM/Mb)	Map(cM)
chr7	0	0.0	0.0
chr7	171358	0.0	0.0
chr7	217202	0.7071903164265508	0.0
chr7	338810	8.033323415650106	0.086
chr7	355615	0.5569286993183378	0.221
chr7	572878	0.5544466622310897	0.342
chr7	586405	0.0	0.3495
chr7	651730	0.8461191335740079	0.3495
chr7	713778	0.7340419284749519	0.402
chr7	730807	0.4483854536584666	0.4145
chr7	870196	0.4918711815263544	0.477
chr7	908824	4.525239915736911	0.496
chr7	934458	0.0	0.612
chr7	981451	6.038647342995171	0.612
chr7	999253	0.7193583935349567	0.7195
chr7	1031921	0.0	0.743
chr7	1065161	0.0	0.743
chr7	1072183	0.0	0.743
chr7	1132633	0.0	0.743
chr7	1148167	0.0	0.743
chr7	1183065	0.0	0.743
chr7	1213415	1.245704467353953	0.743
chr7	1236695	0.04100853661037109	0.772
chr7	1383006	0.0	0.778
chr7	1439964	0.0	0.778
chr7	1470739	0.0	0.778
chr7	1479822	0.0	0.778
chr7	1505220	0.7247054423040955	0.778
chr7	1569384	0.850403017082005	0.8245
chr7	1582907	1.3623978201634916	0.836
chr7	1604560	0.6126085987970538	0.8655
chr7	1613538	1.239256233512042	0.871
chr7	1707546	1.9415824081539061	0.9875
chr7	1842745	0.19642338633918163	1.25
chr7	1901292	4.446666315844868	1.2615
chr7	1920295	1.4583057139069202	1.346
chr7	1927838	0.0	1.357
chr7	1944163	2.422169979340317	1.357
chr7	1958200	7.082529759925519	1.391
chr7	1973237	0.0	1.4975
chr7	1993617	0.0	1.4975
chr7	2012583	11.46362622381956	1.4975
chr7	2028721	1.8440752236625886	1.6825
chr7	2083491	0.0	1.7835
chr7	2107719	0.5143431604049288	1.7835
chr7	2150492	1.5064420218037586	1.8055
chr7	2175717	0.0	1.8435
chr7	2192687	0.0	1.8435
chr7	2203523	8.360157367668108	1.8435
chr7	2214707	0.904568068747174	1.937
chr7	2256716	0.0	1.975
chr7	2274484	0.5161623330537459	1.975
chr7	2305482	0.10149848674983093	1.991
chr7	2359670	11.651283925797328	1.9965
chr7	2370613	0.0	2.124
chr7	2426654	0.889453621346883	2.124
chr7	2497484	0.9239779382498492	2.187
chr7	2532658	0.4803304673615345	2.2195
chr7	2553477	2.128911658820275	2.2295
chr7	2582365	4.386568026181897	2.291
chr7	2618726	0.2049180327868875	2.4505
chr7	2645566	0.16350555918900894	2.456
chr7	2676146	0.0	2.461
chr7	2688944	0.08268562923764407	2.461
chr7	2749414	0.32620852491611635	2.466
chr7	2781602	0.0	2.4765
chr7	2800005	0.0	2.4765
chr7	2817084	0.46676624346526263	2.4765
chr7	2849220	0.5614192679092793	2.4915
chr7	2875938	1.1657624534816053	2.5065
chr7	2898241	0.0	2.5325
chr7	2916970	1.052743796807118	2.5325
chr7	2954491	4.4797233574347715	2.572
chr7	2986301	0.0	2.7145
chr7	3005155	25.005709065996786	2.7145
chr7	3013913	4.440223807812742	2.9335
chr7	3033394	0.6565988181221245	3.02
chr7	3065377	0.8558262014483342	3.041
chr7	3088162	5.917867176758907	3.0605
chr7	3104891	5.7464131460060575	3.1595
chr7	3145177	1.6756056297469495	3.391
chr7	3422987	1.487494957644208	3.8565
chr7	3482483	0.0	3.945
chr7	3491342	0.22230305969847863	3.945
chr7	3516083	1.8174474959612248	3.9505
chr7	3540843	33.358414848256835	3.9955
chr7	3552804	4.710127379280296	4.3945
chr7	3594098	0.21690928371730853	4.589
chr7	3614844	4.175899096642244	4.5935
chr7	3632445	2.0813250372447776	4.667
chr7	3655267	0.45480658751436537	4.7145
chr7	3676155	2.7024143939124428	4.724
chr7	3704278	0.0	4.8
chr7	3716985	2.2939017504234926	4.8
chr7	3759489	2.6828174069089235	4.8975
chr7	3815214	1.7821302512284545	5.047
chr7	3844112	3.2733224222586474	5.0985
chr7	3856943	14.52472881044305	5.1405
chr7	3862382	0.0	5.2195
chr7	3874364	0.0	5.2195
chr7	3893814	7.347415880437512	5.2195
chr7	3905791	1.3201901073754534	5.3075
chr7	3951239	2.2284950230278002	5.3675
chr7	3978163	0.0	5.4275
chr7	3989323	4.81424289217912	5.4275
chr7	4022350	1.6668925328635227	5.5865
chr7	4059245	3.3762126586606533	5.648
chr7	4082644	0.8446970353299924	5.727
chr7	4313496	1.3959103599185394	5.922
chr7	4326749	1.2547476939771782	5.9405
chr7	4341493	2.529603695421049	5.959
chr7	4368770	2.7354644925981635	6.028
chr7	4406058	6.95918112595184	6.13
chr7	4422080	3.491726127220269	6.2415
chr7	4448428	1.2224019257531784	6.3335
chr7	4475015	0.0	6.366
chr7	4519758	1.044342205537834	6.366
chr7	4555187	0.9974141115626532	6.403
chr7	4568722	0.10573059843519114	6.4165
chr7	4611283	0.0	6.421
chr7	4624289	1.0244470314318674	6.421
chr7	4645764	6.227880682079349	6.443
chr7	4667521	3.230582850989369	6.5785
chr7	4689808	1.620920682947912	6.6505
chr7	4717570	10.175733298875807	6.6955
chr7	4733048	6.2000551116009825	6.853
chr7	4736677	7.823414361553513	6.8755
chr7	4765309	0.3208556149732742	7.0995
chr7	4779334	0.8876323229666397	7.104
chr7	4794543	1.3162075069214523	7.1175
chr7	4838609	5.1098620337250376	7.1755
chr7	4854265	2.0133245479171786	7.2555
chr7	4867924	3.3914831379697574	7.283
chr7	4915101	4.638400731691424	7.443
chr7	4930408	29.551954242135317	7.514
chr7	4937751	4.311636424171805	7.731
chr7	4997821	0.36869757581339846	7.99
chr7	5008670	2.968651847048565	7.994
chr7	5058019	1.5450589644952155	8.1405
chr7	5089733	17.66500042362103	8.1895
chr7	5101536	1.4835646834202227	8.398
chr7	5140294	4.3490078825767915	8.4555
chr7	5151331	4.574379605810322	8.5035
chr7	5203032	5.694217130387276	8.74
chr7	5217696	0.7137030995106064	8.8235
chr7	5242216	1.2437810945274386	8.841
chr7	5263120	1.5962783909513343	8.867
chr7	5296009	0.0	8.9195
chr7	5318967	0.7197761903468618	8.9195
chr7	5355784	0.3754106053495598	8.946
chr7	5366439	0.7915567282322199	8.95
chr7	5372124	0.6027810123981161	8.9545
chr7	5445119	1.192179303767219	8.9985
chr7	5455604	1.4126067302863419	9.011
chr7	5471532	5.375388716126107	9.0335
chr7	5482787	4.830522351400046	9.094
chr7	5507215	58.777673838478435	9.212
chr7	5513629	3.663996642065134	9.589
chr7	5570807	4.092693988164363	9.7985
chr7	5588888	7.298315370932299	9.8725
chr7	5608002	6.104540251812291	10.012
chr7	5618486	0.0	10.076
chr7	5640995	0.785959980767072	10.076
chr7	5695069	8.401756730952927	10.1185
chr7	5705543	3.005764479824337	10.2065
chr7	5741973	1.7016782067832363	10.316
chr7	5759015	1.3591917880472302	10.345
chr7	5783662	2.352659701730501	10.3785
chr7	5796201	1.6136176675315426	10.408
chr7	5812004	0.46609556566322047	10.4335
chr7	5874223	1.3910481957286196	10.4625
chr7	5886444	0.9396023602811424	10.4795
chr7	5913051	0.5061138553728759	10.5045
chr7	5937749	0.913777583808409	10.517
chr7	5974410	1.4147606696533774	10.5505
chr7	6004097	0.26427061310786926	10.5925
chr7	6036261	6.95975612094253	10.601
chr7	6088418	3.558414939649283	10.964
chr7	6105982	0.8637512396429871	11.0265
chr7	6168500	2.2365932212054234	11.0805
chr7	6207622	1.5167737330479334	11.168
chr7	6218830	3.1210986267165746	11.185
chr7	6230845	1.088707921438852	11.2225
chr7	6253808	0.0	11.2475
chr7	6268238	25.25066352108518	11.2475
chr7	6281802	0.3722805360839753	11.59
chr7	6336868	1.9507601237723606	11.6105
chr7	6351734	1.2258436688779537	11.6395
chr7	6365602	0.9823182711199265	11.6565
chr7	6378327	3.141153081510889	11.669
chr7	6403477	0.5421436999713377	11.748
chr7	6434834	0.340656053707338	11.765
chr7	6495012	2.7027027027026946	11.7855
chr7	6505742	0.7466086252277473	11.8145
chr7	6545254	2.051488334674253	11.844
chr7	6557684	0.27268389119909736	11.8695
chr7	6572353	1.2397899649941264	11.8735
chr7	6579209	0.5196869650281348	11.882
chr7	6644633	2.3083723519203407	11.916
chr7	6675174	3.1377415351887894	11.9865
chr7	6703379	9.69578366838646	12.075
chr7	6720242	17.911304205262773	12.2385
chr7	6732441	3.730455977646981	12.457
chr7	6799725	0.0	12.708
chr7	6826486	5.197376562306623	12.708
chr7	6858810	8.722754465966647	12.876
chr7	6882713	21.3454075032341	13.0845
chr7	6895081	1.0077915826840373	13.3485
chr7	6928322	41.87470560527552	13.382
chr7	6938937	20.617362599177614	13.8265
chr7	6956204	0.0	14.1825
chr7	6960056	4.080604534005043	14.1825
chr7	7019606	7.849293563579299	14.4255
chr7	7043175	14.71719004705811	14.6105
chr7	7075688	3.3375052148519013	15.089
chr7	7104452	3.7794729542301737	15.185
chr7	7118872	5.07246376811594	15.2395
chr7	7149232	4.430962200484024	15.3935
chr7	7178571	6.895007835236173	15.5235
chr7	7200906	3.138922640745223	15.6775
chr7	7235472	5.310015898251205	15.786
chr7	7282647	6.4523607140097985	16.0365
chr7	7295588	7.659208261617884	16.12
chr7	7330448	13.49698093847424	16.387
chr7	7355787	0.9851828499368924	16.729
chr7	7368475	1.9359423628299222	16.7415
chr7	7409282	3.492595697122101	16.8205
chr7	7445072	28.967971530249365	16.9455
chr7	7452097	1.8825354297398005	17.149
chr7	7523012	10.988160643813451	17.2825
chr7	7548858	11.506074435945138	17.5665
chr7	7564415	1.6954767797634078	17.7455
chr7	7615728	25.84109183241652	17.8325
chr7	7634632	4.864178964188214	18.321
chr7	7655910	1.1415525114155682	18.4245
chr7	7678248	1.208569859000229	18.45
chr7	7705553	0.5705320211093685	18.483
chr7	7712564	27.135545358277533	18.487
chr7	7723896	0.41176664360771126	18.7945
chr7	7754253	17.5651610814313	18.807
chr7	7766607	17.232409936272518	19.024
chr7	7797363	7.644870292034154	19.554
chr7	7816984	1.283174762143115	19.704
chr7	7832960	0.4139501190107975	19.7245
chr7	7842623	0.6587104773711991	19.7285
chr7	7855527	2.392578125000322	19.737
chr7	7865767	8.28887482291945	19.7615
chr7	7898944	8.918032786885274	20.0365
chr7	7921819	15.029863898952074	20.2405
chr7	7932032	2.6763503909027047	20.394
chr7	7977056	0.0	20.5145
chr7	7990989	0.512442094043344	20.5145
chr7	8039775	0.0	20.5395
chr7	8054394	0.0	20.5395
chr7	8081733	0.0	20.5395
chr7	8091614	0.0	20.5395
chr7	8130714	0.5591369556635939	20.5395
chr7	8145916	1.0653882008260316	20.548
chr7	8153425	1.2583371892245652	20.556
chr7	8242034	0.0	20.6675
chr7	8252548	0.1514472297272652	20.6675
chr7	8417622	7.477670844007515	20.6925
chr7	8432065	0.0	20.8005
chr7	8455535	0.5838112572546948	20.8005
chr7	8484654	0.16340536786638898	20.8175
chr7	8533612	3.179811236683203	20.8255
chr7	8558299	7.544833279823892	20.904
chr7	8601905	13.001754204932416	21.233
chr7	8630978	0.0	21.611
chr7	8646575	0.11292913069665154	21.611
chr7	8686423	7.5800567490878645	21.6155
chr7	8711093	0.0	21.8025
chr7	8724550	5.801439084889634	21.8025
chr7	8773331	0.9523069149142824	22.0855
chr7	8799058	1.4445856928232161	22.11
chr7	8807711	5.549356394213547	22.1225
chr7	8857897	1.021341463414637	22.401
chr7	8890697	7.216649198981873	22.4345
chr7	8924092	8.475612240740066	22.6755
chr7	8948633	2.18324173755928	22.8835
chr7	8961916	19.41160201894485	22.9125
chr7	8990842	1.4210662302989083	23.474
chr7	9014064	1.6022528646336254	23.507
chr7	9024362	13.25841045982084	23.5235
chr7	9065204	5.50851780067311	24.065
chr7	9075007	1.3436455397523734	24.119
chr7	9090264	16.135314624028634	24.1395
chr7	9141611	9.817837709959875	24.968
chr7	9154292	0.6092786532250054	25.0925
chr7	9358632	6.297229219144114	25.217
chr7	9362602	12.73254320625244	25.242
chr7	9389855	28.832951945080207	25.589
chr7	9411705	0.4077129700689732	26.219
chr7	9432553	1.6909098317238807	26.2275
chr7	9457096	1.9199754243145961	26.269
chr7	9483138	1.1871326403567297	26.319
chr7	9517675	0.0	26.36
chr7	9530511	13.744104304983916	26.36
chr7	9563798	2.3825731790334466	26.8175
chr7	9581426	0.07825950853024305	26.8595
chr7	9632538	10.954181494662073	26.8635
chr7	9641530	1.1468901632114403	26.962
chr7	9652865	0.21155066638448186	26.975
chr7	9671773	3.093498319910386	26.979
chr7	9690522	1.762614186745172	27.037
chr7	9723144	5.2316712746687015	27.0945
chr7	9765100	7.992834010886767	27.314
chr7	9794126	2.4231991525423706	27.546
chr7	9831886	7.691549156887822	27.6375
chr7	9842027	7.639937549589225	27.7155
chr7	9881098	4.3243243243243	28.014
chr7	9912548	1.3576053658216636	28.15
chr7	10110691	0.2465635209269422	28.419
chr7	10126914	0.0	28.423
chr7	10140851	1.1461693383328195	28.423
chr7	10262997	3.122398001665263	28.563
chr7	10289419	0.24142926122651553	28.6455
chr7	10341194	3.2307430709062697	28.658
chr7	10370599	2.086444698234184	28.753
chr7	10416131	290.32258064517225	28.848
chr7	10416286	0.1766123670212341	28.893
chr7	10464414	1.3706568009093658	28.9015
chr7	10509283	0.11006851765217751	28.963
chr7	10545624	6.976259891711805	28.967
chr7	10550426	5.403253327266659	29.0005
chr7	10568008	1.740989615149513	29.0955
chr7	10584378	0.0	29.124
chr7	10589990	1.202557964417803	29.124
chr7	10678967	0.8197266100981242	29.231
chr7	10724104	0.8920332205475212	29.268
chr7	10756614	9.136959067512723	29.297
chr7	10793333	1.5233546740226458	29.6325
chr7	10841910	0.5449416591871719	29.7065
chr7	10857508	3.545010895920961	29.715
chr7	10922670	12.837353713876274	29.946
chr7	10939418	1.3291935549332383	30.161
chr7	10988696	4.378688569175061	30.2265
chr7	11025465	0.7552641914142211	30.3875
chr7	11058566	3.171981456108353	30.4125
chr7	11111845	0.0	30.5815
chr7	11123748	1.4965384415179062	30.5815
chr7	11162170	0.848049486181755	30.639
chr7	11182216	3.6456793772786296	30.656
chr7	11202514	2.2794253085282787	30.73
chr7	11245946	2.361190612478497	30.829
chr7	11273898	9.846754708238157	30.895
chr7	11304111	5.692354133425394	31.1925
chr7	11327300	1.548496081835647	31.3245
chr7	11369922	6.117881124098538	31.3905
chr7	11390027	1.4013150803059313	31.5135
chr7	11399304	0.1310057970065613	31.5265
chr7	11429837	0.8474922398300769	31.5305
chr7	11478805	2.0405613625952395	31.572
chr7	11502818	1.4508354003837967	31.621
chr7	11545552	0.8916187834357381	31.683
chr7	11596022	1.0658226212776591	31.728
chr7	11642465	3.981900452488624	31.7775
chr7	11659040	1.638042291273764	31.8435
chr7	11669113	1.4584852588811394	31.86
chr7	11717108	0.7118718317792186	31.93
chr7	11781024	9.937514115787206	31.9755
chr7	11794307	3.1417917021463815	32.1075
chr7	11828364	0.7676246622448868	32.2145
chr7	11844648	5.831002056018127	32.227
chr7	11874317	3.105950653120445	32.4
chr7	11891542	2.3459576661276595	32.4535
chr7	11947809	4.313578394598517	32.5855
chr7	11971803	11.282051282051304	32.689
chr7	11989353	2.3915249100707547	32.887
chr7	12065246	0.35992974171449915	33.0685
chr7	12099975	0.0	33.081
chr7	12135479	15.190826916638748	33.081
chr7	12147427	0.47711346354549694	33.2625
chr7	12180962	2.9721467391304133	33.2785
chr7	12233954	1.185737274498184	33.436
chr7	12292989	8.149343886690335	33.506
chr7	12312193	10.089353424115446	33.6625
chr7	12342522	3.380722762940121	33.9685
chr7	12398723	0.25741350906101407	34.1585
chr7	12447283	2.203005970763832	34.171
chr7	12471568	7.348574821852658	34.2245
chr7	12491776	6.484829429335256	34.373
chr7	12504498	4.595211613885046	34.4555
chr7	12521581	1.5544501687688819	34.534
chr7	12566613	5.151190794755188	34.604
chr7	12611457	1.111148410487103	34.835
chr7	12760402	1.4508045370615164	35.0005
chr7	12771775	1.2843208719497043	35.017
chr7	12829393	0.0	35.091
chr7	12845780	0.3645111904935275	35.091
chr7	12914365	0.0	35.116
chr7	12929987	1.4068331897791155	35.116
chr7	12947402	0.8097093944085026	35.1405
chr7	13003595	0.0	35.186
chr7	13016153	1.9834844559585285	35.186
chr7	13040857	0.0	35.235
chr7	13085312	11.55244755244746	35.235
chr7	13103187	0.677075035845552	35.4415
chr7	13115741	6.341193129347903	35.45
chr7	13148227	0.5174644243205411	35.656
chr7	13155957	0.7229891262435687	35.66
chr7	13207825	0.4798149097554094	35.6975
chr7	13283896	0.4342252181464951	35.734
chr7	13332258	0.06406662929443073	35.755
chr7	13394693	0.0	35.759
chr7	13405044	0.0	35.759
chr7	13422532	0.0	35.759
chr7	13441286	0.10881984874034993	35.759
chr7	13478044	0.8166699663433293	35.763
chr7	13518452	1.9450370184464052	35.796
chr7	13550328	0.18213277479304657	35.858
chr7	13572290	0.10805262162667233	35.862
chr7	13646328	5.087969567284798	35.87
chr7	13656843	2.796357177946762	35.9235
chr7	13683306	0.9842132199519145	35.9975
chr7	13734108	1.3221802482460736	36.0475
chr7	13771168	3.928571428571366	36.0965
chr7	13804768	2.9261804477943913	36.2285
chr7	13827323	0.08927375797887194	36.2945
chr7	13916935	0.865155131264808	36.3025
chr7	13950455	3.813051530667844	36.3315
chr7	13968813	0.0	36.4015
chr7	13981458	1.3270751264213514	36.4015
chr7	14053044	3.8253477588873164	36.4965
chr7	14091864	0.506938723781482	36.645
chr7	14107645	0.36843515541266136	36.653
chr7	14152429	0.0	36.6695
chr7	14177401	1.0864555211694622	36.6695
chr7	14192588	0.23092021706487606	36.686
chr7	14209910	1.2654894445013518	36.69
chr7	14278263	0.0	36.7765
chr7	14308272	8.158062460165718	36.7765
chr7	14323962	0.1892147587512458	36.9045
chr7	14366242	0.19399093674336917	36.9125
chr7	14430678	0.0	36.925
chr7	14454998	0.6242521978879704	36.925
chr7	14474221	1.5874677273045876	36.937
chr7	14502883	0.0	36.9825
chr7	14521884	0.5396654074470836	36.9825
chr7	14529296	1.7148310518623795	36.9865
chr7	14562827	1.534848266342538	37.044
chr7	14611366	0.0	37.1185
chr7	14648101	5.778664671156981	37.1185
chr7	14660128	2.104930800399892	37.188
chr7	14717137	11.192876136293204	37.308
chr7	14733308	0.38634278263402094	37.489
chr7	14754015	0.0	37.497
chr7	14805535	0.2638677143192313	37.497
chr7	14822589	0.2749434838394434	37.5015
chr7	14838956	0.0	37.506
chr7	14890401	1.2402077124859099	37.506
chr7	14946440	1.0085604644298907	37.5755
chr7	14987092	0.7073736630635356	37.6165
chr7	15004763	0.35422570428425815	37.629
chr7	15028759	0.24232143938935918	37.6375
chr7	15078280	2.197324576230115	37.6495
chr7	15098987	0.30490979132268986	37.695
chr7	15166220	1.8901787078051733	37.7155
chr7	15192408	0.9130694877364177	37.765
chr7	15224169	5.353069869198994	37.794
chr7	15245652	17.82631788607111	37.909
chr7	15260714	22.54346947027891	38.1775
chr7	15275552	1.2140350877193111	38.512
chr7	15346802	0.34650034650015443	38.5985
chr7	15358346	12.569453855535816	38.6025
chr7	15373104	2.074688796680537	38.788
chr7	15432872	4.846555871023757	38.912
chr7	15488169	0.8341810783315732	39.18
chr7	15512744	0.9434771421220016	39.2005
chr7	15582698	2.9358964769241616	39.2665
chr7	15609436	1.7767197957634986	39.345
chr7	15667408	1.213489785581577	39.448
chr7	15714792	1.10456553755527	39.5055
chr7	15725656	1.0082271334086526	39.5175
chr7	15762850	3.7152140132787856	39.555
chr7	15798245	9.113269424823233	39.6865
chr7	15829957	3.521579725992172	39.9755
chr7	15892145	0.0	40.1945
chr7	15917372	0.0	40.1945
chr7	15967819	0.0	40.1945
chr7	16019907	0.17107908130554247	40.1945
chr7	16043288	2.2183038507478487	40.1985
chr7	16078450	0.0	40.2765
chr7	16097482	0.0	40.2765
chr7	16139040	0.11289230074522714	40.2765
chr7	16174472	0.0	40.2805
chr7	16215917	1.1459129106183428	40.2805
chr7	16230316	1.9540452895036633	40.297
chr7	16266395	7.700400362371796	40.3675
chr7	16300614	2.425482174167107	40.631
chr7	16317724	0.03656273708647803	40.6725
chr7	16427125	3.823200298396487	40.6765
chr7	16437849	4.669598192673813	40.7175
chr7	16487425	15.621292414775379	40.949
chr7	16500068	0.0	41.1465
chr7	16576389	1.403734271411149	41.1465
chr7	16605953	0.0	41.188
chr7	16619552	1.306792681960843	41.188
chr7	16657431	24.22066014669946	41.2375
chr7	16677063	0.0	41.713
chr7	16728594	3.2110917712021885	41.713
chr7	16745255	3.0625046122056827	41.7665
chr7	16758806	2.358072801346137	41.808
chr7	16803970	1.308104965513646	41.9145
chr7	16841811	1.3884260801958062	41.964
chr7	16850814	2.5923016496463234	41.9765
chr7	16876274	0.0	42.0425
chr7	16888939	0.508029341792365	42.0425
chr7	16929291	4.401760704281405	42.063
chr7	16944285	1.7524939336747836	42.129
chr7	16962830	3.5906642728905194	42.1615
chr7	17033012	3.5845281760587433	42.4135
chr7	17063002	3.551204530185146	42.521
chr7	17094259	15.867341326586685	42.632
chr7	17112441	1.150940243925165	42.9205
chr7	17166310	3.0962210225466755	42.9825
chr7	17191502	2.148252001266473	43.0605
chr7	17235724	2.8296047395877846	43.1555
chr7	17280960	2.653648259935993	43.2835
chr7	17305643	8.218495766229765	43.349
chr7	17317689	1.050531632674757	43.448
chr7	17364808	2.974210464524733	43.4975
chr7	17415914	8.039515562352658	43.6495
chr7	17440107	0.0	43.844
chr7	17460563	0.4150884657292128	43.844
chr7	17499109	1.0626454812266366	43.86
chr7	17518871	0.0	43.881
chr7	17554059	1.8945252087846658	43.881
chr7	17566991	8.429096424196093	43.9055
chr7	17584134	2.514275973749249	44.05
chr7	17654532	7.257213230119909	44.227
chr7	17665900	0.1376604604742455	44.3095
chr7	17753071	1.7896525543223498	44.3215
chr7	17780730	0.326157860404255	44.371
chr7	17805258	2.4941412788751407	44.379
chr7	17835128	0.4522840343736037	44.4535
chr7	17861660	0.0	44.4655
chr7	17908535	0.4883266672867825	44.4655
chr7	17951539	0.5955926146517772	44.4865
chr7	17964971	1.2004878172717355	44.4945
chr7	18043689	0.7286326286958215	44.589
chr7	18100645	0.0971298139965249	44.6305
chr7	18141827	1.079489695779985	44.6345
chr7	18172397	0.0	44.6675
chr7	18186148	0.6191490415574245	44.6675
chr7	18206337	0.9505703422047964	44.68
chr7	18210545	1.7885966060290504	44.684
chr7	18233468	1.729634402767384	44.725
chr7	18307183	1.9430328393902094	44.8525
chr7	18354017	0.4225319233372958	44.9435
chr7	18568202	0.06787829421842867	45.034
chr7	18627131	1.1318462897529546	45.038
chr7	18645243	0.0	45.0585
chr7	18666442	0.18835938971547295	45.0585
chr7	18708914	8.167613636363946	45.0665
chr7	18721586	44.51933309684244	45.17
chr7	18727224	0.0	45.421
chr7	18751363	0.0	45.421
chr7	18814543	0.0	45.421
chr7	18850046	2.9036004645767344	45.421
chr7	18854351	0.0	45.4335
chr7	18923383	0.0	45.4335
chr7	18948674	0.06509463132024577	45.4335
chr7	19010123	1.239198874673422	45.4375
chr7	19039981	9.009509009509175	45.4745
chr7	19067008	0.1776198934279655	45.718
chr7	19112048	0.0	45.726
chr7	19138091	1.174707335844917	45.726
chr7	19162778	0.0	45.755
chr7	19185166	0.18120866177393236	45.755
chr7	19207240	0.5884291295957653	45.759
chr7	19228483	0.8639682059698485	45.7715
chr7	19251632	0.44800434428456765	45.7915
chr7	19288462	0.0	45.808
chr7	19326112	0.1956046484868934	45.808
chr7	19369567	1.814915303952551	45.8165
chr7	19396841	1.6576631157335178	45.866
chr7	19456262	0.5430535503781085	45.9645
chr7	19531761	0.5972859327217634	46.0055
chr7	19615473	2.1828009146974447	46.0555
chr7	19658766	4.4906087703542505	46.15
chr7	19684375	9.07904106337519	46.265
chr7	19718079	1.3951426435562575	46.571
chr7	19833121	1.9843190397833665	46.7315
chr7	19853783	0.5341880341880039	46.7725
chr7	19900583	0.8640188819736486	46.7975
chr7	19971762	3.068340306834147	46.859
chr7	19982517	1.293577850516698	46.892
chr7	20052478	5.722107530742202	46.9825
chr7	20074760	0.26076469246072786	47.11
chr7	20105439	1.4325502058873762	47.118
chr7	20180480	2.1228417775262622	47.2255
chr7	20219343	3.542385411532617	47.308
chr7	20235575	6.6034071361189595	47.3655
chr7	20253596	0.09707690648258377	47.4845
chr7	20299951	0.5661348430262695	47.489
chr7	20329096	0.4771544245228636	47.5055
chr7	20363676	0.11130279926553754	47.522
chr7	20399614	0.3583809955677222	47.526
chr7	20467977	0.0	47.5505
chr7	20498624	1.9152640742891034	47.5505
chr7	20515854	1.803437424352468	47.5835
chr7	20557164	0.1358787961137911	47.658
chr7	20586602	0.5248241838984031	47.662
chr7	20805723	0.3686173898939647	47.777
chr7	20873544	0.36414998565471135	47.802
chr7	20918855	0.1961425302386475	47.8185
chr7	20980035	0.0	47.8305
chr7	20987923	1.2145748987854712	47.8305
chr7	21001508	0.1548747780757633	47.847
chr7	21133873	0.680272108843692	47.8675
chr7	21152248	0.8850184083825926	47.88
chr7	21166372	2.5006758583400264	47.8925
chr7	21181168	0.2520763127869122	47.9295
chr7	21294229	0.22772403490559184	47.958
chr7	21349120	0.0	47.9705
chr7	21385113	0.04055643427827577	47.9705
chr7	21483741	0.9388602805201073	47.9745
chr7	21518890	0.21874245715662233	48.0075
chr7	21651466	0.5598853354834203	48.0365
chr7	21673792	0.0	48.049
chr7	21886879	0.10150223304907083	48.049
chr7	21926287	0.0	48.053
chr7	21940476	0.5459884604601964	48.053
chr7	22008243	0.13022105023269795	48.09
chr7	22038960	0.0	48.094
chr7	22075113	0.6389157792836642	48.094
chr7	22126763	0.0	48.127
chr7	22152107	0.0	48.127
chr7	22172926	1.3731691078562436	48.127
chr7	22184942	1.3629190378266929	48.1435
chr7	22205853	1.4464150535309617	48.172
chr7	22279829	0.1724691637029719	48.279
chr7	22616121	0.8630782624357937	48.337
chr7	22682743	1.0947694349220807	48.3945
chr7	22727958	1.2122800694603397	48.444
chr7	22758479	0.9254362771019186	48.481
chr7	22784953	0.07517033598135078	48.5055
chr7	22951242	0.695587262270275	48.518
chr7	23010185	0.45145911586257015	48.559
chr7	23037873	0.3896375420523142	48.5715
chr7	23143099	2.524742476267995	48.6125
chr7	23153001	0.4666222264545508	48.6375
chr7	23205506	1.5271724959959745	48.662
chr7	23232353	0.06233539559596975	48.703
chr7	23360691	0.4629935842317789	48.711
chr7	23406048	0.4167426353761946	48.732
chr7	23444441	0.2858594841824527	48.748
chr7	23460183	1.5112061750208716	48.7525
chr7	23481689	0.9156691084512021	48.785
chr7	23504077	3.8759689922478056	48.8055
chr7	23515816	1.0949661152377566	48.851
chr7	23583398	0.8610792192882071	48.925
chr7	23607786	0.1598529352997198	48.946
chr7	23632809	1.2399488990754546	48.95
chr7	23659423	1.203876482273107	48.983
chr7	23676036	1.611212485926125	49.003
chr7	23701793	0.6203862687839411	49.0445
chr7	23781582	0.17181131417151985	49.094
chr7	23970743	0.29838870101453285	49.1265
chr7	23985824	0.34364976881744125	49.131
chr7	24033838	0.06076533945039779	49.1475
chr7	24165492	0.6533435818599502	49.1555
chr7	24178502	1.3344616586380946	49.164
chr7	24193864	0.16620959029326782	49.1845
chr7	24217930	0.5656884256719907	49.1885
chr7	24247098	0.6743915149286014	49.205
chr7	24296031	0.0	49.238
chr7	24376166	0.0939452299308982	49.238
chr7	24418744	0.2722502722502826	49.242
chr7	24479350	0.014013992971999652	49.2585
chr7	24764779	0.19538882375928837	49.2625
chr7	24787810	0.28974309445625973	49.267
chr7	24829226	0.6912952107065444	49.279
chr7	24847308	0.9131661962477517	49.2915
chr7	24865377	0.10109690138000646	49.308
chr7	24944509	0.703497387009596	49.316
chr7	24979335	1.8286678857783267	49.3405
chr7	24986444	1.2071463061324919	49.3535
chr7	25003012	13.580246913580762	49.3735
chr7	25004227	5.033399190892808	49.39
chr7	25014856	0.712189226519364	49.4435
chr7	25038024	16.152403682236827	49.46
chr7	25049756	2.2686477861984935	49.6495
chr7	25069812	0.0	49.695
chr7	25082299	4.154502582528524	49.695
chr7	25091205	0.7813819902010272	49.732
chr7	25138557	0.43005708030340206	49.769
chr7	25176924	1.429081814933113	49.7855
chr7	25179723	1.129239515595322	49.7895
chr7	25205404	2.1917286068228488	49.8185
chr7	25231639	0.7684426229508488	49.876
chr7	25258967	0.08193866890642375	49.897
chr7	25307784	0.9613806363870101	49.901
chr7	25350431	0.32660979037591054	49.942
chr7	25400950	0.20375936019549606	49.9585
chr7	25420581	0.0	49.9625
chr7	25442389	0.902636670525468	49.9625
chr7	25565916	0.07849909726047745	50.074
chr7	25616872	0.20487080334952407	50.078
chr7	25655921	0.10992030777699612	50.086
chr7	25692311	7.073370630367234	50.09
chr7	25720374	1.7879220161674025	50.2885
chr7	25772949	1.7830127512426774	50.3825
chr7	25846981	0.6028828762994181	50.5145
chr7	25901718	0.24102919466128384	50.5475
chr7	25934909	0.12404254659341282	50.5555
chr7	25967156	0.6979146310822864	50.5595
chr7	26002977	0.9953850330287229	50.5845
chr7	26069283	0.287067604420682	50.6505
chr7	26083217	0.9785903525313012	50.6545
chr7	26125114	2.1419211773006372	50.6955
chr7	26184640	0.41065887935756257	50.823
chr7	26206556	4.903980878595557	50.832
chr7	26230822	2.9713409374100266	50.951
chr7	26251688	1.4658457930226296	51.013
chr7	26313086	3.2934131736525827	51.103
chr7	26343146	0.48458064391073213	51.202
chr7	26394737	2.6836553719781833	51.227
chr7	26416163	0.3572857714513159	51.2845
chr7	26451149	0.5064573309700349	51.297
chr7	26466945	0.2426560849581191	51.305
chr7	26501974	1.6136239511443753	51.3135
chr7	26522115	3.701863752183485	51.346
chr7	26584516	0.22235000958407872	51.577
chr7	26714941	0.0	51.606
chr7	26737101	2.441057394617576	51.606
chr7	26745499	1.1449788587832193	51.6265
chr7	26867772	0.24515459160123307	51.7665
chr7	26902444	0.24254718645264634	51.775
chr7	26970472	1.916509005135334	51.7915
chr7	27011171	3.10694271029935	51.8695
chr7	27045610	4.652103559870343	51.9765
chr7	27057970	0.0	52.034
chr7	27107090	1.026953012395542	52.034
chr7	27134842	0.9847080630214905	52.0625
chr7	27152106	0.3688342579280509	52.0795
chr7	27284957	4.96181726557352	52.1285
chr7	27310754	0.7107952021323073	52.2565
chr7	27333264	0.8093657515656221	52.2725
chr7	27394423	0.09088964927286093	52.322
chr7	27487943	0.0	52.3305
chr7	27504925	0.0	52.3305
chr7	27519265	0.2639305862559029	52.3305
chr7	27549576	0.6492018635910757	52.3385
chr7	27562669	0.13378970488221437	52.347
chr7	27652362	0.08120984624269419	52.359
chr7	27707774	0.9060801099792652	52.3635
chr7	27739780	0.1563293860165275	52.3925
chr7	27765367	0.0	52.3965
chr7	27789030	0.0	52.3965
chr7	27809796	0.0	52.3965
chr7	27840936	0.36014405762290774	52.3965
chr7	27886751	0.41703591721850974	52.413
chr7	27905934	0.2878224920194782	52.421
chr7	27963261	2.7294387308863493	52.4375
chr7	27996418	0.12019230769224108	52.528
chr7	28029698	0.5744296733957773	52.532
chr7	28072349	1.5174157949190137	52.5565
chr7	28115844	0.15799256505572404	52.6225
chr7	28169644	0.0	52.631
chr7	28209684	0.0	52.631
chr7	28252779	0.15632620902693617	52.631
chr7	28332740	0.2778163633838138	52.6435
chr7	28375934	0.5567153792620436	52.6555
chr7	28383119	0.7859817837161176	52.6595
chr7	28404748	1.635892913027527	52.6765
chr7	28439897	0.0	52.734
chr7	28451790	0.13278008298747826	52.734
chr7	28481915	0.10125300594855798	52.738
chr7	28521420	0.0	52.742
chr7	28541773	0.0	52.742
chr7	28559176	2.4939662107805596	52.742
chr7	28584036	0.0	52.804
chr7	28625618	0.0	52.804
chr7	28655398	0.0	52.804
chr7	28721663	0.10410566725220335	52.804
chr7	28798508	0.31697730442507527	52.812
chr7	28837943	0.4797899025269117	52.8245
chr7	28897344	1.2320126158092326	52.853
chr7	28927782	0.4019489622853918	52.8905
chr7	29029785	0.4197827462832935	52.9315
chr7	29107206	0.0	52.964
chr7	29122741	0.6086209365600711	52.964
chr7	29136707	3.3254954652335824	52.9725
chr7	29166477	0.06425083526082279	53.0715
chr7	29228733	0.7299270072992133	53.0755
chr7	29256818	1.043057409880077	53.096
chr7	29268802	0.0	53.1085
chr7	29289200	0.7974092336734445	53.1085
chr7	29350649	0.3805515759311405	53.1575
chr7	29372985	0.19866843691555636	53.166
chr7	29476172	1.4310494362533066	53.1865
chr7	29487702	0.18312564205635276	53.203
chr7	29599647	0.3329478148109333	53.2235
chr7	29685246	0.14310968936775745	53.252
chr7	29744641	0.108902804247149	53.2605
chr7	29781371	0.19669551534231589	53.2645
chr7	29822043	0.0	53.2725
chr7	29842918	0.12574749902196866	53.2725
chr7	29878704	0.4122411368154592	53.277
chr7	29899323	0.0	53.2855
chr7	29948362	1.352417446185107	53.2855
chr7	29957235	0.2225624955488007	53.2975
chr7	30013399	0.22132462789784668	53.31
chr7	30031472	1.2038994597133197	53.314
chr7	30048500	0.11512116502633075	53.3345
chr7	30083246	1.991873157517216	53.3385
chr7	30095797	1.0034754515638753	53.3635
chr7	30116226	0.4308178358584209	53.384
chr7	30144080	0.5086626795733592	53.396
chr7	30176518	0.0	53.4125
chr7	30197013	0.26854448887033305	53.4125
chr7	30213770	1.5774378585086641	53.417
chr7	30234690	0.11631152879869487	53.45
chr7	30342160	0.0	53.4625
chr7	30356984	0.0	53.4625
chr7	30476052	0.1882175795221574	53.4625
chr7	30497304	0.31009354488586877	53.4665
chr7	30536002	0.0	53.4785
chr7	30582463	0.0	53.4785
chr7	30613006	0.12748024056278864	53.4785
chr7	30679683	0.0	53.487
chr7	30716799	0.179018976011358	53.487
chr7	30761487	0.6519162386408781	53.495
chr7	30786797	0.0	53.5115
chr7	30821001	0.2600442075155954	53.5115
chr7	30836383	0.0	53.5155
chr7	30885615	0.0	53.5155
chr7	30893734	0.5009541984731318	53.5155
chr7	30935654	0.12982376424008749	53.5365
chr7	31058898	0.5172413793103644	53.5525
chr7	31090798	0.0	53.569
chr7	31132969	0.8509899270578739	53.569
chr7	31161759	0.0	53.5935
chr7	31181717	0.08359495458007785	53.5935
chr7	31235548	0.2520796571717504	53.598
chr7	31267284	0.1942218985189504	53.606
chr7	31308474	0.14545775113501677	53.614
chr7	31421909	0.3023942509518325	53.6305
chr7	31450018	0.0	53.639
chr7	31496995	0.0	53.639
chr7	31525774	0.0	53.639
chr7	31548101	0.0	53.639
chr7	31569644	0.3564147527194243	53.639
chr7	31639787	0.21445421402518675	53.664
chr7	31677091	0.0	53.672
chr7	31763706	0.0	53.672
chr7	31955583	0.1305866605727821	53.672
chr7	31986214	0.5482309523172361	53.676
chr7	32023607	0.0	53.6965
chr7	32054692	0.0559698882001173	53.6965
chr7	32126159	0.0	53.7005
chr7	32150538	0.0	53.7005
chr7	32183989	0.0	53.7005
chr7	32209269	0.0	53.7005
chr7	32256683	0.15471141770271854	53.7005
chr7	32311624	0.9961963412421373	53.709
chr7	32328187	0.358316437111192	53.7255
chr7	32385399	0.0	53.746
chr7	32527531	0.0	53.746
chr7	32564401	0.1265142170350692	53.746
chr7	32627635	2.623335943618139	53.754
chr7	32640405	0.13565299962687907	53.7875
chr7	32699379	1.8009478672986465	53.7955
chr7	32715204	0.5134370225661434	53.824
chr7	32755131	0.19884480636304133	53.8445
chr7	32860741	0.14480665415540467	53.8655
chr7	32947063	0.08332465368186195	53.878
chr7	32995068	0.464630038332546	53.882
chr7	33003677	0.0	53.886
chr7	33022896	0.4029922172127607	53.886
chr7	33062599	0.30424397642333084	53.902
chr7	33172708	0.18167366867270743	53.9355
chr7	33216743	0.09316625518232131	53.9435
chr7	33259677	1.0135597863307104	53.9475
chr7	33332687	0.15152089094275475	54.0215
chr7	33359086	0.19033922679977036	54.0255
chr7	33382728	0.0	54.03
chr7	33391053	0.0	54.03
chr7	33435963	0.5623506256147593	54.03
chr7	33443076	0.0	54.034
chr7	33466656	0.0	54.034
chr7	33510819	0.0	54.034
chr7	33546016	0.0	54.034
chr7	33591400	0.0	54.034
chr7	33595512	0.05816997266008061	54.034
chr7	33664276	0.0	54.038
chr7	33729397	4.073890813128812	54.038
chr7	33759712	0.0	54.1615
chr7	33792868	0.07713594245661268	54.1615
chr7	33896581	0.0	54.1695
chr7	33964389	0.08188254264189693	54.1695
chr7	34123153	0.0	54.1825
chr7	34136278	0.5168292525358661	54.1825
chr7	34151757	1.0544352181361696	54.1905
chr7	34166931	0.0	54.2065
chr7	34187291	0.0	54.2065
chr7	34242256	0.934617833740815	54.2065
chr7	34290939	0.06059733826188326	54.252
chr7	34422958	0.0	54.26
chr7	34502130	0.46515445864237864	54.26
chr7	34538677	1.2217623298259486	54.277
chr7	34578783	1.9525113335427124	54.326
chr7	34623341	0.9976788695688926	54.413
chr7	34647898	0.2882556415747382	54.4375
chr7	34732892	1.4094164254151695	54.462
chr7	34759144	0.0	54.499
chr7	34772624	0.6805317051453241	54.499
chr7	34851239	0.26096033402913854	54.5525
chr7	34899139	0.4248088360238054	54.565
chr7	34927387	0.2977041059350967	54.577
chr7	34969375	0.11565255251983718	54.5895
chr7	35042871	0.0	54.598
chr7	35066126	4.82586048411825	54.598
chr7	35085708	1.1450305673377033	54.6925
chr7	35135925	0.06453798867354722	54.75
chr7	35197904	0.6989304246532088	54.754
chr7	35245119	0.34381983840479075	54.787
chr7	35268387	0.0	54.795
chr7	35290879	0.7479092536772489	54.795
chr7	35335002	1.406807576173374	54.828
chr7	35364146	0.1811208182398882	54.869
chr7	35411076	0.9845620667929145	54.8775
chr7	35436468	2.0708308680581684	54.9025
chr7	35448299	0.26913212804350295	54.927
chr7	35479882	3.855659911023379	54.9355
chr7	35500112	1.396677600253919	55.0135
chr7	35594622	0.613574813811854	55.1455
chr7	35641886	0.0	55.1745
chr7	35670067	0.32586558044788455	55.1745
chr7	35682342	0.0891126606812169	55.1785
chr7	35727229	4.148438678533873	55.1825
chr7	35747116	0.20903556217508482	55.265
chr7	35785387	0.6057010062052508	55.273
chr7	35825836	1.3490855127488637	55.2975
chr7	35877723	3.161525196397897	55.3675
chr7	35909037	0.0	55.4665
chr7	35945535	1.1457747045104918	55.4665
chr7	35970409	0.12360939431400915	55.495
chr7	36035129	5.790580164496606	55.503
chr7	36062242	1.2023772716342074	55.66
chr7	36120460	0.714074657736715	55.73
chr7	36161072	0.11312323834124054	55.759
chr7	36267151	1.2097661118850815	55.771
chr7	36280790	0.0	55.7875
chr7	36323987	0.9613703897920309	55.7875
chr7	36375476	0.0	55.837
chr7	36423561	2.96710060271043	55.837
chr7	36509672	0.41452004500504913	56.0925
chr7	36560333	1.0325625991075227	56.1135
chr7	36587450	1.248928158669669	56.1415
chr7	36614273	0.0	56.175
chr7	36646339	0.0	56.175
chr7	36677044	0.0	56.175
chr7	36691353	1.1670124481328243	56.175
chr7	36729913	0.0	56.22
chr7	36775482	0.0	56.22
chr7	36795709	2.2395551780060168	56.22
chr7	36821607	1.7945725124015852	56.278
chr7	36855877	2.220205803424947	56.3395
chr7	36907674	0.0	56.4545
chr7	36933197	0.09418955123911946	56.4545
chr7	36980973	1.8029929683273496	56.459
chr7	37030890	0.0	56.549
chr7	37089710	0.08102122756162422	56.549
chr7	37145251	0.42525802818195335	56.5535
chr7	37232257	3.7605815526954136	56.5905
chr7	37264034	0.0	56.71
chr7	37349320	0.0	56.71
chr7	37406846	1.7702742993440457	56.71
chr7	37460510	0.0	56.805
chr7	37497613	0.0	56.805
chr7	37543720	0.0	56.805
chr7	37672103	0.0	56.805
chr7	37749403	0.0	56.805
chr7	37857381	0.0	56.805
chr7	37952191	0.0	56.805
chr7	38057568	0.37083936324164996	56.805
chr7	38112848	0.0	56.8255
chr7	38156398	0.0	56.8255
chr7	38185223	0.10819437118787509	56.8255
chr7	38259164	0.44889123864057484	56.8335
chr7	38359411	0.0	56.8785
chr7	38424547	0.11901613329807381	56.8785
chr7	38462357	0.2733224004372946	56.883
chr7	38612363	1.4169842665886576	56.924
chr7	38632829	0.6392745325499828	56.953
chr7	38793167	0.1462130811970033	57.0555
chr7	38823944	5.73587017347515	57.06
chr7	38838240	4.200210010500477	57.142
chr7	38872524	0.0	57.286
chr7	38893956	1.056419781750651	57.286
chr7	38980096	1.5936465450447048	57.377
chr7	39036884	0.9482615205457022	57.4675
chr7	39066939	0.7719924846996522	57.496
chr7	39120696	0.0	57.5375
chr7	39132276	0.9796473269621414	57.5375
chr7	39157285	1.2558224495388184	57.562
chr7	39222979	0.8526966531651637	57.6445
chr7	39227670	10.506483807454677	57.6485
chr7	39257128	2.300132431867376	57.958
chr7	39271475	0.26422132421504363	57.991
chr7	39303645	0.0	57.9995
chr7	39316385	0.1346982758622336	57.9995
chr7	39346081	1.77129091681991	58.0035
chr7	39367252	0.7277137659187662	58.041
chr7	39383742	0.0	58.053
chr7	39416436	0.07093582081620331	58.053
chr7	39472825	0.0	58.057
chr7	39493107	0.6462225355422639	58.057
chr7	39518640	0.420479009687693	58.0735
chr7	39548368	1.137608494143466	58.086
chr7	39583969	0.7613373055279605	58.1265
chr7	39644389	1.3519306228774335	58.1725
chr7	39674716	2.5952029721903203	58.2135
chr7	39711322	0.9792866045463009	58.3085
chr7	39728171	0.2663859867976299	58.325
chr7	39805127	0.2231769235060849	58.3455
chr7	39876819	0.0	58.3615
chr7	39967034	0.44932193235664253	58.3615
chr7	40003756	0.0	58.378
chr7	40103126	0.0	58.378
chr7	40117253	0.0	58.378
chr7	40160013	0.11400883568470238	58.378
chr7	40195098	0.0	58.382
chr7	40200173	0.5443738229755036	58.382
chr7	40268141	0.334725792630753	58.419
chr7	40305485	1.2059234962133316	58.4315
chr7	40326216	0.5056890012643914	58.4565
chr7	40342036	0.4567711759115595	58.4645
chr7	40369402	0.0	58.477
chr7	40378277	0.7389493483810572	58.477
chr7	40400606	1.2134940538791819	58.4935
chr7	40437689	0.9805247497972501	58.5385
chr7	40467265	0.0	58.5675
chr7	40482870	2.3046928529605357	58.5675
chr7	40563141	15.502082369275167	58.7525
chr7	40565302	0.7270964614639152	58.786
chr7	40581806	1.3344656071819017	58.798
chr7	40606535	0.275804429586185	58.831
chr7	40666360	1.9677025376579909	58.8475
chr7	40681098	2.112721835792684	58.8765
chr7	40696481	0.635378565418217	58.909
chr7	40754714	0.0	58.946
chr7	40774811	1.3126265182185983	58.946
chr7	40806427	1.5099064594538936	58.9875
chr7	40820004	0.7663569307400676	59.008
chr7	40830443	0.18148088401355747	59.016
chr7	40855239	0.6650041562761988	59.0205
chr7	40867269	1.966158245948597	59.0285
chr7	40892445	1.2278635174795611	59.078
chr7	40992619	2.813327449249886	59.201
chr7	41001683	0.47360383522445326	59.2265
chr7	41053414	0.5602130775354768	59.251
chr7	41155161	0.0	59.308
chr7	41182728	0.0	59.308
chr7	41231235	1.6817490189798028	59.308
chr7	41243722	1.5346608773767338	59.329
chr7	41257080	0.35157997911829336	59.3495
chr7	41304011	0.22989786961308362	59.366
chr7	41375782	1.8440988835725196	59.3825
chr7	41435974	0.4690172708715477	59.4935
chr7	41454097	0.7064891024054548	59.502
chr7	41482406	0.4684098862040342	59.522
chr7	41518699	2.9197080291971065	59.539
chr7	41546784	1.4625930741045612	59.621
chr7	41580628	0.10595184488662857	59.6705
chr7	41618381	1.4430815341066003	59.6745
chr7	41672432	5.204460966542838	59.7525
chr7	41693952	0.48557439404363917	59.8645
chr7	41718665	1.145233242682179	59.8765
chr7	41877148	0.5214444009906869	60.058
chr7	41907832	0.3920953575909438	60.074
chr7	41971592	1.0068301178265024	60.099
chr7	42008341	3.7603305785121477	60.136
chr7	42020441	0.9018124230159427	60.1815
chr7	42043173	0.8953137965671664	60.202
chr7	42066070	0.0	60.2225
chr7	42095707	0.2945562326258831	60.2225
chr7	42150026	3.9630118890355326	60.2385
chr7	42175007	0.8837108642332743	60.3375
chr7	42202731	1.8994992229322079	60.362
chr7	42220104	0.1578725792871236	60.395
chr7	42248608	0.0	60.3995
chr7	42263720	0.0	60.3995
chr7	42284033	1.6653127538585222	60.3995
chr7	42296343	1.0615711252653104	60.42
chr7	42354276	0.0	60.4815
chr7	42356458	1.0881127343346566	60.4815
chr7	42458929	0.5218862617561685	60.593
chr7	42640961	0.13223577638930714	60.688
chr7	42731708	0.4250057955335915	60.7
chr7	42770531	0.47362648319862355	60.7165
chr7	42830705	0.0	60.745
chr7	42852037	0.0	60.745
chr7	42881404	0.33529089024812797	60.745
chr7	42930615	0.0933412673410885	60.7615
chr7	43016322	0.7947818460862848	60.7695
chr7	43052810	0.4027730312942593	60.7985
chr7	43134742	0.4189837739011357	60.8315
chr7	43174123	0.0	60.848
chr7	43209268	0.48896766701318206	60.848
chr7	43225629	1.24180409298622	60.856
chr7	43245761	0.19848200959069584	60.881
chr7	43308739	0.0	60.8935
chr7	43330077	0.7726889575720484	60.8935
chr7	43351431	0.0	60.91
chr7	43363294	0.4052716247989117	60.91
chr7	43524914	0.23643949930473043	60.9755
chr7	43560864	0.6053940144555161	60.984
chr7	43669058	0.08741449769439417	61.0495
chr7	43714817	0.0	61.0535
chr7	43770345	0.0	61.0535
chr7	43782671	0.0	61.0535
chr7	43797507	0.0	61.0535
chr7	43839662	0.0	61.0535
chr7	43867940	6.935033878039323	61.0535
chr7	43880485	0.0	61.1405
chr7	43894066	0.19506010289409617	61.1405
chr7	43935079	0.3677216473930243	61.1485
chr7	44013943	0.38122963887157474	61.1775
chr7	44057224	2.2022984393863583	61.194
chr7	44101950	1.130912919705318	61.2925
chr7	44127593	1.104952871818415	61.3215
chr7	44269228	0.0	61.478
chr7	44309344	0.5242456687321936	61.478
chr7	44489603	0.2462840089243201	61.5725
chr7	44524116	3.7654988765914412	61.581
chr7	44548150	2.0176601098917524	61.6715
chr7	44615307	0.12913026965435553	61.807
chr7	44746957	1.3422704033651718	61.824
chr7	44805440	0.11043012533813105	61.9025
chr7	44914106	0.3227276178906925	61.9145
chr7	44940444	0.0	61.923
chr7	44962257	1.1007278281964323	61.923
chr7	44984515	1.5708323147821586	61.9475
chr7	45094966	0.0	62.121
chr7	45120040	0.0	62.121
chr7	45140740	0.0	62.121
chr7	45187443	0.43745267939763804	62.121
chr7	45365748	0.20959430721411754	62.199
chr7	45463556	1.9269743180838879	62.2195
chr7	45493655	0.9860420273022898	62.2775
chr7	45539292	0.6794177595684926	62.3225
chr7	45587863	0.0	62.3555
chr7	45632259	1.5545412449560687	62.3555
chr7	45677610	0.0	62.426
chr7	45698912	0.9408075264602473	62.426
chr7	45711667	2.784139386591118	62.438
chr7	45733936	3.8941772777845003	62.5
chr7	45758203	0.23445159640224256	62.5945
chr7	45828580	0.0	62.611
chr7	45856657	0.05819620851708624	62.611
chr7	45925390	0.0	62.615
chr7	45959498	0.11538565959870162	62.615
chr7	46033164	0.16533366400071656	62.6235
chr7	46081551	0.2994684435125989	62.6315
chr7	46094908	0.0	62.6355
chr7	46108787	0.0	62.6355
chr7	46124357	0.0	62.6355
chr7	46144907	0.0	62.6355
chr7	46181161	0.19120458891014108	62.6355
chr7	46228231	4.0456361297312675	62.6445
chr7	46257769	0.1558421319202783	62.764
chr7	46283436	6.197419531143303	62.768
chr7	46334667	0.0	63.0855
chr7	46374253	0.0	63.0855
chr7	46388647	0.8998445723009884	63.0855
chr7	46425320	0.17696167218381237	63.1185
chr7	46473353	0.0	63.127
chr7	46492127	0.0	63.127
chr7	46524361	0.27907392110012585	63.127
chr7	46569152	1.0580497569344878	63.1395
chr7	46604122	2.1448910913057886	63.1765
chr7	46631163	0.5813953488374035	63.2345
chr7	46644923	0.7396449704143007	63.2425
chr7	46678047	0.0	63.267
chr7	46698009	0.0	63.267
chr7	46758292	17.60651629072674	63.267
chr7	46774252	0.6559592907688886	63.548
chr7	46799406	0.0	63.5645
chr7	46908004	0.0	63.5645
chr7	46948713	0.5810268328755767	63.5645
chr7	46977111	0.0	63.581
chr7	46992037	1.276239933107264	63.581
chr7	47014760	0.061119090547898776	63.61
chr7	47080206	0.0	63.614
chr7	47295290	1.0198254058907434	63.614
chr7	47307547	0.0	63.6265
chr7	47324212	2.1233246600226057	63.6265
chr7	47364950	0.0	63.713
chr7	47390388	0.0	63.713
chr7	47403713	0.06308175395312564	63.713
chr7	47475049	0.0	63.7175
chr7	47546060	0.557540450128489	63.7175
chr7	47590003	0.0	63.742
chr7	47602465	0.0	63.742
chr7	47604013	0.0	63.742
chr7	47636848	0.11034604519776521	63.742
chr7	47750128	0.0	63.7545
chr7	47774243	0.0	63.7545
chr7	47806036	0.5715102157452974	63.7545
chr7	47820034	0.0784513699570044	63.7625
chr7	47871021	0.0836662553075317	63.7665
chr7	47918830	0.0	63.7705
chr7	47941332	0.0	63.7705
chr7	47972301	0.34376074252362393	63.7705
chr7	47983937	0.4417305443678292	63.7745
chr7	48022422	0.0	63.7915
chr7	48045637	0.0	63.7915
chr7	48066309	0.0	63.7915
chr7	48095613	0.3952035780382173	63.7915
chr7	48147485	0.9581677962143265	63.812
chr7	48168880	0.5322546306151048	63.8325
chr7	48192365	0.30068405622801897	63.845
chr7	48218971	0.11139529288046605	63.853
chr7	48331184	0.3351867187193919	63.8655
chr7	48356543	0.8543661670998153	63.874
chr7	48384634	0.12991512212021972	63.898
chr7	48419272	2.023298589821836	63.9025
chr7	48435582	0.0	63.9355
chr7	48472174	0.49089793413787913	63.9355
chr7	48496619	1.928615511211758	63.9475
chr7	48516063	0.5352480417754153	63.985
chr7	48554363	1.237438638001716	64.0055
chr7	48627902	0.18708988528194362	64.0965
chr7	48737475	5.9627744548054755	64.117
chr7	48764392	0.05846281764788579	64.2775
chr7	48841364	1.1696848370495059	64.282
chr7	48971741	0.3355775079176439	64.4345
chr7	49019420	15.047879616963634	64.4505
chr7	49021613	3.0098430000806906	64.4835
chr7	49033906	0.10196538275268012	64.5205
chr7	49073135	0.5427386429914399	64.5245
chr7	49134859	1.4764965849737983	64.558
chr7	49184639	0.0	64.6315
chr7	49209300	0.6011890182806222	64.6315
chr7	49299122	0.0	64.6855
chr7	49361904	0.0790006418801715	64.6855
chr7	49463169	0.0	64.6935
chr7	49468195	0.22198105761607465	64.6935
chr7	49488467	0.07582219694824924	64.698
chr7	49541222	0.06207902660093877	64.702
chr7	49605656	0.10937030049464572	64.706
chr7	49642229	0.0	64.71
chr7	49660080	0.5132230406963026	64.71
chr7	49676642	0.1702707304613393	64.7185
chr7	49723626	4.882658686407121	64.7265
chr7	49736324	2.9530247166462145	64.7885
chr7	49765616	0.0	64.875
chr7	49830514	0.5756443692583185	64.875
chr7	49873075	4.934442408007414	64.8995
chr7	49887261	0.0	64.9695
chr7	49935044	0.27526302911672196	64.9695
chr7	49967740	0.6139206507566402	64.9785
chr7	49980771	0.4466528948688273	64.9865
chr7	49998682	0.18882967563228842	64.9945
chr7	50022513	0.0	64.999
chr7	50034185	0.0	64.999
chr7	50046320	0.27531144607370694	64.999
chr7	50060849	0.0	65.003
chr7	50081648	0.3365020610755353	65.003
chr7	50093535	0.4495825305071857	65.007
chr7	50148030	0.0	65.0315
chr7	50177266	1.1776461351795466	65.0315
chr7	50205288	2.4194894043059048	65.0645
chr7	50217274	0.06060238773393548	65.0935
chr7	50283278	1.2147984538929228	65.0975
chr7	50310443	0.0	65.1305
chr7	50389852	0.21201237154539443	65.1305
chr7	50429944	0.0	65.139
chr7	50450038	0.13625834582384824	65.139
chr7	50479394	0.5712653527560386	65.143
chr7	50493398	0.0	65.151
chr7	50556511	2.1467170034799445	65.151
chr7	50570020	0.35821964834730124	65.18
chr7	50603519	0.4689387677245018	65.192
chr7	50666427	1.534991541882657	65.2215
chr7	50682388	3.3860045146730227	65.246
chr7	50716499	0.3316474587505744	65.3615
chr7	50728560	0.2060294232290164	65.3655
chr7	50908146	0.5599969103618037	65.4025
chr7	50959932	0.0	65.4315
chr7	51013726	0.5884660651236002	65.4315
chr7	51034118	0.14787299484222358	65.4435
chr7	51118650	0.5180340607392065	65.456
chr7	51134093	0.0	65.464
chr7	51170020	0.2546217709331152	65.464
chr7	51234822	0.0	65.4805
chr7	51295249	0.0	65.4805
chr7	51308240	0.19292914677039877	65.4805
chr7	51328973	0.0	65.4845
chr7	51358814	0.0	65.4845
chr7	51376032	0.2033530661126701	65.4845
chr7	51398161	1.0137658734391197	65.489
chr7	51426274	0.0	65.5175
chr7	51446310	0.08282411838340713	65.5175
chr7	51500642	0.0	65.522
chr7	51555189	0.0	65.522
chr7	51570545	0.0	65.522
chr7	51610272	0.016882908587452106	65.522
chr7	51847198	0.08062078000614509	65.526
chr7	51896813	0.2943124126263622	65.53
chr7	51910404	0.0	65.534
chr7	51936026	0.4652945040506872	65.534
chr7	51954294	1.0377251040888096	65.5425
chr7	52033313	0.6215503953061927	65.6245
chr7	52073535	0.06081892684989399	65.6495
chr7	52139304	0.0	65.6535
chr7	52151658	0.0	65.6535
chr7	52177009	0.0	65.6535
chr7	52220780	0.3545853945413329	65.6535
chr7	52278594	0.052711339526792876	65.674
chr7	52354479	0.07684327813433912	65.678
chr7	52406533	0.09030523168294967	65.682
chr7	52456364	38.1729920564876	65.6865
chr7	52458630	0.5431383521514115	65.773
chr7	52489009	0.0	65.7895
chr7	52520657	0.3277581343608423	65.7895
chr7	52570999	0.32518552492086866	65.806
chr7	53103003	0.0	65.979
chr7	53164965	0.0	65.979
chr7	53362139	0.421106594895489	65.979
chr7	53498684	0.0	66.0365
chr7	53514649	0.0	66.0365
chr7	53527163	0.10182250007360467	66.0365
chr7	53934735	0.4333984106024615	66.078
chr7	54058178	0.6604792207492746	66.1315
chr7	54145236	0.0	66.189
chr7	54185547	0.10181571355846304	66.189
chr7	54303407	2.269265915321366	66.201
chr7	54336237	0.0	66.2755
chr7	54398346	0.02400067201884586	66.2755
chr7	54565008	0.0	66.2795
chr7	54698133	0.05313119863992722	66.2795
chr7	54782829	0.2707785982450029	66.284
chr7	54919472	0.31167359274665146	66.321
chr7	54972412	0.5159958720327378	66.3375
chr7	54987916	0.01749121552284378	66.3455
chr7	55245188	0.0	66.35
chr7	55272635	0.3679650885053927	66.35
chr7	55350088	0.0	66.3785
chr7	55507932	0.0	66.3785
chr7	55558933	0.0	66.3785
chr7	55591479	0.0	66.3785
chr7	55591777	0.9496492112098646	66.3785
chr7	55617576	0.12920466649438375	66.403
chr7	55776239	0.05968709636599047	66.4235
chr7	56195090	0.0	66.4485
chr7	56252184	0.06032495039958276	66.4485
chr7	56326780	0.2659516727817817	66.453
chr7	56418902	0.0328253608737346	66.4775
chr7	56540759	0.45889101338433863	66.4815
chr7	56566909	0.11063618504845546	66.4935
chr7	56752201	0.011038867853726415	66.514
chr7	57114557	0.03940041326649621	66.518
chr7	57228769	0.8100534197391658	66.5225
chr7	57274445	0.02953359076783562	66.5595
chr7	57409884	0.040830247047002596	66.5635
chr7	57618063	0.17508152233373966	66.572
chr7	57663756	0.5445227418320278	66.58
chr7	57679366	0.6546950991396316	66.5885
chr7	57716788	1.6549065250601618	66.613
chr7	57744282	0.7685977361302232	66.6585
chr7	57808685	0.0	66.708
chr7	57859609	0.28997064047249144	66.708
chr7	57887198	1.1670588235296342	66.716
chr7	57940323	1.0099517193811416	66.778
chr7	57980919	0.1298523543635372	66.819
chr7	58265858	0.07914276395314619	66.856
chr7	58474342	0.05940556416277525	66.8725
chr7	58684760	0.025913365141974683	66.885
chr7	58993481	0.0	66.893
chr7	59025161	0.055248374592832036	66.893
chr7	59251412	0.0	66.9055
chr7	59296088	1.14233249348763	66.9055
chr7	59342922	0.15138477228539998	66.959
chr7	59531184	0.06708507878780655	66.9875
chr7	59598263	0.048771352097904126	66.992
chr7	59854561	0.1576478934302167	67.0045
chr7	59879934	0.048960806874157124	67.0085
chr7	59961632	0.953984287317391	67.0125
chr7	59970542	0.05410669840932919	67.021
chr7	60044470	0.0747929171105753	67.025
chr7	60097951	0.1095800345178448	67.029
chr7	60134454	0.018138651854749967	67.033
chr7	60382543	0.9681839847473446	67.0375
chr7	60416111	1.8211551326844047	67.07
chr7	60429564	0.6794564348519547	67.0945
chr7	60442074	0.021933792846320268	67.103
chr7	60624441	0.0	67.107
chr7	60635852	0.03324247058045416	67.107
chr7	60756180	0.6086315012910072	67.111
chr7	60891730	0.2122474072881102	67.1935
chr7	61028363	0.11087949616359465	67.2225
chr7	61141098	0.0	67.235
chr7	61170828	0.08867868755538935	67.235
chr7	61356893	0.0	67.2515
chr7	61362990	0.0	67.2515
chr7	61386873	0.17204301075289843	67.2515
chr7	61410123	0.24174540180101242	67.2555
chr7	61459762	0.3448092939366922	67.2675
chr7	61591719	0.24533026529504232	67.313
chr7	61828135	0.0	67.371
chr7	61987072	0.0	67.371
chr7	62093765	0.15985583909790668	67.371
chr7	62196983	0.0	67.3875
chr7	62341444	0.189693084332151	67.3875
chr7	62470600	0.017397506937215344	67.412
chr7	62700518	0.03867275117956617	67.416
chr7	62803950	0.05139934722835302	67.42
chr7	62881772	0.057456404952608196	67.424
chr7	62951390	0.0	67.428
chr7	63014951	0.6201909642947759	67.428
chr7	63161680	0.6050676744921875	67.519
chr7	63215393	3.6609675688109045	67.5515
chr7	63241479	0.0	67.647
chr7	63306041	0.19499116446275222	67.647
chr7	63388096	0.835352867738931	67.663
chr7	63442564	0.0	67.7085
chr7	63495355	0.0	67.7085
chr7	63522660	0.3683729702650176	67.7085
chr7	63556593	0.0	67.721
chr7	63587354	0.0	67.721
chr7	63669748	0.12483225665482875	67.721
chr7	63701791	0.05523793741548442	67.725
chr7	63774205	0.2258812121924259	67.729
chr7	64046472	0.03094442381486638	67.7905
chr7	64175736	0.0	67.7945
chr7	64374833	3.3404596472469548	67.7945
chr7	64386059	0.05481254110947282	67.832
chr7	64459035	0.0	67.836
chr7	64482237	0.6792364445484568	67.836
chr7	64524932	2.0985691573927663	67.865
chr7	64572107	0.20127052015856775	67.964
chr7	64651602	0.0280267312734292	67.98
chr7	64812163	0.0	67.9845
chr7	64847977	0.0	67.9845
chr7	65058547	0.08791208791219535	67.9845
chr7	65104047	0.0	67.9885
chr7	65210175	0.5473615693002933	67.9885
chr7	65277772	0.2128565346958753	68.0255
chr7	65296564	2.230897936420154	68.0295
chr7	65303736	0.08486883050738482	68.0455
chr7	65356759	0.03453701216475902	68.05
chr7	65487054	0.0	68.0545
chr7	65550088	0.0	68.0545
chr7	65570497	0.0	68.0545
chr7	65595702	0.0	68.0545
chr7	65625413	0.16663889351735867	68.0545
chr7	65649417	0.5953538102644658	68.0585
chr7	65690569	0.44263456090661624	68.083
chr7	65718809	1.6893647988355789	68.0955
chr7	65738047	1.7480072717106478	68.128
chr7	65752349	0.41947716366282867	68.153
chr7	65782148	0.6247670824475127	68.1655
chr7	65827765	3.3234859675033417	68.194
chr7	65842659	0.1966133352993577	68.2435
chr7	65883348	1.738094055718513	68.2515
chr7	65923622	0.44030122677025935	68.3215
chr7	65989486	0.2009344466590446	68.3505
chr7	66235835	0.0	68.4
chr7	66272607	1.5480386021540755	68.4
chr7	66424412	0.24293071615953032	68.635
chr7	66475867	0.27197891861182993	68.6475
chr7	66641321	0.6774494029985415	68.6925
chr7	66653130	0.367981297891595	68.7005
chr7	66676229	0.20786166525278746	68.709
chr7	66854232	0.3699110037646086	68.746
chr7	66900189	0.22303475962936523	68.763
chr7	67048148	0.27008413120681724	68.796
chr7	67122199	0.08235636081773039	68.816
chr7	67225409	0.075032579936009	68.8245
chr7	67605244	0.4171394246814003	68.853
chr7	67635210	0.0	68.8655
chr7	67678461	0.5397120096717619	68.8655
chr7	67724782	0.0	68.8905
chr7	67757162	0.22129089365394888	68.8905
chr7	67867876	0.0	68.915
chr7	68027578	0.0	68.915
chr7	68080351	0.6609517705493319	68.915
chr7	68130279	0.0	68.948
chr7	68167118	0.0	68.948
chr7	68213062	0.0	68.948
chr7	68247564	0.0	68.948
chr7	68344393	0.0	68.948
chr7	68460346	0.057234112647936555	68.948
chr7	68818524	0.0	68.9685
chr7	68834101	0.0	68.9685
chr7	68912428	0.0	68.9685
chr7	69111380	0.20796506186949065	68.9685
chr7	69149848	0.0	68.9765
chr7	69357960	0.0	68.9765
chr7	69383998	0.755217163466086	68.9765
chr7	69416439	0.0	69.001
chr7	69538336	0.0	69.001
chr7	69618394	0.0	69.001
chr7	69663668	0.0	69.001
chr7	69719859	0.0	69.001
chr7	69747753	0.0	69.001
chr7	69789658	0.8986622598038679	69.001
chr7	69872559	0.17268174753888266	69.0755
chr7	69895723	0.0	69.0795
chr7	69955892	0.0	69.0795
chr7	69987956	5.687040441176687	69.0795
chr7	70022772	0.0	69.2775
chr7	70118346	0.30444489547345005	69.2775
chr7	70133127	0.0	69.282
chr7	70206541	0.0	69.282
chr7	70311551	0.0	69.282
chr7	70379763	0.0	69.282
chr7	70471588	0.0	69.282
chr7	70501706	0.0	69.282
chr7	70602804	0.0	69.282
chr7	70706457	0.02226266606560189	69.282
chr7	70886130	0.02595430744178052	69.286
chr7	71040247	0.0	69.29
chr7	71250275	0.07829933837040828	69.29
chr7	71301361	0.0	69.294
chr7	71321684	0.015104428240767942	69.294
chr7	71586507	0.0	69.298
chr7	71727465	0.0	69.298
chr7	71829091	0.0	69.298
chr7	71926169	0.0	69.298
chr7	71941527	0.0	69.298
chr7	71987007	0.025593484467559206	69.298
chr7	72162833	0.0	69.3025
chr7	72287465	0.053439856781249136	69.3025
chr7	72437166	0.0	69.3105
chr7	72528311	0.0	69.3105
chr7	72892506	0.0	69.3105
chr7	72950814	0.0	69.3105
chr7	72997610	0.0	69.3105
chr7	73038837	0.262340496977748	69.3105
chr7	73134133	0.0	69.3355
chr7	73186676	0.11529371072822069	69.3355
chr7	73256064	0.0	69.3435
chr7	73319024	0.8181393174376906	69.3435
chr7	73348970	0.0	69.368
chr7	73390366	0.08142438388896023	69.368
chr7	73445632	0.0	69.3725
chr7	73467313	0.25498820679544537	69.3725
chr7	73514374	0.05223227693541058	69.3845
chr7	73590955	0.0	69.3885
chr7	73731506	0.0	69.3885
chr7	73752762	0.0	69.3885
chr7	73776678	0.0	69.3885
chr7	73869302	0.030674611391054426	69.3885
chr7	73999703	0.0	69.3925
chr7	74034801	0.13240906612661352	69.3925
chr7	74098996	0.17426489964890646	69.401
chr7	74216633	0.17912838236559395	69.4215
chr7	74264085	0.0	69.43
chr7	74302402	0.3859513701269215	69.43
chr7	74333494	0.3081273109552731	69.442
chr7	74361080	0.0	69.4505
chr7	74405455	0.5913004915182059	69.4505
chr7	74432514	0.10969440429483214	69.4665
chr7	74510002	1.789102737869409	69.475
chr7	74546892	0.0	69.541
chr7	74580370	0.0	69.541
chr7	74726648	0.0	69.541
chr7	74841859	0.2622154003581275	69.541
chr7	74920039	0.13183150878528174	69.5615
chr7	75014857	0.09567904115598208	69.574
chr7	75229115	0.16334921672057248	69.5945
chr7	75354613	0.07804013135716685	69.615
chr7	75514787	0.2155404677226955	69.6275
chr7	75551903	0.2103525832916171	69.6355
chr7	75613704	0.043605760320991685	69.6485
chr7	75705435	0.4099590040995582	69.6525
chr7	75755440	0.0	69.673
chr7	75778618	4.539131708031159	69.673
chr7	75792277	0.035830414647517295	69.735
chr7	75903914	0.2106367247277979	69.739
chr7	76020228	0.05798688104804488	69.7635
chr7	76235794	0.21388137663560652	69.776
chr7	76446191	0.0	69.821
chr7	76469027	0.8220502901351987	69.821
chr7	76489707	0.0	69.838
chr7	76504054	0.13231013495637564	69.838
chr7	76719457	1.3873786043718148	69.8665
chr7	76746126	0.4824889776226699	69.9035
chr7	76806231	0.3203376997256946	69.9325
chr7	77166788	0.018177934713969692	70.048
chr7	77386835	0.0	70.052
chr7	77439937	0.2698841085885999	70.052
chr7	77471432	0.0	70.0605
chr7	77511979	0.0	70.0605
chr7	77641998	0.7994403917253489	70.0605
chr7	77652005	0.4856655089186032	70.0685
chr7	77719953	0.47814860858756714	70.1015
chr7	77814066	0.032527505455737	70.1465
chr7	78321329	0.1391691601142888	70.163
chr7	78350071	0.5854177754124756	70.167
chr7	78406441	0.3661583527180991	70.2
chr7	78429655	0.23508613556012267	70.2085
chr7	78482827	0.0	70.221
chr7	78690126	0.0	70.221
chr7	78733016	0.641125271992564	70.221
chr7	78784488	0.0	70.254
chr7	78805489	0.0	70.254
chr7	78822465	0.0	70.254
chr7	78845496	0.0	70.254
chr7	78864967	0.0	70.254
chr7	78954512	0.3665017408830661	70.254
chr7	78976340	0.8747448660807596	70.262
chr7	79000347	0.034558104906273535	70.283
chr7	79825045	0.0	70.3115
chr7	79859427	0.0	70.3115
chr7	80121154	0.24030008205366787	70.3115
chr7	80206464	0.0	70.332
chr7	80260731	0.050171139330909616	70.332
chr7	80350424	0.0511299723898774	70.3365
chr7	80428656	0.0	70.3405
chr7	80463310	0.6438253667193083	70.3405
chr7	80520779	0.4085978901492678	70.3775
chr7	80561161	0.502986482238011	70.394
chr7	80592971	0.16812104715395723	70.41
chr7	80717881	2.665589660743235	70.431
chr7	80755021	1.2094768729936172	70.53
chr7	80799255	3.151081587464328	70.5835
chr7	80810997	0.3887299415348842	70.6205
chr7	80875309	3.3002449400541476	70.6455
chr7	80914094	0.5532292080570088	70.7735
chr7	81077679	0.6633965905433226	70.864
chr7	81102551	0.07554867223217786	70.8805
chr7	81155497	0.39310648468466075	70.8845
chr7	81187295	1.6980266177141774	70.897
chr7	81209085	1.0003233368363307	70.934
chr7	81258569	1.7688106206385983	70.9835
chr7	81310016	0.11079565127062622	71.0745
chr7	81382221	0.39130351791403556	71.0825
chr7	81434610	0.11116978405283033	71.103
chr7	81470591	0.6135571589850706	71.107
chr7	81490964	0.20184350400323714	71.1195
chr7	81550416	0.7356864520510954	71.1315
chr7	81612263	0.2836879432617502	71.177
chr7	81626363	0.19306334749126566	71.181
chr7	81670390	0.6111011745066001	71.1895
chr7	81703936	1.7948201825013306	71.21
chr7	81733744	0.0	71.2635
chr7	81746078	0.43471387922878413	71.2635
chr7	81784034	0.21368536017821668	71.28
chr7	81805093	0.1952616506119113	71.2845
chr7	81889595	0.2660724382211583	71.301
chr7	81919662	0.4269417309926512	71.309
chr7	81948940	0.420341582844075	71.3215
chr7	82016742	0.5853139411141444	71.35
chr7	82044932	0.49135926751512204	71.3665
chr7	82128374	0.0882699097686794	71.4075
chr7	82179354	0.8212970829792229	71.412
chr7	82214664	2.5655478027637537	71.441
chr7	82317566	3.1898975615371135	71.705
chr7	82378383	0.0	71.899
chr7	82417648	0.12416576129147566	71.899
chr7	82449863	0.29912257378310725	71.903
chr7	82464907	0.0	71.9075
chr7	82513307	0.46813272133539785	71.9075
chr7	82557098	0.21200414585919514	71.928
chr7	82578324	0.6498242822093016	71.9325
chr7	82653729	0.0	71.9815
chr7	82675974	0.0	71.9815
chr7	82693733	16.442075623491462	71.9815
chr7	82713621	0.0765740758467157	72.3085
chr7	82765858	0.10591256917427619	72.3125
chr7	82803625	1.319208474915101	72.3165
chr7	82828640	5.56711357682207	72.3495
chr7	82854596	10.933266116327696	72.494
chr7	82870465	0.1036994789098768	72.6675
chr7	82909038	0.0	72.6715
chr7	82934138	0.18349036113901304	72.6715
chr7	83067660	0.0	72.696
chr7	83088084	0.0	72.696
chr7	83168572	0.08199172365893329	72.696
chr7	83272241	0.38581487316337504	72.7045
chr7	83303344	1.3231737920340638	72.7165
chr7	83325261	0.0	72.7455
chr7	83340408	0.0	72.7455
chr7	83373090	0.0	72.7455
chr7	83446123	2.4713547517402112	72.7455
chr7	83459476	0.3036690364764447	72.7785
chr7	83487467	0.0	72.787
chr7	83542180	11.306614532420795	72.787
chr7	83572870	0.0	73.134
chr7	83607573	0.23990229433821167	73.134
chr7	83676351	0.4869825810078753	73.1505
chr7	83703046	0.727743187515189	73.1635
chr7	83764881	0.06308352258397817	73.2085
chr7	83828289	1.8866013320165225	73.2125
chr7	83867778	0.0	73.287
chr7	83922253	0.17093651845036573	73.287
chr7	83969054	0.3327742725555159	73.295
chr7	84006617	0.0	73.3075
chr7	84035625	1.0398469345302912	73.3075
chr7	84047646	0.07934146583367824	73.32
chr7	84098061	0.3574939672891039	73.324
chr7	84120439	0.9390571100039592	73.332
chr7	84146529	0.2570533892101097	73.3565
chr7	84210718	0.0	73.373
chr7	84244610	0.07754208812215575	73.373
chr7	84302643	1.3123963897590802	73.3775
chr7	84324359	0.0	73.406
chr7	84364950	0.0	73.406
chr7	84419989	0.23592433767705992	73.406
chr7	84492046	0.364810188153475	73.423
chr7	84537275	2.8467289222337326	73.4395
chr7	84574862	0.0	73.5465
chr7	84609541	0.0	73.5465
chr7	84615628	1.1855441778056774	73.5465
chr7	84654007	0.16104680422738937	73.592
chr7	84703682	0.9773723492477564	73.6
chr7	84737446	0.37328356219174713	73.633
chr7	84924971	0.0	73.703
chr7	84947738	1.0114632501683634	73.703
chr7	84975915	0.0	73.7315
chr7	84999259	0.0	73.7315
chr7	85068542	1.0483473112972317	73.7315
chr7	85076650	0.3821578158917375	73.74
chr7	85109359	8.515151515151695	73.7525
chr7	85125859	0.0	73.893
chr7	85149446	0.0	73.893
chr7	85187780	3.6585185950109116	73.893
chr7	85255567	0.0	74.141
chr7	85328471	0.0	74.141
chr7	85352910	0.0	74.141
chr7	85406359	0.0	74.141
chr7	85427415	0.049858215699078036	74.141
chr7	85587870	0.13172627280527197	74.149
chr7	85618236	20.872517087939737	74.153
chr7	85640035	0.14140271493179715	74.608
chr7	85668323	0.25420856400447833	74.612
chr7	85686025	0.18517146878013246	74.6165
chr7	85753530	0.10055304172927797	74.629
chr7	85793310	0.0	74.633
chr7	85832373	0.0	74.633
chr7	85848302	0.31381163456673505	74.633
chr7	85873795	10.382471944422909	74.641
chr7	85886894	0.10062611806782346	74.777
chr7	85931614	0.567188889229637	74.7815
chr7	85996848	0.0	74.8185
chr7	86028854	0.0915331807781439	74.8185
chr7	86072554	0.09627882347255277	74.8225
chr7	86114100	0.0	74.8265
chr7	86157562	0.0	74.8265
chr7	86197502	0.0	74.8265
chr7	86219715	0.0	74.8265
chr7	86269856	0.0	74.8265
chr7	86288971	0.6222620469933713	74.8265
chr7	86309059	0.21294718909736415	74.839
chr7	86327843	0.0	74.843
chr7	86348535	0.3052055864831244	74.843
chr7	86389491	0.0	74.8555
chr7	86401730	0.0	74.8555
chr7	86424284	0.15783451051535644	74.8555
chr7	86449627	0.0	74.8595
chr7	86475887	13.307763830776612	74.8595
chr7	86501699	0.0817611348443611	75.203
chr7	86550622	0.0	75.207
chr7	86594793	0.0	75.207
chr7	86623642	0.0	75.207
chr7	86656051	0.6626155536884291	75.207
chr7	86686989	0.0	75.2275
chr7	86746285	0.0	75.2275
chr7	86773429	0.5751058492230392	75.2275
chr7	86874280	0.2877354518148164	75.2855
chr7	87016772	0.03748547437872408	75.3265
chr7	87123480	0.6354953011862821	75.3305
chr7	87175408	0.1244942421414531	75.3635
chr7	87207538	4.223911786936947	75.3675
chr7	87230029	0.0	75.4625
chr7	87247821	0.06466736722966095	75.4625
chr7	87309676	0.0	75.4665
chr7	87336466	0.20817611699523217	75.4665
chr7	87374895	0.043887025044794664	75.4745
chr7	87477431	0.0	75.479
chr7	87492471	0.0	75.479
chr7	87516359	0.14795635287608244	75.479
chr7	87543394	0.36835125976139216	75.483
chr7	87577329	0.0	75.4955
chr7	87622018	3.7264052378630397	75.4955
chr7	87650732	0.4244544296941932	75.6025
chr7	87719055	1.1840897008362719	75.6315
chr7	87739746	0.0	75.656
chr7	87757639	0.6391900184080912	75.656
chr7	87777195	0.22427810485028812	75.6685
chr7	87795030	3.446016889072361	75.6725
chr7	87906463	0.0	76.0565
chr7	87932451	0.0	76.0565
chr7	87935023	0.0	76.0565
chr7	88067406	3.9146239164879506	76.0565
chr7	88131780	0.0	76.3085
chr7	88149419	0.0	76.3085
chr7	88172697	0.09911293919433292	76.3085
chr7	88213055	0.0	76.3125
chr7	88236293	0.15364037307493952	76.3125
chr7	88346941	0.0	76.3295
chr7	88367188	0.0	76.3295
chr7	88404444	0.17965820027419832	76.3295
chr7	88448973	0.0	76.3375
chr7	88500134	0.0	76.3375
chr7	88541245	0.06736161398411408	76.3375
chr7	88600626	0.6726637484439106	76.3415
chr7	88650428	5.835335654391201	76.375
chr7	88670821	1.2680267988948726	76.494
chr7	88697240	0.0	76.5275
chr7	88712393	0.0	76.5275
chr7	88729368	0.0	76.5275
chr7	88763189	0.1585854180704388	76.5275
chr7	88788412	0.0	76.5315
chr7	88808633	0.0	76.5315
chr7	88843865	0.42869881336178206	76.5315
chr7	88873023	0.5462615227046621	76.544
chr7	88887668	4.546044940900973	76.552
chr7	88903066	0.6703795379538557	76.622
chr7	88970938	0.0	76.6675
chr7	89023135	4.918280871670531	76.6675
chr7	89029743	0.3553205702183299	76.7
chr7	89100102	0.161524794056085	76.725
chr7	89149630	0.0	76.733
chr7	89173247	0.7509311546319142	76.733
chr7	89189893	0.9855257132616874	76.7455
chr7	89240120	0.26592877421203814	76.795
chr7	89379255	0.0	76.832
chr7	89387380	0.0	76.832
chr7	89414419	0.0	76.832
chr7	89430641	0.0	76.832
chr7	89503337	0.10384215991705319	76.832
chr7	89580377	0.0	76.84
chr7	89602163	0.46999548804342167	76.84
chr7	89628759	0.5103082261685286	76.8525
chr7	89702244	0.19726784041020778	76.89
chr7	89742798	3.5963887807500994	76.898
chr7	89796741	0.0	77.092
chr7	89821399	0.0	77.092
chr7	89880696	0.0	77.092
chr7	89961594	3.9065872399208237	77.092
chr7	89984760	0.0	77.1825
chr7	90101221	0.0	77.1825
chr7	90190394	0.0	77.1825
chr7	90222187	0.0	77.1825
chr7	90234247	0.0	77.1825
chr7	90262587	0.0	77.1825
chr7	90304171	0.0	77.1825
chr7	90355670	0.0	77.1825
chr7	90380506	0.06541831084681979	77.1825
chr7	90571584	0.0	77.195
chr7	90619800	0.0	77.195
chr7	90664159	0.740695951869979	77.195
chr7	90697236	0.0	77.2195
chr7	90742917	0.0	77.2195
chr7	90822613	1.528776978416898	77.2195
chr7	90828173	7.384093206874993	77.228
chr7	90911257	0.12189836385326892	77.8415
chr7	90948173	0.0	77.846
chr7	90971756	0.0	77.846
chr7	91120337	0.09051229961568609	77.846
chr7	91170054	0.0	77.8505
chr7	91190908	0.33968090581590804	77.8505
chr7	91239483	0.47643625679916046	77.867
chr7	91264670	0.33550742142385676	77.879
chr7	91301927	0.0	77.8915
chr7	91315832	0.0	77.8915
chr7	91380836	0.022820760045441202	77.8915
chr7	91556115	0.08448800270375269	77.8955
chr7	91609377	0.0	77.9
chr7	91652130	0.0	77.9
chr7	91725783	0.5056676920483947	77.9
chr7	91773245	0.18117679658104366	77.924
chr7	91867076	0.19568195160133806	77.941
chr7	91928400	0.0	77.953
chr7	91951832	0.18320051296100934	77.953
chr7	91973666	0.0	77.957
chr7	91993854	6.248653307477277	77.957
chr7	92017059	0.0	78.102
chr7	92044120	0.0	78.102
chr7	92111469	0.32076682138940915	78.102
chr7	92137968	0.8346044262813009	78.1105
chr7	92172715	2.17818054696542	78.1395
chr7	92247089	1.8281535648990526	78.3015
chr7	92267328	1.0671613508068472	78.3385
chr7	92317461	1.4898900319262716	78.392
chr7	92331556	0.0	78.413
chr7	92355852	0.9305758339083693	78.413
chr7	92418179	0.24692882276626196	78.471
chr7	92434378	1.8815383457519144	78.475
chr7	92447665	2.6572901009230607	78.5
chr7	92466293	9.238145354616222	78.5495
chr7	92500499	0.6900726392253799	78.8655
chr7	92541799	0.23869196801471998	78.894
chr7	92558557	1.1966595376311284	78.898
chr7	92735299	0.0	79.1095
chr7	92749261	0.0	79.1095
chr7	92797478	0.0	79.1095
chr7	92809230	0.32554626663548825	79.1095
chr7	92847627	0.30915665811008824	79.122
chr7	92900998	0.7628858883319172	79.1385
chr7	92988167	1.4108212464733523	79.205
chr7	93008368	0.5489765508584055	79.2335
chr7	93046621	0.2500535829106332	79.2545
chr7	93130603	0.0	79.2755
chr7	93137553	1.1630705061362436	79.2755
chr7	93212355	1.2897849035637297	79.3625
chr7	93237553	0.0	79.395
chr7	93276176	0.0	79.395
chr7	93291166	0.6682069402917176	79.395
chr7	93335314	0.10787021056267555	79.4245
chr7	93451194	1.7030114226374586	79.437
chr7	93475269	3.091624508150721	79.478
chr7	93530418	0.6288589069291765	79.6485
chr7	93556656	4.843568152255545	79.665
chr7	93585870	0.13243489500564534	79.8065
chr7	93680256	0.9238395673726187	79.819
chr7	93702446	0.168911785820062	79.8395
chr7	93726127	0.0	79.8435
chr7	93744623	1.0816891658009464	79.8435
chr7	93767735	0.19149751053267272	79.8685
chr7	93791234	0.0	79.873
chr7	93817314	0.0	79.873
chr7	93863398	1.800574237188765	79.873
chr7	93883947	0.0	79.91
chr7	93900789	0.0	79.91
chr7	93930203	0.0	79.91
chr7	93972304	0.07726034805796242	79.91
chr7	94075850	0.0	79.918
chr7	94104886	0.0	79.918
chr7	94172852	0.0	79.918
chr7	94172853	0.1710831464088912	79.918
chr7	94199156	0.19379403114379412	79.9225
chr7	94243017	1.8993480252167563	79.931
chr7	94280135	0.30638948784580494	80.0015
chr7	94497179	0.0	80.068
chr7	94503795	6.5298507462693465	80.068
chr7	94514515	0.0	80.138
chr7	94531890	0.0	80.138
chr7	94570643	0.6398443898441717	80.138
chr7	94609715	2.0587392176792987	80.163
chr7	94648088	0.8694348673361224	80.242
chr7	94714798	0.0	80.3
chr7	94732750	0.09311853990140814	80.3
chr7	94775706	0.15227266959369154	80.304
chr7	94854512	0.0	80.316
chr7	94899391	0.0	80.316
chr7	94930113	7.736943907156233	80.316
chr7	94943038	0.41063746578022675	80.416
chr7	94994178	0.0	80.437
chr7	95024991	0.0	80.437
chr7	95042865	0.929160142471257	80.437
chr7	95100982	2.3585575857463104	80.491
chr7	95136173	4.300994838806534	80.574
chr7	95149542	1.100110011000725	80.6315
chr7	95172267	2.3148148148150915	80.6565
chr7	95197323	7.075638576381117	80.7145
chr7	95211456	1.8352552534182325	80.8145
chr7	95276842	3.3944053656141997	80.9345
chr7	95301294	5.0121579097931255	81.0175
chr7	95385190	0.0	81.438
chr7	95406695	2.783000197902166	81.438
chr7	95447119	0.0	81.5505
chr7	95472971	5.837831494954596	81.5505
chr7	95490015	0.6102374968057751	81.65
chr7	96014401	1.1686904965508471	81.97
chr7	96031942	1.1903187409073324	81.9905
chr7	96077308	0.0	82.0445
chr7	96081800	0.18141847907280118	82.0445
chr7	96128653	0.47569967493857346	82.053
chr7	96153879	0.0	82.065
chr7	96226558	0.7498928724468217	82.065
chr7	96254562	0.36240033990648024	82.086
chr7	96334584	0.799806107610651	82.115
chr7	96355214	0.3230258714357154	82.1315
chr7	96457373	0.22813440375444913	82.1645
chr7	96549424	0.0	82.1855
chr7	96582141	0.15976035946072026	82.1855
chr7	96632216	0.45384722804095895	82.1935
chr7	96660860	0.0	82.2065
chr7	96694363	0.0	82.2065
chr7	96727496	0.0	82.2065
chr7	96731837	0.0	82.2065
chr7	96743524	0.0	82.2065
chr7	96786713	1.445590947609609	82.2065
chr7	96806774	0.1716727544996844	82.2355
chr7	97048513	0.5352307789180754	82.277
chr7	97064394	0.0	82.2855
chr7	97068299	1.4290693621469788	82.2855
chr7	97082644	5.8060235190031655	82.306
chr7	97109771	0.0	82.4635
chr7	97126582	23.277286422392805	82.4635
chr7	97147160	0.5187905953642052	82.9425
chr7	97195349	0.0	82.9675
chr7	97247183	0.0	82.9675
chr7	97279128	0.17607442078852661	82.9675
chr7	97347281	0.0	82.9795
chr7	97394295	0.0	82.9795
chr7	97427848	0.0	82.9795
chr7	97442732	0.0	82.9795
chr7	97482100	0.9273647801892809	82.9795
chr7	97521998	6.9549440580596436	83.0165
chr7	97528612	0.10082932116671847	83.0625
chr7	97568283	0.0	83.0665
chr7	97575067	0.4338865386691266	83.0665
chr7	97584286	0.2528256989886363	83.0705
chr7	97617906	3.930885529158021	83.079
chr7	97652631	1.9298055765970372	83.2155
chr7	97680354	0.6472929628625695	83.269
chr7	97732108	0.19639613099645942	83.3025
chr7	97752475	1.7113626960546167	83.3065
chr7	97779062	2.984804630969294	83.352
chr7	97795646	0.3246795412928179	83.4015
chr7	97872645	2.9585798816557958	83.4265
chr7	97881095	0.4346499923746864	83.4515
chr7	97946665	0.0	83.48
chr7	97954257	0.0	83.48
chr7	97973859	0.2619172341536037	83.48
chr7	97991040	0.0	83.4845
chr7	98022167	0.6369711463247477	83.4845
chr7	98066910	0.0	83.513
chr7	98089285	0.7393715341958091	83.513
chr7	98151500	0.8199551182463947	83.559
chr7	98186258	0.39385584875926816	83.5875
chr7	98280201	0.07043466011374847	83.6245
chr7	98344090	2.415067427385907	83.629
chr7	98374938	0.9640238993177038	83.7035
chr7	98469334	0.5597537083680076	83.7945
chr7	98483626	9.106730885984074	83.8025
chr7	98508333	0.5272823142238288	84.0275
chr7	98618331	3.4508051878770654	84.0855
chr7	98648324	0.0	84.189
chr7	98710656	0.0	84.189
chr7	98713973	1.9337921992797744	84.189
chr7	98729228	0.42281152753310214	84.2185
chr7	98758792	9.297520661157378	84.231
chr7	98763632	0.056122321718182086	84.276
chr7	98843814	1.3502419633598342	84.2805
chr7	98890102	0.13750429700896108	84.343
chr7	98919192	4.92632504948357	84.347
chr7	98941927	0.07457816724149871	84.459
chr7	99049197	0.5200099841918148	84.467
chr7	99073235	0.0	84.4795
chr7	99085707	0.5347246977993169	84.4795
chr7	99116564	3.8860706473682125	84.496
chr7	99138051	5.882622230360854	84.5795
chr7	99159895	0.2507246554064603	84.708
chr7	99241658	8.444080236577083	84.7285
chr7	99269725	2.4370907596088442	84.9655
chr7	99303782	0.20626381967584795	85.0485
chr7	99424986	0.18902162407383702	85.0735
chr7	99491116	2.2285931865524256	85.086
chr7	99535763	5.456009063533965	85.1855
chr7	99569304	0.9236223874148646	85.3685
chr7	99636431	0.0	85.4305
chr7	99664550	0.4818719762534586	85.4305
chr7	99716431	0.17994241842582634	85.4555
chr7	99741439	3.548377229206805	85.46
chr7	99774130	0.5899008966494971	85.576
chr7	99837700	17.408123791101648	85.6135
chr7	99847006	0.16543402101995056	85.7755
chr7	99949766	16.318097486928675	85.7925
chr7	99997198	0.3886539398969573	86.5665
chr7	100073101	16.43635739421429	86.596
chr7	100084752	1.2955910643477386	86.7875
chr7	100110223	0.0	86.8205
chr7	100142890	0.15700778060804843	86.8205
chr7	100171551	0.0	86.825
chr7	100187738	0.18201674554016553	86.825
chr7	100209714	1.6695237385407913	86.829
chr7	100276799	0.4387364390553478	86.941
chr7	100314407	2.5187777140961294	86.9575
chr7	100380709	0.10205164629718126	87.1245
chr7	100503196	0.0944086478322568	87.137
chr7	100545565	0.4095004095000371	87.141
chr7	100576090	0.0	87.1535
chr7	100621451	0.019559519618222082	87.1535
chr7	100825955	1.8015421200551764	87.1575
chr7	100839832	0.0	87.1825
chr7	100890615	0.0	87.1825
chr7	100905777	0.0	87.1825
chr7	100937262	0.14708045300771375	87.1825
chr7	100991654	0.7793942992874405	87.1905
chr7	101045542	0.0	87.2325
chr7	101088179	0.22804099372211067	87.2325
chr7	101125453	6.841817186644871	87.241
chr7	101154685	0.0	87.441
chr7	101155360	0.14520637455950478	87.441
chr7	101182907	0.0	87.445
chr7	101222776	0.2670767238589791	87.445
chr7	101284556	0.2851296501290783	87.4615
chr7	101314367	0.195939079551258	87.47
chr7	101464924	0.7939382121070894	87.4995
chr7	101500821	0.0	87.528
chr7	101528624	3.449703325513483	87.528
chr7	101550365	2.345388123905806	87.603
chr7	101596626	1.4730321800875033	87.7115
chr7	101636340	3.1779661016950356	87.77
chr7	101659940	0.2682943188681259	87.845
chr7	101674849	0.7611158312094018	87.849
chr7	101703097	0.667678300454973	87.8705
chr7	101752522	3.025718608169555	87.9035
chr7	101770369	0.0	87.9575
chr7	101808110	0.639191574846314	87.9575
chr7	101840964	2.1579337784072568	87.9785
chr7	101885451	0.6622970287984188	88.0745
chr7	101973025	0.5057605266769469	88.1325
chr7	102031353	0.6762744274986326	88.162
chr7	102117117	0.6254901228575309	88.22
chr7	102170675	0.0	88.2535
chr7	102177110	7.632885782600552	88.2535
chr7	102182547	1.0594742134750303	88.295
chr7	102238235	3.941352672237112	88.354
chr7	102269950	2.819979034710878	88.479
chr7	102337681	0.5586803780088015	88.67
chr7	102390484	1.1484220680785038	88.6995
chr7	102455791	0.8565578907783565	88.7745
chr7	102479724	0.1174357557335998	88.795
chr7	102552104	1.5223017202008573	88.8035
chr7	102584949	0.39933939787739264	88.8535
chr7	102658821	4.6854853564193535	88.883
chr7	102702253	1.0965353506901068	89.0865
chr7	102851359	0.2808495699489404	89.25
chr7	102879844	0.6189957413094406	89.258
chr7	102920232	0.09497578117591624	89.283
chr7	102962348	0.6152483142194093	89.287
chr7	103002982	0.6923381247527627	89.312
chr7	103033314	0.30203965603006017	89.333
chr7	103061456	0.0	89.3415
chr7	103081536	0.0	89.3415
chr7	103109677	0.17577781683972968	89.3415
chr7	103132433	0.0	89.3455
chr7	103151322	2.752293577981234	89.3455
chr7	103164947	1.2689162515274472	89.383
chr7	103207503	0.24592577198177365	89.437
chr7	103496208	0.0	89.508
chr7	103561165	0.4110084503338323	89.508
chr7	103591578	2.2910974499089445	89.5205
chr7	103732122	0.48007681228994703	89.8425
chr7	103984165	0.3760855195680197	89.9635
chr7	104028038	0.14216186382562515	89.98
chr7	104087829	5.769940915805022	89.9885
chr7	104098661	0.09010835529735506	90.051
chr7	104143052	0.6439003004867664	90.055
chr7	104252541	0.8591655783904627	90.1255
chr7	104267090	0.0	90.138
chr7	104293774	0.0	90.138
chr7	104336603	0.0	90.138
chr7	104376880	1.989243350769463	90.138
chr7	104404026	0.5836909871248108	90.192
chr7	104433151	1.8044168987562181	90.209
chr7	104458644	0.389872488762405	90.255
chr7	104480446	0.0	90.2635
chr7	104525603	8.562016347080464	90.2635
chr7	104557780	2.593512565750948	90.539
chr7	104585156	0.2167593206507358	90.61
chr7	104624370	0.07484469725329108	90.6185
chr7	104677814	0.0	90.6225
chr7	104701200	0.10113780025260878	90.6225
chr7	104740750	1.334718670076739	90.6265
chr7	104803310	0.13043974499045796	90.71
chr7	104864641	0.36493390641416473	90.718
chr7	104876972	0.0	90.7225
chr7	104909924	0.16585810838847653	90.7225
chr7	104934041	0.0	90.7265
chr7	104935372	1.3118258672627063	90.7265
chr7	104976536	0.529030551513117	90.7805
chr7	104984097	1.304311532200843	90.7845
chr7	105032015	0.8546874509927616	90.847
chr7	105095781	0.49145350370384316	90.9015
chr7	105137494	0.0	90.922
chr7	105158065	0.0	90.922
chr7	105165334	0.0	90.922
chr7	105167271	0.0	90.922
chr7	105171261	2.4448985549557465	90.922
chr7	105184963	0.3691964124914168	90.9555
chr7	105240489	1.3668173203088758	90.976
chr7	105267925	0.4288164665524131	91.0135
chr7	105297075	0.37383601060352384	91.026
chr7	105341212	0.0	91.0425
chr7	105393503	0.0	91.0425
chr7	105416190	1.722028368151389	91.0425
chr7	105438257	0.33330555787058486	91.0805
chr7	105450258	0.17568517217105928	91.0845
chr7	105473026	0.13532876930421833	91.0885
chr7	105535836	0.0	91.097
chr7	105557883	1.9360377763469494	91.097
chr7	105674358	0.9232986533350632	91.3225
chr7	105696561	0.0	91.343
chr7	105778795	0.7652831547670796	91.343
chr7	105789902	0.0	91.3515
chr7	105810037	5.088304519362642	91.3515
chr7	105869094	0.0	91.652
chr7	105932792	1.7098303848255663	91.652
chr7	105954724	0.0	91.6895
chr7	105990031	0.0	91.6895
chr7	106020332	0.7624857033939932	91.6895
chr7	106025578	0.21671906739641889	91.6935
chr7	106180156	0.0	91.727
chr7	106194466	0.0	91.727
chr7	106207251	1.0533179515474143	91.727
chr7	106227188	0.0	91.748
chr7	106265565	5.24683083757805	91.748
chr7	106291676	0.0	91.885
chr7	106301844	0.10198762550128199	91.885
chr7	106345967	0.7562718406092804	91.8895
chr7	106422659	0.41345093715482034	91.9475
chr7	106433543	0.12454851164543806	91.952
chr7	106465659	1.3082690023752146	91.956
chr7	106519547	30.572236835574948	92.0265
chr7	106539696	1.6104768672763539	92.6425
chr7	106648049	0.0	92.817
chr7	106703277	2.4847189782841212	92.817
chr7	106723400	0.2944448079565642	92.867
chr7	106906796	6.234718826404367	92.921
chr7	106910886	2.3645169901986045	92.9465
chr7	106937107	10.478216339714454	93.0085
chr7	106949800	6.111473272490839	93.1415
chr7	106968208	3.117466123534318	93.254
chr7	106992266	0.3574265289918408	93.329
chr7	107004856	0.0	93.3335
chr7	107017793	0.0	93.3335
chr7	107059626	0.3874796809435302	93.3335
chr7	107112532	0.0	93.354
chr7	107121032	0.0	93.354
chr7	107148233	0.32945310784151666	93.354
chr7	107161892	1.6927408146537697	93.3585
chr7	107218014	0.0	93.4535
chr7	107256823	0.0	93.4535
chr7	107284750	0.32538998947259845	93.4535
chr7	107336995	1.3115916341719933	93.4705
chr7	107365205	0.0	93.5075
chr7	107401243	1.3072083201656015	93.5075
chr7	107436050	1.58730158730152	93.553
chr7	107454635	0.6588084469927378	93.5825
chr7	107510797	3.664023004498563	93.6195
chr7	107532358	2.413927630937725	93.6985
chr7	107552864	3.4251267296889987	93.748
chr7	107589359	0.0	93.873
chr7	107611783	1.9387815051995332	93.873
chr7	107628804	0.39740767913887926	93.906
chr7	107661516	0.7181844297614198	93.919
chr7	107689364	0.1662971175168986	93.939
chr7	107716424	0.0	93.9435
chr7	107730535	0.6658853611763713	93.9435
chr7	107768079	1.7443374121317068	93.9685
chr7	107787284	2.446008829495945	94.002
chr7	107804046	3.9738046795523907	94.043
chr7	107819774	1.5420837406544874	94.1055
chr7	107892403	15.547844655011616	94.2175
chr7	107899896	0.29097963142535177	94.334
chr7	107915361	0.2240896358546156	94.3385
chr7	107951061	1.9583921921149858	94.3465
chr7	107997783	0.0	94.438
chr7	108019038	0.8039215686273885	94.438
chr7	108044538	0.5251127447950795	94.4585
chr7	108076912	9.453781512605401	94.4755
chr7	108082624	1.228742750418052	94.5295
chr7	108092797	0.0	94.542
chr7	108135347	2.407704654895605	94.542
chr7	108182072	0.9874535315982752	94.6545
chr7	108190680	0.3616834721615022	94.663
chr7	108236300	0.0	94.6795
chr7	108239978	0.7381012980401213	94.6795
chr7	108279268	6.484502446981722	94.7085
chr7	108291528	7.173340597475768	94.788
chr7	108313554	0.24264306234961644	94.946
chr7	108416586	7.789705477566392	94.971
chr7	108434751	0.14340001434017668	95.1125
chr7	108462645	0.10649910807010006	95.1165
chr7	108500204	0.0	95.1205
chr7	108516874	1.4357364370762402	95.1205
chr7	108542993	1.4180130629082697	95.158
chr7	108566265	0.0	95.191
chr7	108575926	0.0	95.191
chr7	108626821	2.358988803605636	95.191
chr7	108641022	0.0	95.2245
chr7	108689671	1.6310405875023266	95.2245
chr7	108750675	1.3983685700017177	95.324
chr7	108780710	1.004965712934258	95.366
chr7	108789168	0.0	95.3745
chr7	108809749	1.099964801126614	95.3745
chr7	108821113	1.3833554670211203	95.387
chr7	108839185	0.9040409541444113	95.412
chr7	108885090	12.187736563209077	95.4535
chr7	108904905	9.314456035767511	95.695
chr7	108918325	0.0	95.82
chr7	108942875	0.8698476027002048	95.82
chr7	108985986	0.4970178926442482	95.8575
chr7	109011136	4.384017758046255	95.87
chr7	109029156	0.0	95.949
chr7	109047373	0.0	95.949
chr7	109101107	2.004860267314778	95.949
chr7	109117567	3.5183428209993135	95.982
chr7	109155511	15.862203191903145	96.1155
chr7	109165787	3.1570462585647654	96.2785
chr7	109188118	1.3637756665644902	96.349
chr7	109286008	0.0	96.4825
chr7	109297218	0.07653158841321105	96.4825
chr7	109349484	0.4198473282441099	96.4865
chr7	109388784	1.2498512081895485	96.503
chr7	109405586	1.4553014553015862	96.524
chr7	109436851	1.109917651270992	96.5695
chr7	109492711	8.665455017525506	96.6315
chr7	109508117	3.6032718760685003	96.765
chr7	109546138	1.0592672970598052	96.902
chr7	109565491	1.662947838167674	96.9225
chr7	109612997	3.4478682323274366	97.0015
chr7	109638375	2.8926422053970278	97.089
chr7	109664130	2.5645208061477405	97.1635
chr7	109719306	10.316275281661051	97.305
chr7	109748774	3.0349013657055735	97.609
chr7	109779088	6.4761496196811015	97.701
chr7	109839695	0.5440985216444624	98.0935
chr7	109877372	0.5343559439239299	98.114
chr7	109893279	0.0	98.1225
chr7	109946020	1.2000000000000455	98.1225
chr7	109963520	0.18378130025259742	98.1435
chr7	110007050	0.0	98.1515
chr7	110009580	2.6511804065144293	98.1515
chr7	110017501	2.1628340584214616	98.1725
chr7	110057726	1.9166750731361193	98.2595
chr7	110077552	12.435187626328633	98.2975
chr7	110088931	2.283052898335687	98.439
chr7	110176533	1.8610248229928885	98.639
chr7	110212266	0.0	98.7055
chr7	110249511	0.0	98.7055
chr7	110263228	0.08209843602489407	98.7055
chr7	110311950	0.0	98.7095
chr7	110378433	1.1119564581259642	98.7095
chr7	110412607	0.5515841496780003	98.7475
chr7	110435269	0.11695564457152356	98.76
chr7	110469470	0.0	98.764
chr7	110508841	0.0	98.764
chr7	110525737	0.5003101923193517	98.764
chr7	110575706	0.0	98.789
chr7	110592379	0.7966780937665133	98.789
chr7	110654512	0.41442188147584835	98.8385
chr7	110664164	0.2556083478678641	98.8425
chr7	110697418	1.9878946119157155	98.851
chr7	110714270	5.17249913379209	98.8845
chr7	110734473	1.462437298000765	98.989
chr7	110802852	6.1753147806558815	99.089
chr7	110827790	0.3075976622581428	99.243
chr7	110840794	5.981576743629847	99.247
chr7	110865871	0.8987474002202285	99.397
chr7	110972130	3.1550480769224847	99.4925
chr7	110992098	1.4933429291111624	99.5555
chr7	111047678	1.8190637885039305	99.6385
chr7	111068293	8.174799414643585	99.676
chr7	111088110	3.0223628910912166	99.838
chr7	111126656	6.980550741382667	99.9545
chr7	111157814	16.72489648033113	100.172
chr7	111173270	10.449445345030336	100.4305
chr7	111236192	13.97878161072967	101.088
chr7	111251179	2.6455026455029618	101.2975
chr7	111273103	13.85450390401813	101.3555
chr7	111283605	2.835713932684248	101.501
chr7	111364537	5.529187258403853	101.7305
chr7	111384974	4.797230464886199	101.8435
chr7	111415304	0.0	101.989
chr7	111423872	16.153349127718737	101.989
chr7	111437801	3.2216805830396726	102.214
chr7	111479239	0.0	102.3475
chr7	111538300	0.8124076809457278	102.3475
chr7	111558610	1.0725373976854842	102.364
chr7	111594040	0.4235931026644711	102.402
chr7	111690831	1.3927006103308084	102.443
chr7	111715244	1.523907053860971	102.477
chr7	111756257	3.777335984094898	102.5395
chr7	111773862	4.561857424934111	102.606
chr7	111788549	0.0	102.673
chr7	111804211	2.1502293577978393	102.673
chr7	111821651	5.463042190482354	102.7105
chr7	111836844	13.390568939005842	102.7935
chr7	111852452	2.193206161379253	103.0025
chr7	111911270	6.082135744657922	103.1315
chr7	111948428	0.09228497600601902	103.3575
chr7	111991772	0.20366598777972686	103.3615
chr7	112013867	0.13121637580386067	103.366
chr7	112044351	0.8398656215005917	103.37
chr7	112083643	1.6947776492317845	103.403
chr7	112132912	0.0	103.4865
chr7	112154365	0.7457448675204381	103.4865
chr7	112177161	1.4121102575684295	103.5035
chr7	112194865	0.7476924663541116	103.5285
chr7	112233651	0.9520726621855239	103.5575
chr7	112286168	1.199209932279621	103.6075
chr7	112300344	3.8244935698078586	103.6245
chr7	112324138	1.5640319342634776	103.7155
chr7	112345557	0.14099953000179463	103.749
chr7	112377472	1.0564733000384574	103.7535
chr7	112408708	0.7799991789481651	103.7865
chr7	112457426	1.5336612195249015	103.8245
chr7	112495244	2.5258765066033266	103.8825
chr7	112531667	0.6438320885907098	103.9745
chr7	112551082	0.0	103.987
chr7	112575005	0.0	103.987
chr7	112583529	1.3395249151637267	103.987
chr7	112611524	4.115720524017261	104.0245
chr7	112657324	0.0	104.213
chr7	112674679	1.5328959470234647	104.213
chr7	112690988	3.1884850141203387	104.238
chr7	112756850	1.4891097635370274	104.448
chr7	112784719	4.07803883405134	104.4895
chr7	112806298	3.365079365079192	104.5775
chr7	112829923	2.4124724827356925	104.657
chr7	112863084	0.9727626459144338	104.737
chr7	112875420	0.46746655388110314	104.749
chr7	112920343	2.878818668292622	104.77
chr7	112935106	0.598821519250025	104.8125
chr7	112997729	3.4233968931759455	104.85
chr7	113011312	11.53133775467514	104.8965
chr7	113028049	0.37963919091304266	105.0895
chr7	113060975	0.0	105.102
chr7	113122516	0.189465706706981	105.102
chr7	113164740	2.82790888991757	105.11
chr7	113184189	0.24562299817234154	105.165
chr7	113235080	3.6053752867915465	105.1775
chr7	113259488	0.12056262558588253	105.2655
chr7	113296813	1.985440105890214	105.27
chr7	113317967	1.543591010126308	105.312
chr7	113326065	1.8333333333326134	105.3245
chr7	113335065	6.838422391857615	105.341
chr7	113366505	0.0	105.556
chr7	113393993	25.322875109878805	105.556
chr7	113408782	9.61865023531132	105.9305
chr7	113450004	1.4334115194168822	106.327
chr7	113461515	1.5697725476420554	106.3435
chr7	113507063	5.880532342927376	106.415
chr7	113519987	0.2678093197641794	106.491
chr7	113549859	0.0	106.499
chr7	113553260	0.8546149205713544	106.499
chr7	113583098	0.0	106.5245
chr7	113612764	0.5638403359709985	106.5245
chr7	113664197	1.222979470669296	106.5535
chr7	113712031	2.8822253953146353	106.612
chr7	113730940	1.5815150377954619	106.6665
chr7	113749593	1.6873618362259897	106.696
chr7	113834637	20.943631267518334	106.8395
chr7	113847481	3.8825959962948082	107.1085
chr7	113861518	87.86158421194995	107.163
chr7	113865217	1.6040851968564784	107.488
chr7	113917895	3.7356553521996236	107.5725
chr7	113955104	2.062023496214923	107.7115
chr7	113991961	3.065073876140067	107.7875
chr7	114011047	1.8905693950173383	107.846
chr7	114033527	2.33519874907419	107.8885
chr7	114082131	3.3966841892439623	108.002
chr7	114094496	0.0	108.044
chr7	114112033	1.7919041184419229	108.044
chr7	114180117	6.451268927276597	108.166
chr7	114208251	1.1789463008977452	108.3475
chr7	114247693	0.23615204413187924	108.394
chr7	114300625	3.0120481927711986	108.4065
chr7	114310585	0.21517523333090663	108.4365
chr7	114347764	6.603350107496368	108.4445
chr7	114390091	10.587805768528815	108.724
chr7	114409264	4.297364429692383	108.927
chr7	114500250	0.441463978641569	109.318
chr7	114547819	0.686511423550244	109.339
chr7	114566027	0.0	109.3515
chr7	114585093	0.0661667401851649	109.3515
chr7	114653103	0.0	109.356
chr7	114674293	3.457182594873964	109.356
chr7	114724623	13.197511039743336	109.53
chr7	114734587	0.032036906516257416	109.6615
chr7	114875050	14.958806903602209	109.666
chr7	114908308	0.0	110.1635
chr7	114920895	1.2100956551804076	110.1635
chr7	114938249	8.023475334482294	110.1845
chr7	114962615	6.78053971458995	110.38
chr7	114999264	21.136396370445	110.6285
chr7	115040922	4.752560250199336	111.509
chr7	115057229	1.9455252918287114	111.5865
chr7	115072392	5.665722379604404	111.616
chr7	115078393	1.1476036941909828	111.65
chr7	115096692	1.68586681652076	111.671
chr7	115114487	2.371982698479561	111.701
chr7	115128821	0.0	111.735
chr7	115145921	2.0745271441649673	111.735
chr7	115197258	11.446710273181973	111.8415
chr7	115202456	29.254302103254304	111.901
chr7	115205071	2.1503781699537567	111.9775
chr7	115238786	7.7799026425591995	112.05
chr7	115261794	5.283579625196661	112.229
chr7	115273907	5.60046751728815	112.293
chr7	115294441	3.6402569593147684	112.408
chr7	115310786	1.9665283315703777	112.4675
chr7	115347653	0.15966483158539044	112.54
chr7	115425942	7.614931439891088	112.5525
chr7	115464813	0.7271420051144933	112.8485
chr7	115587210	1.310655937576395	112.9375
chr7	115603614	0.346393657146722	112.959
chr7	115616605	0.0	112.9635
chr7	115633118	0.869565217391502	112.9635
chr7	115647493	3.837230055328071	112.976
chr7	115653096	0.0	112.9975
chr7	115657352	0.28263941732792963	112.9975
chr7	115749342	4.171169954066706	113.0235
chr7	115778950	0.8853201564747363	113.147
chr7	115803235	6.33135933193241	113.1685
chr7	115839878	0.0	113.4005
chr7	115906399	0.807831210796425	113.4005
chr7	115980053	0.22408126680645735	113.46
chr7	116000135	0.23169601482848914	113.4645
chr7	116036821	1.9612101141438922	113.473
chr7	116110500	0.0	113.6175
chr7	116126513	1.2713618354910399	113.6175
chr7	116143424	0.5022601707686601	113.639
chr7	116169307	0.0	113.652
chr7	116180644	1.6687857596949138	113.652
chr7	116193228	0.0	113.673
chr7	116204636	3.3033584143880863	113.673
chr7	116231881	0.0	113.763
chr7	116245027	0.0	113.763
chr7	116255474	0.3650523241659013	113.763
chr7	116267801	3.0669312646582436	113.7675
chr7	116284430	1.3855234544890536	113.8185
chr7	116364905	0.0	113.93
chr7	116379096	0.3753753753747969	113.93
chr7	116391084	0.0	113.9345
chr7	116412447	0.9543323883573139	113.9345
chr7	116448074	1.581286683001738	113.9685
chr7	116483172	2.0974068424492858	114.024
chr7	116501528	6.564724492486033	114.0625
chr7	116520493	5.386342901256516	114.187
chr7	116548991	3.08570220860194	114.3405
chr7	116596306	0.0	114.4865
chr7	116612016	3.610360570203739	114.4865
chr7	116654948	3.1672496927298512	114.6415
chr7	116665525	2.7741324606721305	114.675
chr7	116725724	6.938060844823972	114.842
chr7	116748569	2.440749911566622	115.0005
chr7	116762704	4.836394480148907	115.035
chr7	116824010	0.6438193343894126	115.3315
chr7	116844202	0.11827321111782639	115.3445
chr7	116878022	1.7326913256000376	115.3485
chr7	116905436	0.0	115.396
chr7	116931642	0.7147907891904365	115.396
chr7	116996696	0.24973638936718331	115.4425
chr7	117014715	0.176380668678441	115.447
chr7	117040228	0.22174178169548692	115.4515
chr7	117058267	1.3429678400798597	115.4555
chr7	117100338	1.2775540253777988	115.512
chr7	117123429	1.1937986141324233	115.5415
chr7	117217666	5.54836323284652	115.654
chr7	117250108	1.9568361646011918	115.834
chr7	117285369	0.34140285536920173	115.903
chr7	117333699	2.3881893182806877	115.9195
chr7	117359032	3.178910641596962	115.98
chr7	117384827	1.940460977803205	116.062
chr7	117427085	2.550408065289832	116.144
chr7	117443749	0.0	116.1865
chr7	117450276	1.637222053000547	116.1865
chr7	117463408	4.099587048895818	116.208
chr7	117480117	1.5028715581556917	116.2765
chr7	117517379	1.493099849240529	116.3325
chr7	117551871	1.8379002369525688	116.384
chr7	117584789	5.356877139030301	116.4445
chr7	117604950	0.2649247235322095	116.5525
chr7	117737063	7.5889328063232755	116.5875
chr7	117749713	5.48929784377261	116.6835
chr7	117775035	3.279637310697438	116.8225
chr7	117826870	5.941044961496599	116.9925
chr7	117851024	0.8221752407798117	117.136
chr7	117872309	1.5224868014634494	117.1535
chr7	117917958	9.0162430026613	117.223
chr7	117961546	0.6965944272446084	117.616
chr7	117974466	5.329418389509821	117.625
chr7	117999328	4.449606322966099	117.7575
chr7	118098775	5.453132936922651	118.2
chr7	118132242	2.4349259693731993	118.3825
chr7	118289947	9.424833565567873	118.7665
chr7	118315783	0.9463638302409623	119.01
chr7	118353295	4.94967553966326	119.0455
chr7	118383499	0.88522324898547	119.195
chr7	118429815	12.345679012345705	119.236
chr7	118451280	1.9358670499179218	119.501
chr7	118629753	8.630171757339804	119.8465
chr7	118665210	0.5826126536185067	120.1525
chr7	118720135	1.8582665800679916	120.1845
chr7	118747849	0.3276062900402639	120.236
chr7	118761585	1.9493177387910952	120.2405
chr7	118773384	1.5404929577465372	120.2635
chr7	118800648	0.0	120.3055
chr7	118819340	0.0	120.3055
chr7	118832172	2.104983691117697	120.3055
chr7	118858538	0.8382553970751041	120.361
chr7	118897309	0.47150623127844693	120.3935
chr7	119005473	1.8940920448132925	120.4445
chr7	119030287	2.5711662075295934	120.4915
chr7	119057512	1.121544652870977	120.5615
chr7	119102985	0.0	120.6125
chr7	119132018	1.4965723665156856	120.6125
chr7	119163089	0.0	120.659
chr7	119190573	2.3712006898029054	120.659
chr7	119204490	2.816265060241142	120.692
chr7	119237690	4.270346947219335	120.7855
chr7	119271528	0.9039504558217687	120.93
chr7	119297525	0.6211718479140281	120.9535
chr7	119470585	0.5714629451388666	121.061
chr7	119487209	1.5348722986251033	121.0705
chr7	119511641	0.7121420214657813	121.108
chr7	119531300	1.2806581806892754	121.122
chr7	119557068	0.2715341680494898	121.155
chr7	119590213	0.0	121.164
chr7	119602427	0.14378580455729453	121.164
chr7	119734568	4.5618364232601305	121.183
chr7	119765367	0.4598913430054638	121.3235
chr7	119846908	2.4138815682066563	121.361
chr7	119889785	0.18233867585662922	121.4645
chr7	119944628	0.4547751389583694	121.4745
chr7	119954523	0.5404756185451929	121.479
chr7	119962849	0.7508983962953423	121.4835
chr7	120018782	0.0	121.5255
chr7	120045402	1.0270590558958466	121.5255
chr7	120096032	5.156998565805039	121.5775
chr7	120128803	1.538586120334072	121.7465
chr7	120141152	2.32443612725293	121.7655
chr7	120191917	1.3749702530475874	121.8835
chr7	120229736	1.0345464622202691	121.9355
chr7	120256801	0.21729682746667034	121.9635
chr7	120277510	1.9723049762771805	121.968
chr7	120313762	3.968126980063209	122.0395
chr7	120345011	3.0101422811997036	122.1635
chr7	120400324	3.8655541413288006	122.33
chr7	120421537	0.34581503142662623	122.412
chr7	120503951	0.7935983069903084	122.4405
chr7	120564435	2.684854389953345	122.4885
chr7	120610620	1.862692921767148	122.6125
chr7	120623773	4.196426090097997	122.637
chr7	120659756	2.059429243895481	122.788
chr7	120693746	3.380425423350274	122.858
chr7	120725103	1.1119141602266094	122.964
chr7	120743090	2.071423983557147	122.984
chr7	120805366	1.253515959398215	123.113
chr7	120821720	0.4156736684586978	123.1335
chr7	121074322	2.5724890669212153	123.2385
chr7	121101533	0.32569432107553603	123.3085
chr7	121152194	1.1173087583147752	123.325
chr7	121209922	1.5673635179584087	123.3895
chr7	121255221	0.525041565790645	123.4605
chr7	121289504	0.6415311209420058	123.4785
chr7	121439146	3.3579110505800185	123.5745
chr7	121460439	2.427708243418305	123.646
chr7	121478975	0.6659153775223348	123.691
chr7	121498497	1.0523361863339	123.704
chr7	121534132	1.781715744107049	123.7415
chr7	121575665	0.0	123.8155
chr7	121596448	0.29923481383341183	123.8155
chr7	121619841	10.281517747858407	123.8225
chr7	121623926	3.425327852808435	123.8645
chr7	121629035	0.0	123.882
chr7	121644041	0.0	123.882
chr7	121662559	0.5049604942670916	123.882
chr7	121679392	0.171883653864524	123.8905
chr7	121731753	0.0	123.8995
chr7	121751490	0.0	123.8995
chr7	121754358	0.0	123.8995
chr7	121764796	0.0	123.8995
chr7	121779460	0.0	123.8995
