Chromosome	Position(bp)	Rate(cM/Mb)	Map(cM)
chr8	0	0.0	0.0
chr8	75255	0.4631237698274864	0.0
chr8	144351	3.0333167578319244	0.032
chr8	164461	0.0	0.093
chr8	226297	0.0	0.093
chr8	233562	0.0	0.093
chr8	244326	0.0	0.093
chr8	245037	0.0	0.093
chr8	253024	6.523058252427186	0.093
chr8	259616	0.12470670829715295	0.136
chr8	800886	2.1056787523853395	0.2035
chr8	816083	0.3684711517794089	0.2355
chr8	848650	3.291368386406647	0.2475
chr8	860803	0.24141630901287575	0.2875
chr8	954003	0.0	0.31
chr8	976399	0.7667031763417312	0.31
chr8	1017484	0.6682577565632456	0.3415
chr8	1080334	0.5681156042419304	0.3835
chr8	1114658	0.4259669449650664	0.403
chr8	1126396	0.0	0.408
chr8	1167356	0.5094243504839536	0.408
chr8	1186986	0.3122630146763619	0.418
chr8	1231820	0.6320313487548987	0.432
chr8	1239731	1.786671431123818	0.437
chr8	1245328	1.5799644834430153	0.447
chr8	1283620	0.4471871925588055	0.5075
chr8	1305982	0.4186124393011977	0.5175
chr8	1359731	0.0	0.54
chr8	1382034	0.41360955258236065	0.54
chr8	1437642	1.579673976530561	0.563
chr8	1475308	0.2718175533735577	0.6225
chr8	1624305	0.0	0.663
chr8	1624495	0.1998667554963335	0.663
chr8	1647010	0.0	0.6675
chr8	1699214	1.1641020044381398	0.6675
chr8	1726703	0.0	0.6995
chr8	1761564	0.0	0.6995
chr8	1814438	0.6197493458201355	0.6995
chr8	1828960	0.09520182787509411	0.7085
chr8	1876228	0.3340261282660335	0.713
chr8	1903172	0.0	0.722
chr8	1940779	0.47943746004687876	0.722
chr8	1959551	1.0086519926480462	0.731
chr8	1981858	0.0	0.7535
chr8	1983591	0.974500568458666	0.7535
chr8	2002062	0.0	0.7715
chr8	2064814	0.27602281788628225	0.7715
chr8	2081117	1.1160031798446761	0.776
chr8	2113823	0.37636432066240155	0.8125
chr8	2137736	0.6081355015991692	0.8215
chr8	2159935	0.6221054814405204	0.835
chr8	2203336	0.0	0.862
chr8	2219784	0.4180976556667168	0.862
chr8	2253269	0.3565909901343163	0.876
chr8	2278508	2.1794406102433728	0.885
chr8	2295026	3.51837372947615	0.921
chr8	2312932	1.7126220243192343	0.984
chr8	2342127	3.425729489096791	1.034
chr8	2370880	14.849290780141832	1.1325
chr8	2375392	1.8522583831842352	1.1995
chr8	2411834	1.312623058411727	1.267
chr8	2452973	3.439991263514248	1.321
chr8	2471287	9.625868883739955	1.384
chr8	2500635	5.845078116464546	1.6665
chr8	2518941	3.3765055687144057	1.7735
chr8	2538784	0.7820498968414441	1.8405
chr8	2733145	0.0	1.9925
chr8	2751641	0.2561329614662223	1.9925
chr8	2786779	0.22018887312226484	2.0015
chr8	2807216	2.157123834886828	2.006
chr8	2825991	1.0439624173529634	2.0465
chr8	2843233	7.219849501728714	2.0645
chr8	2862901	15.507367608261996	2.2065
chr8	2878442	0.5974508762613079	2.4475
chr8	2893506	0.0	2.4565
chr8	2906016	0.2789659661521125	2.4565
chr8	2922147	9.322779243623598	2.461
chr8	2933517	21.896302416855995	2.567
chr8	2938358	18.75091200933895	2.673
chr8	2945211	8.072705117790404	2.8015
chr8	2955059	0.0	2.881
chr8	2980554	2.3036337965371287	2.881
chr8	3020925	0.05303351718285634	2.974
chr8	3105777	1.3039084656257143	2.9785
chr8	3136454	0.38123430211697945	3.0185
chr8	3158750	1.4253238552303924	3.027
chr8	3186463	2.2367840715770817	3.0665
chr8	3202334	0.6890215893431588	3.102
chr8	3215396	0.6343939098184609	3.111
chr8	3235888	0.0	3.124
chr8	3249648	3.3276825516418618	3.124
chr8	3265575	4.715868898844616	3.177
chr8	3274057	0.0	3.217
chr8	3281445	1.1262753411951412	3.217
chr8	3288992	1.6495487083722358	3.2255
chr8	3305057	1.2307109722617007	3.252
chr8	3315620	0.4892004359457033	3.265
chr8	3396364	2.6003949967083666	3.3045
chr8	3426744	0.5057803468207985	3.3835
chr8	3461344	1.2928666084876705	3.401
chr8	3492283	1.8888096935138965	3.441
chr8	3506313	0.3518923991241923	3.4675
chr8	3519101	1.9673974142776922	3.472
chr8	3545786	0.0	3.5245
chr8	3546103	0.23695434679583627	3.5245
chr8	3565094	0.0	3.529
chr8	3576755	0.0	3.529
chr8	3581399	1.8676916414032037	3.529
chr8	3599871	0.8954629875298532	3.5635
chr8	3614947	2.429966530649669	3.577
chr8	3636758	0.44620447319984424	3.63
chr8	3744332	1.1469517097857498	3.678
chr8	3786618	3.139434180138559	3.7265
chr8	3800474	1.707057704147309	3.77
chr8	3818341	0.5097022265939366	3.8005
chr8	3930171	0.0	3.8575
chr8	3943969	0.0	3.8575
chr8	3963040	0.0	3.8575
chr8	3963689	0.0	3.8575
chr8	4020005	0.0	3.8575
chr8	4028215	1.4805296385272904	3.8575
chr8	4046114	26.388125343595405	3.884
chr8	4047933	5.394287488357662	3.932
chr8	4060817	4.643880692070924	4.0015
chr8	4079659	0.0	4.089
chr8	4079871	21.404431092752347	4.089
chr8	4082534	2.187910233168728	4.146
chr8	4098531	0.24801587301588243	4.181
chr8	4116675	2.4213482201409113	4.1855
chr8	4176146	0.5782249383968002	4.3295
chr8	4288559	0.6060333991740219	4.3945
chr8	4310835	3.766164511398465	4.408
chr8	4325837	1.3471947352106577	4.4645
chr8	4409715	3.028627743191605	4.5775
chr8	4451318	1.1864124552493627	4.7035
chr8	4499362	8.516213560432297	4.7605
chr8	4502415	5.053232525844786	4.7865
chr8	4515377	3.9311922233869994	4.852
chr8	4536363	2.5862068965517224	4.9345
chr8	4563043	3.0032606830272988	5.0035
chr8	4574697	3.5302921845513198	5.0385
chr8	4605431	8.549703913942317	5.147
chr8	4633970	2.904605344473827	5.391
chr8	4674423	11.735807860262291	5.5085
chr8	4676255	14.429228071838127	5.53
chr8	4697358	5.171465878633773	5.8345
chr8	4755562	5.26976160602258	6.1355
chr8	4803382	9.973344782554252	6.3875
chr8	4859281	0.24338796040887697	6.945
chr8	4896259	7.300989166274138	6.954
chr8	4921735	0.0	7.14
chr8	4928193	8.499248685199142	7.14
chr8	4938841	37.878787878787854	7.2305
chr8	4947949	6.862091938707512	7.5755
chr8	4955454	1.9604340437616514	7.627
chr8	5173773	11.001663042087795	8.055
chr8	5181590	2.047654504839957	8.141
chr8	5200392	8.602910847916977	8.1795
chr8	5217363	4.679802955665037	8.3255
chr8	5264053	2.5073352894104466	8.544
chr8	5282798	2.1061638200546304	8.591
chr8	5313185	1.4278731122488444	8.655
chr8	5352054	0.8975893315096938	8.7105
chr8	5375450	5.414673765905489	8.7315
chr8	5386531	1.4691478942214073	8.7915
chr8	5403888	7.093842729970266	8.817
chr8	5414672	3.1191063397649255	8.8935
chr8	5421565	1.7795102109991354	8.915
chr8	5445167	0.7428771193846994	8.957
chr8	5456609	7.00131018670158	8.9655
chr8	5468821	0.0	9.051
chr8	5492964	0.29263926186050315	9.051
chr8	5609148	2.676585094549436	9.085
chr8	5623532	1.3788268286983185	9.1235
chr8	5644927	3.1358441310368845	9.153
chr8	5676338	2.664805532643856	9.2515
chr8	5692099	1.0956640442576417	9.2935
chr8	5719936	0.2948982601002329	9.324
chr8	5733500	2.060594352683604	9.328
chr8	5764559	0.24501546660135662	9.392
chr8	5797210	4.621369446313126	9.4
chr8	5831399	4.812834224598902	9.558
chr8	5848229	11.476769911504531	9.639
chr8	5859077	1.813113342247809	9.7635
chr8	5903200	7.342378292098863	9.8435
chr8	5915730	0.5822956929004063	9.9355
chr8	6074584	3.3187226048841354	10.028
chr8	6098539	1.4146390174083956	10.1075
chr8	6128582	23.117699028173167	10.15
chr8	6138769	9.785739651974879	10.3855
chr8	6164112	0.5009724759827742	10.6335
chr8	6181079	4.6876024388645074	10.642
chr8	6196332	1.2458152004853922	10.7135
chr8	6521019	3.368364322284907	11.118
chr8	6524730	2.681992337164777	11.1305
chr8	6548220	6.0685205100630375	11.1935
chr8	6561238	0.4422594314394954	11.2725
chr8	6609852	0.14566642388927747	11.294
chr8	6637312	1.1338480643594189	11.298
chr8	6655833	0.0	11.319
chr8	6676589	4.2482556830970015	11.319
chr8	6694361	0.24928331048233576	11.3945
chr8	6710407	1.2051609244292825	11.3985
chr8	6724513	1.064746742382031	11.4155
chr8	6744236	3.254322906547512	11.4365
chr8	6764824	6.105052987252301	11.5035
chr8	6777846	0.7733712800840988	11.583
chr8	6794009	4.1299217488511575	11.5955
chr8	6810111	2.546360365347322	11.662
chr8	6828176	0.5299559867061983	11.708
chr8	6883841	0.0	11.7375
chr8	6900447	0.0	11.7375
chr8	6913946	0.7946598855689313	11.7375
chr8	6929676	4.78146460432581	11.75
chr8	6945257	1.1612423745083964	11.8245
chr8	6977550	5.044428966419738	11.862
chr8	7024929	1.0689242346501873	12.101
chr8	7036623	7.855612543011131	12.1135
chr8	7052026	0.24470818548877768	12.2345
chr8	7068372	0.28868360277137356	12.2385
chr8	7083960	11.96060037523452	12.243
chr8	7107412	0.5625879043599943	12.5235
chr8	7121632	7.785467128027741	12.5315
chr8	7136660	0.0	12.6485
chr8	7154883	10.762195121951159	12.6485
chr8	7171283	0.0	12.825
chr8	7186405	0.82902241676622	12.825
chr8	7201483	1.9627372861495245	12.8375
chr8	7218551	10.29658645775038	12.871
chr8	7236421	3.1938220993421758	13.055
chr8	7246910	4.355350447072391	13.0885
chr8	7281580	0.5828470754985724	13.2395
chr8	7432563	7.130664610979581	13.3275
chr8	7450724	0.9562380470243818	13.457
chr8	7459613	0.0	13.4655
chr8	7468497	1.9178700361010224	13.4655
chr8	7472929	1.234933807547889	13.474
chr8	7513417	2.916460701927882	13.524
chr8	7523532	0.0	13.5535
chr8	7544422	0.3946139226234537	13.5535
chr8	7606508	0.0	13.578
chr8	7609534	27.86377708978355	13.578
chr8	7611795	0.0	13.641
chr8	7617090	1.5634771732331818	13.641
chr8	7625085	0.0	13.6535
chr8	7632811	3.70546318289789	13.6535
chr8	7664386	2.619440806332178	13.7705
chr8	7681947	7.562846186621284	13.8165
chr8	7700723	0.15203633668445085	13.9585
chr8	7753342	0.0	13.9665
chr8	7756563	3.9065679173109826	13.9665
chr8	7781137	0.48901162121733577	14.0625
chr8	7798519	3.17549642254203	14.071
chr8	7823397	0.9168704156478578	14.15
chr8	7841393	5.185250842049322	14.1665
chr8	7863957	0.0	14.2835
chr8	7891396	1.7146776406034692	14.2835
chr8	7898686	1.525959699955912	14.296
chr8	7925882	3.844880238419361	14.3375
chr8	7953061	0.12169068931015362	14.442
chr8	7990040	3.4296404073994697	14.4465
chr8	7994851	0.79190327191255	14.463
chr8	8020738	0.5321035828308113	14.4835
chr8	8029195	1.9439868204283708	14.488
chr8	8044370	1.7937707234874967	14.5175
chr8	8062767	0.7143282338234689	14.5505
chr8	8079566	0.5794000980523198	14.5625
chr8	8102003	0.0	14.5755
chr8	8114859	1.269744527401105	14.5755
chr8	8134548	0.4597436928911625	14.6005
chr8	8151949	0.47836119083806106	14.6085
chr8	8169718	1.4336313037611284	14.617
chr8	8175647	0.0	14.6255
chr8	8211364	8.459192564623894	14.6255
chr8	8225136	6.766202538723854	14.742
chr8	8243019	1.512304660648057	14.863
chr8	8264840	4.889109331821722	14.896
chr8	8293066	12.344787756280637	15.034
chr8	8306918	1.2084370880328565	15.205
chr8	8320572	0.0	15.2215
chr8	8340567	1.438119984965096	15.2215
chr8	8401758	0.0	15.3095
chr8	8409221	1.1361215650074568	15.3095
chr8	8423304	1.1613797885248773	15.3255
chr8	8480994	2.4573576178085372	15.3925
chr8	8491371	1.0272599719382736	15.418
chr8	8511327	0.8914100486224001	15.4385
chr8	8529837	0.5140013980837735	15.455
chr8	8554156	6.936547646122349	15.4675
chr8	8567347	0.7067591878694691	15.559
chr8	8590693	3.0922648990945083	15.5755
chr8	8624487	46.948516876917914	15.68
chr8	8639152	0.7052659860290434	16.3685
chr8	8668928	10.22285831118359	16.3895
chr8	8678710	0.5409318669877118	16.4895
chr8	8801646	0.25113008538423853	16.556
chr8	8819565	3.9247821961528975	16.5605
chr8	8831158	7.124878993223524	16.606
chr8	8856983	4.298941798941766	16.79
chr8	8881175	1.4322543683759457	16.894
chr8	8898630	0.4287870472008538	16.919
chr8	8927782	14.987408620816105	16.9315
chr8	8968683	1.5832805573148911	17.5445
chr8	8984473	0.6549698316924846	17.5695
chr8	9009665	0.5958876572282287	17.586
chr8	9079309	0.0	17.6275
chr8	9104666	0.0	17.6275
chr8	9121322	2.1215469613259685	17.6275
chr8	9166572	0.4730907721016488	17.7235
chr8	9280715	1.0013351134846842	17.7775
chr8	9301687	0.9019524617996317	17.7985
chr8	9320535	7.222375563529141	17.8155
chr8	9331404	0.29722589167768626	17.894
chr8	9346544	1.1352284079557238	17.8985
chr8	9379577	2.375221687357577	17.936
chr8	9395365	1.0348199868088195	17.9735
chr8	9439334	1.4687368862778407	18.019
chr8	9513207	0.7293297281912056	18.1275
chr8	9541315	0.0	18.148
chr8	9557079	0.8128788280407743	18.148
chr8	9613668	0.10475504081255795	18.194
chr8	9732994	0.25168313093823297	18.2065
chr8	9748887	0.5161525382561031	18.2105
chr8	9765355	1.797306722463656	18.219
chr8	9802633	0.0	18.286
chr8	9822629	0.7614680434454669	18.286
chr8	9882382	0.43008440406444126	18.3315
chr8	9900983	0.0	18.3395
chr8	9920746	0.0	18.3395
chr8	9927930	0.7183033431541734	18.3395
chr8	9968999	0.0	18.369
chr8	9979610	5.599237550631333	18.369
chr8	9992201	3.427312415847225	18.4395
chr8	10016710	1.8829846658378004	18.5235
chr8	10183201	0.2899811512252672	18.837
chr8	10196995	0.3218279829429385	18.841
chr8	10209424	14.303564382480674	18.845
chr8	10224630	7.930712749989822	19.0625
chr8	10249281	12.325003763359948	19.258
chr8	10302425	5.13282163050006	19.913
chr8	10334084	78.22351828499367	20.0755
chr8	10346772	4.8724802316515525	21.068
chr8	10364730	0.5049290694878769	21.1555
chr8	10406320	1.2580877066858853	21.1765
chr8	10423012	0.0	21.1975
chr8	10467358	20.450827122340876	21.1975
chr8	10472859	4.5395590142671916	21.31
chr8	10529913	4.481197449875326	21.569
chr8	10562382	0.0	21.7145
chr8	10564327	3.8906339234721106	21.7145
chr8	10578335	2.542976299460925	21.769
chr8	10637321	0.5391177496590701	21.919
chr8	10668854	22.803283672848675	21.936
chr8	10672143	4.442250740375151	22.011
chr8	10697468	12.800158761659192	22.1235
chr8	10707546	6.603260869565081	22.2525
chr8	10725946	2.063502629301776	22.374
chr8	10755992	4.294942275975811	22.436
chr8	10770544	1.1290196994471664	22.4985
chr8	10796230	10.104578858111974	22.5275
chr8	10803306	0.0	22.599
chr8	10834387	1.5516318887105358	22.599
chr8	10871767	0.3242047448318524	22.657
chr8	10897985	1.6109295373224368	22.6655
chr8	10962544	1.8198362147406992	22.7695
chr8	10990019	5.0752481588216485	22.8195
chr8	11021249	7.458766677171943	22.978
chr8	11040287	8.607070872146739	23.12
chr8	11058644	27.438100050530533	23.278
chr8	11068539	0.937925203767573	23.5495
chr8	11144238	3.256770654782376	23.6205
chr8	11164657	3.609534868435461	23.687
chr8	11255943	1.5041585560077384	24.0165
chr8	11267245	0.0	24.0335
chr8	11290811	5.862035415450468	24.0335
chr8	11311367	0.33937131463959275	24.154
chr8	11334940	11.769426240470906	24.162
chr8	11342417	0.0	24.25
chr8	11352000	0.5709799443293926	24.25
chr8	11366011	0.0	24.258
chr8	11370307	2.4332694292878077	24.258
chr8	11377088	0.5656108597285282	24.2745
chr8	11385044	2.351456756136546	24.279
chr8	11393762	6.169448552715013	24.2995
chr8	11417427	2.9972215537421616	24.4455
chr8	11463136	13.258527326522678	24.5825
chr8	11481049	5.294558805422154	24.82
chr8	11570386	0.2584313218762977	25.293
chr8	11585864	7.765046935394737	25.297
chr8	11614840	8.321498313509675	25.522
chr8	11637372	3.007496070608227	25.7095
chr8	11670456	2.2246941045606543	25.809
chr8	11692931	0.0	25.859
chr8	11694235	1.3532876930421833	25.859
chr8	11700516	6.684591829113528	25.8675
chr8	11727294	0.0	26.0465
chr8	11753024	20.69749556959908	26.0465
chr8	11782931	9.131140571251887	26.6655
chr8	11834677	0.0	27.138
chr8	11931876	0.0	27.138
chr8	11956426	6.684491978609626	27.138
chr8	11975126	1.2580343899357205	27.263
chr8	12157156	0.2688597184879948	27.492
chr8	12188771	0.4157571977965026	27.5005
chr8	12217634	1.3228573719234045	27.5125
chr8	12230107	0.08073794481564169	27.529
chr8	12279650	0.14477832829290813	27.533
chr8	12310732	5.2429274292742	27.5375
chr8	12343252	0.49067713444569866	27.708
chr8	12351404	1.6364348768064514	27.712
chr8	12394791	2.1597650175660683	27.783
chr8	12429517	2.1088644715167257	27.858
chr8	12484760	0.7990599294946867	27.9745
chr8	12506035	4.442658451097305	27.9915
chr8	12550828	2.455650680336006	28.1905
chr8	12588089	0.0	28.282
chr8	12592572	1.7809052210927294	28.282
chr8	12604083	0.3652457889309688	28.3025
chr8	12627355	2.9578797917653046	28.311
chr8	12644259	1.1082489666326913	28.361
chr8	12677645	1.1098779134295462	28.398
chr8	12741616	0.0	28.469
chr8	12802802	1.0650375103870127	28.469
chr8	12888245	4.293170891211433	28.56
chr8	12970818	3.1537708129284816	28.9145
chr8	13047393	0.0	29.156
chr8	13109291	0.031149197735108405	29.156
chr8	13253757	0.07848985518624339	29.1605
chr8	13304719	0.0	29.1645
chr8	13322031	0.24214540831777565	29.1645
chr8	13338550	0.0	29.1685
chr8	13372673	0.0	29.1685
chr8	13418733	0.34663877889144623	29.1685
chr8	13503836	0.0	29.198
chr8	13557903	0.0	29.198
chr8	13639108	0.3461969249567144	29.198
chr8	13688213	0.0	29.215
chr8	13717036	0.31782606968333077	29.215
chr8	13742207	0.451769690927217	29.223
chr8	13806399	5.32932946145724	29.252
chr8	13836703	4.892750900266166	29.4135
chr8	13862251	0.4700027647222287	29.5385
chr8	13880336	0.0	29.547
chr8	13883789	1.7898052691866109	29.547
chr8	13897757	7.7451642372006315	29.572
chr8	13922934	1.4185355309376382	29.767
chr8	13937738	3.7419511602478415	29.788
chr8	13978893	0.0	29.942
chr8	13982059	0.5940594059406166	29.942
chr8	14002259	3.909643788010574	29.954
chr8	14003410	0.5282088688784565	29.9585
chr8	14043167	0.0	29.9795
chr8	14056350	0.08898380494745024	29.9795
chr8	14101302	0.1460546974842566	29.9835
chr8	14128689	0.20519134092529923	29.9875
chr8	14148183	2.247284531191562	29.9915
chr8	14172212	0.18442760378244946	30.0455
chr8	14261678	0.0	30.062
chr8	14286476	0.8430504205094707	30.062
chr8	14335702	0.0	30.1035
chr8	14348270	0.0	30.1035
chr8	14365848	2.456647398843339	30.1035
chr8	14369308	0.0	30.112
chr8	14375074	0.8148299042577584	30.112
chr8	14379983	0.24213075060540773	30.116
chr8	14396503	1.428960261295403	30.12
chr8	14411199	0.0	30.141
chr8	14420788	0.0	30.141
chr8	14441381	1.8427212510584485	30.141
chr8	14461460	1.0062893081755429	30.178
chr8	14465435	2.1262257749686277	30.182
chr8	14508469	0.08292389659392864	30.2735
chr8	14556706	0.10105603557175827	30.2775
chr8	14596288	0.0	30.2815
chr8	14613956	0.25342118601116015	30.2815
chr8	14631713	1.7843123260294467	30.286
chr8	14645724	0.0	30.311
chr8	14671045	1.182816048448078	30.311
chr8	14692181	6.038731172346758	30.336
chr8	14706588	1.0199421525346348	30.423
chr8	14772278	0.0	30.49
chr8	14772329	5.731604849357896	30.49
chr8	14788991	4.858596507310806	30.5855
chr8	14832625	0.0	30.7975
chr8	14849895	0.06498758015135131	30.7975
chr8	14919139	1.3391207979312854	30.802
chr8	14940795	0.5061970793962641	30.831
chr8	14973391	11.377245508982062	30.8475
chr8	14990926	0.23470937456849242	31.047
chr8	15027141	0.3578278418688015	31.0555
chr8	15062074	2.578405850997873	31.068
chr8	15102409	0.0	31.172
chr8	15130738	0.0	31.172
chr8	15150650	0.83775481709023	31.172
chr8	15164974	0.16911174058249623	31.184
chr8	15188627	0.0	31.188
chr8	15205722	0.07908472610323493	31.188
chr8	15262623	0.30723014951868444	31.1925
chr8	15277270	0.39252629926202826	31.197
chr8	15309115	0.6474000414337499	31.2095
chr8	15328423	0.0	31.222
chr8	15341292	1.1226110289687534	31.222
chr8	15359553	1.0855977366932448	31.2425
chr8	15374752	0.0	31.259
chr8	15397127	0.0	31.259
chr8	15413271	4.264419629136339	31.259
chr8	15452315	0.0	31.4255
chr8	15474370	0.0	31.4255
chr8	15484453	0.0	31.4255
chr8	15500459	0.0	31.4255
chr8	15511354	0.0	31.4255
chr8	15563943	0.0	31.4255
chr8	15572431	0.0	31.4255
chr8	15589213	0.0	31.4255
chr8	15614721	0.0	31.4255
chr8	15645625	0.0	31.4255
chr8	15663222	0.0	31.4255
chr8	15677781	0.10521055261846277	31.4255
chr8	15715800	0.9828904259191572	31.4295
chr8	15770740	0.1277158397692326	31.4835
chr8	15837294	0.0	31.492
chr8	15845486	0.0	31.492
chr8	15849870	2.515427958143136	31.492
chr8	15864778	0.0	31.5295
chr8	15877734	0.3759737720697459	31.5295
chr8	15910981	8.000234439104329	31.542
chr8	15928043	0.0	31.6785
chr8	15942779	0.7363770250367769	31.6785
chr8	15959754	0.15088645794045025	31.691
chr8	15986264	0.5265113974230645	31.695
chr8	16002408	1.4901338717043087	31.7035
chr8	16044015	0.7238508867172565	31.7655
chr8	16055067	0.0	31.7735
chr8	16066198	0.0	31.7735
chr8	16081442	2.4950099800400145	31.7735
chr8	16096472	0.38784117903714155	31.811
chr8	16117099	0.24267427046055545	31.819
chr8	16133582	0.44940255895093334	31.823
chr8	16152496	2.2555884729329443	31.8315
chr8	16167348	1.9701860995063976	31.865
chr8	16188412	1.0942087002934833	31.9065
chr8	16207147	0.0	31.927
chr8	16220354	0.0	31.927
chr8	16233693	4.568727845608494	31.927
chr8	16246388	9.032990050619997	31.985
chr8	16257846	0.4157812066894734	32.0885
chr8	16268669	0.0	32.093
chr8	16280630	2.1861543557465484	32.093
chr8	16295725	0.668306244653702	32.126
chr8	16314429	3.135813148788918	32.1385
chr8	16332925	2.5308285491048834	32.1965
chr8	16362362	0.0	32.271
chr8	16388950	6.451892266389578	32.271
chr8	16400497	12.280169799878642	32.3455
chr8	16413689	0.0	32.5075
chr8	16427523	1.232166018158195	32.5075
chr8	16481493	19.610876216011917	32.574
chr8	16510584	4.6079524340392135	33.1445
chr8	16524039	0.5566114580504591	33.2065
chr8	16560869	0.8100289296046594	33.227
chr8	16586794	0.08780402142428853	33.248
chr8	16632350	0.0	33.252
chr8	16646669	5.037275841224779	33.252
chr8	16651632	4.192872117400406	33.277
chr8	16665465	1.0538409730201075	33.335
chr8	16791670	1.1514494716876122	33.468
chr8	16806434	3.1663788140473277	33.485
chr8	16822067	0.0	33.5345
chr8	16824131	2.485243864552832	33.5345
chr8	16827350	0.1236934875380323	33.5425
chr8	16859688	2.180123289730594	33.5465
chr8	16872990	0.3760562757158368	33.5755
chr8	16895593	2.083564840537522	33.584
chr8	16913591	0.0	33.6215
chr8	16938664	0.8896797153025711	33.6215
chr8	16989806	1.855649965816952	33.667
chr8	17041001	0.9271225487442055	33.762
chr8	17058798	0.2014808845009713	33.7785
chr8	17098504	0.3942668954963152	33.7865
chr8	17120063	0.09077911172634144	33.795
chr8	17164126	4.140574205249366	33.799
chr8	17193349	0.0	33.92
chr8	17196570	5.597620335316216	33.92
chr8	17215060	0.6567540587402324	34.0235
chr8	17234093	0.21217907914267892	34.036
chr8	17252945	0.0	34.04
chr8	17273203	0.8692696827492161	34.04
chr8	17349704	0.0	34.1065
chr8	17358875	1.0384542765435598	34.1065
chr8	17374764	0.45928567569055273	34.123
chr8	17393271	0.0	34.1315
chr8	17423202	0.0	34.1315
chr8	17436480	0.6036022985173468	34.1315
chr8	17457189	0.7312209173499059	34.144
chr8	17479754	5.1868094796324815	34.1605
chr8	17491611	5.471293025832857	34.222
chr8	17506050	0.10560219652562922	34.301
chr8	17543928	0.22551728026147505	34.305
chr8	17561665	3.2909583270650553	34.309
chr8	17588253	0.1903311762465637	34.3965
chr8	17609269	0.0	34.4005
chr8	17612552	0.0	34.4005
chr8	17624023	6.200114025085501	34.4005
chr8	17652087	0.0	34.5745
chr8	17665484	0.6980876628871477	34.5745
chr8	17689120	1.8315018315017102	34.591
chr8	17713963	7.4599971169096095	34.6365
chr8	17727837	8.369699732950915	34.74
chr8	17743190	2.172052919107566	34.8685
chr8	17758383	0.0	34.9015
chr8	17783560	0.3102164621536033	34.9015
chr8	17798066	0.5455778701819433	34.906
chr8	17865884	0.0	34.943
chr8	17944453	0.36879955744065424	34.943
chr8	17966145	2.597277668221925	34.951
chr8	17986936	33.53555780249377	35.005
chr8	17989903	1.5897485306870243	35.1045
chr8	18010661	28.534896775400487	35.1375
chr8	18026694	1.593303874915084	35.595
chr8	18050230	0.0	35.6325
chr8	18070010	9.25281066560541	35.6325
chr8	18090112	1.5012868172720044	35.8185
chr8	18104100	0.13670072793130045	35.8395
chr8	18133361	2.192055778575914	35.8435
chr8	18152293	6.332992849846901	35.885
chr8	18171873	0.9941117993422135	36.009
chr8	18184950	1.9719661035015208	36.022
chr8	18203713	5.9966685174905106	36.059
chr8	18221723	3.8863764838890154	36.167
chr8	18242951	0.0	36.2495
chr8	18248189	1.7255804225058173	36.2495
chr8	18295999	1.1281472744987864	36.332
chr8	18354502	0.9221689413497408	36.398
chr8	18368057	1.3456293957227436	36.4105
chr8	18395925	5.018441260051902	36.448
chr8	18412464	1.2194162536386735	36.531
chr8	18463308	2.87880915601719	36.593
chr8	18477550	0.08043254837124394	36.634
chr8	18589445	0.0	36.643
chr8	18598507	1.1474668799332817	36.643
chr8	18627266	11.483329373564269	36.676
chr8	18639893	2.4445580622483334	36.821
chr8	18702481	1.6782795898053557	36.974
chr8	18788879	14.816822514342638	37.119
chr8	18811016	1.0479983232026233	37.447
chr8	18834871	0.7784595658941252	37.472
chr8	18845790	0.0	37.4805
chr8	18857378	0.0	37.4805
chr8	18863901	9.455527847049156	37.4805
chr8	18883149	6.052694042250167	37.6625
chr8	18912640	3.8296426696316233	37.841
chr8	18945019	0.0	37.965
chr8	18946276	21.416083916080588	37.965
chr8	18947420	5.149548532731305	37.9895
chr8	18982860	0.0	38.172
chr8	18992891	1.4429571411028423	38.172
chr8	19041749	0.9216175511946595	38.2425
chr8	19086236	8.801955990220382	38.2835
chr8	19092371	5.098094367484816	38.3375
chr8	19120813	0.6191669938686886	38.4825
chr8	19153922	6.199774553652571	38.503
chr8	19236425	2.6698309107090896	39.0145
chr8	19253280	1.5063507748668385	39.0595
chr8	19294771	0.27257240204426303	39.122
chr8	19353471	11.484337089556314	39.138
chr8	19409112	3.7157454714331473	39.777
chr8	19411265	0.0	39.785
chr8	19418366	0.0	39.785
chr8	19432580	0.929774666375526	39.785
chr8	19441722	23.902439024386528	39.7935
chr8	19442747	1.7053473420104144	39.818
chr8	19493763	5.342452416881577	39.905
chr8	19534849	0.5575831305758524	40.1245
chr8	19564441	0.5673474836473807	40.141
chr8	19579423	1.2622543863339657	40.1495
chr8	19674491	2.441350371924473	40.2695
chr8	19726921	18.362662586074592	40.3975
chr8	19733456	0.0780355842264102	40.5175
chr8	19791122	5.694618272841119	40.522
chr8	19823082	1.1912987539014357	40.704
chr8	19865053	2.4141726133419033	40.754
chr8	19921387	0.0	40.89
chr8	19921688	0.964533974877728	40.89
chr8	20011887	0.0	40.977
chr8	20015360	1.0215895934073806	40.977
chr8	20088775	0.0	41.052
chr8	20111113	0.20593610832246176	41.052
chr8	20149960	5.447966777681851	41.06
chr8	20198602	8.893280632411404	41.325
chr8	20199108	32499.999999998865	41.3295
chr8	20199109	0.0	41.362
chr8	20199110	0.0	41.362
chr8	20199111	0.08353808353806343	41.362
chr8	20300861	0.09610302244000248	41.3705
chr8	20342483	0.15498469526153236	41.3745
chr8	20368292	0.23069929026036326	41.3785
chr8	20441981	0.0	41.3955
chr8	20447316	0.13508986177608415	41.3955
chr8	20539847	0.0	41.408
chr8	20545608	0.6745418051396271	41.408
chr8	20575999	1.6969913491718627	41.4285
chr8	20615186	0.2990556138510082	41.495
chr8	20710486	0.0	41.5235
chr8	20731244	0.32098194797531887	41.5235
chr8	20770187	0.0	41.536
chr8	20778695	3.107683091208567	41.536
chr8	20792049	0.0	41.5775
chr8	20805859	0.0	41.5775
chr8	20831552	0.7969211631160943	41.5775
chr8	20857276	0.45488601091715475	41.598
chr8	20875962	1.6822429906542693	41.6065
chr8	20905387	1.1150190825413524	41.656
chr8	20972202	0.6346749226005699	41.7305
chr8	21004502	0.0	41.751
chr8	21025451	0.2876583079554891	41.751
chr8	21155814	5.07405375754238	41.7885
chr8	21163106	0.14987011256911245	41.8255
chr8	21193132	0.32927040610018	41.83
chr8	21279687	1.745188847088896	41.8585
chr8	21353318	0.3317024628906031	41.987
chr8	21365377	0.0	41.991
chr8	21383256	0.0	41.991
chr8	21420111	29.852626275349778	41.991
chr8	21435989	0.8611881477156255	42.465
chr8	21470244	1.610182773469859	42.4945
chr8	21738226	7.697446977881378	42.926
chr8	21808574	0.14981319212163724	43.4675
chr8	21972111	0.052074518636232	43.492
chr8	22048924	0.3348146344433073	43.496
chr8	22147486	0.3206738013367786	43.529
chr8	22276901	0.22678308198195846	43.5705
chr8	22294539	0.0	43.5745
chr8	22376701	0.0	43.5745
chr8	22399177	0.3615021477479672	43.5745
chr8	22422690	1.198788592580175	43.583
chr8	22446464	0.0	43.6115
chr8	22460252	0.0	43.6115
chr8	22479342	0.0	43.6115
chr8	22513474	0.29204604019920816	43.6115
chr8	22542579	0.7048872180451394	43.62
chr8	22572371	0.0	43.641
chr8	22667075	0.06523689146220156	43.641
chr8	22728390	0.0	43.645
chr8	22757905	0.7567044009925381	43.645
chr8	22774424	0.9537803211919427	43.6575
chr8	22813217	0.17928741402354234	43.6945
chr8	22905248	0.05975678986532147	43.711
chr8	22972186	0.10388013063961686	43.715
chr8	23092517	1.7326472750184423	43.7275
chr8	23111563	0.21968365553601107	43.7605
chr8	23204879	0.14431729430543494	43.781
chr8	23322675	0.26173442680161524	43.798
chr8	23368523	0.0	43.81
chr8	23455700	0.18632799689943857	43.81
chr8	23522786	0.18740216504630067	43.8225
chr8	23568143	0.0	43.831
chr8	23613463	0.18119721944623407	43.831
chr8	23704524	0.24064171122995565	43.8475
chr8	23723224	2.4866569626397332	43.852
chr8	23739712	0.25970248483343394	43.893
chr8	23787844	2.16487703498429	43.9055
chr8	23810940	0.7120714085347631	43.9555
chr8	23949971	0.28270309390272397	44.0545
chr8	24038403	2.521538138264437	44.0795
chr8	24043162	0.05795085767266144	44.0915
chr8	24112186	0.41489644184809116	44.0955
chr8	24172442	0.26406962988006677	44.1205
chr8	24219778	0.03930972129405424	44.133
chr8	24321534	0.14593767877368968	44.137
chr8	24407187	0.5089503285042491	44.1495
chr8	24504446	0.29600044202733794	44.199
chr8	24631135	0.23342340175705045	44.2365
chr8	24701822	0.0	44.253
chr8	24709454	0.15180265654640543	44.253
chr8	24735804	0.2559012376314499	44.257
chr8	24800282	0.07394808844200415	44.2735
chr8	24854374	0.2317819395511911	44.2775
chr8	24908304	2.1870882740447537	44.29
chr8	24927279	2.7492842380691136	44.3315
chr8	24980020	0.10339123242343318	44.4765
chr8	25057396	0.45955882352951627	44.4845
chr8	25084596	0.3411416875142272	44.497
chr8	25097787	0.0	44.5015
chr8	25120618	0.23169601482862232	44.5015
chr8	25155146	0.024700438570010214	44.5095
chr8	25337329	0.28255611564447064	44.514
chr8	25381568	0.055364088084331804	44.5265
chr8	25453817	1.5682174594874374	44.5305
chr8	25474860	0.0	44.5635
chr8	25497444	0.0	44.5635
chr8	25499218	0.0	44.5635
chr8	25502129	0.0	44.5635
chr8	25533609	0.0	44.5635
chr8	25573221	0.0	44.5635
chr8	25587557	0.0	44.5635
chr8	25616363	0.04855960084014044	44.5635
chr8	25698736	0.05570409982174899	44.5675
chr8	25779520	0.0	44.572
chr8	25828851	0.21828248948515583	44.572
chr8	25922766	0.0	44.5925
chr8	26067829	0.06060973392323449	44.5925
chr8	26133825	0.9596928982726675	44.5965
chr8	26164043	0.0	44.6255
chr8	26184777	0.07434330084256023	44.6255
chr8	26245307	0.0	44.63
chr8	26332187	0.0	44.63
chr8	26357041	0.5400136979083928	44.63
chr8	26395003	1.1205737337516173	44.6505
chr8	26417313	0.5909947179846429	44.6755
chr8	26444386	0.7557626905152068	44.6915
chr8	26499959	0.2778420930771117	44.7335
chr8	26543149	0.043352914399646496	44.7455
chr8	26635415	0.0	44.7495
chr8	26668179	0.29295339897402733	44.7495
chr8	26738156	0.5245470225288279	44.77
chr8	26794395	1.2803697457996632	44.7995
chr8	26826417	0.8106106134086153	44.8405
chr8	26897968	0.7792207792208088	44.8985
chr8	26919143	1.2938881664499224	44.915
chr8	27072943	0.3588611089202941	45.114
chr8	27199733	0.0	45.1595
chr8	27238560	0.06405021536881368	45.1595
chr8	27363462	0.2161446846052342	45.1675
chr8	27476812	0.31739314430809495	45.192
chr8	27594962	0.8517179774813415	45.2295
chr8	27619031	0.48998507148286574	45.25
chr8	27728218	0.4385731752698056	45.3035
chr8	27803462	0.1663831989943123	45.3365
chr8	27830508	0.5718940089770246	45.341
chr8	27888211	1.4615713674603172	45.374
chr8	27902237	0.14918136724714814	45.3945
chr8	27929050	1.2936610608019965	45.3985
chr8	27948375	0.0	45.4235
chr8	27970298	0.1278036935268991	45.4235
chr8	28001596	0.0	45.4275
chr8	28030514	0.984802108008811	45.4275
chr8	28068085	1.0028583672405347	45.4645
chr8	28294438	0.2627917761633965	45.6915
chr8	28326783	0.13916808411938056	45.7
chr8	28359118	0.059844404548141585	45.7045
chr8	28425958	0.0	45.7085
chr8	28444873	0.0	45.7085
chr8	28507735	0.6941181495877763	45.7085
chr8	28554557	0.17812103680697156	45.741
chr8	28624734	0.0	45.7535
chr8	28641730	0.0	45.7535
chr8	28653330	1.541963433438637	45.7535
chr8	28666949	0.0	45.7745
chr8	28694130	6.106870229004249	45.7745
chr8	28696095	0.1624214166970183	45.7865
chr8	28748428	0.35567147811139793	45.795
chr8	28782167	1.1126457949660975	45.807
chr8	28808231	1.2494793835902183	45.836
chr8	28825038	0.6655308273880759	45.857
chr8	28843820	0.5381043268344523	45.8695
chr8	29012003	1.1152640462985	45.96
chr8	29045179	0.7677463532048022	45.997
chr8	29093372	0.6155303030302142	46.034
chr8	29114492	3.043963193605359	46.047
chr8	29136010	4.513813356537172	46.1125
chr8	29154398	5.81170089112744	46.1955
chr8	29182789	4.276840195701125	46.3605
chr8	29273744	1.864981065459415	46.7495
chr8	29308865	0.0	46.815
chr8	29331006	6.313488249373378	46.815
chr8	29384067	7.46598161602376	47.15
chr8	29408980	7.059107268747077	47.336
chr8	29462882	0.27063892437256665	47.7165
chr8	29509069	1.974099810486493	47.729
chr8	29528065	0.9525986892241495	47.7665
chr8	29554309	0.0	47.7915
chr8	29562865	4.92906948785813	47.7915
chr8	29571183	0.4889497359669759	47.8325
chr8	29596748	9.172085800252702	47.845
chr8	29607051	5.169475478129069	47.9395
chr8	29633456	6.807230863758242	48.076
chr8	29664379	2.0336225596530055	48.2865
chr8	29686507	2.134351831049359	48.3315
chr8	29717664	0.36897127295078086	48.398
chr8	29774579	1.9056141048586381	48.419
chr8	29804753	3.1212560691090294	48.4765
chr8	29868189	1.831395348837141	48.6745
chr8	29919789	6.824568446407007	48.769
chr8	29942208	0.18163471241171222	48.922
chr8	29966983	2.031159323244681	48.9265
chr8	29989384	5.501222493887475	48.972
chr8	30016378	2.437979771356969	49.1205
chr8	30046731	3.121063680895717	49.1945
chr8	30082456	8.644026085886734	49.306
chr8	30114964	0.9311385576984417	49.587
chr8	30208398	0.4327955127762219	49.674
chr8	30237280	3.3714226889026206	49.6865
chr8	30256708	3.4513232062673342	49.752
chr8	30298576	0.6610841780517457	49.8965
chr8	30323535	0.2309468822170988	49.913
chr8	30394980	0.0	49.9295
chr8	30417551	1.3625478268050835	49.9295
chr8	30453880	0.1395283940281074	49.979
chr8	30482548	2.1656740660531413	49.983
chr8	30488089	0.0	49.995
chr8	30489616	4.73588342440992	49.995
chr8	30492361	0.5584309452464834	50.008
chr8	30529071	0.0	50.0285
chr8	30540190	2.086593635888254	50.0285
chr8	30542107	0.0	50.0325
chr8	30554956	0.2584814216479054	50.0325
chr8	30585906	0.0	50.0405
chr8	30627594	0.09562972171745679	50.0405
chr8	30669422	2.268063505778248	50.0445
chr8	30678681	0.49601683451076584	50.0655
chr8	30711946	0.0	50.082
chr8	30720807	0.24407388604670086	50.082
chr8	30772021	0.3521730026080423	50.0945
chr8	30877083	0.1095338240448277	50.1315
chr8	30991203	0.0	50.144
chr8	30999750	0.0	50.144
chr8	31060349	0.0	50.144
chr8	31119823	0.2016281472893394	50.144
chr8	31199177	0.47405259195234417	50.16
chr8	31235038	0.34890820806560796	50.177
chr8	31269431	0.5237357020153052	50.189
chr8	31317165	1.021460998761904	50.214
chr8	31365625	0.9943967902600553	50.2635
chr8	31423449	4.536401858818495	50.321
chr8	31437006	0.8249175082492063	50.3825
chr8	31457008	0.16805393542770622	50.399
chr8	31558166	0.36144306142285093	50.416
chr8	31602433	0.40699441976324896	50.432
chr8	31704400	0.13843885866514646	50.4735
chr8	31971666	8.74286766059257	50.5105
chr8	31982532	5.672875131164802	50.6055
chr8	31997780	1.252252527412016	50.692
chr8	32030521	0.8461964926615351	50.733
chr8	32064792	1.1292404129791755	50.762
chr8	32086488	2.602010644589099	50.7865
chr8	32111853	3.7260067745579133	50.8525
chr8	32138423	6.323313782991008	50.9515
chr8	32154791	0.0	51.055
chr8	32189563	1.4991923170542851	51.055
chr8	32279945	3.5080284409285896	51.1905
chr8	32301182	2.1903805786255544	51.265
chr8	32410752	0.7620461917229654	51.505
chr8	32513108	0.8488745980707717	51.583
chr8	32551983	3.0111284521951887	51.616
chr8	32610931	5.031475977627397	51.7935
chr8	32653662	0.13532715339349377	52.0085
chr8	32683220	9.884277668673732	52.0125
chr8	32744833	4.355451622332678	52.6215
chr8	32779043	0.4854083313721059	52.7705
chr8	32813035	5.635261506594777	52.787
chr8	32911522	0.15632758906070943	53.342
chr8	32965895	0.07421563352322645	53.3505
chr8	33073689	0.0	53.3585
chr8	33092177	0.0	53.3585
chr8	33141031	3.1651640130444325	53.3585
chr8	33156670	0.11964902951343181	53.408
chr8	33194280	1.3697257207762943	53.4125
chr8	33224213	0.0	53.4535
chr8	33248934	0.2782124847853476	53.4535
chr8	33277689	0.6101430175232728	53.4615
chr8	33318663	1.4411930572091105	53.4865
chr8	33430376	0.4691348371711347	53.6475
chr8	33455955	2.7912294861446867	53.6595
chr8	33470823	0.0	53.701
chr8	33472404	0.2578482563010238	53.701
chr8	33487917	0.0	53.705
chr8	33489734	0.6698187549255366	53.705
chr8	33502424	0.8937845737613603	53.7135
chr8	33543821	0.7860117488072226	53.7505
chr8	33580080	3.3437293828345074	53.779
chr8	33613426	0.19928258270216137	53.8905
chr8	33633498	1.5665548452434293	53.8945
chr8	33665096	1.1979328233593585	53.944
chr8	33816607	0.22547523241289932	54.1255
chr8	33874263	0.13486176668906888	54.1385
chr8	33903923	10.077660616274626	54.1425
chr8	33947832	0.18895623482896734	54.585
chr8	34016631	0.7075014537701833	54.598
chr8	34068221	0.219179042976552	54.6345
chr8	34125252	0.0	54.647
chr8	34144869	1.188707280832492	54.647
chr8	34151599	0.3003147298367666	54.655
chr8	34193222	0.1806567233206562	54.6675
chr8	34262414	0.19944156362174825	54.68
chr8	34282470	0.0	54.684
chr8	34315425	0.0	54.684
chr8	34348038	0.5102987567266848	54.684
chr8	34380372	0.07638793145207276	54.7005
chr8	34648739	0.1742349994555738	54.721
chr8	34694654	0.08142438388883165	54.729
chr8	34749920	0.0	54.7335
chr8	34803808	0.0	54.7335
chr8	34885026	0.0	54.7335
chr8	34944337	0.0	54.7335
chr8	34955604	0.0	54.7335
chr8	34975148	0.06676062606631808	54.7335
chr8	35042553	0.0	54.738
chr8	35103133	0.0	54.738
chr8	35181509	0.0	54.738
chr8	35266995	0.0	54.738
chr8	35322818	0.1669100771958182	54.738
chr8	35346783	0.0	54.742
chr8	35442178	0.06312832410089309	54.742
chr8	35505541	0.7280311676045617	54.746
chr8	35556363	0.0	54.783
chr8	35635499	0.15256693874428956	54.783
chr8	35661717	0.7045755968168065	54.787
chr8	35673781	0.0	54.7955
chr8	35707638	0.7232685835745202	54.7955
chr8	35741512	0.0	54.82
chr8	35836648	0.0	54.82
chr8	35886220	0.1258103667741919	54.82
chr8	35953782	1.1175833107559352	54.8285
chr8	35968546	0.6308229813664376	54.845
chr8	36020066	0.0	54.8775
chr8	36060976	0.14483616473844393	54.8775
chr8	36119663	0.0	54.886
chr8	36148321	1.6767859799055487	54.886
chr8	36222272	0.09006372008198806	55.01
chr8	36311098	0.4269708976637123	55.018
chr8	36340374	0.29595090838804833	55.0305
chr8	36423158	1.7045507759452498	55.055
chr8	36529931	3.3931417407844813	55.237
chr8	36568833	0.1145770673998964	55.369
chr8	36603744	0.34800409416602085	55.373
chr8	36628169	0.0	55.3815
chr8	36640392	0.0	55.3815
chr8	36664812	14.255876404866882	55.3815
chr8	36694975	0.0	55.8115
chr8	36736688	34.76012297719204	55.8115
chr8	36778647	0.0	57.27
chr8	36823061	0.0	57.27
chr8	36837932	0.3253619651860894	57.27
chr8	36862520	28.003210559172395	57.278
chr8	36873733	2.297143251925724	57.592
chr8	36902682	275.03290472815667	57.6585
chr8	36912559	4.424646922114252	60.375
chr8	36946121	0.0	60.5235
chr8	36982067	0.4904593969685124	60.5235
chr8	37024884	0.0	60.5445
chr8	37056023	0.25831298140147513	60.5445
chr8	37183775	0.16805310478116697	60.5775
chr8	37231379	0.0	60.5855
chr8	37300488	0.6254181574889874	60.5855
chr8	37472373	0.0	60.693
chr8	37495536	0.0	60.693
chr8	37505201	0.0	60.693
chr8	37513283	0.0	60.693
chr8	37553359	3.7317411237871996	60.693
chr8	37590875	2.8110038519720053	60.833
chr8	37719121	0.0	61.1935
chr8	37809977	0.0	61.1935
chr8	37854265	0.0	61.1935
chr8	37868899	0.0	61.1935
chr8	37881066	0.0	61.1935
chr8	37953469	0.3116235587408681	61.1935
chr8	37966305	0.10999285046485421	61.1975
chr8	38002671	0.11840975696390821	61.2015
chr8	38036452	1.2577928469867272	61.2055
chr8	38118739	0.11203540318754415	61.309
chr8	38154442	0.0	61.313
chr8	38170182	1.9850103888394055	61.313
chr8	38197134	0.0	61.3665
chr8	38247868	0.0	61.3665
chr8	38285708	0.0	61.3665
chr8	38339431	0.7617278216441582	61.3665
chr8	38393256	0.0	61.4075
chr8	38425207	0.11650123491311658	61.4075
chr8	38532502	0.18559762435030547	61.42
chr8	38554054	0.13336782036567535	61.424
chr8	38677772	0.1356893016523993	61.4405
chr8	38710936	0.0	61.445
chr8	38728306	0.0	61.445
chr8	38743306	0.33855810846668893	61.445
chr8	38852593	0.0	61.482
chr8	38864878	0.0	61.482
chr8	38870969	0.0	61.482
chr8	38966773	0.0	61.482
chr8	39022679	0.054408444190508214	61.482
chr8	39096197	0.0	61.486
chr8	39193091	4.81611208406323	61.486
chr8	39196517	0.0	61.5025
chr8	39218856	0.2036261749230756	61.5025
chr8	39341630	1.3213958254678682	61.5275
chr8	39378712	0.11088933244622289	61.5765
chr8	39419293	0.1517968957533977	61.581
chr8	39471995	0.0	61.589
chr8	39520976	0.053778981829444475	61.589
chr8	39669733	0.33323126249616364	61.597
chr8	39780767	0.0	61.634
chr8	40025211	0.11314060208903237	61.634
chr8	40356657	0.0	61.6715
chr8	40425197	0.05453975266219145	61.6715
chr8	40498538	0.08292299612631461	61.6755
chr8	40751785	0.0	61.6965
chr8	40783940	0.016906313662828017	61.6965
chr8	41020538	0.39913218388534494	61.7005
chr8	41526636	3999.999999997783	61.9025
chr8	41526637	30.339805825243868	61.9065
chr8	41527873	15999.999999998237	61.944
chr8	41527874	0.07538608444677669	61.96
chr8	41806440	0.0	61.981
chr8	42041543	0.0	61.981
chr8	42229785	0.0	61.981
chr8	42838249	0.0	61.981
chr8	43033749	0.0	61.981
chr8	43231858	0.0	61.981
chr8	43351458	0.0	61.981
chr8	43740216	0.0	61.981
chr8	44301424	0.0	61.981
chr8	44439764	0.0	61.981
chr8	44711399	0.0	61.981
chr8	44922715	0.0	61.981
chr8	44999261	0.0	61.981
chr8	45427314	0.019039595218195107	61.981
chr8	45847491	0.018178595612618163	61.989
chr8	46067530	0.015712290502793894	61.993
chr8	46353930	0.0	61.9975
chr8	46632464	0.0	61.9975
chr8	47068765	0.011918702530035973	61.9975
chr8	47404372	0.10220246307939435	62.0015
chr8	47482648	0.010651272028156059	62.0095
chr8	47858190	0.0	62.0135
chr8	47868596	0.0	62.0135
chr8	47923659	0.0	62.0135
chr8	47953693	0.0	62.0135
chr8	48005001	0.0	62.0135
chr8	48073198	0.0	62.0135
chr8	48096550	0.13396844298898988	62.0135
chr8	48130140	0.02998006325791686	62.018
chr8	48263562	0.184731907818785	62.022
chr8	48328521	0.020039187744924167	62.034
chr8	48553081	0.0	62.0385
chr8	48773980	0.0	62.0385
chr8	48938526	0.0	62.0385
chr8	49154882	0.0	62.0385
chr8	49285879	0.198677044620479	62.0385
chr8	49328662	0.012190346160121221	62.047
chr8	49984919	0.0	62.055
chr8	50179263	0.0	62.055
chr8	50386382	0.0	62.055
chr8	50535155	0.0	62.055
chr8	50816443	0.0	62.055
chr8	51044982	0.0	62.055
chr8	51222948	0.0	62.055
chr8	51402408	0.0243249817562502	62.055
chr8	51566848	0.017932475264413848	62.059
chr8	51789907	0.0	62.063
chr8	51894699	0.04707488437228917	62.063
chr8	51979670	0.0	62.067
chr8	52127965	0.0	62.067
chr8	52458797	0.0	62.067
chr8	52480706	0.0	62.067
chr8	52640356	0.0	62.067
chr8	52832912	0.0	62.067
chr8	52886451	0.0	62.067
chr8	53050719	0.0	62.067
chr8	53269160	0.0	62.067
chr8	53310252	0.0	62.067
chr8	53332017	0.0	62.067
chr8	53380918	0.0	62.067
chr8	53421501	0.0	62.067
chr8	53739799	0.0	62.067
chr8	54743117	0.0	62.067
chr8	54998593	0.0	62.067
chr8	55134552	0.0	62.067
chr8	55147327	0.0	62.067
chr8	55180913	0.0	62.067
chr8	55258261	0.0	62.067
chr8	55450941	0.0	62.067
chr8	55494828	0.1434903223749297	62.067
chr8	55526189	0.0	62.0715
chr8	55761880	0.0	62.0715
chr8	55875500	0.6596306068600557	62.0715
chr8	55912642	0.012805409004779262	62.096
chr8	56225010	0.0	62.1
chr8	56299365	0.0	62.1
chr8	57012928	0.0	62.1
chr8	57598764	0.0	62.1
chr8	57766669	0.0	62.1
chr8	58272179	0.017729867735187366	62.1
chr8	58525988	0.0	62.1045
chr8	58586020	0.0	62.1045
chr8	58755489	0.0	62.1045
chr8	58814676	0.0	62.1045
chr8	59035381	0.0	62.1045
chr8	59749729	0.0	62.1045
chr8	59780415	0.0	62.1045
chr8	59995148	0.0	62.1045
chr8	60060726	0.0	62.1045
chr8	60107433	0.0	62.1045
chr8	60232131	0.0	62.1045
chr8	60389845	0.023983115886402673	62.1045
chr8	60556629	0.0	62.1085
chr8	61064093	0.0	62.1085
chr8	61500358	0.0	62.1085
chr8	61673434	0.0	62.1085
chr8	61792935	0.0	62.1085
chr8	61935009	0.0	62.1085
chr8	62048821	0.0	62.1085
chr8	62094345	0.0	62.1085
chr8	62200210	0.0	62.1085
chr8	62523506	0.0	62.1085
chr8	63005340	0.0	62.1085
chr8	63262972	0.0	62.1085
chr8	63339928	0.0	62.1085
chr8	63495577	0.0	62.1085
chr8	63797831	0.0	62.1085
chr8	63820246	0.0	62.1085
chr8	63883202	0.0	62.1085
chr8	63983447	0.0	62.1085
chr8	64095722	0.0	62.1085
chr8	64124521	0.03981208694959941	62.1085
chr8	64237552	0.0	62.113
chr8	64283951	0.03824859675458537	62.113
chr8	64388530	0.0	62.117
chr8	64494654	0.0	62.117
chr8	64540715	0.0	62.117
chr8	64579363	0.0	62.117
chr8	64609770	0.0	62.117
chr8	65241368	0.0	62.117
chr8	65439824	0.0	62.117
chr8	65489708	0.10977986904957825	62.117
chr8	66049920	0.11359948068809259	62.1785
chr8	66234780	0.0	62.1995
chr8	66655592	0.0	62.1995
chr8	66908767	0.0	62.1995
chr8	66971499	0.06638453240397206	62.1995
chr8	67092009	0.0	62.2075
chr8	67092679	0.0	62.2075
chr8	67094338	0.0	62.2075
chr8	67096158	0.0	62.2075
chr8	67096283	0.0	62.2075
chr8	67104637	0.3199431212229058	62.2075
chr8	67118702	0.0	62.212
chr8	67497386	0.0	62.212
chr8	67501491	0.0	62.212
chr8	67601540	0.0	62.212
chr8	67665664	0.0	62.212
chr8	67695279	0.0	62.212
chr8	67906480	0.0	62.212
chr8	67975237	0.0	62.212
chr8	68132566	0.06041626808708678	62.212
chr8	68331188	0.7996773475746071	62.224
chr8	68403092	0.0	62.2815
chr8	68488406	0.08634803091947346	62.2815
chr8	68633169	0.22840175869382107	62.294
chr8	68650682	0.0	62.298
chr8	68791603	0.0	62.298
chr8	68864354	0.0	62.298
chr8	68944965	0.0	62.298
chr8	68978789	0.0	62.298
chr8	69048876	0.0	62.298
chr8	69095632	0.0	62.298
chr8	69115898	0.0	62.298
chr8	69174806	0.0	62.298
chr8	69220464	0.0879120879120392	62.298
chr8	69265964	0.0	62.302
chr8	69279098	0.0	62.302
chr8	69286114	0.0	62.302
chr8	69353715	0.0	62.302
chr8	69424528	0.0	62.302
chr8	69428504	0.0	62.302
chr8	69508881	0.21522862062369286	62.302
chr8	69529789	0.0	62.3065
chr8	69661677	0.0	62.3065
chr8	69683270	0.0	62.3065
chr8	69686919	0.10407587131021988	62.3065
chr8	69763786	0.0635576388336821	62.3145
chr8	69826721	0.0	62.3185
chr8	69985911	0.0	62.3185
chr8	70036823	0.8871146595692577	62.3185
chr8	70041332	0.06690226759336848	62.3225
chr8	70168383	0.044419876414034415	62.331
chr8	70269689	0.0	62.3355
chr8	70278060	0.0	62.3355
chr8	70378305	0.3696251679383751	62.3355
chr8	70533868	0.07918596824638285	62.393
chr8	70584382	0.0	62.397
chr8	70617111	0.0	62.397
chr8	70618059	0.03789760908195291	62.397
chr8	70736800	0.35584450556847635	62.4015
chr8	70944756	0.25255128337288213	62.4755
chr8	71041766	0.24370272167205104	62.5
chr8	71093058	0.0	62.5125
chr8	71097869	0.08198625363814312	62.5125
chr8	71244235	0.0	62.5245
chr8	71500356	0.0	62.5245
chr8	71513131	0.0	62.5245
chr8	71526809	0.04350190320824125	62.5245
chr8	71618759	0.0	62.5285
chr8	71684883	0.0	62.5285
chr8	71696347	0.0	62.5285
chr8	71713525	0.2554350911051922	62.5285
chr8	71731142	0.0	62.533
chr8	71765558	0.03740625058445193	62.533
chr8	71872492	0.7944150216658944	62.537
chr8	71914032	0.2187052648322017	62.57
chr8	72064920	0.15568534576300563	62.603
chr8	72170903	9.395774855960935	62.6195
chr8	72204748	0.3911016551422935	62.9375
chr8	72236709	0.0	62.95
chr8	72280713	0.6077675659649692	62.95
chr8	72314443	0.0	62.9705
chr8	72351701	0.06033142060385277	62.9705
chr8	72426289	0.0	62.975
chr8	72436167	0.0	62.975
chr8	72442429	0.0	62.975
chr8	72470584	0.0	62.975
chr8	72474673	0.0	62.975
chr8	72498285	0.0	62.975
chr8	72516017	0.0	62.975
chr8	72538627	0.24593691718075247	62.975
chr8	72587420	0.10199658311440914	62.987
chr8	72626637	0.3697374863846572	62.991
chr8	72726708	0.03314589653800062	63.028
chr8	72983150	0.1850070302671922	63.0365
chr8	73050715	0.0	63.049
chr8	73072568	0.0	63.049
chr8	73123449	0.14206563432297853	63.049
chr8	73151605	0.0	63.053
chr8	73162780	0.010844075745882337	63.053
chr8	73531645	0.0	63.057
chr8	73576272	0.0	63.057
chr8	73599015	0.20642090436635954	63.057
chr8	73640193	1.6457519029011873	63.0655
chr8	73645054	0.550736610215859	63.0735
chr8	73652317	0.0	63.0775
chr8	73686649	0.0	63.0775
chr8	73719897	0.6817517774243027	63.0775
chr8	73750700	0.3167062549483597	63.0985
chr8	73775960	0.10451231938977579	63.1065
chr8	73814233	0.17127773187978224	63.1105
chr8	73863860	0.20679315514657248	63.119
chr8	73921889	0.3866856400420494	63.131
chr8	73986541	0.0	63.156
chr8	74065078	0.0	63.156
chr8	74078979	0.38769081657391186	63.156
chr8	74099614	0.7598553235463535	63.164
chr8	74132515	0.46505379122186896	63.189
chr8	74229278	0.263090758339152	63.234
chr8	74417426	3.718369182507275	63.2835
chr8	74508595	0.10626145631319989	63.6225
chr8	74546238	0.22730311538970327	63.6265
chr8	74583633	0.14932059130972408	63.635
chr8	74610421	0.0	63.639
chr8	74629963	2.114438594976801	63.639
chr8	74641550	0.06291682395869169	63.6635
chr8	74705126	0.026832131477477032	63.6675
chr8	74854201	0.7523915302210883	63.6715
chr8	74882112	0.041237113402039	63.6925
chr8	74979112	0.6786562606036279	63.6965
chr8	74985006	3.240483126575358	63.7005
chr8	75015557	0.21329238119607094	63.7995
chr8	75074162	0.03841591955707728	63.812
chr8	75282409	0.40777712533446997	63.82
chr8	75313063	3.440856226002069	63.8325
chr8	75366974	7.646304997864247	64.018
chr8	75402089	0.12315081356499387	64.2865
chr8	75467050	0.3182624797470822	64.2945
chr8	75518894	0.0	64.311
chr8	75556666	2.006305531669684	64.311
chr8	75567133	0.1829658768639718	64.332
chr8	75632719	0.04734792438542262	64.344
chr8	75717200	0.0	64.348
chr8	75732459	0.6463115667483031	64.348
chr8	75777329	0.09326311169626897	64.377
chr8	75868469	0.0	64.3855
chr8	75897353	0.04529139350300495	64.3855
chr8	75985670	2.137397987823083	64.3895
chr8	76008829	40.46687168017897	64.439
chr8	76037445	0.21300887821009223	65.597
chr8	76096128	0.30864197530901916	65.6095
chr8	76109088	0.0	65.6135
chr8	76113097	0.0	65.6135
chr8	76126156	0.03958553940250466	65.6135
chr8	76227203	0.18824871648595004	65.6175
chr8	76402503	0.27101189064703335	65.6505
chr8	76432022	0.0	65.6585
chr8	76476345	0.0	65.6585
chr8	76503153	0.3947165742451943	65.6585
chr8	76555089	0.0	65.679
chr8	76618683	0.13828757432947567	65.679
chr8	76712690	0.09954953833913761	65.692
chr8	76793052	0.12211668928068019	65.7
chr8	76829902	1.0509598766874144	65.7045
chr8	76872720	4.958735002427376	65.7495
chr8	76915977	0.0	65.964
chr8	76967951	0.4729555421792568	65.964
chr8	77002838	0.33054791622563545	65.9805
chr8	77040654	9.520241816725957	65.993
chr8	77079361	28.467375211505843	66.3615
chr8	77155009	0.18752344042976477	68.515
chr8	77179006	2.125012957396408	68.5195
chr8	77207947	28.859161280624953	68.581
chr8	77227906	4.877594134460085	69.157
chr8	77276188	0.0	69.3925
chr8	77326182	0.0	69.3925
chr8	77367446	0.07284382284391187	69.3925
chr8	77422358	0.0	69.3965
chr8	77435812	0.0	69.3965
chr8	77474140	0.0	69.3965
chr8	77484168	0.021059503627450418	69.3965
chr8	77674106	0.0	69.4005
chr8	77699095	0.023358664507325672	69.4005
chr8	77891743	0.04217718635994948	69.405
chr8	77986581	0.09724079251223235	69.409
chr8	78027716	0.096224297678558	69.413
chr8	78459000	0.0	69.4545
chr8	78482418	0.0	69.4545
chr8	78582200	0.0	69.4545
chr8	78595515	0.26987877486055306	69.4545
chr8	78777078	0.0	69.5035
chr8	78777258	0.0	69.5035
chr8	78840837	0.0	69.5035
chr8	78873726	0.0	69.5035
chr8	78950435	0.0	69.5035
chr8	79029302	0.0	69.5035
chr8	79049935	0.04931209625709697	69.5035
chr8	79131051	0.44732321786440177	69.5075
chr8	79158995	0.4104069246841266	69.52
chr8	79239403	0.0	69.553
chr8	79246702	0.0	69.553
chr8	79333890	0.09469584877084523	69.553
chr8	79418371	0.21110407430814215	69.561
chr8	79437319	0.0	69.565
chr8	79482022	0.0	69.565
chr8	79739337	0.0	69.565
chr8	79875614	0.0	69.565
chr8	79962092	6.70675300647574	69.565
chr8	79988036	0.2568177075807954	69.739
chr8	80050337	0.0363679343922908	69.755
chr8	80160324	0.3957237967212837	69.759
chr8	80411762	0.0479208347808302	69.8585
chr8	80495233	0.12349049123221059	69.8625
chr8	80726020	0.07547881875644462	69.891
chr8	80832010	0.0	69.899
chr8	80884785	0.027020697854514948	69.899
chr8	81051324	0.0	69.9035
chr8	81211381	0.16812202602333057	69.9035
chr8	81309524	0.0	69.92
chr8	81336498	0.16413702545085454	69.92
chr8	81388284	0.3568494557404241	69.9285
chr8	81583044	0.0	69.998
chr8	81596455	0.03805078511447422	69.998
chr8	81714718	0.0	70.0025
chr8	81763270	0.03294214535725665	70.0025
chr8	81884695	0.05706215495214879	70.0065
chr8	81954794	0.0	70.0105
chr8	81966980	0.0	70.0105
chr8	82005378	1.0295126973237494	70.0105
chr8	82021405	0.05278089331668389	70.027
chr8	82097190	0.0	70.031
chr8	82103039	0.0	70.031
chr8	82152704	0.0	70.031
chr8	82194108	0.0	70.031
chr8	82200954	0.07166947723438409	70.031
chr8	82319554	0.12947497896001417	70.0395
chr8	82350448	0.368744828578595	70.0435
chr8	82406042	0.0	70.064
chr8	82518453	0.6910026687002139	70.064
chr8	82560421	0.34206003570770405	70.093
chr8	82620352	0.0	70.1135
chr8	82635259	0.02812820837380201	70.1135
chr8	82777465	0.15228233144213946	70.1175
chr8	82803732	0.0	70.1215
chr8	83004967	0.0	70.1215
chr8	83024615	0.14083625438180009	70.1215
chr8	83056567	5.596592196492176	70.126
chr8	83078634	0.12455045071687451	70.2495
chr8	83142865	0.2935236932325844	70.2575
chr8	83228037	0.054637344625117996	70.2825
chr8	83301247	0.0	70.2865
chr8	83391470	0.0	70.2865
chr8	83457636	0.02882882882876164	70.2865
chr8	83596386	32.79291131403849	70.2905
chr8	83622230	0.07446603472743639	71.138
chr8	83736376	0.06991509685421886	71.1465
chr8	83965225	0.26551640611906485	71.1625
chr8	84072563	0.0	71.191
chr8	84101691	0.0	71.191
chr8	84156910	0.24950099800393194	71.191
chr8	84190978	1.7260877328731088	71.1995
chr8	84241381	0.17695791290783958	71.2865
chr8	84379832	3.3176652236368924	71.311
chr8	84482163	0.0	71.6505
chr8	84569992	0.0	71.6505
chr8	84581787	0.0	71.6505
chr8	84635212	0.0	71.6505
chr8	84645077	0.0	71.6505
chr8	84672441	0.0	71.6505
chr8	84708130	0.0	71.6505
chr8	84730284	0.0	71.6505
chr8	84998297	0.0	71.6505
chr8	85010669	0.0	71.6505
chr8	85104297	0.0	71.6505
chr8	85135645	0.026561747763035267	71.6505
chr8	85436830	0.036098187068771576	71.6585
chr8	85561490	0.04254504456598618	71.663
chr8	85655508	0.14356450147961264	71.667
chr8	85826163	0.0	71.6915
chr8	85916633	0.2504225881173094	71.6915
chr8	85948579	0.15406765163708228	71.6995
chr8	86136808	0.0	71.7285
chr8	86169018	0.0	71.7285
chr8	86187541	0.0	71.7285
chr8	86202194	0.0	71.7285
chr8	86223849	0.0	71.7285
chr8	86246640	0.18051177288975934	71.7285
chr8	86360206	0.0	71.749
chr8	86384894	0.0	71.749
chr8	86414759	0.0	71.749
chr8	86443806	0.22721952159973188	71.749
chr8	86516423	0.17497812773362545	71.7655
chr8	86539283	0.0	71.7695
chr8	86582724	0.0	71.7695
chr8	86589610	0.22236057991644298	71.7695
chr8	86702040	0.0	71.7945
chr8	86820480	0.0	71.7945
chr8	86848721	0.0	71.7945
chr8	86891064	0.7485029940128909	71.7945
chr8	86896408	0.0	71.7985
chr8	86914033	0.0	71.7985
chr8	86922032	0.0	71.7985
chr8	86924948	0.0	71.7985
chr8	86930971	0.0	71.7985
chr8	86936881	1.2874155133562224	71.7985
chr8	86943095	0.0	71.8065
chr8	86950819	0.0	71.8065
chr8	87021425	0.33922656343528573	71.8065
chr8	87046482	4.578569260346342	71.815
chr8	87066248	0.0	71.9055
chr8	87096990	0.0	71.9055
chr8	87098170	0.3521126760561997	71.9055
chr8	87145030	0.0	71.922
chr8	87171629	22.13541666666134	71.922
chr8	87172013	0.14938037022434353	71.9305
chr8	87255692	0.0	71.943
chr8	87268314	0.0	71.943
chr8	87360805	0.18196154546006632	71.943
chr8	87426753	0.0	71.955
chr8	87469559	0.0	71.955
chr8	87508940	38.46153846160065	71.955
chr8	87509057	0.05842059910310765	71.9595
chr8	87577526	0.0359586116380486	71.9635
chr8	87688765	0.0	71.9675
chr8	87717829	0.0	71.9675
chr8	87787608	0.0	71.9675
chr8	87812600	0.0	71.9675
chr8	87839863	0.0665612779766185	71.9675
chr8	87899958	0.0	71.9715
chr8	87902024	0.0	71.9715
chr8	87934925	0.0	71.9715
chr8	87941502	0.0	71.9715
chr8	87981803	0.49379742261829235	71.9715
chr8	88023318	0.2677455821974811	71.992
chr8	88040125	0.39529597786320614	71.9965
chr8	88060363	0.17840152235966422	72.0045
chr8	88127627	0.0	72.0165
chr8	88177619	0.0	72.0165
chr8	88192710	0.0	72.0165
chr8	88204290	0.0	72.0165
chr8	88225558	0.0	72.0165
chr8	88242105	0.11383363214675683	72.0165
chr8	88277244	0.47357026880752295	72.0205
chr8	88321588	0.060905790922614764	72.0415
chr8	88526823	0.1878551636688185	72.054
chr8	88590702	0.10414520817598044	72.066
chr8	89027592	0.0	72.1115
chr8	89192899	0.0	72.1115
chr8	89447994	0.12123416378707272	72.1115
chr8	89480988	0.0	72.1155
chr8	89592671	0.0	72.1155
chr8	89679242	0.0	72.1155
chr8	89711851	0.0	72.1155
chr8	89742721	0.03276566813297036	72.1155
chr8	89864800	0.0	72.1195
chr8	89930890	0.0	72.1195
chr8	89955123	0.0	72.1195
chr8	89959198	0.024028786486239847	72.1195
chr8	90125665	0.0	72.1235
chr8	90210016	0.0	72.1235
chr8	90310142	0.0	72.1235
chr8	90435180	0.0	72.1235
chr8	90793454	0.0	72.1235
chr8	90850588	0.0	72.1235
chr8	90916552	0.0	72.1235
chr8	90943778	0.06838905775065449	72.1235
chr8	91009578	0.0	72.128
chr8	91112309	0.0	72.128
chr8	91305747	0.016423375293443118	72.128
chr8	91823302	0.0	72.1365
chr8	91860262	0.03637653349828474	72.1365
chr8	91970223	0.04597331249199119	72.1405
chr8	92057230	0.0	72.1445
chr8	92169808	0.018379396696325906	72.1445
chr8	92387443	0.0	72.1485
chr8	92535054	0.8336213732386559	72.1485
chr8	92584237	0.0	72.1895
chr8	92627535	0.0	72.1895
chr8	92671712	0.0	72.1895
chr8	92865345	0.0	72.1895
chr8	92908253	0.0	72.1895
chr8	92950242	0.0	72.1895
chr8	93077530	0.0	72.1895
chr8	93208527	0.026741781359238843	72.1895
chr8	93376803	0.0	72.194
chr8	93426459	0.0	72.194
chr8	93453923	0.0	72.194
chr8	93540060	0.0	72.194
chr8	93688525	0.0	72.194
chr8	93716785	0.09834050399485378	72.194
chr8	93757460	0.0	72.198
chr8	93884865	0.0	72.198
chr8	93974615	0.0	72.198
chr8	94086951	0.0	72.198
chr8	94200046	0.0	72.198
chr8	94358058	0.0	72.198
chr8	94397016	0.0	72.198
chr8	94428405	0.0	72.198
chr8	94481195	0.0	72.198
chr8	94513324	0.0	72.198
chr8	94662083	0.0	72.198
chr8	94703551	0.0	72.198
chr8	94896358	0.0	72.198
chr8	95084134	0.0	72.198
chr8	95142174	0.0	72.198
chr8	95196946	0.0	72.198
chr8	95253517	0.0	72.198
chr8	95280603	0.0	72.198
chr8	95292514	0.06740260323842961	72.198
chr8	95359277	0.0	72.2025
chr8	95543687	0.0	72.2025
chr8	95832777	0.0	72.2025
chr8	95851049	0.0	72.2025
chr8	95866298	0.0	72.2025
chr8	95910011	0.0	72.2025
chr8	96008413	0.0	72.2025
chr8	96030134	0.0	72.2025
chr8	96093870	0.0	72.2025
chr8	96219482	0.019378812175731373	72.2025
chr8	96425893	0.0	72.2065
chr8	96469705	0.0	72.2065
chr8	96490960	0.13178269034331624	72.2065
chr8	96521313	0.0	72.2105
chr8	96548367	0.0	72.2105
chr8	96572478	0.0	72.2105
chr8	96663360	0.0	72.2105
chr8	96665021	0.14882059677077494	72.2105
chr8	96691899	0.0	72.2145
chr8	96713191	0.0	72.2145
chr8	96836558	0.021769102387311348	72.2145
chr8	97043273	0.0	72.219
chr8	97187513	0.0	72.219
chr8	97274156	0.0	72.219
chr8	97366003	0.0	72.219
chr8	97563540	0.0	72.219
chr8	97662134	0.012166153153633844	72.219
chr8	97990915	0.0	72.223
chr8	98066564	0.033920151962322245	72.223
chr8	98184488	0.014873040012161231	72.227
chr8	98453431	0.0	72.231
chr8	98522893	0.0	72.231
chr8	98611323	0.0	72.231
chr8	98676270	0.0	72.231
chr8	98768782	0.06904170118751189	72.231
chr8	99065704	0.6943287229907706	72.2515
chr8	99083707	0.03133699279771567	72.264
chr8	99466641	1.784913599834388	72.276
chr8	99524627	0.0832067896741391	72.3795
chr8	99572700	0.0	72.3835
chr8	99618366	0.03672318977630885	72.3835
chr8	99727289	0.07094882224944131	72.3875
chr8	99790715	0.0	72.392
chr8	99905876	0.15252621544346573	72.392
chr8	99932101	0.0	72.396
chr8	99958026	1.223612003757225	72.396
chr8	99998480	0.0	72.4455
chr8	100100035	0.04945476125720047	72.4455
chr8	100180917	0.2051836393572088	72.4495
chr8	100580559	0.0	72.5315
chr8	100628735	0.08051063062368585	72.5315
chr8	100783994	0.3281219841728606	72.544
chr8	100809899	3.5766055334972564	72.5525
chr8	100873367	0.036888118337128704	72.7795
chr8	100981803	0.04390836066842965	72.7835
chr8	101175388	0.18629867892858518	72.792
chr8	101993966	0.0	72.9445
chr8	102057439	0.0	72.9445
chr8	102136461	0.0	72.9445
chr8	102183643	0.03540731692195942	72.9445
chr8	102296614	0.13624720693228887	72.9485
chr8	102388359	0.8184980560681171	72.961
chr8	102393246	1.1323464427749894	72.965
chr8	102411350	0.0	72.9855
chr8	102415799	0.45330915684552225	72.9855
chr8	102424623	0.0	72.9895
chr8	102431433	0.0	72.9895
chr8	102536526	0.0	72.9895
chr8	102558463	0.5693409878059612	72.9895
chr8	102579540	0.052089965157685304	73.0015
chr8	102665929	0.0	73.006
chr8	102735213	0.0	73.006
chr8	102738886	0.0	73.006
chr8	102786871	0.4001843273265413	73.006
chr8	102869333	0.0	73.039
chr8	102881473	0.0	73.039
chr8	102881677	0.05407524570446376	73.039
chr8	102955648	0.0	73.043
chr8	102984749	0.0	73.043
chr8	102999434	0.0	73.043
chr8	103075095	0.0	73.043
chr8	103235326	0.0	73.043
chr8	103351950	1.8063277920465146	73.043
chr8	103422812	1.2557662737055968	73.171
chr8	103461832	23.616476077561742	73.22
chr8	103487979	0.3964221260490582	73.8375
chr8	103716271	0.050328252043967604	73.928
chr8	103805684	2.5579981764765245	73.9325
chr8	103884652	0.6066691770218059	74.1345
chr8	103932454	0.0	74.1635
chr8	104091198	0.0	74.1635
chr8	104119979	0.024076370246451075	74.1635
chr8	104286117	0.0	74.1675
chr8	104450008	0.0	74.1675
chr8	104733165	0.38726030933868894	74.1675
chr8	104775772	0.0	74.184
chr8	104813511	0.0	74.184
chr8	104832299	0.043582954706467586	74.184
chr8	104924078	0.0	74.188
chr8	104967234	0.082414752240459	74.188
chr8	105015769	2.2292830420745986	74.192
chr8	105054795	1.204559699154055	74.279
chr8	105105851	1.0372280780441783	74.3405
chr8	105141523	3.7413963670042136	74.3775
chr8	105236541	0.0	74.733
chr8	105262933	0.0	74.733
chr8	105274676	0.0572748620630427	74.733
chr8	105484192	0.0	74.745
chr8	105499512	0.0	74.745
chr8	105524035	0.0	74.745
chr8	105564830	0.0	74.745
chr8	105576602	0.24015369836673642	74.745
chr8	105628652	0.0	74.7575
chr8	105914371	0.0	74.7575
chr8	105985438	0.0	74.7575
chr8	106084908	0.1730558901303158	74.7575
chr8	106157139	0.042020779275403014	74.77
chr8	106252330	0.6739698687062444	74.774
chr8	106386609	0.8566924816660018	74.8645
chr8	106401200	0.06740443888871622	74.877
chr8	106645991	0.0	74.8935
chr8	106689239	0.0	74.8935
chr8	106697269	0.053438588926412046	74.8935
chr8	107239948	0.0	74.9225
chr8	107245901	0.0	74.9225
chr8	107325611	0.07949302971643016	74.9225
chr8	107684133	0.5077527356017516	74.951
chr8	108131201	0.03690173069121452	75.178
chr8	108239597	0.0	75.182
chr8	108243475	0.0	75.182
chr8	108414209	0.018867746530716167	75.182
chr8	108626211	0.0	75.186
chr8	108684853	0.017381899648472577	75.186
chr8	108943743	0.10299191513466584	75.1905
chr8	109060257	0.10130571814482361	75.2025
chr8	109104677	0.1049171154789414	75.207
chr8	109147568	0.7508100845647665	75.2115
chr8	109185527	23.236074270557154	75.24
chr8	109260927	0.08496854876293838	76.992
chr8	109649306	0.15274637991074402	77.025
chr8	109812976	0.04944864757954913	77.05
chr8	109893868	0.0	77.054
chr8	109929993	0.07886124364190861	77.054
chr8	109980715	0.0689862780021303	77.058
chr8	110219893	0.0	77.0745
chr8	110375932	0.0	77.0745
chr8	110382425	0.0	77.0745
chr8	110440664	0.0	77.0745
chr8	110483792	0.17562195874167644	77.0745
chr8	110600520	0.0	77.095
chr8	110662628	0.30371504239868896	77.095
chr8	110703785	0.0	77.1075
chr8	110720031	0.0	77.1075
chr8	110720580	0.0	77.1075
chr8	110934426	0.0	77.1075
chr8	110994879	3.5301610408516533	77.1075
chr8	111049834	0.0	77.3015
chr8	111319151	0.14941321356122791	77.3015
chr8	111429583	30.365274203128187	77.318
chr8	111449787	0.2738225629795241	77.9315
chr8	111464395	0.05719572714272321	77.9355
chr8	111761620	0.0	77.9525
chr8	111782055	0.03397402685650975	77.9525
chr8	111899792	3.0615533354815936	77.9565
chr8	111952543	0.3108047016276321	78.118
chr8	112005631	0.2089918754407264	78.1345
chr8	112043910	0.12290674450775507	78.1425
chr8	112076455	0.10251678712365261	78.1465
chr8	112115473	0.24117952868161463	78.1505
chr8	112302056	0.31838078934742814	78.1955
chr8	112639702	2.190580503836193	78.303
chr8	112641528	0.0	78.307
chr8	112654758	0.0	78.307
chr8	112681806	1.1338178241625922	78.307
chr8	112718408	1.026112193991037	78.3485
chr8	112834867	0.0	78.468
chr8	112865252	1.2850286422046509	78.468
chr8	112897547	0.0	78.5095
chr8	112921067	0.018891271288057305	78.5095
chr8	113132805	0.6394450392144757	78.5135
chr8	113339234	1.5570964023331637	78.6455
chr8	113397355	0.18175209014904362	78.736
chr8	113463379	0.06046314771132895	78.748
chr8	113529535	1.995221634810914	78.752
chr8	113647567	1.7597087378641443	78.9875
chr8	113697007	0.26831831496099223	79.0745
chr8	113741730	0.0	79.0865
chr8	113809915	0.0	79.0865
chr8	113852318	0.0	79.0865
chr8	113904616	0.20148625745198	79.0865
chr8	113988989	0.9149130832571253	79.1035
chr8	114002105	6.858373639661418	79.1155
chr8	114028569	0.6237664320560764	79.297
chr8	114082275	0.0	79.3305
chr8	114104425	0.2024691358024534	79.3305
chr8	114205675	0.22990015764584307	79.351
chr8	114403587	0.22636277464158472	79.3965
chr8	114474270	0.0	79.4125
chr8	114474923	0.0	79.4125
chr8	114475346	0.03519267992261911	79.4125
chr8	114589006	0.0	79.4165
chr8	114606311	0.23582546057427967	79.4165
chr8	114746245	0.2385523281571355	79.4495
chr8	114834276	0.14049383583287497	79.4705
chr8	114891218	0.21226668159533152	79.4785
chr8	115105571	0.9714862477920538	79.524
chr8	115224461	0.07458512026850926	79.6395
chr8	115385351	1.7665952890792962	79.6515
chr8	115404031	0.0	79.6845
chr8	115409756	0.0	79.6845
chr8	115465148	0.04215229624638954	79.6845
chr8	115560042	0.0	79.6885
chr8	115578938	0.0	79.6885
chr8	115599393	0.0707046900776662	79.6885
chr8	115663038	0.2476166893651658	79.693
chr8	115679192	0.12048918609526713	79.697
chr8	115712390	22.750252780586635	79.701
chr8	115764807	0.17952605122448995	80.8935
chr8	115789873	0.0	80.898
chr8	115799721	0.0	80.898
chr8	115801846	0.0	80.898
chr8	115836808	0.05488005658752486	80.898
chr8	115918805	0.16225534935595914	80.9025
chr8	115968110	0.0	80.9105
chr8	115995580	0.0	80.9105
chr8	116106611	0.0	80.9105
chr8	116112744	0.0	80.9105
chr8	116138080	0.0	80.9105
chr8	116163737	0.18793018393656336	80.9105
chr8	116206306	0.2895007720025267	80.9185
chr8	116221850	0.0	80.923
chr8	116245284	0.0	80.923
chr8	116279651	0.7583026401311149	80.923
chr8	116344269	0.0	80.972
chr8	116359122	0.3696455751255562	80.972
chr8	116382117	0.7897362003988576	80.9805
chr8	116418205	0.0	81.009
chr8	116465427	0.0	81.009
chr8	116492332	0.0	81.009
chr8	116509091	0.0	81.009
chr8	116540239	0.7907054363979286	81.009
chr8	116666076	31.449044585986567	81.1085
chr8	116677380	1.3442916785065295	81.464
chr8	116723129	2.5837491090529734	81.5255
chr8	116734353	0.17259730172885618	81.5545
chr8	116803879	0.23368906001358508	81.5665
chr8	116893742	0.12536908225507146	81.5875
chr8	117125059	0.0	81.6165
chr8	117152712	0.06416734844482232	81.6165
chr8	117215049	0.20046357201016266	81.6205
chr8	117294864	0.3916794080449932	81.6365
chr8	117400818	0.09662873094282319	81.678
chr8	117447388	0.1983536645834909	81.6825
chr8	117467554	0.0	81.6865
chr8	117493032	0.0	81.6865
chr8	117723064	0.0	81.6865
chr8	117738857	0.348616688978214	81.6865
chr8	117774713	0.0	81.699
chr8	117817214	0.5384534566084893	81.699
chr8	117855286	2.7367722673742927	81.7195
chr8	117897489	0.9015393915390884	81.835
chr8	117993436	0.0	81.9215
chr8	118022655	1.5410958904110172	81.9215
chr8	118086895	0.0	82.0205
chr8	118099631	0.0	82.0205
chr8	118164288	11.95595386408389	82.0205
chr8	118189171	0.06561141638653144	82.318
chr8	118250136	0.0	82.322
chr8	118258070	0.0	82.322
chr8	118290824	0.2538999025023509	82.322
chr8	118389288	19.671841919549504	82.347
chr8	118394956	5.512888316585821	82.4585
chr8	118481934	0.0	82.938
chr8	118489047	0.5513354569958553	82.938
chr8	118505371	0.8945339527527092	82.947
chr8	118606541	0.21003284913765288	83.0375
chr8	118725570	0.0	83.0625
chr8	118756612	0.0	83.0625
chr8	118789338	0.0813768970989167	83.0625
chr8	118936800	0.5328819509747322	83.0745
chr8	118952751	0.517364030265509	83.083
chr8	118968214	0.6066366825860909	83.091
chr8	119097616	0.0	83.1695
chr8	119106434	0.025388594845810443	83.1695
chr8	119441230	0.16021789633921688	83.178
chr8	119466196	1.075594235142098	83.182
chr8	119588454	0.0	83.3135
chr8	119601861	1.0338695670150728	83.3135
chr8	119626042	0.0	83.3385
chr8	119629981	0.0	83.3385
chr8	119652699	0.18778461105135386	83.3385
chr8	119674000	1.4780489753522121	83.3425
chr8	119699033	0.0	83.3795
chr8	119716603	0.0	83.3795
chr8	119728606	0.280662363177441	83.3795
chr8	119742858	21.91684833385303	83.3835
chr8	119755702	0.15797788309599833	83.665
chr8	119781022	0.5661629768458155	83.669
chr8	119832244	0.11206365215456067	83.698
chr8	119867938	0.12540364297575896	83.702
chr8	119931732	2.7856311325464524	83.71
chr8	119943758	12.738853503200282	83.7435
chr8	119944072	2.165543792107567	83.7475
chr8	119966930	0.43641853717231616	83.797
chr8	120051711	0.13140820315700927	83.834
chr8	120112590	0.21758807965469368	83.842
chr8	120227486	0.0	83.867
chr8	120244416	0.16228497241117648	83.867
chr8	120269064	0.6851835403687563	83.871
chr8	120347875	0.882301041115262	83.925
chr8	120398878	3.4466805459172085	83.97
chr8	120420493	0.1391014049242362	84.0445
chr8	120535517	0.0	84.0605
chr8	120559373	0.3178173283784231	84.0605
chr8	120600277	0.0	84.0735
chr8	120665526	0.2004972331382283	84.0735
chr8	120727871	0.05772588861796846	84.086
chr8	120797164	0.0	84.09
chr8	120821997	0.0	84.09
chr8	120834246	0.09682885499856397	84.09
chr8	120875556	0.31302727918224316	84.094
chr8	121006535	0.2092487968189306	84.135
chr8	121025651	0.0	84.139
chr8	121049165	0.0	84.139
chr8	121055963	0.586909568973746	84.139
chr8	121098559	0.0	84.164
chr8	121112377	0.0	84.164
chr8	121204138	0.0	84.164
chr8	121223619	0.0	84.164
chr8	121231464	0.0	84.164
chr8	121256623	0.8955952994816743	84.164
chr8	121293470	0.0	84.197
chr8	121356598	0.0	84.197
chr8	121400260	0.0	84.197
chr8	121414738	0.0	84.197
chr8	121443467	0.0	84.197
chr8	121487022	0.0	84.197
chr8	121502342	0.18282371223505087	84.197
chr8	121524221	5.100781571370779	84.201
chr8	121536376	3.4781133355952507	84.263
chr8	121548164	0.346415617231037	84.304
chr8	121572701	2.264797698476228	84.3125
chr8	121589038	3.556085918854437	84.3495
chr8	121609988	0.5021340697966548	84.424
chr8	121633886	12.521321135058889	84.436
chr8	121646784	3.5063279183981515	84.5975
chr8	121689136	0.6110462571137392	84.746
chr8	121743960	6.7254325824351575	84.7795
chr8	121759275	2.185864741339422	84.8825
chr8	121774372	0.681663258351208	84.9155
chr8	121786108	0.340702604481607	84.9235
chr8	121799316	5.956678700361236	84.928
chr8	121810396	3.058194774346628	84.994
chr8	121844076	4.383828543594905	85.097
chr8	121866659	0.9685453371460564	85.196
chr8	121888341	5.276591567270491	85.217
chr8	121908714	0.6584274261715832	85.3245
chr8	122021103	0.36051389617201157	85.3985
chr8	122204175	0.0	85.4645
chr8	122210437	0.32462262619744264	85.4645
chr8	122222759	0.0	85.4685
chr8	122235170	0.741273192865516	85.4685
chr8	122257429	1.588255494505758	85.485
chr8	122280725	3.2666928002088826	85.522
chr8	122296031	5.393743257820402	85.572
chr8	122309009	0.4414800319775459	85.642
chr8	122392818	0.8592183716510337	85.679
chr8	122431225	2.070836903741528	85.712
chr8	122445229	0.40324613135720383	85.741
chr8	122465068	3.8825024870123515	85.749
chr8	122501256	30.914983794563753	85.8895
chr8	122505267	0.4564623379085112	86.0135
chr8	122821832	2.4647288798229106	86.158
chr8	122833598	26.60199882422275	86.187
chr8	122837000	0.0	86.2775
chr8	122840661	11.704172792038541	86.2775
chr8	122849504	1.271274387712915	86.381
chr8	122868776	2.647306566122598	86.4055
chr8	122893707	5.2401822370813465	86.4715
chr8	122951434	0.4679213892058922	86.774
chr8	122961051	11.875693673695817	86.7785
chr8	122965556	5.895309665717037	86.832
chr8	122973274	15.575833857772773	86.8775
chr8	122979630	6.273291925465782	86.9765
chr8	123019880	3.00445822833871	87.229
chr8	123040516	0.0	87.291
chr8	123058934	0.9424917531972722	87.291
chr8	123120473	0.259563284773225	87.349
chr8	123151294	0.0	87.357
chr8	123161698	12.635609444799458	87.357
chr8	123169533	6.882312456985155	87.456
chr8	123176798	6.02327173169085	87.506
chr8	123198713	2.3040159783149945	87.638
chr8	123268808	5.516528035167871	87.7995
chr8	123292011	7.021497919556191	87.9275
chr8	123320851	0.1391254489958324	88.13
chr8	123439449	2.468357754319471	88.1465
chr8	123496572	9.232060428032243	88.2875
chr8	123510870	8.042292334514407	88.4195
chr8	123546432	1.54798761609913	88.7055
chr8	123575502	0.863595859140267	88.7505
chr8	123666401	0.5469291926794894	88.829
chr8	123703883	9.348925025884279	88.8495
chr8	123720302	21.449600448619908	89.003
chr8	123727435	12.456043723255389	89.156
chr8	123751038	5.163009534912572	89.45
chr8	123775055	3.768401775022868	89.574
chr8	123789252	2.1851814208761398	89.6275
chr8	123838447	1.096200640855858	89.735
chr8	123879954	0.0	89.7805
chr8	123903556	0.13864395124172676	89.7805
chr8	123993715	1.7408927921836215	89.793
chr8	124012958	0.2322209383991301	89.8265
chr8	124101236	0.30432136336007976	89.847
chr8	124114380	0.5694501389459634	89.851
chr8	124136331	0.0	89.8635
chr8	124189323	0.12270691453478398	89.8635
chr8	124221921	0.9090247981956681	89.8675
chr8	124235672	1.171294709176003	89.88
chr8	124253174	4.447192086790308	89.9005
chr8	124278246	0.39737013221572426	90.012
chr8	124319769	2.784639568830533	90.0285
chr8	124342034	8.422887017135162	90.0905
chr8	124345477	1.5694070257121777	90.1195
chr8	124421939	0.9144111192383784	90.2395
chr8	124435609	3.0506786203465692	90.252
chr8	124443640	1.5925080813844665	90.2765
chr8	124464676	0.0	90.31
chr8	124478474	6.304421576387673	90.31
chr8	124496160	41.21648659464131	90.4215
chr8	124498659	34.1124447252066	90.5245
chr8	124500242	0.6805313588843984	90.5785
chr8	124518610	6.6995173647443345	90.591
chr8	124548239	1.644157369348049	90.7895
chr8	124590814	1.513563860752261	90.8595
chr8	124650937	2.29332449160031	90.9505
chr8	124669033	2.6084207198184526	90.992
chr8	124688010	0.42717517599626964	91.0415
chr8	124717272	0.31408268226593244	91.054
chr8	124742743	0.5720921495295803	91.062
chr8	124801300	0.8495957983625074	91.0955
chr8	124859563	0.5889139945195735	91.145
chr8	124901165	0.0	91.1695
chr8	124919218	2.0824384139851446	91.1695
chr8	124972761	3.488054464079276	91.281
chr8	125020352	30.78825161329192	91.447
chr8	125036933	2.243083824873392	91.9575
chr8	125061007	10.957821369548281	92.0115
chr8	125074924	5.026469172771447	92.164
chr8	125131027	1.4709238923691241	92.446
chr8	125170458	0.0	92.504
chr8	125196328	0.8743526427548255	92.504
chr8	125300405	0.2789289129742167	92.595
chr8	125388241	0.0	92.6195
chr8	125427291	0.0	92.6195
chr8	125447285	0.047908781679740435	92.6195
chr8	125530777	0.8047061435150775	92.6235
chr8	125566815	1.2312973396515523	92.6525
chr8	125593616	0.0	92.6855
chr8	125643458	3.394509101760444	92.6855
chr8	125670266	0.2106358725280754	92.7765
chr8	125710620	6.638943605457663	92.785
chr8	125724327	0.0	92.876
chr8	125744456	0.0	92.876
chr8	125775173	0.3075267163827691	92.876
chr8	125788180	0.0	92.88
chr8	125801575	3.4590238710661465	92.88
chr8	125814729	10.163293077054105	92.9255
chr8	125826487	3.0756751275896166	93.045
chr8	125856074	0.8631933111969432	93.136
chr8	126014787	3.414158305463113	93.273
chr8	126029139	1.0759434725278862	93.322
chr8	126233146	0.8684173961374768	93.5415
chr8	126247540	0.6333122229266765	93.554
chr8	126253856	12.671976828385137	93.558
chr8	126266285	2.3618223556418707	93.7155
chr8	126288937	0.7904681113595439	93.769
chr8	126314871	0.0	93.7895
chr8	126327003	2.077492991589868	93.7895
chr8	126346979	3.2131255590602623	93.831
chr8	126389461	0.1908943399830528	93.9675
chr8	126410415	0.23108697536022318	93.9715
chr8	126445034	2.370408960666807	93.9795
chr8	126502619	0.0	94.116
chr8	126528361	0.0	94.116
chr8	126537305	0.0	94.116
chr8	126581576	0.0	94.116
chr8	126596596	1.246285111686237	94.116
chr8	126669613	0.0	94.207
chr8	126683242	1.4235934047256347	94.207
chr8	126706774	1.746632439728015	94.2405
chr8	126744561	2.01738050900055	94.3065
chr8	126760671	0.0	94.339
chr8	126790126	0.0	94.339
chr8	126807870	1.6134469970622567	94.339
chr8	126828633	3.0743432084964835	94.3725
chr8	126850101	0.0	94.4385
chr8	126866037	2.913219503608422	94.4385
chr8	126922847	0.21148914796297794	94.604
chr8	126960674	5.292017342515167	94.612
chr8	126984200	0.0	94.7365
chr8	126997379	3.623065723089402	94.7365
chr8	127026912	1.654967122800792	94.8435
chr8	127071928	0.0	94.918
chr8	127090630	1.9348030018754125	94.918
chr8	127107686	0.9925048769639815	94.951
chr8	127136905	2.576044059236361	94.98
chr8	127215708	0.0	95.183
chr8	127229177	0.38540596094493534	95.183
chr8	127240853	1.0325655281969457	95.1875
chr8	127272328	0.5466894914130518	95.22
chr8	127362873	4.326747641141251	95.2695
chr8	127382056	1.5906353275472471	95.3525
chr8	127446810	0.0	95.4555
chr8	127452240	0.0	95.4555
chr8	127489825	0.37543801101226976	95.4555
chr8	127501811	0.33873947854665837	95.46
chr8	127550521	7.59192179824302	95.4765
chr8	127570674	0.0	95.6295
chr8	127611044	0.0	95.6295
chr8	127627446	0.9036622745425182	95.6295
chr8	127709335	1.228592702903464	95.7035
chr8	127722765	2.321654706627357	95.72
chr8	127736979	2.4132422419359623	95.753
chr8	127766400	1.3437336130046151	95.824
chr8	127796912	1.9014693171997263	95.865
chr8	127814267	4.520795660036644	95.898
chr8	127829751	2.108477533808289	95.968
chr8	127898521	0.0	96.113
chr8	127898771	0.0	96.113
chr8	127918303	1.636014893376755	96.113
chr8	127936029	0.9091130961097337	96.142
chr8	128017977	1.42011834319532	96.2165
chr8	128056002	0.2795248078270362	96.2705
chr8	128070312	0.2212144674256541	96.2745
chr8	128088394	0.0	96.2785
chr8	128106605	0.0	96.2785
chr8	128124100	3.864685806063424	96.2785
chr8	128153986	0.8646140868831045	96.394
chr8	128177696	1.2639405204457923	96.4145
chr8	128197871	0.48451528695177193	96.44
chr8	128248437	0.25061086398125987	96.4645
chr8	128264398	0.427457882826148	96.4685
chr8	128284283	2.1892483580638142	96.477
chr8	128308949	2.2248514622289903	96.531
chr8	128347828	1.2273132996127283	96.6175
chr8	128361272	0.6109372671732501	96.634
chr8	128394827	1.8945918015854555	96.6545
chr8	128403536	0.17219113215629261	96.671
chr8	128426766	0.5209237714881253	96.675
chr8	128467079	4.067044614247719	96.696
chr8	128479250	0.4394709198876328	96.7455
chr8	128525897	0.7786992907268961	96.766
chr8	128579191	0.277366863904898	96.8075
chr8	128595415	4.69069820332022	96.812
chr8	128613003	1.3788041106218507	96.8945
chr8	128663409	1.67317345231462	96.964
chr8	128675960	1.1447934792566026	96.985
chr8	128686879	4.916643119525476	96.9975
chr8	128704574	6.134431688720811	97.0845
chr8	128715985	4.728657569025735	97.1545
chr8	128731740	0.7635452935069844	97.229
chr8	128748111	0.7140944389891607	97.2415
chr8	128759314	0.7996417604914816	97.2495
chr8	128774946	0.8704302412335571	97.262
chr8	128799072	2.8901734104044	97.283
chr8	128813258	0.3041593795152375	97.324
chr8	128826409	0.3039218069975648	97.328
chr8	128867538	0.5107559187596415	97.3405
chr8	128884180	0.20425879589392215	97.349
chr8	128903763	0.0	97.353
chr8	128914198	0.0	97.353
chr8	128933543	0.0	97.353
chr8	128946166	0.2622778834178014	97.353
chr8	128961417	0.8400420021001369	97.357
chr8	128975702	1.2579563048338875	97.369
chr8	129022206	0.0	97.4275
chr8	129041642	0.2591344908010423	97.4275
chr8	129057078	7.910379515317869	97.4315
chr8	129068013	3.0770271184151006	97.518
chr8	129082800	0.930834279944426	97.5635
chr8	129114492	0.0	97.593
chr8	129145010	5.4606758044418715	97.593
chr8	129158653	2.1986897603867077	97.6675
chr8	129169796	28.87029288702984	97.692
chr8	129182941	0.2855329949234178	98.0715
chr8	129198701	3.0110515518499166	98.076
chr8	129213812	5.536552843643182	98.1215
chr8	129248310	4.467640918580347	98.3125
chr8	129260285	0.3230219654935758	98.366
chr8	129286599	7.8856152513005355	98.3745
chr8	129298139	2.2729888364597053	98.4655
chr8	129332895	4.587438423645348	98.5445
chr8	129349135	8.464011547799021	98.619
chr8	129364376	4.635967641568167	98.748
chr8	129380446	5.519745128547118	98.8225
chr8	129393943	0.9672830725459974	98.897
chr8	129411518	0.0	98.914
chr8	129429181	0.0	98.914
chr8	129447873	13.251822600242615	98.914
chr8	129461041	3.4436162329457187	99.0885
chr8	129483982	0.0	99.1675
chr8	129511738	0.39032006245060846	99.1675
chr8	129523267	3.9353911436591984	99.172
chr8	129537878	1.0226621942242367	99.2295
chr8	129550101	0.22664173607517016	99.242
chr8	129567750	2.698535080956155	99.246
chr8	129591096	9.805853946979308	99.309
chr8	129611390	0.28876696505955013	99.508
chr8	129625242	0.39195192056380673	99.512
chr8	129636723	1.0253871720530183	99.5165
chr8	129693287	12.87842764304916	99.5745
chr8	129705905	8.597611202635996	99.737
chr8	129715617	0.13253371326347332	99.8205
chr8	129745798	5.1940187264176	99.8245
chr8	129767265	10.043617998162475	99.936
chr8	129775977	0.5625227490816289	100.0235
chr8	129806198	2.1158616664242356	100.0405
chr8	129819904	6.738398000217108	100.0695
chr8	129829105	3.768011093024658	100.1315
chr8	129845692	11.830114538917607	100.194
chr8	129857653	8.703481392556998	100.3355
chr8	129870981	5.934585694525446	100.4515
chr8	129893392	1.4131146745589365	100.5845
chr8	129975834	0.7276749330540716	100.701
chr8	129993012	0.0	100.7135
chr8	129994584	53.61305361306116	100.7135
chr8	129995442	0.0	100.7595
chr8	130007408	3.5804549283900395	100.7595
chr8	130009782	5.290668026516982	100.768
chr8	130025470	6.704919089678241	100.851
chr8	130040981	1.68323180506579	100.955
chr8	130053457	3.1079442086110385	100.976
chr8	130066649	1.5715363339200998	101.017
chr8	130114373	3.7694013303760325	101.092
chr8	130116628	3.620030837299862	101.1005
chr8	130131545	4.12123741457602	101.1545
chr8	130150714	2.6867016313261876	101.2335
chr8	130181793	240.96385542169588	101.317
chr8	130182291	2.9971267214901967	101.437
chr8	130263035	4.001475198229477	101.679
chr8	130290150	6.960278411137278	101.7875
chr8	130298483	4.26165537071259	101.8455
chr8	130317959	9.624060150376303	101.9285
chr8	130327934	1.6651774835511663	102.0245
chr8	130340245	0.0	102.045
chr8	130351081	0.462867722690091	102.045
chr8	130360803	7.139287499108198	102.0495
chr8	130374810	2.3049153013051487	102.1495
chr8	130392815	3.251025621178233	102.191
chr8	130405734	13.821041343977084	102.233
chr8	130414127	8.107167710508145	102.349
chr8	130428497	7.531474820143106	102.4655
chr8	130437393	1.196722820584114	102.5325
chr8	130448256	17.967556557794417	102.5455
chr8	130462003	4.698548567175246	102.7925
chr8	130472751	8.255451713395214	102.843
chr8	130482381	8.294625082948137	102.9225
chr8	130483888	20.83164135466601	102.935
chr8	130496201	1.2852809624179464	103.1915
chr8	130515652	29.008838383838736	103.2165
chr8	130531492	2.6549435393500422	103.676
chr8	130821517	1.1741907936872933	104.446
chr8	131004196	43.933567863863715	104.6605
chr8	131016419	22.98316474246705	105.1975
chr8	131044396	0.6576178451172471	105.8405
chr8	131063404	1.4428789679176186	105.853
chr8	131081077	1.3122727601070148	105.8785
chr8	131122608	1.8995487602535015	105.933
chr8	131187097	2.494263194652867	106.0555
chr8	131207143	0.3694206614802014	106.1055
chr8	131230152	1.2081463583017373	106.114
chr8	131247534	3.920206431123375	106.135
chr8	131277762	11.530635315397227	106.2535
chr8	131286608	2.764392594470719	106.3555
chr8	131306323	2.0393474088293657	106.41
chr8	131327163	4.08965028659739	106.4525
chr8	131358217	0.0	106.5795
chr8	131373562	0.16933367200088428	106.5795
chr8	131397184	0.8678561400823449	106.5835
chr8	131436361	0.0	106.6175
chr8	131452300	0.0	106.6175
chr8	131473787	0.0	106.6175
chr8	131495871	0.0	106.6175
chr8	131545059	0.0	106.6175
chr8	131563611	0.34128322492563856	106.6175
chr8	131588517	15.810505588694973	106.626
chr8	131605784	1.0427528675701347	106.899
chr8	131622087	0.9889394925178061	106.916
chr8	131660512	5.965675326202039	106.954
chr8	131677526	0.6671749904689129	107.0555
chr8	131735232	13.776541961577752	107.094
chr8	131755012	1.7863218781899282	107.3665
chr8	131766768	0.0	107.3875
chr8	131781501	0.3930817610061947	107.3875
chr8	131803125	2.092709270926852	107.396
chr8	131825345	4.044466537123278	107.4425
chr8	131847474	0.0	107.532
chr8	131874439	3.7264549186293667	107.532
chr8	131908788	29.165609941668684	107.66
chr8	131920617	15.378528092851449	108.005
chr8	131939572	15.863930002453397	108.2965
chr8	131964030	0.8816547982367238	108.6845
chr8	132008265	0.37742178981741714	108.7235
chr8	132020188	0.0	108.728
chr8	132027109	0.8366141732295437	108.728
chr8	132037269	0.8304430658002007	108.7365
chr8	132078211	0.0	108.7705
chr8	132098656	0.0	108.7705
chr8	132162733	0.0	108.7705
chr8	132170534	0.0	108.7705
chr8	132178062	0.0	108.7705
chr8	132191362	0.0	108.7705
chr8	132202565	0.0	108.7705
chr8	132222120	0.0	108.7705
chr8	132240835	0.1931598681967493	108.7705
chr8	132284840	0.0	108.779
chr8	132332556	0.8128526345993171	108.779
chr8	132353470	1.0043827611391234	108.796
chr8	132375374	1.6402933230415875	108.818
chr8	132396102	0.0	108.852
chr8	132414335	0.4468745071235978	108.852
chr8	132433356	2.6308778473427377	108.8605
chr8	132448370	0.18161180476688663	108.9
chr8	132470395	0.6119951040390204	108.904
chr8	132484284	0.0	108.9125
chr8	132498228	0.5003271369743767	108.9125
chr8	132524211	1.129886336807435	108.9255
chr8	132553860	1.351455710865572	108.959
chr8	132566809	3.8170540522116685	108.9765
chr8	132581480	0.0	109.0325
chr8	132593057	0.0	109.0325
chr8	132608525	3.5341856101925506	109.0325
chr8	132631444	0.0	109.1135
chr8	132644876	0.26779828609078404	109.1135
chr8	132693420	0.0	109.1265
chr8	132705622	0.833267201015824	109.1265
chr8	132730824	0.5185526619045029	109.1475
chr8	132739502	2.3072812940204708	109.152
chr8	132760089	1.9828460758095714	109.1995
chr8	132770932	12.252932669130919	109.221
chr8	132783378	3.5061969993470443	109.3735
chr8	132795642	3.0503789142560964	109.4165
chr8	132816623	4.030648894564574	109.4805
chr8	132866739	0.34451079467103546	109.6825
chr8	132879801	1.0266940451742907	109.687
chr8	132888080	0.20110833035427583	109.6955
chr8	132910456	7.442489851147281	109.7
chr8	132912673	0.3948346339649737	109.7165
chr8	132934201	67.8260869565243	109.725
chr8	132934776	1.2851468182886308	109.764
chr8	132947615	1.062988232967625	109.7805
chr8	132967841	3.4735957278478233	109.802
chr8	133008289	0.5885815185405545	109.9425
chr8	133030376	3.5899148438801882	109.9555
chr8	133048343	1.3931385788278055	110.02
chr8	133106844	0.8358737338969371	110.1015
chr8	133127182	0.0	110.1185
chr8	133163709	3.9793503979357	110.1185
chr8	133177656	1.290903632542118	110.174
chr8	133194311	2.7035623409671743	110.1955
chr8	133210031	3.6073034019644665	110.238
chr8	133228050	0.48408333978788787	110.303
chr8	133253872	0.28705809614249633	110.3155
chr8	133299159	0.9669054630154863	110.3285
chr8	133321912	0.1889644746787149	110.3505
chr8	133366894	0.797897305923689	110.359
chr8	133388200	5.361441388868311	110.376
chr8	133401909	2.004162491327854	110.4495
chr8	133414882	1.3480116827679685	110.4755
chr8	133437137	1.3834081734477943	110.5055
chr8	133459184	0.6524047944167253	110.536
chr8	133492139	0.0	110.5575
chr8	133532121	1.3354700854699553	110.5575
chr8	133558329	0.9840305892936512	110.5925
chr8	133576113	1.0232192050377986	110.61
chr8	133588818	0.3803566900509733	110.623
chr8	133600649	0.227751523088589	110.6275
chr8	133618212	2.372077261944872	110.6315
chr8	133632967	0.0	110.6665
chr8	133648102	1.3575251272681557	110.6665
chr8	133686407	0.0	110.7185
chr8	133707491	0.5579159692713196	110.7185
chr8	133730792	2.4419778002020047	110.7315
chr8	133755567	5.401317921572557	110.792
chr8	133774081	1.187587661373708	110.892
chr8	133871758	2.80149021678551	111.008
chr8	133905847	0.26962252846059176	111.1035
chr8	133922537	3.1816253560387175	111.108
chr8	133939038	2.339770169411436	111.1605
chr8	133955920	0.2773427303575422	111.2
chr8	133986568	2.9855679189157933	111.2085
chr8	134031953	0.15358034171644802	111.344
chr8	134057998	2.9110033763311125	111.348
chr8	134104202	2.6126784792705466	111.4825
chr8	134150706	6.982530297760659	111.604
chr8	134188085	5.938438645319678	111.865
chr8	134224374	7.466296845771687	112.0805
chr8	134286386	1.0397032893536777	112.5435
chr8	134615326	4.716981132075994	112.8855
chr8	134635996	1.3834931104836572	112.983
chr8	134671775	3.0523193327887	113.0325
chr8	134695036	7.363807776589097	113.1035
chr8	134714659	1.104914237609218	113.248
chr8	134771677	0.16945004047947076	113.311
chr8	134824790	0.0	113.32
chr8	134849561	1.190009941855327	113.32
chr8	134882754	0.6170723345903559	113.3595
chr8	134911924	0.21011346126942504	113.3775
chr8	134933341	0.0	113.382
chr8	134956399	0.0	113.382
chr8	134978222	0.18129079042756688	113.382
chr8	135003044	0.0	113.3865
chr8	135029005	0.15499603899012057	113.3865
chr8	135087071	0.09987764987902042	113.3955
chr8	135127120	0.0	113.3995
chr8	135140346	0.42744470795863027	113.3995
chr8	135212870	0.28966739367495753	113.4305
chr8	135242214	1.1081099799155485	113.439
chr8	135285531	0.11950075241221224	113.487
chr8	135398501	1.0588807110124818	113.5005
chr8	135427305	0.0	113.531
chr8	135449778	0.31838783383893143	113.531
chr8	135476475	5.102040816325615	113.5395
chr8	135487157	0.2871233617082882	113.594
chr8	135516761	0.6500385208009152	113.6025
chr8	135537529	0.8939315798520284	113.616
chr8	135566614	2.5363226452911225	113.642
chr8	135582582	2.452893299140524	113.6825
chr8	135591551	3.0199090299014717	113.7045
chr8	135604962	0.0	113.745
chr8	135607347	0.18643672803498848	113.745
chr8	135628802	2.7332084830693955	113.749
chr8	135648559	0.0	113.803
chr8	135668711	0.0	113.803
chr8	135689151	1.350405121536749	113.803
chr8	135719142	13.366750208855484	113.8435
chr8	135728718	5.1702505083713906	113.9715
chr8	135751831	0.27320745552833925	114.091
chr8	135768302	0.0	114.0955
chr8	135769606	0.0	114.0955
chr8	135770072	0.0	114.0955
chr8	135783955	0.6532532009400904	114.0955
chr8	135791609	6.064690026963984	114.1005
chr8	135792351	0.36567528035048474	114.105
chr8	135804657	0.9495674192883047	114.1095
chr8	135809396	0.0	114.114
chr8	135833776	0.6869946625794545	114.114
chr8	135852699	2.816951950335714	114.127
chr8	135880566	0.20129124606726717	114.2055
chr8	135947633	0.0	114.219
chr8	135989700	0.0	114.219
chr8	135997060	3.697733952782922	114.219
chr8	136018154	1.9413465510118564	114.297
chr8	136030259	0.2635277582576292	114.3205
chr8	136047335	0.6312116969266511	114.325
chr8	136090902	0.0	114.3525
chr8	136110332	1.5424308710521732	114.3525
chr8	136128161	0.18088997869547277	114.38
chr8	136153038	2.9783816344287075	114.3845
chr8	136167979	0.0	114.429
chr8	136195510	0.29554320841680176	114.429
chr8	136212428	0.0	114.434
chr8	136227543	0.9743698368987983	114.434
chr8	136251148	0.21425000595139718	114.457
chr8	136293155	0.0	114.466
chr8	136316130	0.7036747458956276	114.466
chr8	136335315	0.0	114.4795
chr8	136335639	0.0	114.4795
chr8	136342680	0.25358827407797596	114.4795
chr8	136362397	0.0	114.4845
chr8	136388086	2.3426753782670406	114.4845
chr8	136411350	2.1905368806757535	114.539
chr8	136423904	0.9774144560404285	114.5665
chr8	136485802	9.059367771783203	114.627
chr8	136490990	19.777503090234436	114.674
chr8	136495035	1.936519931985491	114.754
chr8	136537379	0.1859965280651102	114.836
chr8	136561573	0.0	114.8405
chr8	136582670	0.4120313143795181	114.8405
chr8	136594805	1.6288474500110293	114.8455
chr8	136621511	0.0	114.889
chr8	136641265	4.051828739816515	114.889
chr8	136664341	0.0	114.9825
chr8	136685713	1.051041187676893	114.9825
chr8	136700936	0.5017141901494	114.9985
chr8	136748772	0.31918289179761655	115.0225
chr8	136764437	0.18770882606883105	115.0275
chr8	136791074	0.9509093070251601	115.0325
chr8	136807900	0.0	115.0485
chr8	136814552	0.0	115.0485
chr8	136825672	0.0	115.0485
chr8	136866025	0.07486558225002164	115.0485
chr8	136939490	0.0	115.054
chr8	136960048	0.0	115.054
chr8	136971115	0.0	115.054
chr8	136999563	1.3962765957447338	115.054
chr8	137014603	0.7381370826005829	115.075
chr8	137028828	0.0	115.0855
chr8	137065665	0.20359423896930676	115.0855
chr8	137284237	0.0	115.13
chr8	137294911	0.03478546852862426	115.13
chr8	137453023	0.0	115.1355
chr8	137479639	0.0	115.1355
chr8	137515911	0.6503007641036149	115.1355
chr8	137540515	0.4176157934698436	115.1515
chr8	137566855	0.17730496453934977	115.1625
chr8	137595055	0.6626332469027985	115.1675
chr8	137612410	0.0	115.179
chr8	137652172	0.21268299599447832	115.179
chr8	137680383	0.5488736158838329	115.185
chr8	137722287	0.0	115.208
chr8	137746580	0.5721525195146062	115.208
chr8	137795518	0.0	115.236
chr8	137807290	2.3174374291887676	115.236
chr8	137816999	0.24152366931976593	115.2585
chr8	137860473	0.0	115.269
chr8	137884265	0.08480805111098869	115.269
chr8	137955013	0.0	115.275
chr8	137959175	0.0	115.275
chr8	138003690	0.05683990781598173	115.275
chr8	138100453	0.0	115.2805
chr8	138130825	0.0	115.2805
chr8	138137136	0.0	115.2805
chr8	138163321	12.72123893805096	115.2805
chr8	138164225	0.11421392267717867	115.292
chr8	138216758	0.0	115.298
chr8	138238584	0.0	115.298
chr8	138289364	0.20342377867501063	115.298
chr8	138321317	0.0	115.3045
chr8	138372845	0.0	115.3045
chr8	138386229	0.22885040811656981	115.3045
chr8	138438665	0.5158874219003959	115.3165
chr8	138491002	0.0	115.3435
chr8	138513432	0.3242647297250529	115.3435
chr8	138544271	0.20500205002045085	115.3535
chr8	138585734	0.0	115.362
chr8	138608412	0.0	115.362
chr8	138656587	0.0	115.362
chr8	138683058	0.0	115.362
chr8	138702284	0.0	115.362
chr8	138772084	0.0	115.362
chr8	138774135	0.0	115.362
chr8	138824396	0.0	115.362
chr8	138847133	0.0	115.362
chr8	138857742	0.0	115.362
chr8	138876852	0.0	115.362
