Chromosome	Position(bp)	Rate(cM/Mb)	Map(cM)
chr17	0	0.0	0.0
chr17	301098	0.0	0.0
chr17	347883	0.13505029711065364	0.0
chr17	484869	14.85184644577434	0.0185
chr17	498571	3.152558258424572	0.222
chr17	522044	1.6025478482245192	0.296
chr17	620637	4.110996916752313	0.454
chr17	673179	4.044623030559375	0.67
chr17	692093	479.59183673469386	0.7465
chr17	693318	38.616365644259204	1.334
chr17	721389	0.5291508615051638	2.418
chr17	805486	1.2189422360326936	2.4625
chr17	884653	0.2908555029861103	2.559
chr17	910439	16.661849114258587	2.5665
chr17	934656	20.404212482577034	2.97
chr17	960484	17.261744966442947	3.497
chr17	979109	0.0	3.8185
chr17	996881	0.8935569838532745	3.8185
chr17	1060671	11.679234872172135	3.8755
chr17	1066108	3.5745009047491867	3.939
chr17	1099819	1.0782283006554567	4.0595
chr17	1135062	0.0	4.0975
chr17	1152271	2.09277990931295	4.0975
chr17	1155138	0.26313481273569594	4.1035
chr17	1177940	0.0	4.1095
chr17	1244770	0.41543421183821916	4.1095
chr17	1274859	14.08374116367593	4.122
chr17	1302444	1.6782176421495585	4.5105
chr17	1357562	0.14387971655696383	4.603
chr17	1440965	0.0	4.615
chr17	1486142	0.0	4.615
chr17	1541164	7.366048023487438	4.615
chr17	1560238	0.4997085033730513	4.7555
chr17	1596259	0.0	4.7735
chr17	1636762	0.17977528089886993	4.7735
chr17	1703512	0.17987376132388738	4.7855
chr17	1734089	0.9115610482951986	4.791
chr17	1791134	2.817368246602643	4.843
chr17	1797168	0.0	4.86
chr17	1829413	0.0	4.86
chr17	1882295	0.43117993326083925	4.86
chr17	1935637	0.0	4.883
chr17	1956406	0.43318893702098965	4.883
chr17	1971411	4.548999220171581	4.8895
chr17	1990646	0.0	4.977
chr17	2027656	0.0	4.977
chr17	2035790	0.0	4.977
chr17	2069129	0.0	4.977
chr17	2081815	0.0	4.977
chr17	2158540	0.0978984466779686	4.977
chr17	2219828	0.0	4.983
chr17	2254600	0.0	4.983
chr17	2346394	0.0	4.983
chr17	2375672	0.1578554617989927	4.983
chr17	2410514	0.0	4.9885
chr17	2446953	0.0	4.9885
chr17	2448320	0.0	4.9885
chr17	2472939	9.978096860549886	4.9885
chr17	2477048	0.0	5.0295
chr17	2481616	0.0	5.0295
chr17	2506959	2.4960747212045686	5.0295
chr17	2531798	0.3501040014828006	5.0915
chr17	2580355	0.0	5.1085
chr17	2619189	0.0	5.1085
chr17	2642157	0.0	5.1085
chr17	2686698	0.500020834201407	5.1085
chr17	2710697	0.0	5.1205
chr17	2750683	0.0	5.1205
chr17	2770604	1.3213530655390837	5.1205
chr17	2774388	0.09669819613911361	5.1255
chr17	2831266	0.5457251529684054	5.131
chr17	2861501	0.3848576026870101	5.1475
chr17	2890083	0.16069296929998333	5.1585
chr17	2955425	1.4161078195195247	5.169
chr17	2986143	0.7918093764961378	5.2125
chr17	3013296	0.5249594349527594	5.234
chr17	3034250	2.0095336012711122	5.245
chr17	3044949	0.0	5.2665
chr17	3053001	0.684136329712274	5.2665
chr17	3077119	0.5555898512253687	5.283
chr17	3125716	0.615584357441872	5.31
chr17	3170389	0.09302758267825387	5.3375
chr17	3234886	0.5759162303664984	5.3435
chr17	3273086	12.633924338674493	5.3655
chr17	3294180	0.0	5.632
chr17	3335445	0.22400521321225528	5.632
chr17	3359998	0.10290606734172827	5.6375
chr17	3408586	0.9996667777407487	5.6425
chr17	3429593	0.38871612616614665	5.6635
chr17	3483617	0.0	5.6845
chr17	3492283	0.0	5.6845
chr17	3506773	0.7918662625867584	5.6845
chr17	3557918	0.33460483169379224	5.725
chr17	3587804	0.3231388246085819	5.735
chr17	3683738	5.452212957023749	5.766
chr17	3693092	1.5939662545680537	5.817
chr17	3718814	3.7846788091778496	5.858
chr17	3748407	1.71294877865361	5.97
chr17	3784310	0.7285797551971868	6.0315
chr17	3804898	0.4735256134308753	6.0465
chr17	3816513	1.7927188036283401	6.052
chr17	3881777	5.85164362342954	6.169
chr17	3899208	0.41487750741594503	6.271
chr17	3947415	1.588959004857641	6.291
chr17	3969442	0.0	6.326
chr17	4018289	0.11452392404775147	6.326
chr17	4061948	0.0	6.331
chr17	4123608	1.928220439136636	6.331
chr17	4139685	0.0	6.362
chr17	4182740	0.4703226413319437	6.362
chr17	4193371	1.2745159999157392	6.367
chr17	4240840	0.0	6.4275
chr17	4279512	0.0	6.4275
chr17	4300089	0.6195485798974727	6.4275
chr17	4341248	0.0	6.453
chr17	4378393	5.472721351401099	6.453
chr17	4449016	0.0	6.8395
chr17	4475272	4.858092559447699	6.8395
chr17	4494827	2.083894381820753	6.9345
chr17	4572806	4.23154252583343	7.097
chr17	4615580	0.4785279861690065	7.278
chr17	4647971	0.0	7.2935
chr17	4661297	13.332104972230264	7.2935
chr17	4699288	1.3854177985439573	7.8
chr17	4717694	0.36545255207698085	7.8255
chr17	4758739	0.20365740610692498	7.8405
chr17	4829937	0.23590469450341559	7.855
chr17	4851132	1.365091319902086	7.86
chr17	4872376	0.7022069360848308	7.889
chr17	4907266	1.9036036274224695	7.9135
chr17	4945089	0.0	7.9855
chr17	4962307	18.19392056800549	7.9855
chr17	4966814	6.903542466922732	8.0675
chr17	5013674	2.804395968292742	8.391
chr17	5061991	0.0	8.5265
chr17	5077496	0.959484412904143	8.5265
chr17	5132734	3.398836380907189	8.5795
chr17	5166422	5.793768545994057	8.694
chr17	5233822	9.647853352629038	9.0845
chr17	5277355	9.70277980494926	9.5045
chr17	5307501	0.0	9.797
chr17	5320120	1.4808585323046457	9.797
chr17	5374818	5.81531388930945	9.878
chr17	5447471	0.0	10.3005
chr17	5471763	0.7392804337111949	10.3005
chr17	5556981	4.436022038944591	10.3635
chr17	5673865	0.0	10.882
chr17	5702258	0.0	10.882
chr17	5734700	1.6423357664233549	10.882
chr17	5762100	0.0	10.927
chr17	5783558	7.4703383623846715	10.927
chr17	5831347	1.9388977904643947	11.284
chr17	5905616	0.0	11.428
chr17	5980998	0.0	11.428
chr17	6006508	0.16401210044824122	11.428
chr17	6033945	0.30923709389898885	11.4325
chr17	6061432	3.9315218473174616	11.441
chr17	6071479	0.7801000883132296	11.4805
chr17	6105449	6.497631974125027	11.507
chr17	6122763	0.0	11.6195
chr17	6148396	0.8093591347215158	11.6195
chr17	6175578	0.15761970003758502	11.6415
chr17	6258055	3.0708819975835655	11.6545
chr17	6277919	3.056902048124346	11.7155
chr17	6323717	8.810823101409797	11.8555
chr17	6332513	8.678814702119547	11.933
chr17	6361434	0.44523597506680224	12.184
chr17	6381648	0.0	12.193
chr17	6400876	0.18906114459840587	12.193
chr17	6445835	0.0	12.2015
chr17	6465621	1.3887011343107658	12.2015
chr17	6546992	0.0	12.3145
chr17	6563151	0.17338188025980475	12.3145
chr17	6638130	0.9577964632105224	12.3275
chr17	6687723	1.1192670102555902	12.375
chr17	6726141	0.24937655860350075	12.418
chr17	6744186	0.3927012365522915	12.4225
chr17	6798935	1.1913435598526936	12.444
chr17	6849718	10.044492382364778	12.5045
chr17	6864552	0.7640392206800238	12.6535
chr17	6903817	0.4926108374383956	12.6835
chr17	6929192	13.99728537495751	12.696
chr17	6935086	5.946317612305214	12.7785
chr17	6974354	4.302235502434705	13.012
chr17	7010498	2.7209241855800235	13.1675
chr17	7064340	0.7695803221976313	13.314
chr17	7132559	2.645957183601937	13.3665
chr17	7161660	8.283969950750102	13.4435
chr17	7205721	5.597827213733328	13.8085
chr17	7253954	9.84244967636389	14.0785
chr17	7310190	0.38495282089845534	14.632
chr17	7366041	0.5421678152063841	14.6535
chr17	7436130	1.0156044638803363	14.6915
chr17	7477977	0.0	14.734
chr17	7523627	17.073800103216936	14.734
chr17	7546879	0.10306887577622612	15.131
chr17	7585688	0.5203982416017345	15.135
chr17	7658709	5.852305402388283	15.173
chr17	7688270	3.96312822921564	15.346
chr17	7705302	11.205202582576945	15.4135
chr17	7748050	0.47733239382195286	15.8925
chr17	7836039	0.0	15.9345
chr17	7867590	1.1942023927671752	15.9345
chr17	7959283	16.754662352039492	16.044
chr17	7982769	0.27750614477893065	16.4375
chr17	8058443	0.5818331165719577	16.4585
chr17	8087661	0.0	16.4755
chr17	8134330	2.2275652358390086	16.4755
chr17	8162612	4.23011844331641	16.5385
chr17	8213438	1.0580306828897894	16.7535
chr17	8256915	0.0	16.7995
chr17	8284656	0.08922479399571202	16.7995
chr17	8379921	1.5203004829189286	16.808
chr17	8391103	0.8410428931875845	16.825
chr17	8416072	2.6435404423651008	16.846
chr17	8468653	0.0	16.985
chr17	8482541	0.0	16.985
chr17	8511777	1.0260085012132767	16.985
chr17	8573180	21.3989044724013	17.048
chr17	8589793	3.874001442731561	17.4035
chr17	8702080	0.00843157879205268	17.8385
chr17	9176487	1.779933268007089	17.8425
chr17	9257108	14.695184053542716	17.986
chr17	9270854	0.2390460655830335	18.188
chr17	9306412	1.6009141485260514	18.1965
chr17	9739602	8.261120739457	18.89
chr17	9748257	3.049681597119552	18.9615
chr17	9785474	9.385235575711823	19.075
chr17	9817226	0.9597160689063999	19.373
chr17	9900063	4.543845155198843	19.4525
chr17	9942428	4.176066172521216	19.645
chr17	9979664	1.1389521640091083	19.8005
chr17	10005126	0.0	19.8295
chr17	10037952	1.86912796083101	19.8295
chr17	10098408	0.0	19.9425
chr17	10123575	2.1511892137555373	19.9425
chr17	10156580	2.979972829659477	20.0135
chr17	10247856	2.067576164557935	20.2855
chr17	10276150	7.681990001219222	20.344
chr17	10284351	0.21994721266896777	20.407
chr17	10359369	1.198140716574738	20.4235
chr17	10394006	0.7520127399806694	20.465
chr17	10405309	0.616613594949292	20.4735
chr17	10459638	3.1949970025614074	20.507
chr17	10533034	1.2285403032785114	20.7415
chr17	10658793	1.191432396251655	20.896
chr17	10770843	18.819048520262132	21.0295
chr17	10813114	1.9260400616332942	21.825
chr17	10871524	0.608424895315109	21.9375
chr17	10899465	0.6502965352201158	21.9545
chr17	10937909	0.6647673314339108	21.9795
chr17	10969499	0.0	22.0005
chr17	10991715	0.0	22.0005
chr17	11032780	0.10447989399114195	22.0005
chr17	11228990	0.0	22.021
chr17	11245042	0.6940758584085028	22.021
chr17	11269535	0.7073853892762993	22.038
chr17	11339511	2.2988838123880346	22.0875
chr17	11374093	1.8598193318363252	22.167
chr17	11432432	2.8709898330083408	22.2755
chr17	11451415	0.7097129283625416	22.33
chr17	11485936	9.828893042745863	22.3545
chr17	11534619	4.8081203810880835	22.833
chr17	11557081	0.1842027704096565	22.941
chr17	11624941	0.6803646754661078	22.9535
chr17	11661686	0.5848367773721556	22.9785
chr17	11689899	0.3695928565092484	22.995
chr17	11723720	8.839145649812938	23.0075
chr17	11756868	0.0	23.3005
chr17	11788423	0.7351211479651429	23.3005
chr17	11805427	0.1720657061576646	23.313
chr17	12023367	0.0	23.3505
chr17	12045366	0.0	23.3505
chr17	12078074	0.11960039397778958	23.3505
chr17	12149144	0.43603105391892816	23.359
chr17	12196159	3.4578146611339666	23.3795
chr17	12203389	2.997989372396984	23.4045
chr17	12231241	7.464539985650476	23.488
chr17	12267479	2.8520347352290214	23.7585
chr17	12290971	2.4871391522468715	23.8255
chr17	12314492	16.133405639913203	23.884
chr17	12343996	0.9657534246575222	24.36
chr17	12416996	0.6806281225245101	24.4305
chr17	12766673	3.6971046770600626	24.6685
chr17	12789123	2.4108247292555793	24.7515
chr17	12828736	0.0	24.847
chr17	12876867	5.154639175257165	24.847
chr17	12878419	0.9182919769229109	24.855
chr17	12978605	0.33512064343161635	24.947
chr17	13015905	6.651884700665222	24.9595
chr17	13032141	0.07787858728245271	25.0675
chr17	13083503	0.9194656282113397	25.0715
chr17	13101992	0.4329988890735737	25.0885
chr17	13216311	6.205261690062191	25.138
chr17	13237825	3.7453183520599405	25.2715
chr17	13284550	0.594088816278232	25.4465
chr17	13291283	4.161298185743629	25.4505
chr17	13377434	0.13489570749778562	25.809
chr17	13625774	0.0	25.8425
chr17	13692476	0.32217792275780754	25.8425
chr17	13717307	2.027529160877554	25.8505
chr17	13779205	3.7245982400031785	25.976
chr17	13829546	0.0	26.1635
chr17	13862853	1.007049345417933	26.1635
chr17	13979034	0.23282209481677246	26.2805
chr17	14013395	2.125238680651846	26.2885
chr17	14089857	0.2450740123517163	26.451
chr17	14191867	0.0	26.476
chr17	14252012	5.773286600816323	26.476
chr17	14317919	0.6156119182467022	26.8565
chr17	14338224	0.024922187392697085	26.869
chr17	14518786	1.6953941791466043	26.8735
chr17	14550637	0.8466314331161489	26.9275
chr17	14570126	0.5654158564671213	26.944
chr17	14642639	0.06085851072462431	26.985
chr17	14716581	0.0	26.9895
chr17	14729442	0.0	26.9895
chr17	14734252	0.5293245818335502	26.9895
chr17	14757867	6.957047791893433	27.002
chr17	14764479	0.4927099044746766	27.048
chr17	14814204	1.815320268201709	27.0725
chr17	15046119	3.582887700534769	27.4935
chr17	15055469	1.9849598383573919	27.527
chr17	15196026	0.607483540479732	27.806
chr17	15256933	0.7791949424169314	27.843
chr17	15347411	0.0	27.9135
chr17	15389338	4.211590296496016	27.9135
chr17	15401210	3.0351592851592852	27.9635
chr17	15421802	4.391468005018873	28.026
chr17	15442524	4.290488664077268	28.117
chr17	15464666	0.32326425056572466	28.212
chr17	15492507	0.0	28.221
chr17	15518000	2.510586811857181	28.221
chr17	15534530	2.0531935055910067	28.2625
chr17	15629504	2.6110523532522683	28.4575
chr17	15659760	0.13640703860323747	28.5365
chr17	15689084	0.0	28.5405
chr17	15710330	1.3417906806537245	28.5405
chr17	15734924	0.6013663042432065	28.5735
chr17	15755710	11.633504492939917	28.586
chr17	15768174	4.917424383002398	28.731
chr17	15827453	8.401639344262371	29.0225
chr17	15832333	0.0	29.0635
chr17	15863653	1.2653651482284298	29.0635
chr17	15896845	2.004097265520696	29.1055
chr17	15919299	2.214968524131425	29.1505
chr17	15949322	1.153354455005357	29.217
chr17	15985304	5.525388206154123	29.2585
chr17	15995801	0.28889209880093764	29.3165
chr17	16009647	1.8445721197459917	29.3205
chr17	16059252	0.49173642927395617	29.412
chr17	16100941	1.0177697089728512	29.4325
chr17	16137295	0.5552717499944158	29.4695
chr17	16182318	0.05646925954685305	29.4945
chr17	16253153	0.0	29.4985
chr17	16262722	0.0	29.4985
chr17	16279384	0.1205000753125873	29.4985
chr17	16312579	3.434881127935751	29.5025
chr17	16340382	6.9655389127476	29.598
chr17	16349929	0.2412801358889588	29.6645
chr17	16401736	3.0224100648711802	29.677
chr17	16422084	2.505602981541703	29.7385
chr17	16461795	0.9463722397475803	29.838
chr17	16501420	0.8997595842390913	29.8755
chr17	16570883	5.408746716118087	29.938
chr17	16583825	0.07922360863539979	30.008
chr17	16634315	1.0701896818953398	30.012
chr17	16661413	1.1645962732918593	30.041
chr17	16693613	0.07099373480292735	30.0785
chr17	16749956	1.1797956749468583	30.0825
chr17	16788522	0.055423155794509446	30.128
chr17	16860694	0.2802024250245741	30.132
chr17	16919580	1.350988808830344	30.1485
chr17	16971764	1.3027618551328661	30.219
chr17	17044686	0.5982536086148444	30.314
chr17	17162529	0.12364760432770745	30.3845
chr17	17194879	1.7886101306876785	30.3885
chr17	17215845	0.09454700167824084	30.426
chr17	17258152	0.0	30.43
chr17	17343403	15.44117647058882	30.43
chr17	17344763	0.4700352526436878	30.451
chr17	17353273	0.3419459225034105	30.455
chr17	17413224	5.30864856212981	30.4755
chr17	17431967	0.8491947291361615	30.575
chr17	17466117	0.38634278263384936	30.604
chr17	17486824	1.4772794421794087	30.612
chr17	17503747	0.0	30.637
chr17	17516838	1.9618100967826213	30.637
chr17	17558891	1.1252699127155206	30.7195
chr17	17591772	0.32972395510481434	30.7565
chr17	17667593	1.0116731517508268	30.7815
chr17	17680443	0.1330716258025736	30.7945
chr17	17740561	0.8656974835069678	30.8025
chr17	17774060	2.846059024001225	30.8315
chr17	17801642	0.9535142722016263	30.91
chr17	17867189	0.18566654288895096	30.9725
chr17	17910277	0.0	30.9805
chr17	17919766	0.0	30.9805
chr17	17954921	0.08783294174483072	30.9805
chr17	18000462	1.6825574873807718	30.9845
chr17	18032556	11.463466895221696	31.0385
chr17	18037223	0.0	31.092
chr17	18039051	0.39765858624428463	31.092
chr17	18070485	1.4219124187478143	31.1045
chr17	18117253	2.6969981238274388	31.171
chr17	18138573	2.113866967305509	31.2285
chr17	18213081	1.995000707447068	31.386
chr17	18319096	3.991053023990223	31.5975
chr17	18341897	0.0	31.6885
chr17	18391925	1.0014688209373177	31.6885
chr17	18429370	0.4170924485412103	31.726
chr17	18477321	0.3024437454634126	31.746
chr17	18518651	0.6895712489351989	31.7585
chr17	18543304	4.93844174935677	31.7755
chr17	18565072	1.5676929830063415	31.883
chr17	18581019	1.4930325149302746	31.908
chr17	18647327	0.5080312168969214	32.007
chr17	18786098	0.676288659793762	32.0775
chr17	18846723	0.12780460096563961	32.1185
chr17	18881933	0.0	32.123
chr17	18903287	6.028086910440393	32.123
chr17	18910835	366.6666666666411	32.1685
chr17	18911015	1.6333514816831918	32.2345
chr17	18923872	3.0875258442453997	32.2555
chr17	18960147	2.449329496050404	32.3675
chr17	19009140	2.4025512292874116	32.4875
chr17	19055549	0.28075042938317674	32.599
chr17	19085825	1.2750091072079062	32.6075
chr17	19225824	3.0701948138003226	32.786
chr17	19248461	0.7816280195035097	32.8555
chr17	19302195	0.14125291334138482	32.8975
chr17	19358831	0.0	32.9055
chr17	19391237	0.7198776208040643	32.9055
chr17	19402350	29.096924873492274	32.9135
chr17	19407488	11.313042843587883	33.063
chr17	19434890	0.5345687811831992	33.373
chr17	19474174	2.5906308268568154	33.394
chr17	19534777	1.192573681876464	33.551
chr17	19618210	1.948483984411977	33.6505
chr17	19639252	0.4211673768705533	33.6915
chr17	19679616	0.8585044502066085	33.7085
chr17	19708154	0.6472827071953418	33.733
chr17	19746777	0.2700634649142651	33.758
chr17	19791211	0.0	33.77
chr17	19823782	0.6244478966766702	33.77
chr17	19856611	0.06839945280436109	33.7905
chr17	19980881	0.7116056410920182	33.799
chr17	20027255	0.7532956685501574	33.832
chr17	20037875	0.18214155613169805	33.84
chr17	20084542	0.2507226712287757	33.8485
chr17	20118444	0.7305823533553835	33.857
chr17	20175248	0.8915756969513313	33.8985
chr17	20221234	1.2385984506780203	33.9395
chr17	20291071	2.57161960602773	34.026
chr17	20310514	0.8234406093460822	34.076
chr17	20325087	0.15143866733973316	34.088
chr17	20434042	0.745856765666679	34.1045
chr17	20501079	0.5789968878919209	34.1545
chr17	20514896	0.2727530602892434	34.1625
chr17	20560725	0.27261000811188335	34.175
chr17	20635924	1.4664504745098772	34.1955
chr17	20677862	0.1447402794546858	34.257
chr17	20819495	2.638834186687399	34.2775
chr17	20832190	1.8466604369687716	34.311
chr17	20854663	0.3904410835888506	34.3525
chr17	21202987	0.4786285117554245	34.4885
chr17	21271934	0.2835495871517044	34.5215
chr17	21316018	0.4086080087169863	34.534
chr17	21356399	0.663253123922176	34.5505
chr17	21394092	0.1643391961007392	34.5755
chr17	21518834	0.5589525567845196	34.596
chr17	21577873	2.0119418483905993	34.629
chr17	21608689	4.656862745097984	34.691
chr17	21629089	2.101632299166877	34.786
chr17	21682143	1.7471857410881908	34.8975
chr17	21724783	0.9311689945891288	34.972
chr17	21804253	2.676678762619928	35.046
chr17	21832086	0.6657861108426234	35.1205
chr17	21925209	2.57508663842894	35.1825
chr17	21945985	0.5560798058776161	35.236
chr17	21975657	0.2942330325618001	35.2525
chr17	21990951	1.221063342660947	35.257
chr17	22010606	0.17465633797024582	35.281
chr17	22059273	0.5984870248014383	35.2895
chr17	22080159	0.05113258679758316	35.302
chr17	22236615	1.1949892863028004	35.31
chr17	22260883	0.9930486593842534	35.339
chr17	22286058	0.23849444958372784	35.364
chr17	22355242	0.32810499359803963	35.3805
chr17	22417722	0.0	35.401
chr17	22462010	0.0	35.401
chr17	22486060	0.0	35.401
chr17	22510189	0.1978239366962306	35.401
chr17	22530409	0.11834008310104062	35.405
chr17	22568435	0.0	35.4095
chr17	22603214	0.19550117300699096	35.4095
chr17	22646692	0.0	35.418
chr17	22686657	0.470837502207208	35.418
chr17	22703648	0.07647452442400886	35.426
chr17	22808258	0.2693611541797692	35.434
chr17	22884364	0.0708554018386584	35.4545
chr17	22940817	0.05627532389575522	35.4585
chr17	23020781	0.27064478413362786	35.463
chr17	23066967	0.1574637833298401	35.4755
chr17	23143175	0.6262947439420548	35.4875
chr17	23163932	0.9834050399502847	35.5005
chr17	23172067	0.5319632037160085	35.5085
chr17	23249140	0.0	35.5495
chr17	23306817	0.8614893259370654	35.5495
chr17	23330613	0.0	35.57
chr17	23366730	1.9053202403632015	35.57
chr17	23373553	0.16770082173423143	35.583
chr17	23397405	0.2317832826306118	35.587
chr17	23431920	0.460058552906751	35.595
chr17	23467785	2.8256513026053174	35.6115
chr17	23492735	1.5463989015713562	35.682
chr17	23564838	1.658069270449459	35.7935
chr17	23621832	0.0	35.888
chr17	23646309	0.285286132585972	35.888
chr17	23805798	0.26972207837035506	35.9335
chr17	23852142	1.2487649577342215	35.946
chr17	23888578	0.19067638961230754	35.9915
chr17	24103602	0.0	36.0325
chr17	24109827	0.7319974380092115	36.0325
chr17	24120756	0.8547704330837185	36.0405
chr17	24145324	0.15632327653578956	36.0615
chr17	24170912	2.586665377363035	36.0655
chr17	24191595	0.6875777617707025	36.119
chr17	24222137	1.2910798122066216	36.14
chr17	24247697	0.5541081774701769	36.173
chr17	24299131	4.35138732466461	36.2015
chr17	24328432	2.3424299831036905	36.329
chr17	24367494	1.4631738532597507	36.4205
chr17	24395857	3.1806839349101566	36.462
chr17	24424310	0.46859598946461073	36.5525
chr17	24486197	1.1498765986088406	36.5815
chr17	24504025	2.2509256142715737	36.602
chr17	24527793	0.41003671970619987	36.6555
chr17	24609493	0.3802823596521686	36.689
chr17	24630530	0.0	36.697
chr17	24668413	0.28916359430331695	36.697
chr17	24682246	0.36947191640232785	36.701
chr17	24816221	1.6482451037424517	36.7505
chr17	24914204	0.5443302560529215	36.912
chr17	24960132	1.5625941645932502	36.937
chr17	25076285	0.0	37.1185
chr17	25100281	0.5783791362871784	37.1185
chr17	25128809	1.7218215791342941	37.135
chr17	25193566	2.2940210566986856	37.2465
chr17	25234978	2.557939535601659	37.3415
chr17	25280327	4.342676667982482	37.4575
chr17	25303124	0.2749017971290926	37.5565
chr17	25454087	1.2341995334454656	37.598
chr17	25527819	0.5538737337008922	37.689
chr17	25646077	2.4567842765805827	37.7545
chr17	25662969	4.715201810637227	37.796
chr17	25668271	0.0	37.821
chr17	25823520	0.4703802953418275	37.821
chr17	25858598	0.9359021183344781	37.8375
chr17	25880502	2.601307189542644	37.858
chr17	25918752	0.10690613641217081	37.9575
chr17	25956168	1.1265443561365558	37.9615
chr17	26077335	2.4456274456274842	38.098
chr17	26121291	0.15705709898087988	38.2055
chr17	26149943	0.7141836880445922	38.21
chr17	26212952	5.961700590147937	38.255
chr17	26229558	3.194699165828672	38.354
chr17	26246461	10.539462728427946	38.408
chr17	26269280	0.9962011529368388	38.6485
chr17	26306923	2.1717670286279205	38.686
chr17	26337313	0.0	38.752
chr17	26396682	6.524633821571171	38.752
chr17	26404192	3.4807629832457296	38.801
chr17	26425739	1.9048425330173429	38.876
chr17	26449363	0.07486150621350786	38.921
chr17	26509474	0.0	38.9255
chr17	26575097	0.19383822489790323	38.9255
chr17	26618948	0.06796479423666851	38.934
chr17	26677802	0.0	38.938
chr17	26711722	0.20955574182720993	38.938
chr17	26730810	0.19821134086012374	38.942
chr17	26793874	1.4290293284897606	38.9545
chr17	26831312	0.0	39.008
chr17	26867251	0.36109426004551914	39.008
chr17	26901868	0.11695906432762833	39.0205
chr17	26936068	0.060789349705897826	39.0245
chr17	27001869	0.6320022981901992	39.0285
chr17	27054084	1.5833797327393162	39.0615
chr17	27082820	0.09762764814990196	39.107
chr17	27123792	0.9821381802944167	39.111
chr17	27161974	0.2179878439719425	39.1485
chr17	27200967	0.710795202132623	39.157
chr17	27223477	0.33892038452059453	39.173
chr17	27272161	2.783061087491582	39.1895
chr17	27307913	2.8371827773025102	39.289
chr17	27342983	1.6186986374469738	39.3885
chr17	27371092	1.1981271117617198	39.434
chr17	27470831	3.381141953427495	39.5535
chr17	27525842	10.168112798265026	39.7395
chr17	27529530	1.8490502605480612	39.777
chr17	27565224	20.6249999999919	39.843
chr17	27566024	1.629619972622755	39.8595
chr17	27581365	1.824226910289158	39.8845
chr17	27615352	2.333166081284495	39.9465
chr17	27695072	1.9533223318627229	40.1325
chr17	27724765	7.545250307320473	40.1905
chr17	27748356	8.042197885375108	40.3685
chr17	27790633	0.0	40.7085
chr17	27809749	0.0	40.7085
chr17	27854553	0.6958351719221482	40.7085
chr17	27884014	0.35338463954768107	40.729
chr17	27896748	0.7730603914777383	40.7335
chr17	27929087	1.0828434755706726	40.7585
chr17	27971106	1.1488843364154588	40.804
chr17	28007228	0.28528511044604843	40.8455
chr17	28093107	0.49988386536463114	40.87
chr17	28192130	2.0486205954657972	40.9195
chr17	28210435	1.0991134623281154	40.957
chr17	28251832	0.5333487091519616	41.0025
chr17	28321205	2.4320971533037494	41.0395
chr17	28351837	0.39265730833428253	41.114
chr17	28372211	0.5640639956242522	41.122
chr17	28489219	0.0	41.188
chr17	28502545	0.299076600994264	41.188
chr17	28529294	0.40965474298259097	41.196
chr17	28590321	1.4016595649251897	41.221
chr17	28608157	0.0	41.246
chr17	28630064	0.0	41.246
chr17	28654210	4.334535979154184	41.246
chr17	28674166	1.8740309367712213	41.3325
chr17	28756075	4.229765819169807	41.486
chr17	28820854	1.1347886347886367	41.76
chr17	28878574	0.0	41.8255
chr17	28900574	4.1723382849028035	41.8255
chr17	28917471	7.445629588585795	41.896
chr17	28931909	0.2411236361442994	42.0035
chr17	28948498	0.2371585614240103	42.0075
chr17	28984339	0.0	42.016
chr17	29033479	0.11693854879275241	42.016
chr17	29067685	0.8246484580495619	42.02
chr17	29138018	0.246540725445948	42.078
chr17	29170467	0.0	42.086
chr17	29183895	1.51002177610349	42.086
chr17	29246808	0.2820154705629673	42.181
chr17	29321272	1.997531505781549	42.202
chr17	29352060	0.0	42.2635
chr17	29367044	4.214785467419768	42.2635
chr17	29390770	0.3628341702706957	42.3635
chr17	29425221	0.48973595069993286	42.376
chr17	29449724	2.2446337592917756	42.388
chr17	29497616	4.896470061125826	42.4955
chr17	29528863	1.0832131838250358	42.6485
chr17	29662724	2.6722692173014875	42.7935
chr17	29716985	0.5660959961574304	42.9385
chr17	29746132	0.489835904971853	42.955
chr17	29770630	0.4964875359398233	42.967
chr17	29838104	1.0168551443624363	43.0005
chr17	29870557	1.7332357585795826	43.0335
chr17	29896520	1.9816187775462033	43.0785
chr17	29925789	9.775439698492832	43.1365
chr17	29938525	3.4914361001317595	43.261
chr17	29976475	4.305579798685023	43.3935
chr17	30062410	1.1283607641724587	43.7635
chr17	30088111	2.3498415637128387	43.7925
chr17	30116198	7.721246864922919	43.8585
chr17	30144108	3.6532420316968666	44.074
chr17	30172439	2.8928183651309944	44.1775
chr17	30236909	3.076544425301701	44.364
chr17	30265350	10.251954821893879	44.4515
chr17	30288370	2.2572827068383514	44.6875
chr17	30330456	0.11642310952157406	44.7825
chr17	30437823	0.9834356264366265	44.795
chr17	30522221	0.842413554197891	44.878
chr17	30585729	0.8340005337602943	44.9315
chr17	30615705	2.041222742208345	44.9565
chr17	30625748	4.625383787232615	44.977
chr17	30650827	0.5464661853347378	45.093
chr17	30711215	0.673891068769548	45.126
chr17	30803218	0.05668480580451046	45.188
chr17	31103122	0.0	45.205
chr17	31161132	0.23934181002251823	45.205
chr17	31194557	0.0	45.213
chr17	31231989	0.07927070947280584	45.213
chr17	31282449	0.23378032130772677	45.217
chr17	31335918	0.3496292724093841	45.2295
chr17	31418863	0.3439655027769848	45.2585
chr17	31478462	0.22821242549530024	45.279
chr17	31515708	0.24513614024176889	45.2875
chr17	31599335	0.2064170946381565	45.308
chr17	31659892	0.9075408393378046	45.3205
chr17	31678073	24.64788732393983	45.337
chr17	31679067	0.7257708247141018	45.3615
chr17	31821674	0.0	45.465
chr17	31867848	0.6947757015159909	45.465
chr17	31916065	0.1215399106680983	45.4985
chr17	31948976	0.242622751948645	45.5025
chr17	31981949	0.1348478598851089	45.5105
chr17	32044983	0.0	45.519
chr17	32059576	0.0	45.519
chr17	32084532	0.7934218118869314	45.519
chr17	32105328	0.18056261837908785	45.5355
chr17	32241015	0.0	45.56
chr17	32254208	0.35565924998565235	45.56
chr17	32289354	0.0	45.5725
chr17	32323704	0.0	45.5725
chr17	32368515	0.0	45.5725
chr17	32389052	0.637803670702986	45.5725
chr17	32441576	1.9135255300887213	45.606
chr17	32512649	0.0	45.742
chr17	32556740	0.1785572573605337	45.742
chr17	32581942	0.4039563237526471	45.7465
chr17	32663634	1.7635332004295214	45.7795
chr17	32696239	0.08686755593305735	45.837
chr17	32748042	0.14145231925217822	45.8415
chr17	32836411	1.4482259232440218	45.854
chr17	32876460	3.1686305574809412	45.912
chr17	32916856	5.453177886423674	46.04
chr17	32932810	2.2890463110211283	46.127
chr17	32974312	0.6129469023309645	46.222
chr17	33028966	5.289817902026361	46.2555
chr17	33044562	0.4028137284886432	46.338
chr17	33178619	1.8965894184520888	46.392
chr17	33270099	0.1504664459825516	46.5655
chr17	33300006	2.4380240612467947	46.57
chr17	33321950	7.105633078479047	46.6235
chr17	33380284	0.2756643510861802	47.038
chr17	33425629	0.4596336894039926	47.0505
chr17	33597505	2.1230446850357017	47.1295
chr17	33651908	1.301467108376765	47.245
chr17	33689942	0.2515282245156272	47.2945
chr17	33755541	0.3537475127129194	47.311
chr17	33778156	2.069089600575719	47.319
chr17	33800388	0.0	47.365
chr17	33818351	0.6192429754621539	47.365
chr17	33831270	0.1474974597659763	47.373
chr17	33861779	0.17669405424529058	47.3775
chr17	33884417	0.4702775112343575	47.3815
chr17	33989674	0.6234599055903808	47.431
chr17	34023357	0.0	47.452
chr17	34100229	0.3080952014176145	47.452
chr17	34113212	0.14110840653324103	47.456
chr17	34141559	0.2837968682180212	47.46
chr17	34171510	0.1787549716225492	47.4685
chr17	34193887	1.1221031418889482	47.4725
chr17	34215721	0.9342301943198273	47.497
chr17	34242481	3.302201467645222	47.522
chr17	34257471	1.3513513513514026	47.5715
chr17	34269681	2.5108225108221958	47.588
chr17	34281231	2.53913334635456	47.617
chr17	34317070	8.17600126392321	47.708
chr17	34329729	1.2040329477427119	47.8115
chr17	34374163	3.4055237162687484	47.865
chr17	34443609	2.1236432279377873	48.1015
chr17	34445728	2.619681412937845	48.106
chr17	34516729	1.770956316410929	48.292
chr17	34537904	1.253176454206809	48.3295
chr17	34624085	0.03495525727067414	48.4375
chr17	34738517	0.0	48.4415
chr17	34780415	0.13919821826297635	48.4415
chr17	34809151	1.1334784185705238	48.4455
chr17	34820179	1.5767191148549935	48.458
chr17	34911825	0.15787690222412673	48.6025
chr17	35041673	0.10978287387168018	48.623
chr17	35082663	0.8883519295004666	48.6275
chr17	35138947	3.516110454366332	48.6775
chr17	35171938	0.0	48.7935
chr17	35179740	1.7877490078975498	48.7935
chr17	35230642	0.0	48.8845
chr17	35249765	0.11231853536623657	48.8845
chr17	35285378	1.2302337444113427	48.8885
chr17	35318705	0.3233107015842347	48.9295
chr17	35383658	2.020850645916736	48.9505
chr17	35410132	9.281961471103347	49.004
chr17	35424407	1.2062182804632662	49.1365
chr17	35524306	2.014796159294823	49.257
chr17	35587836	1.0749914000688403	49.385
chr17	35622720	8.421134784984062	49.4225
chr17	35686785	0.0306558042933284	49.962
chr17	35817266	0.0	49.966
chr17	35997506	0.06610914620034018	49.966
chr17	36058012	12.638674343491228	49.97
chr17	36079375	1.3517572844697692	50.24
chr17	36155942	1.7745803357313685	50.3435
chr17	36176792	0.11774055867909483	50.3805
chr17	36210765	0.0	50.3845
chr17	36241111	0.14318200960158264	50.3845
chr17	36300476	0.334743720207885	50.393
chr17	36337818	0.1281804781131123	50.4055
chr17	36369024	0.0	50.4095
chr17	36454814	1.3443084050297345	50.4095
chr17	36478990	6.489524782830867	50.442
chr17	36508345	0.0	50.6325
chr17	36537229	16.23119556611117	50.6325
chr17	36538492	1.5396058014132232	50.653
chr17	36605717	0.0	50.7565
chr17	36613117	0.17172541106760758	50.7565
chr17	36636410	0.0	50.7605
chr17	36637600	0.0	50.7605
chr17	36694888	1.4175779667880795	50.7605
chr17	36726985	0.0	50.806
chr17	36789602	0.22896856396317805	50.806
chr17	36826725	0.21218470678714071	50.8145
chr17	36864428	0.0	50.8225
chr17	36903813	0.0	50.8225
chr17	36984879	0.5725016030046186	50.8225
chr17	37006713	0.0	50.835
chr17	37042982	0.0	50.835
chr17	37108729	0.08228928799189004	50.835
chr17	37157338	0.10706064985827547	50.839
chr17	37194700	0.1665764377627861	50.843
chr17	37218713	0.08233012550770556	50.847
chr17	37273371	0.0	50.8515
chr17	37320509	0.21548628070680317	50.8515
chr17	37341392	0.0	50.856
chr17	37399881	0.49192928516520334	50.856
chr17	37432406	0.0	50.872
chr17	37533903	0.0	50.872
chr17	37552219	0.0	50.872
chr17	37581697	0.0	50.872
chr17	37731305	0.0	50.872
chr17	37754798	0.05246108043592251	50.872
chr17	37831045	0.04135763324050999	50.876
chr17	37939852	0.0	50.8805
chr17	38007891	0.8460887624029242	50.8805
chr17	38046894	0.0	50.9135
chr17	38080659	0.3454848701453832	50.9135
chr17	38164599	0.0	50.9425
chr17	38260630	4.304248908565473	50.9425
chr17	38276893	0.0	51.0125
chr17	38387642	0.0	51.0125
chr17	38445963	0.0	51.0125
chr17	38483872	0.0	51.0125
chr17	38533232	0.0	51.0125
chr17	38616287	0.0	51.0125
chr17	38740945	0.07589700776042699	51.0125
chr17	38793648	0.06965122150832045	51.0165
chr17	38908506	0.08011108737449567	51.0245
chr17	38964678	0.0	51.029
chr17	38994503	0.0	51.029
chr17	39031425	0.03682902126873937	51.029
chr17	39140035	0.0	51.033
chr17	39146712	0.0	51.033
chr17	39238796	0.0	51.033
chr17	39285654	0.10184855120430267	51.033
chr17	39324928	0.5570869184399049	51.037
chr17	39480200	0.3482163584307182	51.1235
chr17	39622353	0.0	51.173
chr17	39664648	0.9485548487889692	51.173
chr17	39673609	0.0	51.1815
chr17	39687472	0.4202111304703988	51.1815
chr17	39736257	1.494321578003926	51.202
chr17	39744622	0.4871094214090153	51.2145
chr17	39786707	0.5348113574484838	51.235
chr17	39817559	0.04502780466935839	51.2515
chr17	39906393	2.534743466480195	51.2555
chr17	39929275	0.4933301760203189	51.3135
chr17	39954613	0.25647988895923335	51.326
chr17	39987754	0.14868506644368873	51.3345
chr17	40041559	1.7161068889433755	51.3425
chr17	40082349	0.6138012276024785	51.4125
chr17	40162994	0.16365942473703135	51.462
chr17	40187435	0.3585668798943156	51.466
chr17	40222296	0.06854479402297774	51.4785
chr17	40280652	0.0	51.4825
chr17	40374153	0.0	51.4825
chr17	40427450	0.7382408774519897	51.4825
chr17	40517529	0.0	51.549
chr17	40537919	0.682184304829523	51.549
chr17	40598753	0.09878250561820026	51.5905
chr17	40639246	1.0526315789476515	51.5945
chr17	40658721	0.0	51.615
chr17	40688316	0.5438387053985517	51.615
chr17	40763706	1.034314918471831	51.656
chr17	40780142	0.09711920168010836	51.673
chr17	40862515	0.0	51.681
chr17	40905275	0.0	51.681
chr17	40933144	1.3051216136049537	51.681
chr17	40983714	0.12494923937143608	51.747
chr17	41015727	0.26839008889085847	51.751
chr17	41062301	1.8727801097834267	51.7635
chr17	41077786	0.5154120782422063	51.7925
chr17	41117560	0.0	51.813
chr17	41181715	2.580837283172425	51.813
chr17	41222012	3.9249514772482677	51.917
chr17	41245197	0.908012300539827	52.008
chr17	41286496	0.3620883185135772	52.0455
chr17	41479819	0.0	52.1155
chr17	41492904	0.18932051963975727	52.1155
chr17	41603827	1.7078651685393056	52.1365
chr17	41659452	5.804009533155775	52.2315
chr17	41695117	0.0	52.4385
chr17	41712232	0.0	52.4385
chr17	41739084	0.0	52.4385
chr17	41835565	3.0320742310220794	52.4385
chr17	41849252	0.2599174762013929	52.48
chr17	41880031	1.8891687657431446	52.488
chr17	41897499	0.1066047569411582	52.521
chr17	41939711	10.531232748736572	52.5255
chr17	41963260	0.9968293620291891	52.7735
chr17	42004892	6.357230392156896	52.815
chr17	42050588	2.0879832961336247	53.1055
chr17	42106144	3.9087452471483655	53.2215
chr17	42139019	4.085776545166206	53.35
chr17	42159211	2.782427233006546	53.4325
chr17	42205214	2.5613441934329315	53.5605
chr17	42224735	0.5476890195030298	53.6105
chr17	42337025	0.17893606719586255	53.672
chr17	42384528	0.7671121462503782	53.6805
chr17	42438627	3.4353961080881885	53.722
chr17	42460313	3.829020471495037	53.7965
chr17	42500271	1.6705481224408762	53.9495
chr17	42631665	4.581979053810106	54.169
chr17	42675969	0.6356794141579964	54.372
chr17	42695633	0.0	54.3845
chr17	42732069	0.2556073870533442	54.3845
chr17	42763367	0.2464404230277323	54.3925
chr17	42998718	1.0022450288648848	54.4505
chr17	43011190	3.2992762877820967	54.463
chr17	43048774	0.816086701050996	54.587
chr17	43094725	1.3165593914570421	54.6245
chr17	43173339	1.765670324126631	54.728
chr17	43212984	1.2243484829409412	54.798
chr17	43371844	2.8987063181060977	54.9925
chr17	43409102	6.012770485988167	55.1005
chr17	43437292	1.5286779992657131	55.27
chr17	43445469	0.8858426242416986	55.2825
chr17	43501348	1.1095700416082614	55.332
chr17	43504953	18.502943650126856	55.336
chr17	43508520	12.29036501150906	55.402
chr17	43520684	3.10855172666751	55.5515
chr17	43575211	2.0681875156681655	55.721
chr17	43615101	4.100633914421427	55.8035
chr17	43640341	0.6227853538065815	55.907
chr17	43686906	0.6012325266797162	55.936
chr17	43706865	3.1727253172723975	55.948
chr17	43716163	0.3649877231402355	55.9775
chr17	43761370	2.2753546066756396	55.994
chr17	43815867	0.0	56.118
chr17	43837388	0.3533568904591681	56.118
chr17	43860028	0.6187812484531876	56.126
chr17	43880229	0.6740147490284636	56.1385
chr17	43892840	0.47718860099005184	56.147
chr17	44004955	9.687284390325782	56.2005
chr17	44058582	0.29198119925934213	56.72
chr17	44128792	0.548197526532885	56.7405
chr17	44151594	0.7509257101426736	56.753
chr17	44228832	0.0	56.811
chr17	44262252	18.95977453241047	56.811
chr17	44266155	0.03273536729083417	56.885
chr17	44663279	0.0	56.898
chr17	44713990	1.3295193586073948	56.898
chr17	44738811	1.3164193393968904	56.931
chr17	44751345	5.808801811558634	56.9475
chr17	44791973	0.0	57.1835
chr17	44832307	0.17044486108734375	57.1835
chr17	44855775	6.911011026556813	57.1875
chr17	44881531	1.2290794979079964	57.3655
chr17	44938891	0.0	57.436
chr17	44985371	2.032520325203329	57.436
chr17	44987585	2.8132757194079008	57.4405
chr17	45041970	2.0405658350976643	57.5935
chr17	45074559	2.2221363425569853	57.66
chr17	45100435	1.4180197587807208	57.7175
chr17	45132522	0.0	57.763
chr17	45184493	0.4697791098625827	57.763
chr17	45290926	1.2589855013604683	57.813
chr17	45340172	1.2942672885100266	57.875
chr17	45429798	0.178280926169471	57.991
chr17	45474671	0.4012197079119158	57.999
chr17	45505826	1.736256380219195	58.0115
chr17	45529728	0.5814775816819812	58.053
chr17	45593359	0.35797009896811766	58.09
chr17	45617104	0.43751067099194146	58.0985
chr17	45663960	3.2826137329111322	58.119
chr17	45715748	1.8822613097940133	58.289
chr17	45731155	14.927495024168216	58.318
chr17	45741706	1.545695192610296	58.4755
chr17	45795727	1.371513738920879	58.559
chr17	45858796	0.11896972220584405	58.6455
chr17	45892418	2.3142700243193497	58.6495
chr17	45905165	1.467441988041024	58.679
chr17	45941623	1.63977683956567	58.7325
chr17	45994679	0.5943465753749989	58.8195
chr17	46036742	2.53557991166386	58.8445
chr17	46061194	0.0	58.9065
chr17	46138249	9.963940026570436	58.9065
chr17	46154056	2.4700988039520757	59.064
chr17	46180978	0.5111821086263688	59.1305
chr17	46196628	0.0	59.1385
chr17	46223294	2.6917115285254196	59.1385
chr17	46283293	1.8260527351436389	59.3
chr17	46346818	1.593212530712773	59.416
chr17	46372866	0.43236161152956626	59.4575
chr17	46449191	1.9071837253656159	59.4905
chr17	46505819	4.660906846823422	59.5985
chr17	46567395	2.3263201165962406	59.8855
chr17	46620913	0.7621397982144442	60.01
chr17	46676021	0.7772987314484997	60.052
chr17	46724265	0.5144936629438677	60.0895
chr17	46764110	19.7159132943701	60.11
chr17	46777627	0.1708452569084604	60.3765
chr17	46801040	0.252708721609839	60.3805
chr17	46832697	0.12601997416583544	60.3885
chr17	46864438	0.041394583518797164	60.3925
chr17	46961069	0.0	60.3965
chr17	46988558	0.4577905740542278	60.3965
chr17	47252871	1.2183094506004988	60.5175
chr17	47287345	1.476841862706133	60.5595
chr17	47335082	1.797348910357158	60.63
chr17	47388494	9.041373324332143	60.726
chr17	47409232	0.6498134406573347	60.9135
chr17	47504644	4.023196083152846	60.9755
chr17	47554480	4.197855553307627	61.176
chr17	47584138	1.6151388432082279	61.3005
chr17	47669270	1.151434437600555	61.438
chr17	47705312	3.3968769012367197	61.4795
chr17	47715174	5.263157894737041	61.513
chr17	47739684	0.0	61.642
chr17	47815194	3.1473130402101215	61.642
chr17	47825838	5.143000501755747	61.6755
chr17	47829824	1.3391425715310559	61.696
chr17	47882843	0.4708369366771633	61.767
chr17	47934878	1.8296922457644185	61.7915
chr17	47962205	1.1089279866629953	61.8415
chr17	48029387	9.620916703957104	61.916
chr17	48045030	1.3954278503131716	62.0665
chr17	48086236	2.4499617193480208	62.124
chr17	48131951	3.42336143127494	62.236
chr17	48161016	10.176364065821508	62.3355
chr17	48186418	0.9859948486798209	62.594
chr17	48211266	2.692340828810201	62.6185
chr17	48234480	7.161738488965516	62.681
chr17	48250747	0.12429648191240421	62.7975
chr17	48351313	0.8564870327862749	62.81
chr17	48380502	2.731941864276973	62.835
chr17	48407955	2.776635129576411	62.91
chr17	48427403	0.3300242897877096	62.964
chr17	48503155	1.6273216455477095	62.989
chr17	48526199	0.9057575625299926	63.0265
chr17	48572017	1.0585495518807297	63.068
chr17	48614528	1.1850762126598797	63.113
chr17	48663470	1.820565103408167	63.171
chr17	48704666	0.8352474420542458	63.246
chr17	48714244	0.6123098777830877	63.254
chr17	48755073	0.6228866346323098	63.279
chr17	48788787	1.5146831530141143	63.3
chr17	48804962	1.7999406205155921	63.3245
chr17	48885798	1.9860336985071951	63.47
chr17	48917016	6.544584985212152	63.532
chr17	48932907	6.782789249048262	63.636
chr17	48976252	0.770053475935858	63.93
chr17	49046377	13.801593986911227	63.984
chr17	49061810	4.325706546919008	64.197
chr17	49174046	5.151954161444023	64.6825
chr17	49235479	2.4855218353095347	64.999
chr17	49275712	1.3273161667104578	65.099
chr17	49294547	0.9398112205288784	65.124
chr17	49343493	0.6685888596383495	65.17
chr17	49367424	3.099173553714232	65.186
chr17	49368876	3.1533056801828687	65.1905
chr17	49392502	0.0	65.265
chr17	49398608	0.18099911511515826	65.265
chr17	49423470	6.609094113500427	65.2695
chr17	49446166	0.5718991627397558	65.4195
chr17	49468023	16.950763576452587	65.432
chr17	49483804	0.37831021437563955	65.6995
chr17	49527419	2.230867088257699	65.716
chr17	49581658	0.8215735549969025	65.837
chr17	49602350	2.01947902553766	65.854
chr17	49641469	0.4608294930871385	65.933
chr17	49668594	5.019468030210765	65.9455
chr17	49753862	4.19510362532046	66.3735
chr17	49769833	0.0	66.4405
chr17	49815554	0.6658095325557067	66.4405
chr17	49859110	1.4430847379361398	66.4695
chr17	49876434	0.4906301605915901	66.4945
chr17	49918217	0.5476372335672326	66.515
chr17	49987606	7.153839583155547	66.553
chr17	50011020	13.981396417087586	66.7205
chr17	50028436	9.708737864077568	66.964
chr17	50068812	0.0	67.356
chr17	50129975	0.05782426563191997	67.356
chr17	50207797	0.0	67.3605
chr17	50219825	0.09714358988304485	67.3605
chr17	50477176	1.02669404517469	67.3855
chr17	50498117	0.0	67.407
chr17	50519816	0.7879972262499428	67.407
chr17	50551542	2.1354745024337127	67.432
chr17	50563249	0.0	67.457
chr17	50649025	0.3787034974387242	67.457
chr17	50671470	0.0	67.4655
chr17	50689180	0.0	67.4655
chr17	50785293	3.8190174121300733	67.4655
chr17	50800742	0.7040897383433444	67.5245
chr17	50883828	0.17626401637906566	67.583
chr17	50957581	7.114680191603205	67.596
chr17	50993071	0.0	67.8485
chr17	51069182	0.17551386559511156	67.8485
chr17	51094821	0.19623686944504592	67.853
chr17	51138136	0.150260451448947	67.8615
chr17	51168084	0.8946478430139623	67.866
chr17	51218942	1.7489777664195796	67.9115
chr17	51281550	4.228975018528762	68.021
chr17	51304487	0.9564193798657045	68.118
chr17	51454003	0.640628108070225	68.261
chr17	51624929	0.0	68.3705
chr17	51638251	0.0	68.3705
chr17	51666128	0.9869348622984578	68.3705
chr17	51687406	3.8724301860656944	68.3915
chr17	51719169	1.376880711362743	68.5145
chr17	51784171	0.06434822398912195	68.604
chr17	51854103	0.0	68.6085
chr17	51862014	2.0869613290209528	68.6085
chr17	51898191	1.7390094602113648	68.684
chr17	51926943	1.9277108433735672	68.734
chr17	51964293	1.0329323125533487	68.806
chr17	51997209	3.169197294356609	68.84
chr17	52018350	0.49251985470724474	68.907
chr17	52034593	3.070386998627035	68.915
chr17	52088495	0.22822713164146144	69.0805
chr17	52143265	0.19123969218063494	69.093
chr17	52208628	2.7779022357631438	69.1055
chr17	52275585	1.3492857277650985	69.2915
chr17	52328576	0.1239328008815003	69.363
chr17	52364886	10.914382731020826	69.3675
chr17	52385501	0.0	69.5925
chr17	52427893	11.70054298207666	69.5925
chr17	52490326	0.0	70.323
chr17	52511842	0.0	70.323
chr17	52550694	1.504768960089064	70.323
chr17	52615488	7.881323064989591	70.4205
chr17	52651586	2.051081701421184	70.705
chr17	52672063	0.0	70.747
chr17	52721568	1.4093588798820154	70.747
chr17	52775848	5.327299290881349	70.8235
chr17	52831974	0.05162681841119115	71.1225
chr17	52919138	2.0532392869222655	71.127
chr17	52939837	1.1229243817942194	71.1695
chr17	52981692	1.909491501713619	71.2165
chr17	53053177	1.9839410129035766	71.353
chr17	53085184	1.1932871251935169	71.4165
chr17	53124571	0.0	71.4635
chr17	53146714	0.18234033824155027	71.4635
chr17	53168651	0.061534254068003086	71.4675
chr17	53241781	0.2780776654566089	71.472
chr17	53272348	0.0	71.4805
chr17	53326344	1.0412838417246053	71.4805
chr17	53342670	1.3464280057021945	71.4975
chr17	53355296	4.605585497305649	71.5145
chr17	53375706	0.30061941581941826	71.6085
chr17	53447225	1.418305597579479	71.63
chr17	53468377	1.4204545454547972	71.66
chr17	53492313	1.9714822795833367	71.694
chr17	53514124	0.1678846533678089	71.737
chr17	53564754	0.04353041324865603	71.7455
chr17	53668130	1.303614334645154	71.75
chr17	53687691	0.05492845568653551	71.7755
chr17	53760513	0.0	71.7795
chr17	53785433	0.0	71.7795
chr17	53838627	0.0	71.7795
chr17	53861469	0.09267840593156783	71.7795
chr17	53910024	0.11838055402081038	71.784
chr17	53948037	0.09742078472454001	71.7885
chr17	53989096	1.43926309729424	71.7925
chr17	54030784	0.2708375651696579	71.8525
chr17	54045553	1.2779156327544496	71.8565
chr17	54085853	1.407204889031706	71.908
chr17	54098289	3.1746031746035683	71.9255
chr17	54115614	0.0	71.9805
chr17	54120794	0.0	71.9805
chr17	54153175	0.6247194827564093	71.9805
chr17	54235612	3.20432531730144	72.032
chr17	54283516	0.6081738566331726	72.1855
chr17	54382172	4.763239002521364	72.2455
chr17	54400017	3.328076131412163	72.3305
chr17	54437426	0.09355630920371626	72.455
chr17	54480181	3.630984400215216	72.459
chr17	54558259	1.171556642216592	72.7425
chr17	54587707	0.0	72.777
chr17	54622205	1.8085331080367575	72.777
chr17	54697957	1.9602770259513087	72.914
chr17	54748205	0.0	73.0125
chr17	54768280	0.37078235075923965	73.0125
chr17	54779068	0.0	73.0165
chr17	54825899	0.3846811420761904	73.0165
chr17	54837597	3.3303252975807043	73.021
chr17	54860868	0.0	73.0985
chr17	54884383	5.515965465259742	73.0985
chr17	54928165	0.6830601092880255	73.34
chr17	54934021	4.262049000160994	73.344
chr17	54971327	0.0	73.503
chr17	55012136	0.36552790664994317	73.503
chr17	55047701	5.353022611905845	73.516
chr17	55091041	0.09137983551615525	73.748
chr17	55140286	0.3814762242725902	73.7525
chr17	55196646	7.982953692866522	73.774
chr17	55229967	0.0	74.04
chr17	55229968	9.657933553417102	74.04
chr17	55286916	3.101808905380314	74.59
chr17	55321412	1.6876687668767516	74.697
chr17	55339188	6.187886742920779	74.727
chr17	55355187	2.084787836475093	74.826
chr17	55406751	1.2644735192075547	74.9335
chr17	55454597	1.4786649767636921	74.994
chr17	55466432	4.102827104302017	75.0115
chr17	55482031	3.7967418657012284	75.0755
chr17	55504682	6.101021566401375	75.1615
chr17	55515254	5.138440631900792	75.226
chr17	55550576	0.4871115086083547	75.4075
chr17	55613190	0.9324878776576777	75.438
chr17	55658767	0.7715186618063422	75.4805
chr17	55703484	0.0	75.515
chr17	55740667	0.0	75.515
chr17	55749408	1.0809286587083438	75.515
chr17	55781325	0.07700995995494533	75.5495
chr17	55839759	1.3982046242072306	75.554
chr17	55889108	0.0	75.623
chr17	55942122	0.47970726700705	75.623
chr17	55986941	1.5947600740427623	75.6445
chr17	56022056	0.6046522656674617	75.7005
chr17	56064229	4.042532340258527	75.726
chr17	56084637	3.9460318287187413	75.8085
chr17	56123030	0.3648747263445452	75.96
chr17	56135363	3.8553281189329898	75.9645
chr17	56153390	0.0	76.034
chr17	56186628	0.27324160987520746	76.034
chr17	56217736	2.4561007283605973	76.0425
chr17	56235447	3.9675353538679294	76.086
chr17	56296190	0.12511789955925035	76.327
chr17	56400092	0.9780970400538367	76.34
chr17	56493641	7.116522335591049	76.4315
chr17	56516967	1.2062726176116259	76.5975
chr17	56564220	0.0	76.6545
chr17	56617579	1.6443680394652493	76.6545
chr17	56630958	0.6033224828821689	76.6765
chr17	56666594	0.0	76.698
chr17	56680804	0.0	76.698
chr17	56691596	0.4670029087613083	76.698
chr17	56729069	0.9691416488622923	76.7155
chr17	56774470	4.620004620004357	76.7595
chr17	56796115	1.0043185698504626	76.8595
chr17	56865814	5.121315582133023	76.9295
chr17	56915313	0.06280092108007906	77.183
chr17	56986968	1.342340001732034	77.1875
chr17	57090891	2.542318336873519	77.327
chr17	57106428	2.6096723044400014	77.3665
chr17	57121564	4.410391227645292	77.406
chr17	57150473	3.508190381481046	77.5335
chr17	57186674	3.3017334100403963	77.6605
chr17	57226653	0.12868229331635075	77.7925
chr17	57327677	6.57843111611015	77.8055
chr17	57365908	8.883395774593641	78.057
chr17	57391799	3.436351847849402	78.287
chr17	57414934	4.841485580093644	78.3665
chr17	57477105	2.274105518495785	78.6675
chr17	57516681	4.195459032576898	78.7575
chr17	57536941	3.95472198541256	78.8425
chr17	57579169	0.7964066133604721	79.0095
chr17	57641951	1.4791510142750373	79.0595
chr17	57684543	0.0	79.1225
chr17	57703699	1.4970841674645055	79.1225
chr17	57761144	0.3752605976372623	79.2085
chr17	57833094	0.5871802536619424	79.2355
chr17	57879928	3.4648533933907184	79.263
chr17	57926106	4.4989140552282185	79.423
chr17	57945444	1.0258905152719584	79.51
chr17	58039996	1.3450873272079655	79.607
chr17	58064158	3.530633437175627	79.6395
chr17	58078603	1.105538077996089	79.6905
chr17	58145991	4.778709013380218	79.765
chr17	58166394	2.883890145969108	79.8625
chr17	58188933	2.230606772502036	79.9275
chr17	58231074	2.0059174564966225	80.0215
chr17	58270956	2.551936393946959	80.1015
chr17	58309946	1.659568663706389	80.201
chr17	58375927	2.2923227838297713	80.3105
chr17	58472772	4.445562825029426	80.5325
chr17	58520460	0.8476744929946464	80.7445
chr17	58551722	0.0	80.771
chr17	58579977	1.0436106472842546	80.771
chr17	58620701	0.5207485760778237	80.8135
chr17	58651426	0.88909105946585	80.8295
chr17	58675608	29.45113788487394	80.851
chr17	58682331	1.7329322521579018	81.049
chr17	58697623	3.3723850842216825	81.0755
chr17	58754556	0.8781173164734501	81.2675
chr17	58791567	3.7188638746069214	81.3
chr17	58831633	1.8670777663584939	81.449
chr17	58860823	0.22239894326796406	81.5035
chr17	58935014	0.0	81.52
chr17	58968769	0.0	81.52
chr17	58973969	0.0	81.52
chr17	58994059	0.4751245882255249	81.52
chr17	59041415	0.19482129573865042	81.5425
chr17	59069646	0.0	81.548
chr17	59091144	2.0564142989340075	81.548
chr17	59178675	0.5898645876079798	81.728
chr17	59217667	9.22726718426038	81.751
chr17	59242268	1.0696370610803545	81.978
chr17	59269380	0.0	82.007
chr17	59302556	0.0	82.007
chr17	59350498	0.32954358213875035	82.007
chr17	59368705	0.7796901642450071	82.013
chr17	59437322	1.6127022291943003	82.0665
chr17	59573739	0.59273894788839	82.2865
chr17	59614229	2.0149547422274714	82.3105
chr17	59741279	0.08761609132088506	82.5665
chr17	59821173	0.0	82.5735
chr17	59854575	0.0	82.5735
chr17	59868854	0.0	82.5735
chr17	59911488	0.0	82.5735
chr17	59968883	10.152383944701828	82.5735
chr17	59994345	0.0	82.832
chr17	60015228	0.0	82.832
chr17	60076928	0.12091898428058069	82.832
chr17	60130683	0.0	82.8385
chr17	60183659	0.0	82.8385
chr17	60215649	0.0	82.8385
chr17	60262301	0.0	82.8385
chr17	60289045	0.6310712434358627	82.8385
chr17	60333414	0.4018139027609148	82.8665
chr17	60368256	0.0	82.8805
chr17	60533692	0.10157995905550353	82.8805
chr17	60597681	0.3635956816022048	82.887
chr17	60615558	3.2833344853804816	82.8935
chr17	60630025	0.8107727016355095	82.941
chr17	60686761	0.0	82.987
chr17	60700990	0.0	82.987
chr17	60719275	0.0	82.987
chr17	60761212	0.0	82.987
chr17	60848453	2.6107202163902454	82.987
chr17	60906866	0.419015694042555	83.1395
chr17	60946244	0.0	83.156
chr17	60978837	0.0	83.156
chr17	61013421	0.0	83.156
chr17	61083558	0.0	83.156
chr17	61117563	0.0	83.156
chr17	61144413	0.0	83.156
chr17	61185867	0.0	83.156
chr17	61204210	0.28216704288913386	83.156
chr17	61230790	2.4015212366605443	83.1635
chr17	61291793	0.0	83.31
chr17	61414773	0.0	83.31
chr17	61479551	0.0	83.31
chr17	61516477	1.2688598717299595	83.31
chr17	61538150	0.7516687045239294	83.3375
chr17	61588039	0.25091202291474807	83.375
chr17	61765392	0.5570460642991063	83.4195
chr17	61809374	0.0	83.444
chr17	61876735	0.0	83.444
chr17	61899536	0.0	83.444
