Chromosome	Position(bp)	Rate(cM/Mb)	Map(cM)
chr10	0	0.0	0.0
chr10	188995	0.0	0.0
chr10	231786	0.0	0.0
chr10	262358	2.16511500091601	0.0
chr10	322401	2.072377217220786	0.13
chr10	367277	0.0	0.223
chr10	408539	4.035234188778782	0.223
chr10	491186	3.4209428452231943	0.5565
chr10	515156	3.032834158661975	0.6385
chr10	565439	1.6034919044800202	0.791
chr10	719166	0.0	1.0375
chr10	736570	0.0	1.0375
chr10	740405	1.708175327115569	1.0375
chr10	769676	1.0150957808197147	1.0875
chr10	819425	0.0	1.138
chr10	929497	0.0	1.138
chr10	963739	0.6352053207786916	1.138
chr10	990502	3.559009433056042	1.155
chr10	1094604	0.0	1.5255
chr10	1115288	2.5669131828335923	1.5255
chr10	1187359	0.0	1.7105
chr10	1216286	0.0	1.7105
chr10	1254782	1.9737629092069073	1.7105
chr10	1330019	3.7872683319903273	1.859
chr10	1373454	0.0	2.0235
chr10	1397154	5.298651252408536	2.0235
chr10	1400268	7.060709770912346	2.04
chr10	1465134	31.864515611204737	2.498
chr10	1477593	33.79821958456974	2.895
chr10	1494443	1.1651562788977232	3.4645
chr10	1629618	6.882825182911921	3.622
chr10	1674585	0.5542840795308198	3.9315
chr10	1702549	13.910385768303913	3.947
chr10	1753590	12.46796425850244	4.657
chr10	1768027	0.806287688867808	4.837
chr10	1841822	0.0	4.8965
chr10	1883700	0.0	4.8965
chr10	1939230	16.878022078277535	4.8965
chr10	1983074	0.0	5.6365
chr10	2003072	5.550373987308216	5.6365
chr10	2057753	1.477276143278606	5.94
chr10	2290614	0.0	6.284
chr10	2303519	0.4607847892515916	6.284
chr10	2365370	0.0	6.3125
chr10	2380307	2.0775455972943666	6.3125
chr10	2421702	1.9385117671064989	6.3985
chr10	2451106	0.5222369795360555	6.4555
chr10	2528657	2.5896690209112228	6.496
chr10	2564762	16.033100594776307	6.5895
chr10	2576363	2.738275144986499	6.7755
chr10	2653784	0.0	6.9875
chr10	2665637	7.266523442436511	6.9875
chr10	2689376	2.7413003749269964	7.16
chr10	2742453	2.5692211008835124	7.3055
chr10	2850657	0.48518324998133533	7.5835
chr10	2904245	0.0	7.6095
chr10	2939106	9.64654269903785	7.6095
chr10	2959165	0.49789352738414017	7.803
chr10	3011385	3.0163549113700894	7.829
chr10	3062440	4.421167188137694	7.983
chr10	3077142	1.6263213861262151	8.048
chr10	3109116	5.842517593945044	8.1
chr10	3146771	9.29204149389026	8.32
chr10	3219360	1.1545976671206022	8.9945
chr10	3253138	0.0	9.0335
chr10	3307552	0.0	9.0335
chr10	3336482	0.0	9.0335
chr10	3387067	3.341433778857758	9.0335
chr10	3398589	0.0	9.072
chr10	3456285	0.0	9.072
chr10	3501674	0.0	9.072
chr10	3532218	0.0	9.072
chr10	3544903	0.5146340819719918	9.072
chr10	3620685	0.7521964135274576	9.111
chr10	3637303	1.0351966873705927	9.1235
chr10	3662419	0.0	9.1495
chr10	3692445	2.7799841143764876	9.1495
chr10	3720143	6.827069662623434	9.2265
chr10	3735230	0.8140982664496047	9.3295
chr10	3766553	4.639934533551557	9.355
chr10	3827653	11.578230450126888	9.6385
chr10	3859955	0.0	10.0125
chr10	3913463	0.0	10.0125
chr10	3950271	1.3864042933810476	10.0125
chr10	4006171	0.4733296923356964	10.09
chr10	4033636	10.027618824124056	10.103
chr10	4089033	9.271533756049267	10.6585
chr10	4151644	0.0	11.239
chr10	4181845	0.0	11.239
chr10	4227790	1.4116388383945915	11.239
chr10	4631576	0.0	11.809
chr10	4652031	0.4048582995951386	11.809
chr10	4684141	7.12806626314121	11.822
chr10	4696697	3.324243604726662	11.9115
chr10	4735202	0.22154478749422724	12.0395
chr10	4791624	0.41776678586949184	12.052
chr10	4821545	0.8418210005167538	12.0645
chr10	4881534	0.9207537904364286	12.115
chr10	4962989	0.0	12.19
chr10	4991387	7.931472081218386	12.19
chr10	4997691	6.6508023674415755	12.24
chr10	5046858	3.9463299131807976	12.567
chr10	5059528	0.3363922602868562	12.617
chr10	5096687	1.2244098344597207	12.6295
chr10	5106896	2.6298659028772517	12.642
chr10	5145301	0.0	12.743
chr10	5150787	0.0	12.743
chr10	5177965	0.0	12.743
chr10	5207756	0.0	12.743
chr10	5251834	8.772955901274921	12.743
chr10	5260383	1.7419175027872165	12.818
chr10	5267559	22.67734849463755	12.8305
chr10	5298515	0.9770553750986748	13.5325
chr10	5375788	2.26595291684405	13.608
chr10	5408666	6.520784141452988	13.6825
chr10	5481510	2.201487792472004	14.1575
chr10	5544422	0.5460581879605297	14.296
chr10	5613096	1.2824897400820672	14.3335
chr10	5671576	15.684029765312015	14.4085
chr10	5680311	0.0	14.5455
chr10	5738894	0.9511975191888884	14.5455
chr10	5829832	7.594936708860751	14.632
chr10	5865777	2.274795268425874	14.905
chr10	5887757	1.5659226271293676	14.955
chr10	5942996	2.9844402557563696	15.0415
chr10	5997110	8.024897453019195	15.203
chr10	6039042	4.020439793146846	15.5395
chr10	6104209	8.076991352420567	15.8015
chr10	6183075	6.339854631616036	16.4385
chr10	6214306	0.36910720349616244	16.6365
chr10	6282037	5.939400386504279	16.6615
chr10	6338440	7.356403013182674	16.9965
chr10	6346936	3.3669764391624897	17.059
chr10	6409455	2.8913026490582974	17.2695
chr10	6422252	1.9200865971941938	17.3065
chr10	6538653	2.2500845407485723	17.53
chr10	6577096	0.30375194401251077	17.6165
chr10	6618248	0.0	17.629
chr10	6629968	0.7733708910741528	17.629
chr10	6709490	1.60010240655408	17.6905
chr10	6732926	2.681197024736204	17.728
chr10	6802298	2.516778523489867	17.914
chr10	6846402	3.5217251732538157	18.025
chr10	6899359	0.0	18.2115
chr10	6953297	1.7381228273464069	18.2115
chr10	6981776	0.6906655504395406	18.261
chr10	7053446	0.0	18.3105
chr10	7084737	11.114853486022252	18.3105
chr10	7093644	9.965027598702207	18.4095
chr10	7117377	12.327276168843479	18.646
chr10	7138509	8.863984606064903	18.9065
chr10	7194635	0.6614485723735231	19.404
chr10	7212777	2.7724921210679487	19.416
chr10	7280045	1.250347318699686	19.6025
chr10	7319634	0.7752899584444142	19.652
chr10	7335757	0.0	19.6645
chr10	7366678	1.4656010936144415	19.6645
chr10	7442756	4.217911210838712	19.776
chr10	7477963	9.098670569581683	19.9245
chr10	7518958	0.0	20.2975
chr10	7521820	2.3261946469269734	20.2975
chr10	7574911	0.36759741331452456	20.421
chr10	7641560	4.143801097547608	20.4455
chr10	7650489	0.20737250738244947	20.4825
chr10	7710767	3.3934179980882146	20.495
chr10	7783997	0.0	20.7435
chr10	7843848	3.9548022598869643	20.7435
chr10	7856238	0.46931611256074973	20.7925
chr10	7909507	7.875015877048288	20.8175
chr10	7925253	0.7534820001521931	20.9415
chr10	7990948	0.4871110418330685	20.991
chr10	8042271	2.6602437358450453	21.016
chr10	8070088	30.373017256405905	21.09
chr10	8081562	5.463355708383089	21.4385
chr10	8154411	17.514192535330302	21.8365
chr10	8179248	0.0	22.2715
chr10	8203781	0.15092790475844642	22.2715
chr10	8286602	0.0	22.284
chr10	8318400	1.0630912088865636	22.284
chr10	8341446	0.0	22.3085
chr10	8393044	23.696306863211433	22.3085
chr10	8411971	1.5070735225007692	22.757
chr10	8535389	0.3365643511039119	22.943
chr10	8572529	1.1667222248678388	22.9555
chr10	8593528	2.996390515171937	22.98
chr10	8651431	4.887237854357613	23.1535
chr10	8689387	0.0	23.339
chr10	8724746	1.103947717036372	23.339
chr10	8736069	1.9208545460223874	23.3515
chr10	8768086	0.0	23.413
chr10	8793881	0.8210941742044149	23.413
chr10	8869390	0.2898819600658447	23.475
chr10	8912511	1.1011085484710672	23.4875
chr10	8979716	1.390215132281129	23.5615
chr10	9015322	0.0	23.611
chr10	9037077	2.1039307584413387	23.611
chr10	9066308	0.9805459679950631	23.6725
chr10	9091804	3.1095156234198997	23.6975
chr10	9111582	0.0	23.759
chr10	9180262	0.558821557100355	23.759
chr10	9224999	1.6856987493203144	23.784
chr10	9261779	1.8906840838776249	23.846
chr10	9314141	3.0208352938961993	23.945
chr10	9367272	1.3905592303066383	24.1055
chr10	9393880	0.0	24.1425
chr10	9415213	0.3794096695264858	24.1425
chr10	9479787	1.6555925917750005	24.167
chr10	9525088	0.0	24.242
chr10	9538240	0.0	24.242
chr10	9567520	0.3227774780909277	24.242
chr10	9680601	0.7889421863165418	24.2785
chr10	9712289	2.43585579733689	24.3035
chr10	9727684	1.6468146543945226	24.341
chr10	9749848	0.33814856895523693	24.3775
chr10	9786814	0.0	24.39
chr10	9811462	0.7005941038000324	24.39
chr10	9882830	3.9523411130023502	24.44
chr10	9917493	1.4717906786589854	24.577
chr10	9984758	1.3893520062244153	24.676
chr10	10002752	1.4186344499359593	24.701
chr10	10046456	2.1353430679855427	24.763
chr10	10110146	23.305355545140834	24.899
chr10	10133617	2.917372482589762	25.446
chr10	10154869	1.4824762006062793	25.508
chr10	10230081	0.0	25.6195
chr10	10239481	10.142821031344951	25.6195
chr10	10255305	0.0	25.78
chr10	10286849	2.0820992511515493	25.78
chr10	10399956	0.23724567263891758	26.0155
chr10	10452644	2.3368853991401144	26.028
chr10	10468691	0.0	26.0655
chr10	10478419	0.6260172780768394	26.0655
chr10	10518354	5.750254794774404	26.0905
chr10	10604698	0.0	26.587
chr10	10623819	0.12825774676789747	26.587
chr10	10721279	0.0	26.5995
chr10	10755949	5.126424236410879	26.5995
chr10	10816420	0.0	26.9095
chr10	10867889	0.0	26.9095
chr10	10880794	0.4584716389443888	26.9095
chr10	10935323	0.0	26.9345
chr10	11009091	0.9951854541542009	26.9345
chr10	11046270	2.217458015427644	26.9715
chr10	11141424	0.0	27.1825
chr10	11163875	5.497507341391717	27.1825
chr10	11193161	0.35119909404968025	27.3435
chr10	11262922	0.32470906068170313	27.368
chr10	11301418	0.0	27.3805
chr10	11328717	0.0	27.3805
chr10	11390313	0.8156242318607451	27.3805
chr10	11435064	5.327326683113353	27.417
chr10	11463033	7.120665194044855	27.566
chr10	11518716	1.216781855349019	27.9625
chr10	11549535	0.8322717622080592	28.0
chr10	11608410	0.0	28.049
chr10	11645524	0.0	28.049
chr10	11660834	0.0	28.049
chr10	11670191	0.24941636570423786	28.049
chr10	11720308	3.134184423218259	28.0615
chr10	11763860	0.9165388500243068	28.198
chr10	11790591	0.18308043822132652	28.2225
chr10	11858867	0.6100139896541859	28.235
chr10	11920341	0.0	28.2725
chr10	11938695	0.0	28.2725
chr10	11963386	9.595107549557012	28.2725
chr10	11977612	0.5373695759258633	28.409
chr10	11999943	2.039050914483518	28.421
chr10	12024219	4.498947826717901	28.4705
chr10	12051781	30.340202813215754	28.5945
chr10	12057895	1.0335108048856525	28.78
chr10	12105790	0.636672325976255	28.8295
chr10	12183538	0.7072535928482114	28.879
chr10	12201212	1.2010761642430936	28.8915
chr10	12232434	0.0	28.929
chr10	12260481	0.6627891248478222	28.929
chr10	12297446	0.22518059483711053	28.9535
chr10	12352957	0.0	28.966
chr10	12377632	0.13067624959164167	28.966
chr10	12469462	0.6275730495029265	28.978
chr10	12489380	0.0	28.9905
chr10	12522859	4.6861924686191765	28.9905
chr10	12546759	4.885993485342005	29.1025
chr10	12564565	0.7038680586818828	29.1895
chr10	12704506	0.0	29.288
chr10	12752776	0.0	29.288
chr10	12773846	0.0	29.288
chr10	12813074	0.0	29.288
chr10	12867656	3.9012835919675393	29.288
chr10	12925073	0.4315659679408093	29.512
chr10	12981843	0.0	29.5365
chr10	13009331	1.8451273875948395	29.5365
chr10	13043204	0.0	29.599
chr10	13056713	0.0	29.599
chr10	13127145	0.0	29.599
chr10	13161923	0.0	29.599
chr10	13189418	0.6977671451355589	29.599
chr10	13259642	0.0	29.648
chr10	13283494	46.64791373652088	29.648
chr10	13285627	0.0	29.7475
chr10	13291629	0.61156879737603	29.7475
chr10	13473947	0.39755740728959	29.859
chr10	13505389	1.5458876234343781	29.8715
chr10	13537086	0.47514064162989544	29.9205
chr10	13616010	2.7163938036855453	29.958
chr10	13643252	2.4389284449864044	30.032
chr10	13694094	0.24725546434581827	30.156
chr10	13744649	0.2515343595935062	30.1685
chr10	13844039	0.9400852343946207	30.1935
chr10	13883929	0.0	30.231
chr10	14086319	0.10804386580949078	30.231
chr10	14197385	0.0	30.243
chr10	14202155	0.0	30.243
chr10	14236934	0.2774633193492452	30.243
chr10	14281985	0.3342424728594922	30.2555
chr10	14319383	5.122062043041794	30.268
chr10	14343592	0.4588242259191372	30.392
chr10	14478720	3.5161744022501518	30.454
chr10	14485830	1.5444888118737872	30.479
chr10	14525649	0.4721253348235744	30.5405
chr10	14577542	0.9522721212813232	30.565
chr10	14603795	0.2188911848141927	30.59
chr10	14660901	0.0	30.6025
chr10	14686193	0.0	30.6025
chr10	14711600	0.9457755359395061	30.6025
chr10	14776626	0.18504948223153822	30.664
chr10	14911725	0.0	30.689
chr10	14964264	0.7208488716312603	30.689
chr10	15016286	0.0	30.7265
chr10	15063536	2.588873058345099	30.7265
chr10	15092313	0.0	30.801
chr10	15123554	0.15510416795923665	30.801
chr10	15204145	1.3826005044212635	30.8135
chr10	15302872	17.082401513848307	30.95
chr10	15331937	0.0	31.4465
chr10	15367270	10.92318534178999	31.4465
chr10	15384298	0.0	31.6325
chr10	15417628	13.66782881107578	31.6325
chr10	15477001	1.4392966896175763	32.444
chr10	15502708	1.380036579282798	32.481
chr10	15592923	0.29504791578159	32.6055
chr10	15635289	1.5358432609687864	32.618
chr10	15659380	0.0	32.655
chr10	15689127	1.0575594348402781	32.655
chr10	15724586	1.1730563202647297	32.6925
chr10	15798325	0.6305965443309013	32.779
chr10	15837970	0.7979469041816523	32.804
chr10	15884339	1.1116656835607872	32.841
chr10	15906378	1.8410583772783076	32.8655
chr10	15960423	0.0	32.965
chr10	15970973	0.0	32.965
chr10	15989694	0.5645019795711164	32.965
chr10	16120783	0.0	33.039
chr10	16234455	0.0	33.039
chr10	16258421	0.0	33.039
chr10	16314185	2.5551040512251695	33.039
chr10	16362911	0.0	33.1635
chr10	16387484	0.0	33.1635
chr10	16422565	2.1975582685905386	33.1635
chr10	16445090	0.0	33.213
chr10	16475584	0.21443398006614406	33.213
chr10	16533877	0.0	33.2255
chr10	16584168	0.815485996705138	33.2255
chr10	16705568	0.0	33.3245
chr10	16732411	4.969363631977602	33.3245
chr10	16815319	12.303149606302009	33.7365
chr10	16816335	1.6108222827870928	33.749
chr10	16947324	3.186816341764437	33.96
chr10	16982155	0.0	34.071
chr10	17030369	4.111291710488504	34.071
chr10	17051287	0.0	34.157
chr10	17094536	10.419736454342704	34.157
chr10	17118289	0.6016267988642654	34.4045
chr10	17139066	0.0	34.417
chr10	17145738	2.183902241971342	34.417
chr10	17185346	2.7153970350799232	34.5035
chr10	17198972	0.0	34.5405
chr10	17247895	3.591387112879052	34.5405
chr10	17309988	0.0	34.7635
chr10	17337871	5.057078050050303	34.7635
chr10	17364764	0.2297034069608537	34.8995
chr10	17419182	0.46373227190170635	34.912
chr10	17445059	1.7137960582690213	34.924
chr10	17488238	13.904494382022998	34.998
chr10	17495358	9.576768612913042	35.097
chr10	17527728	3.543329586802184	35.407
chr10	17580221	0.0	35.593
chr10	17607627	2.723664755777979	35.593
chr10	17684729	2.1725890702959014	35.803
chr10	17770111	15.959587828046857	35.9885
chr10	17794955	0.7824107735592875	36.385
chr10	17858221	23.90752255013571	36.4345
chr10	17881059	1.1389730871681383	36.9805
chr10	17935494	3.1130185979972027	37.0425
chr10	18022869	0.0	37.3145
chr10	18041531	5.238751147842017	37.3145
chr10	18150431	0.9913553810769521	37.885
chr10	18175649	0.76132470498673	37.91
chr10	18272848	0.9031328947849943	37.984
chr10	18354785	1.1954135154917442	38.058
chr10	18375280	0.7013287336277467	38.0825
chr10	18428037	0.41694462975302654	38.1195
chr10	18458017	0.0	38.132
chr10	18506325	2.9485089653850958	38.132
chr10	18527183	2.0969635967120404	38.1935
chr10	18545066	0.9562453156901517	38.231
chr10	18583759	0.46540784924577694	38.268
chr10	18636401	0.2108067997841818	38.2925
chr10	18695697	0.6813958290316178	38.305
chr10	18768342	4.372724851283023	38.3545
chr10	18790868	0.0	38.453
chr10	18810277	0.9346676737159134	38.453
chr10	18863237	2.0316474513561604	38.5025
chr10	18893508	1.4937599383221127	38.564
chr10	18935014	0.0	38.626
chr10	18969017	0.2502032901732753	38.626
chr10	19016978	0.29770804853041555	38.638
chr10	19391506	1.8317738501905556	38.7495
chr10	19411705	2.388836519791505	38.7865
chr10	19535824	3.430156181579323	39.083
chr10	19604334	0.8938925396211596	39.318
chr10	19645726	0.6439269868683628	39.355
chr10	19780058	9.907012514857033	39.4415
chr10	19851573	0.245035579166081	40.15
chr10	19953599	1.3687692483176064	40.175
chr10	19962366	6.347781482431451	40.187
chr10	20001356	0.0	40.4345
chr10	20042826	0.6692552575728168	40.4345
chr10	20208682	2.7342595329591033	40.5455
chr10	20235746	7.816862088218904	40.6195
chr10	20262611	3.1936288311478673	40.8295
chr10	20324766	0.9530617107458069	41.028
chr10	20337357	0.6340057636887849	41.04
chr10	20415432	0.426199324900124	41.0895
chr10	20444761	3.0094145875272624	41.102
chr10	20493940	0.3975068371176888	41.25
chr10	20525386	0.0	41.2625
chr10	20549609	0.5796484254855133	41.2625
chr10	20591876	0.0	41.287
chr10	20626157	2.7437773522975757	41.287
chr10	20684653	0.4644373673036718	41.4475
chr10	20737405	1.669673874989837	41.472
chr10	20774538	6.350095718354708	41.534
chr10	20795955	15.381985985301634	41.67
chr10	20842763	25.849335302806555	42.39
chr10	20878644	0.6778741865507449	43.3175
chr10	20897084	1.323626737260143	43.33
chr10	20906150	1.014017297942162	43.342
chr10	21040270	0.7262164124909033	43.478
chr10	21142168	0.0	43.552
chr10	21181631	0.0	43.552
chr10	21199459	0.0	43.552
chr10	21225486	3.899523115644486	43.552
chr10	21285878	12.695704536330796	43.7875
chr10	21345662	2.808353437876977	44.5465
chr10	21372190	1.3472181765219573	44.621
chr10	21427118	3.6673370401039636	44.695
chr10	21444024	0.0	44.757
chr10	21465287	1.310659587774292	44.757
chr10	21540440	4.435541565316756	44.8555
chr10	21554418	3.046894333085912	44.9175
chr10	21586746	1.5075727207766336	45.016
chr10	21644123	0.0	45.1025
chr10	21668722	0.7255604584358486	45.1025
chr10	21702489	1.6658158467448778	45.127
chr10	21739708	0.4183808660484086	45.189
chr10	21768390	0.23289335372723174	45.201
chr10	21927261	15.366593164277768	45.238
chr10	21941773	0.501833227504625	45.461
chr10	21990594	3.328236034901415	45.4855
chr10	22001711	0.18152773743821865	45.5225
chr10	22070571	1.7187893015847049	45.535
chr10	22106352	0.0	45.5965
chr10	22123690	1.417931824692119	45.5965
chr10	22193510	0.0	45.6955
chr10	22239082	0.0	45.6955
chr10	22270473	0.8220439300273403	45.6955
chr10	22285679	1.1918835636349994	45.708
chr10	22337278	0.4262426277422396	45.7695
chr10	22394757	0.6550295648480355	45.794
chr10	22451243	13.190094985275119	45.831
chr10	22499461	2.1574498062701033	46.467
chr10	22510817	175.83706547238228	46.4915
chr10	22515506	0.0403913925942397	47.316
chr10	22812599	10.976853532472438	47.328
chr10	22870448	0.36867718625558876	47.963
chr10	22904353	1.3592190268652111	47.9755
chr10	22995214	11.984292926717657	48.099
chr10	23014823	4.733396859593139	48.334
chr10	23159645	1.1973722533251037	49.0195
chr10	23190546	0.0	49.0565
chr10	23279819	0.0	49.0565
chr10	23348704	2.6665373800058423	49.0565
chr10	23441521	7.109346806207244	49.304
chr10	23455376	4.783895141442765	49.4025
chr10	23491539	0.0	49.5755
chr10	23509060	70.82966720149085	49.5755
chr10	23528381	0.5227032734952304	50.944
chr10	23717781	1.2855281231290725	51.043
chr10	23746174	1.8517725637950377	51.0795
chr10	23792886	4.34243176178671	51.166
chr10	23835604	4.118661991428623	51.3515
chr10	23853571	2.374839537869001	51.4255
chr10	23884731	2.0339728437140017	51.4995
chr10	23939304	0.5345764016591428	51.6105
chr10	23962687	3.6409922443906417	51.623
chr10	23979578	2.1093150762762214	51.6845
chr10	24049980	3.8252119374182993	51.833
chr10	24078998	4.644398573841089	51.944
chr10	24100314	1.4425754706472114	52.043
chr10	24279854	9.285607308671734	52.302
chr10	24293208	13.294864731638032	52.426
chr10	24327695	0.0	52.8845
chr10	24402166	0.0	52.8845
chr10	24457454	0.0	52.8845
chr10	24475589	0.0	52.8845
chr10	24542238	0.0	52.8845
chr10	24567565	0.5372415867965675	52.8845
chr10	24590832	0.0	52.897
chr10	24631232	0.0	52.897
chr10	24666808	0.5945780906008297	52.897
chr10	24729037	0.0	52.934
chr10	24767979	0.0	52.934
chr10	24795287	0.21774632553076492	52.934
chr10	24850397	5.130065291740271	52.946
chr10	24869695	0.0	53.045
chr10	24927503	0.6086309933629027	53.045
chr10	25109058	0.0	53.1555
chr10	25151501	0.6658953938871445	53.1555
chr10	25225837	0.4143737983160791	53.205
chr10	25256003	0.0	53.2175
chr10	25301196	3.7330116773596664	53.2175
chr10	25397365	0.0	53.5765
chr10	25462966	0.0	53.5765
chr10	25526570	0.0	53.5765
chr10	25557857	0.0	53.5765
chr10	25560312	0.46021093000960517	53.5765
chr10	25586387	7.413595071525502	53.5885
chr10	25624695	0.2752576411520245	53.8725
chr10	25670107	0.0	53.885
chr10	25674237	0.0	53.885
chr10	25723113	0.0	53.885
chr10	25731820	0.0	53.885
chr10	25772920	6.1481431251553635	53.885
chr10	25817161	0.0	54.157
chr10	25860210	1.4404173317243192	54.157
chr10	25911584	3.321847855241666	54.231
chr10	26008518	3.946105442781494	54.553
chr10	26064776	0.0	54.775
chr10	26091505	0.34645426803663226	54.775
chr10	26234381	0.0	54.8245
chr10	26310539	0.0	54.8245
chr10	26333153	4.457250911710423	54.8245
chr10	26377575	0.0	55.0225
chr10	26434471	0.0	55.0225
chr10	26509296	0.0	55.0225
chr10	26528468	0.0	55.0225
chr10	26630599	0.0	55.0225
chr10	26632033	0.0	55.0225
chr10	26718376	0.5066589461493133	55.0225
chr10	26766732	1.9734596347499818	55.047
chr10	26860476	0.0	55.232
chr10	26869440	0.0	55.232
chr10	26881427	0.0	55.232
chr10	26969622	0.0	55.232
chr10	27041700	0.0	55.232
chr10	27078835	0.28632784538297434	55.232
chr10	27120745	0.0	55.244
chr10	27156186	0.0	55.244
chr10	27193898	0.0	55.244
chr10	27221012	0.0	55.244
chr10	27252963	0.0	55.244
chr10	27289713	0.16613282651749503	55.244
chr10	27364954	0.0	55.2565
chr10	27386618	0.0	55.2565
chr10	27410730	0.5858787389355855	55.2565
chr10	27537036	0.0	55.3305
chr10	27599425	0.4350095702105199	55.3305
chr10	27656895	0.8988764044944161	55.3555
chr10	27670245	3.8580515102011432	55.3675
chr10	27699016	3.8524966882046514	55.4785
chr10	27772994	1.4954389113204407	55.7635
chr10	27879986	0.0	55.9235
chr10	27927097	0.0	55.9235
chr10	27948148	0.0	55.9235
chr10	27995834	0.11306589480351718	55.9235
chr10	28106389	0.32931134411725704	55.936
chr10	28144347	0.31285848367922764	55.9485
chr10	28182703	0.0	55.9605
chr10	28217607	2.0555624766411187	55.9605
chr10	28241688	2.9971578024370573	56.01
chr10	28373980	1.5299113275881224	56.4065
chr10	28389994	2.293247773595761	56.431
chr10	28438615	0.762208554359136	56.5425
chr10	28665587	1.2253814762242927	56.7155
chr10	28755763	0.67210129216891	56.826
chr10	28848011	5.604014256237094	56.888
chr10	28911983	0.8049843584340414	57.2465
chr10	28988382	0.0	57.308
chr10	29039050	0.06097501487791749	57.308
chr10	29244052	0.0	57.3205
chr10	29348408	0.0	57.3205
chr10	29484867	0.0	57.3205
chr10	29512584	1.486508105802041	57.3205
chr10	29587592	0.13957370203578068	57.432
chr10	29938661	1.4120604655718585	57.481
chr10	29999919	1.4167560116403366	57.5675
chr10	30078267	0.934634524220482	57.6785
chr10	30197030	2.95263788968829	57.7895
chr10	30230390	0.595592614651601	57.888
chr10	30250538	0.0	57.9
chr10	30260927	0.0	57.9
chr10	30266905	33.485540334855465	57.9
chr10	30272818	0.7678339818417439	58.098
chr10	30369193	0.35677360166596234	58.172
chr10	30437864	0.0	58.1965
chr10	30484610	1.1023899814800988	58.1965
chr10	30495949	0.5627505396237534	58.209
chr10	30560809	0.0	58.2455
chr10	30742642	0.0	58.2455
chr10	30756974	0.0	58.2455
chr10	30907606	0.0	58.2455
chr10	30956651	0.0	58.2455
chr10	31208363	0.0	58.2455
chr10	31264150	0.346734820564717	58.2455
chr10	31442961	0.3528282714238129	58.3075
chr10	31478389	0.8180592097990014	58.32
chr10	31523618	0.0	58.357
chr10	31540723	1.3085891030217007	58.357
chr10	31578550	2.5367485739359683	58.4065
chr10	31651478	0.146698490987951	58.5915
chr10	31903696	0.0	58.6285
chr10	31904728	0.0	58.6285
chr10	31962059	0.0	58.6285
chr10	31967134	0.0	58.6285
chr10	31970140	0.0	58.6285
chr10	32165360	0.20800399367660766	58.6285
chr10	32225455	3.3626132308541443	58.641
chr10	32232741	0.8294290389831431	58.6655
chr10	32277350	0.2613094740363501	58.7025
chr10	32325186	0.0	58.715
chr10	32370176	0.0	58.715
chr10	32412424	0.4018485031141032	58.715
chr10	32442286	0.21592561582869868	58.727
chr10	32555751	0.08233705496823661	58.7515
chr10	32707566	0.18900733348447474	58.764
chr10	32773701	0.5002348040917838	58.7765
chr10	32822678	2.31916760686969	58.801
chr10	32838632	0.0	58.838
chr10	32963241	1.595887482475057	58.838
chr10	33063812	1.525419912640163	58.9985
chr10	33152640	0.0	59.134
chr10	33239689	0.0	59.134
chr10	33271430	1.4774249468127578	59.134
chr10	33296812	0.0	59.1715
chr10	33353365	0.3145138514467452	59.1715
chr10	33587059	0.0	59.245
chr10	33629575	0.5045133491505438	59.245
chr10	33776251	0.0	59.319
chr10	33911293	2.0506714295163593	59.319
chr10	33941527	0.0	59.381
chr10	33970846	0.2810883741849076	59.381
chr10	34015316	0.4145513191817626	59.3935
chr10	34103363	2.205685767756968	59.43
chr10	34125805	0.7211821500057751	59.4795
chr10	34159777	0.0	59.504
chr10	34184236	0.0	59.504
chr10	34225806	0.0	59.504
chr10	34265415	0.32682301879893433	59.504
chr10	34303662	0.0	59.5165
chr10	34356136	0.16958863297810947	59.5165
chr10	34574311	3.4164066511315974	59.5535
chr10	34599630	2.6037097600516685	59.64
chr10	34742119	0.6209655291925897	60.011
chr10	34880613	0.0	60.097
chr10	34936150	0.0	60.097
chr10	34953494	0.0	60.097
chr10	35020128	0.0	60.097
chr10	35051414	0.0	60.097
chr10	35115080	0.0	60.097
chr10	35139168	3.624921797372442	60.097
chr10	35166341	0.5234660857426321	60.1955
chr10	35260903	0.43277384642379774	60.245
chr10	35431893	0.11831295195543612	60.319
chr10	35537545	0.23112035592535687	60.3315
chr10	35589466	0.16409152368824304	60.3435
chr10	35741820	0.0	60.3685
chr10	35775569	0.0	60.3685
chr10	35921769	0.0	60.3685
chr10	35940168	0.0	60.3685
chr10	36005004	0.0	60.3685
chr10	36080426	0.0	60.3685
chr10	36125378	0.0	60.3685
chr10	36161774	2.0732842515023524	60.3685
chr10	36173591	0.3115808365323008	60.393
chr10	36213709	0.0	60.4055
chr10	36258439	0.9058525418956564	60.4055
chr10	36340130	0.0	60.4795
chr10	36354236	0.26606431154497784	60.4795
chr10	36446319	0.31343246157325144	60.504
chr10	36486200	2.798762173477691	60.5165
chr10	36530148	0.6894142736331474	60.6395
chr10	36584542	0.0	60.677
chr10	36617183	0.0	60.677
chr10	36658848	0.9835999759118269	60.677
chr10	36708665	1.3269979880997733	60.726
chr10	36755387	0.3831897023633154	60.788
chr10	36819324	0.0	60.8125
chr10	36887962	2.0763944517054123	60.8125
chr10	36935400	1.5760191237756862	60.911
chr10	36982671	0.241312741312659	60.9855
chr10	37034471	0.24254674077817995	60.998
chr10	37083946	1.5079812667043213	61.01
chr10	37124729	0.0	61.0715
chr10	37147527	6.688395464113626	61.0715
chr10	37162254	0.0	61.17
chr10	37258036	0.0	61.17
chr10	37310380	0.0	61.17
chr10	37354931	0.0	61.17
chr10	37462661	0.3074387889371052	61.17
chr10	37543978	3.5148612728190636	61.195
chr10	37589499	0.30143482978981084	61.355
chr10	37713904	0.3761434761676348	61.3925
chr10	37747136	1.3704169662113574	61.405
chr10	37791648	0.0	61.466
chr10	37804513	0.0	61.466
chr10	37873989	0.6193484454353668	61.466
chr10	37914354	0.0	61.491
chr10	37943980	0.5285130099616895	61.491
chr10	38037639	0.0	61.5405
chr10	38041860	1.062096257929251	61.5405
chr10	38076226	0.9394224067396696	61.577
chr10	38142224	0.9251734700256057	61.639
chr10	38222209	3.0717290236882087	61.713
chr10	38258345	9.215314874326939	61.824
chr10	38305332	0.0	62.257
chr10	38328616	2.697382809652186	62.257
chr10	38342333	8.227185001378574	62.294
chr10	38433008	11.308068459657768	63.04
chr10	38452640	0.0	63.262
chr10	38556277	0.0	63.262
chr10	38596941	0.7141224862890106	63.262
chr10	38614445	0.895255147717076	63.2745
chr10	38655774	0.0	63.3115
chr10	38682202	0.0	63.3115
chr10	38725890	0.0	63.3115
chr10	38749230	0.1914945372301559	63.3115
chr10	38942447	1.4423992151005487	63.3485
chr10	39010736	2.0367990813899572	63.447
chr10	39047313	3.1112075826640084	63.5215
chr10	39074955	4.784299354628543	63.6075
chr10	39124074	13.409336313185642	63.8425
chr10	39163897	0.0	64.3765
chr10	39171842	0.0	64.3765
chr10	39178391	0.39732994278457856	64.3765
chr10	39209851	1.5406221178840005	64.389
chr10	39257559	0.0	64.4625
chr10	39308146	0.40014511929653757	64.4625
chr10	39401862	2.581247848960049	64.5
chr10	39483218	0.24590567058481957	64.71
chr10	39584883	2.2937840417766506	64.735
chr10	39762973	0.0	65.1435
chr10	39780514	0.39160649206601134	65.1435
chr10	40001399	2.0405963714747033	65.23
chr10	40140574	2.9079349267156855	65.514
chr10	40277097	0.8905403817118389	65.911
chr10	40387704	0.6843633347158132	66.0095
chr10	40460034	3.812820079914669	66.059
chr10	40495572	0.2918358909506665	66.1945
chr10	40536691	14.277499058081636	66.2065
chr10	40587120	2.2597489846397556	66.9265
chr10	40619867	7.3824969156685905	67.0005
chr10	40644994	0.7152240548821803	67.186
chr10	40679249	1.5812549414217518	67.2105
chr10	40804466	0.0	67.4085
chr10	40819021	0.0	67.4085
chr10	40877330	1.392856132809205	67.4085
chr10	40948048	4.214444634605569	67.507
chr10	40971420	5.326728080058326	67.6055
chr10	41031776	2.4203251350062036	67.927
chr10	41067515	0.4423963133640721	68.0135
chr10	41094640	0.46537602382735827	68.0255
chr10	41148360	0.0	68.0505
chr10	41176084	0.0	68.0505
chr10	41191167	2.0540767134775346	68.0505
chr10	41215022	4.144687264505968	68.0995
chr10	41238908	0.2508253509860564	68.1985
chr10	41386421	1.246280806152857	68.2355
chr10	41475486	0.0	68.3465
chr10	41495644	0.0	68.3465
chr10	41495988	2.1381365815729243	68.3465
chr10	41542290	1.4509060760395178	68.4455
chr10	41576062	0.5056983570970055	68.4945
chr10	41697676	3.4359474392904334	68.556
chr10	41719213	2.309414948213538	68.63
chr10	41740647	1.0574607057214673	68.6795
chr10	41927888	0.0	68.8775
chr10	41957219	1.5630861573093464	68.8775
chr10	41965216	0.9670400515755061	68.89
chr10	41977625	17.569021154532944	68.902
chr10	41980414	5.79236047913033	68.951
chr10	42021071	0.0	69.1865
chr10	42035061	0.0	69.1865
chr10	42080024	0.0	69.1865
chr10	42138440	0.0	69.1865
chr10	42172795	0.0	69.1865
chr10	42191687	0.0	69.1865
chr10	42205969	0.21334334624776574	69.1865
chr10	42264560	0.0	69.199
chr10	42291756	0.3232976358860498	69.199
chr10	42365991	1.8146624727797878	69.223
chr10	42386656	0.8035948569930235	69.2605
chr10	42447632	0.8218386974968601	69.3095
chr10	42492653	0.3559935066781144	69.3465
chr10	42527766	0.0	69.359
chr10	42557059	0.0	69.359
chr10	42615846	1.536289652881836	69.359
chr10	42664014	1.1316512995000416	69.433
chr10	42729847	6.536295036667268	69.5075
chr10	42748665	0.6253828874822162	69.6305
chr10	42787841	7.077181336080449	69.655
chr10	42814052	1.3298586857233563	69.8405
chr10	42851274	1.3014220416454043	69.89
chr10	42898530	0.23932147575200247	69.9515
chr10	42950761	0.5880658633767772	69.964
chr10	42992423	0.4273212088063326	69.9885
chr10	43021675	0.0	70.001
chr10	43046878	0.6354767793348435	70.001
chr10	43105102	1.5694853990300575	70.038
chr10	43136641	0.43307228698258526	70.0875
chr10	43164350	2.490942028985244	70.0995
chr10	43204094	0.8248647221857491	70.1985
chr10	43234402	1.3358185771978646	70.2235
chr10	43298782	2.456697602858796	70.3095
chr10	43339080	1.6243974009640958	70.4085
chr10	43377248	0.0	70.4705
chr10	43392588	1.4028457728532848	70.4705
chr10	43427517	0.0	70.5195
chr10	43457310	0.0	70.5195
chr10	43496533	5.075708377482748	70.5195
chr10	43525790	0.5308775731308577	70.668
chr10	43571940	0.0	70.6925
chr10	43603090	0.0	70.6925
chr10	43618624	4.918277112623764	70.6925
chr10	43658882	0.8591739718260837	70.8905
chr10	43773527	1.2552721430001743	70.989
chr10	43793443	0.0	71.014
chr10	43844087	0.0	71.014
chr10	43861541	1.6885521308328137	71.014
chr10	43919875	0.9307005408126308	71.1125
chr10	43959630	0.0	71.1495
chr10	43982091	0.0	71.1495
chr10	44039930	0.4712713014629333	71.1495
chr10	44066454	0.0	71.162
chr10	44080002	0.2700513097488625	71.162
chr10	44124438	3.441295546558595	71.174
chr10	44163958	0.0	71.31
chr10	44177393	5.061619718309902	71.31
chr10	44209201	3.965758435257999	71.471
chr10	44287118	0.3419691954149548	71.78
chr10	44323671	0.2277817850499308	71.7925
chr10	44376353	7.009345794391783	71.8045
chr10	44390477	0.18516872574293902	71.9035
chr10	44457983	3.7957713491948026	71.916
chr10	44519894	0.8262790462380121	72.151
chr10	44579196	26.8550139708168	72.2
chr10	44582417	0.3958326736123007	72.2865
chr10	44613996	9.435271264048541	72.299
chr10	44642824	1.7692395851240608	72.571
chr10	44782432	9.491156302422233	72.818
chr10	44816411	0.0	73.1405
chr10	44833616	0.0	73.1405
chr10	44867351	0.0	73.1405
chr10	44930772	0.0	73.1405
chr10	44985016	0.0	73.1405
chr10	45063223	0.8918918918917977	73.1405
chr10	45118723	8.650006103835114	73.19
chr10	45176064	0.0	73.686
chr10	45203666	0.22450048641746323	73.686
chr10	45257118	0.42749658002745694	73.698
chr10	45286358	2.1220857070950268	73.7105
chr10	45373772	5.382323733862693	73.896
chr10	45398947	0.0	74.0315
chr10	45419242	0.0	74.0315
chr10	45481712	0.8815279818352144	74.0315
chr10	45594017	1.1937244201911565	74.1305
chr10	45635065	1.8002845611079767	74.1795
chr10	45703943	0.66345994360593	74.3035
chr10	45722030	1.0328017846817188	74.3155
chr10	45746236	0.2412207071678344	74.3405
chr10	46053009	6.534109706874575	74.4145
chr10	46083235	0.4267846566561561	74.612
chr10	46140641	0.35122225344205793	74.6365
chr10	46176231	0.0	74.649
chr10	46228714	3.682350753207984	74.649
chr10	46282484	1.9839261493612765	74.847
chr10	46331881	2.8111951713590866	74.945
chr10	46380259	5.279155335146197	75.081
chr10	46417765	1.8985068500180309	75.279
chr10	46476232	2.4114466388672056	75.39
chr10	46563524	2.124430955994216	75.6005
chr10	46586589	1.985575378865239	75.6495
chr10	46655083	7.123189273314963	75.7855
chr10	46696848	0.30801611951026603	76.083
chr10	46735807	0.0	76.095
chr10	46984464	0.0	76.095
chr10	47026617	5.509999628956199	76.095
chr10	47053568	0.38559602127865683	76.2435
chr10	47117106	0.0	76.268
chr10	47143740	1.9406802476891527	76.268
chr10	47188312	2.708914792316635	76.3545
chr10	47224858	5.674411471512773	76.4535
chr10	47250940	9.495399812058828	76.6015
chr10	47296699	0.0	77.036
chr10	47382609	9.606075600783123	77.036
chr10	47429090	1.0971493795939304	77.4825
chr10	47530717	0.0	77.594
chr10	47548368	0.0	77.594
chr10	47593496	0.0	77.594
chr10	47633338	1.140357001559417	77.594
chr10	47676307	0.8898697230727445	77.643
chr10	47690354	2.030949366047671	77.6555
chr10	47751163	0.3506803198205314	77.779
chr10	47786808	0.657237499342912	77.7915
chr10	47805827	56.16704435092399	77.804
chr10	47808916	1.7166479820625133	77.9775
chr10	47837460	3.703129670427056	78.0265
chr10	47927789	17.890238879736234	78.361
chr10	47947213	6.778848864084842	78.7085
chr10	48053647	2.504544536457185	79.43
chr10	48078402	3.5954028721658005	79.492
chr10	48126519	0.40930885276573736	79.665
chr10	48579722	6.355153919623901	79.8505
chr10	48593333	0.0	79.937
chr10	48606984	0.24295904682312272	79.937
chr10	48658433	0.7616930171279261	79.9495
chr10	48707009	1.682106591136729	79.9865
chr10	48787860	0.0	80.1225
chr10	48858337	0.5811250581126379	80.1225
chr10	48879847	0.23633111905973384	80.135
chr10	49036407	0.9102604558586432	80.172
chr10	49077604	0.0	80.2095
chr10	49096616	3.5286824662628424	80.2095
chr10	49138558	1.3724308763472188	80.3575
chr10	49183369	32.304688966475275	80.419
chr10	49210006	5.773131533781579	81.2795
chr10	49216415	0.0	81.3165
chr10	49316358	0.6816507000735433	81.3165
chr10	49370638	1.202740791136383	81.3535
chr10	49411794	0.0	81.403
chr10	49446549	0.0	81.403
chr10	49482083	0.0	81.403
chr10	49524698	1.2163357578139073	81.403
chr10	49565394	2.696178323980265	81.4525
chr10	49597291	1.775784753363041	81.5385
chr10	49625166	0.37703978523822407	81.588
chr10	49658319	0.0	81.6005
chr10	49727799	0.379063561378058	81.6005
chr10	49760775	0.46264168401574735	81.613
chr10	49786713	0.0	81.625
chr10	49828166	0.1646296491413292	81.625
chr10	49904094	0.5379120406232396	81.6375
chr10	49927332	0.0	81.65
chr10	49958308	0.09897775771819553	81.65
chr10	50084599	0.0	81.6625
chr10	50216434	0.0	81.6625
chr10	50230799	0.0	81.6625
chr10	50277329	0.6934552815054753	81.6625
chr10	50330685	0.8203609588218179	81.6995
chr10	50405652	0.2756521930889109	81.761
chr10	50450999	7.22830844319499	81.7735
chr10	50488698	0.2164652097112983	82.046
chr10	50546444	0.0	82.0585
chr10	50572290	0.868571972491344	82.0585
chr10	50614313	0.0	82.095
chr10	50655465	1.431233550419773	82.095
chr10	50707518	0.0	82.1695
chr10	50747303	0.7474898482798873	82.1695
chr10	50796802	1.9132088825975606	82.2065
chr10	50842014	0.5990032585771818	82.293
chr10	50862882	5.57324840764347	82.3055
chr10	50907470	1.922152811148559	82.554
chr10	50913713	0.9567546880979173	82.566
chr10	50965973	0.678905061916296	82.616
chr10	51002797	1.4972910283706515	82.641
chr10	51060568	1.6281695032995103	82.7275
chr10	51083600	0.2903600464576184	82.765
chr10	51124928	27.415919560156503	82.777
chr10	51165306	0.0	83.884
chr10	51194149	0.0	83.884
chr10	51202518	0.5837575304722759	83.884
chr10	51223931	0.0	83.8965
chr10	51223932	0.0	83.8965
chr10	51235723	0.0	83.8965
chr10	51255546	0.0	83.8965
chr10	51255764	7.722007722008016	83.8965
chr10	51257318	0.6681514476613687	83.9085
chr10	51313443	0.0	83.946
chr10	51344358	0.27319418642777493	83.946
chr10	51390113	0.0	83.9585
chr10	51426187	0.6872979901178835	83.9585
chr10	51480021	0.494181832557942	83.9955
chr10	51555904	0.6938974532086555	84.033
chr10	51609226	0.0	84.07
chr10	51647961	1.3350171387337593	84.07
chr10	51675676	1.286953963818292	84.107
chr10	51743666	0.0	84.1945
chr10	51762292	0.47214353163363454	84.1945
chr10	51787708	0.0	84.2065
chr10	51848531	0.0	84.2065
chr10	51865426	0.08572271103209206	84.2065
chr10	52011245	1.2172253840841576	84.219
chr10	52041642	0.0	84.256
chr10	52065915	0.8222045046839873	84.256
chr10	52126119	0.5233300537984485	84.3055
chr10	52173890	0.509186133510751	84.3305
chr10	52222006	2.767323444763804	84.355
chr10	52235557	0.0	84.3925
chr10	52271826	0.0	84.3925
chr10	52298741	0.0	84.3925
chr10	52329695	0.0	84.3925
chr10	52367103	0.4987277353690239	84.3925
chr10	52416228	0.0	84.417
chr10	52477262	8.018268280050865	84.417
chr10	52583457	0.0	85.2685
chr10	52633430	0.16363398350573166	85.2685
chr10	52709820	0.3870328513480705	85.281
chr10	52742117	0.0	85.2935
chr10	52783151	0.0	85.2935
chr10	52834517	0.0	85.2935
chr10	52887803	0.0	85.2935
chr10	52946873	0.0	85.2935
chr10	52969464	0.0	85.2935
chr10	52989290	0.0	85.2935
chr10	53077501	0.0	85.2935
chr10	53082494	0.0	85.2935
chr10	53105696	0.0	85.2935
chr10	53137618	0.0	85.2935
chr10	53157583	0.2784868879090382	85.2935
chr10	53200673	1.0393713881846625	85.3055
chr10	53224726	0.12395751727970608	85.3305
chr10	53325567	0.0	85.343
chr10	53366210	0.453070914659408	85.343
chr10	53421389	3.1480677377335105	85.368
chr10	53449025	0.5949453443545006	85.455
chr10	53512056	0.0	85.4925
chr10	53526756	0.0	85.4925
chr10	53556127	2.743787754740673	85.4925
chr10	53601320	0.0	85.6165
chr10	53609509	3.9711520905604605	85.6165
chr10	53675233	1.357726699215782	85.8775
chr10	53711691	1.3798432498066127	85.927
chr10	53738868	0.24767679169396745	85.9645
chr10	53789337	0.0	85.977
chr10	53834791	2.463251491969208	85.977
chr10	53859758	0.29788856584535633	86.0385
chr10	53943682	1.2822814351293095	86.0635
chr10	53982675	2.2592873388931145	86.1135
chr10	54015650	4.780139292230805	86.188
chr10	54054561	0.699378951491235	86.374
chr10	54072434	0.1869158878504744	86.3865
chr10	54136634	3.7984631505415343	86.3985
chr10	54159538	4.037330087238751	86.4855
chr10	54208828	1.3983091709795124	86.6845
chr10	54271046	1.1656107236186124	86.7715
chr10	54377428	0.3868136032082367	86.8955
chr10	54440766	21.262002743483407	86.92
chr10	54443682	5.462755678013106	86.982
chr10	54495945	0.8466475488187575	87.2675
chr10	54569175	0.062335395596006656	87.3295
chr10	54761682	2.0386218020520346	87.3415
chr10	54828639	0.0	87.478
chr10	54857282	1.6613076098609814	87.478
chr10	54894602	0.0	87.54
chr10	54898479	2.2277227722769926	87.54
chr10	54920699	0.8148197419184281	87.5895
chr10	54950767	3.429517502364754	87.614
chr10	54976135	1.014390824497093	87.701
chr10	55013103	2.1429987117233407	87.7385
chr10	55053467	0.0	87.825
chr10	55098582	1.864801864801793	87.825
chr10	55165077	2.804054054054	87.949
chr10	55209477	1.71529558527971	88.0735
chr10	55267193	5.6647671713254635	88.1725
chr10	55326507	0.0	88.5085
chr10	55333265	0.4526215349987294	88.5085
chr10	55415011	0.4662439388289012	88.5455
chr10	55441821	2.4770275669196007	88.558
chr10	55466851	0.0	88.62
chr10	55566368	0.0	88.62
chr10	55591111	0.0	88.62
chr10	55598682	1.7160900604048095	88.62
chr10	55605966	0.0	88.6325
chr10	55609902	0.31058987228551516	88.6325
chr10	55650148	0.0	88.645
chr10	55670387	1.0965874199493677	88.645
chr10	55693185	0.26125485934029463	88.67
chr10	55788877	1.0011464741882594	88.695
chr10	55912735	0.0	88.819
chr10	56002312	0.0	88.819
chr10	56050196	0.5292125317528722	88.819
chr10	56073816	0.8198174244436748	88.8315
chr10	56118948	0.34153938632210834	88.8685
chr10	56228745	5.462473055065275	88.906
chr10	56249157	0.0	89.0175
chr10	56303425	0.41727171064719987	89.0175
chr10	56363338	0.3534767977830739	89.0425
chr10	56398701	2.4118105632427778	89.055
chr10	56419225	1.170519064661132	89.1045
chr10	56493551	0.0	89.1915
chr10	56508548	2.7125312984380203	89.1915
chr10	56558870	15.308743450118246	89.328
chr10	56568603	1.155268022180971	89.477
chr10	56601063	0.4417448923246992	89.5145
chr10	56628228	1.166480029861712	89.5265
chr10	56660376	0.0	89.564
chr10	56669991	14.240956992313121	89.564
chr10	56673502	1.1806375442738626	89.614
chr10	56726016	2.0846493998734377	89.676
chr10	56749761	7.720294613541868	89.7255
chr10	56772299	4.3005624444955775	89.8995
chr10	56833105	1.3774295365190752	90.161
chr10	56905341	1.59114052953193	90.2605
chr10	56913197	1.5436690968605564	90.273
chr10	56993849	0.5661480020455459	90.3975
chr10	57103361	1.6005121638924455	90.4595
chr10	57142411	1.6821240225495107	90.522
chr10	57186403	0.45774132122465366	90.596
chr10	57213711	0.5234944300187885	90.6085
chr10	57237589	0.0	90.621
chr10	57325326	0.0	90.621
chr10	57386905	3.712503712504029	90.621
chr10	57413841	0.7935993780770987	90.721
chr10	57475585	3.765564332574547	90.77
chr10	57505461	0.22242388654607453	90.8825
chr10	57561660	0.0	90.895
chr10	57593744	0.18542142581663812	90.895
chr10	57661158	0.35326517958852965	90.9075
chr10	57730511	4.978965866126993	90.932
chr10	57768069	0.0	91.119
chr10	57794052	0.0	91.119
chr10	57837209	3.001146166375283	91.119
chr10	57870363	0.6888570483846925	91.2185
chr10	57888509	0.47480374778435713	91.231
chr10	57967489	2.703977932636486	91.2685
chr10	57995041	0.0	91.343
chr10	58138644	0.43344420069356904	91.343
chr10	58195168	0.0	91.3675
chr10	58237411	0.6887052341591533	91.3675
chr10	58255561	17.912967362761268	91.38
chr10	58271555	0.6737818025012313	91.6665
chr10	58290107	0.0	91.679
chr10	58302917	3.5908366457360756	91.679
chr10	58354994	0.4705882352941957	91.866
chr10	58433619	0.0	91.903
chr10	58469582	0.0	91.903
chr10	58522586	0.0	91.903
chr10	58548910	0.0	91.903
chr10	58587288	0.3818309557989013	91.903
chr10	58620025	2.1002520302441066	91.9155
chr10	58637880	0.7733712800840256	91.953
chr10	58686369	0.0	91.9905
chr10	58742841	0.34901577551313256	91.9905
chr10	58778656	0.8964507866814232	92.003
chr10	58805986	0.6381003944619946	92.0275
chr10	58883560	0.0	92.077
chr10	58908243	0.0	92.077
chr10	58927582	0.0	92.077
chr10	58944713	0.786485041054698	92.077
chr10	58976500	1.9700034146726604	92.102
chr10	59014571	0.8247558722615292	92.177
chr10	59044883	0.0	92.202
chr10	59061620	3.908787491879909	92.202
chr10	59106263	1.3640478578944313	92.3765
chr10	59188005	0.0	92.488
chr10	59233558	1.1417871252083112	92.488
chr10	59277349	0.0	92.538
chr10	59301292	1.4092446448703495	92.538
chr10	59345642	11.080397301349635	92.6005
chr10	59366986	9.67132521843651	92.837
chr10	59413567	1.6300995682441686	93.2875
chr10	59436265	0.3520829225700037	93.3245
chr10	59471768	7.054946186724365	93.337
chr10	59491187	0.8752217622706547	93.474
chr10	59533462	0.7216256783283017	93.511
chr10	59550784	6.814111050541678	93.5235
chr10	59563625	21.161845796652802	93.611
chr10	59584299	5.38915669176185	94.0485
chr10	59621225	0.0	94.2475
chr10	59724568	0.0	94.2475
chr10	59746908	0.0	94.2475
chr10	59785549	0.0	94.2475
chr10	59967712	0.0	94.2475
chr10	59980173	0.0	94.2475
chr10	60023219	0.0	94.2475
chr10	60042139	0.0	94.2475
chr10	60094395	0.18298395596678244	94.2475
chr10	60162707	2.876575724257771	94.26
chr10	60201816	0.0	94.3725
chr10	60235761	0.0	94.3725
chr10	60242935	0.0	94.3725
chr10	60286428	3.43260042675498	94.3725
chr10	60297207	0.0	94.4095
chr10	60301188	0.0	94.4095
chr10	60369265	1.4813059192987903	94.4095
chr10	60386142	8.64031020821045	94.4345
chr10	60445457	6.101757122539813	94.947
chr10	60510848	2.9165793841344105	95.346
chr10	60634966	0.5914919793688943	95.708
chr10	60677232	1.1760278483397162	95.733
chr10	60687861	0.0	95.7455
chr10	60702013	0.0	95.7455
chr10	60707094	0.0	95.7455
chr10	60743742	0.0	95.7455
chr10	60795242	0.4310394372348454	95.7455
chr10	60882241	5.927988860155198	95.783
chr10	60907376	0.3814464449192201	95.932
chr10	60940146	2.703206562266626	95.9445
chr10	60972330	2.0523766521636717	96.0315
chr10	60996692	4.2213091686828745	96.0815
chr10	61014459	1.477201267189661	96.1565
chr10	61098740	2.172186088078831	96.281
chr10	61139022	7.124193680085286	96.3685
chr10	61163516	12.635835228707899	96.543
chr10	61167473	3.400332476953216	96.593
chr10	61233643	5.075673680324948	96.818
chr10	61287823	15.996109746109747	97.093
chr10	61307359	1.2577983497681362	97.4055
chr10	61327235	0.0	97.4305
chr10	61344227	2.2993361015692795	97.4305
chr10	61469698	0.0	97.719
chr10	61478761	2.3984649824118023	97.719
chr10	61494396	0.0	97.7565
chr10	61554921	1.508036111898313	97.7565
chr10	61604323	0.0	97.831
chr10	61631408	9.917206623469902	97.831
chr10	61659188	2.2692803947756213	98.1065
chr10	61747542	15.51243624125791	98.307
chr10	61785576	0.0	98.897
chr10	61821084	0.5723705297859671	98.897
chr10	61864762	3.530827270580643	98.922
chr10	61953693	0.0	99.236
chr10	61985791	0.0	99.236
chr10	62003872	0.0	99.236
chr10	62062068	0.0	99.236
chr10	62072060	2.7268564133165003	99.236
chr10	62216182	0.0	99.629
chr10	62229274	0.0	99.629
chr10	62248468	0.0	99.629
chr10	62356210	0.2333308444707801	99.629
chr10	62409782	0.0	99.6415
chr10	62417520	4.731505820503371	99.6415
chr10	62444150	0.0	99.7675
chr10	62456617	0.0	99.7675
chr10	62460993	0.0	99.7675
chr10	62494852	0.0	99.7675
chr10	62511964	2.098056537102684	99.7675
chr10	62548188	0.0	99.8435
chr10	62611587	0.0	99.8435
chr10	62626579	0.0	99.8435
chr10	62709005	0.0	99.8435
chr10	62742812	0.0	99.8435
chr10	62768859	16.16502997066626	99.8435
chr10	62784541	0.0	100.097
chr10	62867346	0.0	100.097
chr10	62905591	0.0	100.097
chr10	62929354	8.474119338605428	100.097
chr10	62984994	0.0	100.5685
chr10	63027411	0.3586080270821598	100.5685
chr10	63062268	3.548859253752091	100.581
chr10	63148352	4.6393637444008355	100.8865
chr10	63192108	0.0	101.0895
chr10	63235415	0.0	101.0895
chr10	63261270	0.0	101.0895
chr10	63296381	1.9333316485127978	101.0895
chr10	63375519	8.930511494502042	101.2425
chr10	63398530	2.2488492216875913	101.448
chr10	63426989	0.5169128478181263	101.512
chr10	63574983	0.0	101.5885
chr10	63651678	0.0	101.5885
chr10	63655833	0.0	101.5885
chr10	63691214	2.8071991717768046	101.5885
chr10	63741442	4.93863163767305	101.7295
chr10	63820310	4.0850528961977	102.119
chr10	63887139	8.217286223961315	102.392
chr10	63930584	3.673938002296351	102.749
chr10	63969779	3.249883377390813	102.893
chr10	64001934	1.528300856940052	102.9975
chr10	64111860	2.8957928267075936	103.1655
chr10	64184379	0.0	103.3755
chr10	64202964	7.712908409212552	103.3755
chr10	64240304	0.8209465762796505	103.6635
chr10	64320699	5.014547321581488	103.7295
chr10	64349914	1.3413779510315171	103.876
chr10	64441238	6.966311521372969	103.9985
chr10	64464421	0.0	104.16
chr10	64539430	0.12128181401665258	104.16
chr10	64650741	0.9089876150435642	104.1735
chr10	64694746	0.0	104.2135
chr10	64714861	1.3001950292549111	104.2135
chr10	64734858	2.3417172593233464	104.2395
chr10	64792508	5.947955390334446	104.3745
chr10	64805958	1.9013452914799776	104.4545
chr10	64861708	1.0311746894889542	104.5605
chr10	64991172	0.0	104.694
chr10	65024122	0.0	104.694
chr10	65065504	30.973451327429284	104.694
chr10	65067651	0.6449224301632854	104.7605
chr10	65151382	1.9917723050576	104.8145
chr10	65205103	7.022991054927624	104.9215
chr10	65232157	1.8332311465357338	105.1115
chr10	65313707	0.23111095893929504	105.261
chr10	65430534	1.7719658518829524	105.288
chr10	65576135	0.0	105.546
chr10	65577561	4.5826108496408	105.546
chr10	65613894	0.24625910039302235	105.7125
chr10	65725565	18.873011593421484	105.74
chr10	65732983	10.509863102296142	105.88
chr10	65760814	1.9325057019160283	106.1725
chr10	65834035	0.15229475562141706	106.314
chr10	65925962	0.0	106.328
chr10	65985248	0.0	106.328
chr10	66030649	1.299130763416639	106.328
chr10	66051817	0.42910054503288225	106.3555
chr10	66118235	1.4432245760530795	106.384
chr10	66137636	0.0	106.412
chr10	66165829	1.4899301274145273	106.412
chr10	66204757	0.3874267117803695	106.47
chr10	66243474	10.880287819880461	106.485
chr10	66260707	3.2799653829510227	106.6725
chr10	66318482	0.9126675793343975	106.862
chr10	66399563	0.0	106.936
chr10	66470610	2.7571195356427864	106.936
chr10	66498175	0.3417554445177284	107.012
chr10	66540603	0.0	107.0265
chr10	66568766	0.0	107.0265
chr10	66659766	0.0	107.0265
chr10	66737332	0.0	107.0265
chr10	66761955	0.2620118899188338	107.0265
chr10	66817296	5.88650812338121	107.041
chr10	66838531	4.904559915164644	107.166
chr10	66864935	0.7614696363978266	107.2955
chr10	66885947	0.0	107.3115
chr10	66944038	0.1757353425741421	107.3115
chr10	67035084	5.6261188304494505	107.3275
chr10	67058546	1.245878438398609	107.4595
chr10	67191384	0.0	107.625
chr10	67211208	1.385903382735522	107.625
chr10	67264242	1.164497504648202	107.6985
chr10	67366432	0.0	107.8175
chr10	67392284	0.0	107.8175
chr10	67437641	0.5286455396414871	107.8175
chr10	67508577	0.0	107.855
chr10	67582166	0.3402981011365279	107.855
chr10	67640938	0.586988890161448	107.875
chr10	67675862	0.0	107.8955
chr10	67709546	0.0	107.8955
chr10	67761665	0.0	107.8955
chr10	67778861	0.0	107.8955
chr10	67829796	0.0	107.8955
chr10	67854385	0.0	107.8955
chr10	67879316	1.4853691142249412	107.8955
chr10	67919710	0.21019699858242347	107.9555
chr10	68021995	0.0	107.977
chr10	68064148	0.0	107.977
chr10	68144929	0.0	107.977
chr10	68176987	0.0	107.977
chr10	68199921	0.0	107.977
chr10	68215326	0.0	107.977
chr10	68230414	0.0	107.977
chr10	68321940	0.0	107.977
chr10	68376104	0.0	107.977
chr10	68403255	0.0	107.977
chr10	68441530	0.0	107.977
chr10	68524077	0.0	107.977
chr10	68588382	0.0	107.977
chr10	68600847	0.0	107.977
chr10	68661259	0.847765532275677	107.977
chr10	68686030	0.3452040718022699	107.998
chr10	68748312	0.0	108.0195
chr10	68775119	0.0	108.0195
chr10	68804818	0.0	108.0195
chr10	68827139	0.0	108.0195
chr10	68893814	0.0	108.0195
chr10	68961282	0.0	108.0195
chr10	68985066	0.0	108.0195
chr10	69033283	0.0	108.0195
chr10	69049503	0.0	108.0195
chr10	69067809	0.0	108.0195
chr10	69149335	0.0	108.0195
chr10	69176234	0.0	108.0195
chr10	69231513	0.0	108.0195
chr10	69241496	0.0	108.0195
chr10	69290594	0.0	108.0195
chr10	69319536	0.0	108.0195
