Chromosome	Position(bp)	Rate(cM/Mb)	Map(cM)
chr4	0	0.0	0.0
chr4	65338	0.0	0.0
chr4	102267	0.0	0.0
chr4	124361	0.0	0.0
chr4	203789	0.0	0.0
chr4	207385	0.0	0.0
chr4	234604	0.0	0.0
chr4	258865	0.0	0.0
chr4	274402	0.0	0.0
chr4	305639	0.0	0.0
chr4	354633	0.0	0.0
chr4	415270	0.0	0.0
chr4	474746	0.0	0.0
chr4	586319	0.0	0.0
chr4	626786	1.0943300872742823	0.0
chr4	884021	0.0	0.2815
chr4	888347	0.0	0.2815
chr4	914561	2.7953876104427717	0.2815
chr4	934594	7.227779814591736	0.3375
chr4	972780	0.0	0.6135
chr4	1057355	6.077655067027852	0.6135
chr4	1100546	0.0	0.876
chr4	1257709	17.35941320293398	0.876
chr4	1274069	0.0	1.16
chr4	1298432	0.0	1.16
chr4	1992294	0.0	1.16
chr4	2020989	16.106711770585072	1.16
chr4	2033996	5.202128504487333	1.3695
chr4	2059178	0.0	1.5005
chr4	2105830	1.507700872146965	1.5005
chr4	2127386	6.33708572778084	1.533
chr4	2140089	1.7497812773403338	1.6135
chr4	2158377	2.7316184839517437	1.6455
chr4	2175949	2.6531796700107813	1.6935
chr4	2188010	2.042048440940407	1.7255
chr4	2328800	0.5403921703178931	2.013
chr4	2387091	7.042253521126746	2.0445
chr4	2400226	0.0	2.137
chr4	2419181	0.38312282176137247	2.137
chr4	2459638	0.3146016421174235	2.1525
chr4	2556586	9.910694837726007	2.183
chr4	2570359	0.0	2.3195
chr4	2581671	0.0	2.3195
chr4	2620727	0.0	2.3195
chr4	2648175	0.0	2.3195
chr4	2672183	1.309586170770028	2.3195
chr4	2695091	0.0	2.3495
chr4	2905283	0.0	2.3495
chr4	2923923	0.0	2.3495
chr4	2940722	10.287498851841656	2.3495
chr4	2962496	0.0	2.5735
chr4	2977864	0.6977592413454073	2.5735
chr4	3040923	0.0	2.6175
chr4	3070327	0.0	2.6175
chr4	3079788	0.5723880027474503	2.6175
chr4	3105994	0.0	2.6325
chr4	3149504	0.3247116784234679	2.6325
chr4	3194159	0.0	2.647
chr4	3215894	4.859435131433044	2.647
chr4	3246556	0.6850223184690984	2.796
chr4	3269183	2.431170503944611	2.8115
chr4	3331293	1.7649196269444374	2.9625
chr4	3389086	0.0	3.0645
chr4	3419910	0.0	3.0645
chr4	3441179	7.843041438623939	3.0645
chr4	3461643	3.93608799583026	3.225
chr4	3517282	0.5363791253865082	3.444
chr4	3596517	0.5907615172810597	3.4865
chr4	3693849	5.575682101211369	3.544
chr4	3711515	1.4509916193847265	3.6425
chr4	3788359	0.0	3.754
chr4	3828803	1.843347778280848	3.754
chr4	3844264	0.9570876692304965	3.7825
chr4	3901730	0.5915863277826497	3.8375
chr4	3924550	6.561783540200821	3.851
chr4	3937199	3.5999999999998993	3.934
chr4	3940949	0.5692908262849803	3.9475
chr4	3965541	2.4850437183617244	3.9615
chr4	3987271	0.0	4.0155
chr4	4034398	1.7111712016224336	4.0155
chr4	4058066	0.944642216760399	4.056
chr4	4172395	0.0	4.164
chr4	4177199	0.33498759305211084	4.164
chr4	4257799	0.0	4.191
chr4	4274908	0.0	4.191
chr4	4301248	1.211020284589768	4.191
chr4	4334278	2.768577934175147	4.231
chr4	4353602	0.0	4.2845
chr4	4368861	2.059653673048993	4.2845
chr4	4381970	0.0	4.3115
chr4	4414662	1.6613339896628736	4.3115
chr4	4422788	0.0	4.325
chr4	4435994	2.3024054982817925	4.325
chr4	4465094	2.1548258450454854	4.392
chr4	4496187	1.3831967213115277	4.459
chr4	4505947	0.0	4.4725
chr4	4515434	0.6699751861041997	4.4725
chr4	4535584	0.0	4.486
chr4	4564147	3.8144807671740835	4.486
chr4	4592198	0.0	4.593
chr4	4603217	0.0	4.593
chr4	4614914	0.0	4.593
chr4	4627905	0.0	4.593
chr4	4640590	1.5567173823650597	4.593
chr4	4657613	1.2337781027234165	4.6195
chr4	4668555	1.8842905994835744	4.633
chr4	4682884	1.0894125242091368	4.66
chr4	4695276	1.1812812358018991	4.6735
chr4	4706281	0.0	4.6865
chr4	4719646	1.798621057189497	4.6865
chr4	4749669	0.0	4.7405
chr4	4765544	0.0	4.7405
chr4	4792959	0.0	4.7405
chr4	4806796	3.12331302537208	4.7405
chr4	4819763	4.405927975822031	4.781
chr4	4847226	4.723682341241623	4.902
chr4	4861304	0.0	4.9685
chr4	4887024	0.0	4.9685
chr4	4914170	0.0	4.9685
chr4	4928176	5.771384270824375	4.9685
chr4	4939785	1.9587024968880629	5.0355
chr4	4967099	0.0	5.089
chr4	4982343	0.0	5.089
chr4	4994019	2.519048359508615	5.089
chr4	5026174	0.0	5.17
chr4	5058690	0.0	5.17
chr4	5069408	1.459331460983557	5.17
chr4	5087567	2.859159901164826	5.1965
chr4	5101732	0.0	5.237
chr4	5113690	0.0	5.237
chr4	5126171	0.0	5.237
chr4	5153128	0.0	5.237
chr4	5165314	0.0	5.237
chr4	5177591	0.0	5.237
chr4	5188632	4.665448466233821	5.237
chr4	5214353	0.0	5.357
chr4	5226846	3.3123550844650573	5.357
chr4	5238922	1.8444948921679767	5.397
chr4	5253018	0.0	5.423
chr4	5271972	0.7653361591899153	5.423
chr4	5288958	0.0	5.436
chr4	5313339	11.832374691865253	5.436
chr4	5325509	0.0	5.58
chr4	5336914	0.0	5.58
chr4	5352350	10.057928575975577	5.58
chr4	5368059	6.347226298796564	5.738
chr4	5395315	56.93701111568551	5.911
chr4	5407460	0.0	6.6025
chr4	5457956	0.0	6.6025
chr4	5462167	0.0	6.6025
chr4	5478476	1.0443761330495596	6.6025
chr4	5503850	6.072106261859588	6.629
chr4	5517025	0.0	6.709
chr4	5540054	0.941346850108674	6.709
chr4	5553864	4.390112116709409	6.722
chr4	5568670	1.6354630696863093	6.787
chr4	5600771	0.0	6.8395
chr4	5617884	0.0	6.8395
chr4	5635396	0.0	6.8395
chr4	5647595	0.0	6.8395
chr4	5662140	0.0	6.8395
chr4	5689701	0.0	6.8395
chr4	5708606	0.0	6.8395
chr4	5716312	0.0	6.8395
chr4	5729287	0.0	6.8395
chr4	5750213	0.0	6.8395
chr4	5763913	0.0	6.8395
chr4	5832105	8.250825082508259	6.8395
chr4	5836953	0.0	6.8795
chr4	5852528	0.0	6.8795
chr4	5864524	1.6514758759093329	6.8795
chr4	5888442	0.0	6.919
chr4	5903587	0.0	6.919
chr4	5914422	0.0	6.919
chr4	5928318	0.0	6.919
chr4	5944687	0.0	6.919
chr4	5950474	0.0	6.919
chr4	5964339	0.0	6.919
chr4	5978821	4.840536294889135	6.919
chr4	6006194	0.0	7.0515
chr4	6042194	2.0834971302775696	7.0515
chr4	6054913	1.2285571279064538	7.078
chr4	6076890	0.0	7.105
chr4	6085468	0.0	7.105
chr4	6094575	0.9221756111673365	7.105
chr4	6122227	1.3213198097299528	7.1305
chr4	6161960	2.7618504397946784	7.183
chr4	6195271	8.402347833078702	7.275
chr4	6207708	0.0	7.3795
chr4	6221160	0.7531865585167961	7.3795
chr4	6238420	7.771860292296271	7.3925
chr4	6270716	0.0	7.6435
chr4	6291628	0.0	7.6435
chr4	6303903	0.0	7.6435
chr4	6317055	1.4954561141147937	7.6435
chr4	6343134	0.0	7.6825
chr4	6351784	0.0	7.6825
chr4	6399135	0.0	7.6825
chr4	6408725	2.474540782335567	7.6825
chr4	6419232	0.0	7.7085
chr4	6439753	13.423779266128554	7.7085
chr4	6457222	0.4305918982478483	7.943
chr4	6487413	0.0	7.956
chr4	6500783	11.655810764484023	7.956
chr4	6529953	0.0	8.296
chr4	6550436	4.437196601941781	8.296
chr4	6576804	0.0	8.413
chr4	6596818	0.3586503710651888	8.413
chr4	6633065	0.0	8.426
chr4	6652864	0.0	8.426
chr4	6682647	10.09526517844444	8.426
chr4	6696713	0.0	8.568
chr4	6721024	13.714392337355472	8.568
chr4	6737102	0.0	8.7885
chr4	6758988	4.398161284830532	8.7885
chr4	6776609	0.0	8.866
chr4	6806560	1.420118343195275	8.866
chr4	6924860	0.0	9.034
chr4	6930306	0.0	9.034
chr4	6942881	13.62510322047883	9.034
chr4	6951358	0.0	9.1495
chr4	6966103	0.0	9.1495
chr4	6979637	0.0	9.1495
chr4	7014121	5.701254275940698	9.1495
chr4	7029907	0.0	9.2395
chr4	7043548	7.880124122162322	9.2395
chr4	7068040	0.0	9.4325
chr4	7075969	0.0	9.4325
chr4	7152094	4.969821141812971	9.4325
chr4	7188212	0.0	9.612
chr4	7234042	2.7294890820437128	9.612
chr4	7252910	1.5186490098407595	9.6635
chr4	7261141	0.0	9.676
chr4	7270778	4.372427983539108	9.676
chr4	7282442	3.248131793478233	9.727
chr4	7305994	0.0	9.8035
chr4	7319710	0.0	9.8035
chr4	7330381	6.371329019412649	9.8035
chr4	7340426	12.67410390124762	9.8675
chr4	7355575	0.0	10.0595
chr4	7369787	9.413735343383545	10.0595
chr4	7384712	0.0	10.2
chr4	7395635	2.8127658406739915	10.2
chr4	7432076	2.441125789775913	10.3025
chr4	7442522	7.670425683226648	10.328
chr4	7452365	0.0	10.4035
chr4	7472266	14.325202644652853	10.4035
chr4	7499037	0.8747375787263324	10.787
chr4	7513327	4.440289787333519	10.7995
chr4	7521885	0.0	10.8375
chr4	7563941	0.0	10.8375
chr4	7610768	0.0	10.8375
chr4	7632176	2.5049439683586194	10.8375
chr4	7647346	0.7437921959034157	10.8755
chr4	7664824	4.288455027649278	10.8885
chr4	7673685	0.4675381822848717	10.9265
chr4	7728226	0.0	10.952
chr4	7739472	0.0	10.952
chr4	7749665	1.0110437081972237	10.952
chr4	7762523	2.5709584533113703	10.965
chr4	7777109	0.0	11.0025
chr4	7783320	1.994290853634699	11.0025
chr4	7808893	0.0	11.0535
chr4	7823047	2.1303720602543437	11.0535
chr4	7852854	9.759856170540482	11.117
chr4	7860641	3.537490462648273	11.193
chr4	7875058	27.996810489944245	11.244
chr4	7886345	11.360239162929748	11.56
chr4	7909760	53.54486861675753	11.826
chr4	7921862	2.2869523350987158	12.474
chr4	7938478	6.507988738985743	12.512
chr4	7965829	11.060417530761796	12.69
chr4	7987528	0.6421122925977842	12.93
chr4	8006995	1.8213293901251324	12.9425
chr4	8034722	21.612001017035332	12.993
chr4	8050454	11.548969285536879	13.333
chr4	8062533	0.0	13.4725
chr4	8092339	37.80420571788615	13.4725
chr4	8105036	0.6432853871291094	13.9525
chr4	8143899	0.0	13.9775
chr4	8154534	3.646764390418317	13.9775
chr4	8168519	0.0	14.0285
chr4	8182488	0.0	14.0285
chr4	8275110	0.0	14.0285
chr4	8287695	0.0	14.0285
chr4	8302924	0.0	14.0285
chr4	8310627	0.0	14.0285
chr4	8322942	0.0	14.0285
chr4	8337170	6.689858175006785	14.0285
chr4	8344644	0.0	14.0785
chr4	8360774	0.0	14.0785
chr4	8375331	0.0	14.0785
chr4	8384434	0.0	14.0785
chr4	8392663	0.0	14.0785
chr4	8412464	0.0	14.0785
chr4	8440817	0.0	14.0785
chr4	8468836	3.9246467817896944	14.0785
chr4	8481576	0.0	14.1285
chr4	8495686	0.0	14.1285
chr4	8513008	0.0	14.1285
chr4	8527637	0.6349690135121044	14.1285
chr4	8547323	0.30342015195279487	14.141
chr4	8588520	1.4930721452460796	14.1535
chr4	8605264	3.158160687215736	14.1785
chr4	8617138	7.003191720120259	14.216
chr4	8649409	0.3983936766955408	14.442
chr4	8680785	5.919019433240817	14.4545
chr4	8718967	0.0	14.6805
chr4	8732382	6.8109768179115955	14.6805
chr4	8752570	4.103742613263328	14.818
chr4	8786076	0.0	14.9555
chr4	8797790	11.168727562824103	14.9555
chr4	8807818	21.307623754354687	15.0675
chr4	8820161	1.1494252873562565	15.3305
chr4	8831036	32.04935299428229	15.343
chr4	8844328	4.72691912916646	15.769
chr4	8862839	0.0	15.8565
chr4	8880435	3.370544140646066	15.8565
chr4	8898978	0.4523085830076454	15.919
chr4	8926614	1.3233581536506915	15.9315
chr4	8954951	1.8225559524677668	15.969
chr4	8968668	0.647534189805185	15.994
chr4	8987972	1.8999691896889486	16.0065
chr4	9007446	10.842993454774803	16.0435
chr4	9020127	0.0	16.181
chr4	9035764	10.409740691489313	16.181
chr4	9059828	0.0	16.4315
chr4	9078228	0.0	16.4315
chr4	9098414	0.0	16.4315
chr4	9129444	0.7334890126339664	16.4315
chr4	9162846	3.4302963776070468	16.456
chr4	9195642	6.201765798082627	16.5685
chr4	9274813	0.5893168638913436	17.0595
chr4	9296024	0.0	17.072
chr4	9354507	1.1802473798509174	17.072
chr4	9375689	0.0	17.097
chr4	9391841	11.275840467738501	17.097
chr4	9406208	7.245111731843643	17.259
chr4	9423392	4.390450329724562	17.3835
chr4	9480106	0.0	17.6325
chr4	9501108	1.276421934034442	17.6325
chr4	9520694	0.964580600355185	17.6575
chr4	9533653	1.5503395243558284	17.67
chr4	9662657	19.655492816810707	17.87
chr4	9676648	0.0	18.145
chr4	9697882	0.8225307626504763	18.145
chr4	9713079	0.0	18.1575
chr4	9719638	0.0	18.1575
chr4	9742352	1.655629139072989	18.1575
chr4	9757452	1.1306441024144287	18.1825
chr4	9812288	3.572463068456195	18.2445
chr4	9833002	5.836757564437804	18.3185
chr4	9843710	0.0	18.381
chr4	9904500	0.0	18.381
chr4	9943441	0.0	18.381
chr4	9963474	0.0	18.381
chr4	9984069	5.578721965513366	18.381
chr4	10001815	0.9496315429612769	18.48
chr4	10014978	19.0442971747471	18.4925
chr4	10029313	4.532868643025898	18.7655
chr4	10122852	3.324753324753387	19.1895
chr4	10141500	0.4067818672914605	19.2515
chr4	10172229	0.0	19.264
chr4	10196330	4.218303770272784	19.264
chr4	10234497	51.32035855608498	19.425
chr4	10246880	0.0	20.0605
chr4	10267371	0.4728758417189714	20.0605
chr4	10293805	5.977632086386366	20.073
chr4	10314549	0.8959623081775543	20.197
chr4	10493686	0.0	20.3575
chr4	10508062	0.0	20.3575
chr4	10524006	0.0	20.3575
chr4	10547480	0.0	20.3575
chr4	10567252	0.0	20.3575
chr4	10581690	0.0	20.3575
chr4	10598993	8.65076042974745	20.3575
chr4	10620494	0.0	20.5435
chr4	10641049	0.0	20.5435
chr4	10784266	1.490553116061678	20.5435
chr4	10809089	0.0	20.5805
chr4	10836286	0.0	20.5805
chr4	10840657	7.295208029787887	20.5805
chr4	10890073	13.667366211962246	20.941
chr4	10909133	1.6823562884251317	21.2015
chr4	10989972	0.0	21.3375
chr4	11068451	0.0	21.3375
chr4	11081584	0.883715260848364	21.3375
chr4	11180032	2.8161001280045572	21.4245
chr4	11215187	0.46906148614315973	21.5235
chr4	11240770	0.0	21.5355
chr4	11313214	1.6510913713965165	21.5355
chr4	11343497	0.0	21.5855
chr4	11371606	0.0	21.5855
chr4	11396290	2.118644067796568	21.5855
chr4	11425318	2.9660004777450615	21.647
chr4	11450436	13.577925485394486	21.7215
chr4	11473304	0.0	22.032
chr4	11488483	0.0	22.032
chr4	11498071	0.0	22.032
chr4	11524253	0.0	22.032
chr4	11626151	8.316566063044933	22.032
chr4	11648516	13.327948303715697	22.218
chr4	11663372	1.0434927790299098	22.416
chr4	11675351	1.7645970599535907	22.4285
chr4	11745622	0.0	22.5525
chr4	11767595	0.0	22.5525
chr4	11780330	0.45142650776463855	22.5525
chr4	11808020	0.0	22.565
chr4	11818922	0.3551943623550605	22.565
chr4	11854114	0.4973680938367992	22.5775
chr4	11878241	1.877940731365023	22.5895
chr4	11950927	2.8039479587257263	22.726
chr4	11955385	0.0	22.7385
chr4	11976170	0.3173716549028295	22.7385
chr4	12015556	0.0	22.751
chr4	12033497	0.0	22.751
chr4	12050745	1.296422397988537	22.751
chr4	12088927	0.0	22.8005
chr4	12145569	3.2679738562089646	22.8005
chr4	12149394	1.043974774160548	22.813
chr4	12172862	0.7612049366677781	22.8375
chr4	12222126	4.077217507072682	22.875
chr4	12234144	4.113601630157927	22.924
chr4	12273404	5.404520144120509	23.0855
chr4	12319199	6.157513159201625	23.333
chr4	12329268	1.0319265436778595	23.395
chr4	12353010	2.087135807476508	23.4195
chr4	12412182	18.730868276565783	23.543
chr4	12432763	4.314860078814831	23.9285
chr4	12452810	11.844282938763769	24.015
chr4	12522295	1.7482292751275723	24.838
chr4	12600088	0.0	24.974
chr4	12699273	0.0	24.974
chr4	12723341	0.9134088417975367	24.974
chr4	12750711	1.9628755559589932	24.999
chr4	12794779	0.7830853563038166	25.0855
chr4	12842028	0.0	25.1225
chr4	12849144	4.088481353689129	25.1225
chr4	12870301	0.0	25.209
chr4	12894649	0.0	25.209
chr4	12912922	0.9210223347916536	25.209
chr4	12925951	1.7565431231336979	25.221
chr4	12954416	0.0	25.271
chr4	12983261	6.58185352062907	25.271
chr4	13005899	0.0	25.42
chr4	13021236	4.907414765954063	25.42
chr4	13046402	0.0	25.5435
chr4	13106627	8.46176355832994	25.5435
chr4	13127131	0.0	25.717
chr4	13144202	0.0	25.717
chr4	13163579	0.0	25.717
chr4	13203921	0.0	25.717
chr4	13223228	1.8966846569006115	25.717
chr4	13255653	1.1888782358580559	25.7785
chr4	13307803	0.40716612377849737	25.8405
chr4	13367975	1.2439705509014114	25.865
chr4	13387670	1.0950957468848679	25.8895
chr4	13421457	2.683330932142359	25.9265
chr4	13449221	1.762820512820453	26.001
chr4	13477301	0.0	26.0505
chr4	13515404	0.6994637444626052	26.0505
chr4	13532560	0.0	26.0625
chr4	13582667	0.0	26.0625
chr4	13613953	1.5720947899301623	26.0625
chr4	13661342	0.0	26.137
chr4	13732030	0.0	26.137
chr4	13752217	0.8323506970937403	26.137
chr4	13766634	0.0	26.149
chr4	13793308	0.0	26.149
chr4	13817138	0.0	26.149
chr4	13872898	0.0	26.149
chr4	13890328	0.0	26.149
chr4	13904768	0.0	26.149
chr4	13917288	0.0	26.149
chr4	13955716	0.0	26.149
chr4	13968246	0.48835755586807666	26.149
chr4	14019438	0.2664279472259371	26.174
chr4	14066355	3.682285488335333	26.1865
chr4	14086587	5.089170479877997	26.261
chr4	14120679	1.8935734435985425	26.4345
chr4	14146556	6.497948016415877	26.4835
chr4	14171410	7.461339430772005	26.645
chr4	14221267	1.2042389210018583	27.017
chr4	14231647	1.2263542028697676	27.0295
chr4	14332352	3.881439661256183	27.153
chr4	14357858	0.0	27.252
chr4	14382004	0.0	27.252
chr4	14406433	0.0	27.252
chr4	14426654	0.4659654995340296	27.252
chr4	14479233	0.0	27.2765
chr4	14528429	0.0	27.2765
chr4	14542267	2.941526028048602	27.2765
chr4	14559095	0.0	27.326
chr4	14591850	0.0	27.326
chr4	14601653	0.0	27.326
chr4	14657602	0.0	27.326
chr4	14680212	0.0	27.326
chr4	14725163	1.4821841465583894	27.326
chr4	14758897	0.793804453049355	27.376
chr4	14836372	2.0883858798168	27.4375
chr4	14866060	0.0	27.4995
chr4	14888214	1.1788320005097344	27.4995
chr4	14919601	0.7888466739648317	27.5365
chr4	14950659	5.92007199707511	27.561
chr4	14986216	2.5922111473807683	27.7715
chr4	15043503	1.2863390789811464	27.92
chr4	15062938	0.0	27.945
chr4	15067169	0.8384572386808591	27.945
chr4	15081481	0.0	27.957
chr4	15105445	0.4636799495516281	27.957
chr4	15213278	0.0	28.007
chr4	15237877	0.0	28.007
chr4	15248646	6.697266847485874	28.007
chr4	15272611	1.950078003120014	28.1675
chr4	15285431	2.381309934996689	28.1925
chr4	15332044	3.9827771797632736	28.3035
chr4	15350624	2.5519001310434533	28.3775
chr4	15365123	0.0	28.4145
chr4	15365877	2.2642876551035753	28.4145
chr4	15376918	4.9943940474976545	28.4395
chr4	15386729	4.02946802881681	28.4885
chr4	15411298	0.0	28.5875
chr4	15434756	2.7342882522762983	28.5875
chr4	15470780	0.0	28.686
chr4	15495527	4.98074113428097	28.686
chr4	15503056	1.919741176011963	28.7235
chr4	15554365	2.046161401211211	28.822
chr4	15560474	4.148098321141378	28.8345
chr4	15596153	1.4806917791991578	28.9825
chr4	15604595	2.5914377212202417	28.995
chr4	15628327	16.728123032646813	29.0565
chr4	15639446	0.0	29.2425
chr4	15646875	0.0	29.2425
chr4	15662743	0.0	29.2425
chr4	15671824	2.549789814623384	29.2425
chr4	15729868	22.910019144862908	29.3905
chr4	15745538	20.804826470954005	29.7495
chr4	15761616	0.0	30.084
chr4	15778434	0.19974113548839567	30.084
chr4	15841015	0.0	30.0965
chr4	15858014	3.1255261828591108	30.0965
chr4	15905526	13.012181616832748	30.245
chr4	15923586	1.7799586279886572	30.48
chr4	15985947	0.0	30.591
chr4	16006780	1.1551078870765874	30.591
chr4	16028423	2.5084635151119135	30.616
chr4	16052940	0.0	30.6775
chr4	16149881	0.9662088055570739	30.6775
chr4	16188175	0.0	30.7145
chr4	16196913	0.0	30.7145
chr4	16210071	0.0	30.7145
chr4	16252124	0.0	30.7145
chr4	16287909	0.0	30.7145
chr4	16299779	0.3524552029436858	30.7145
chr4	16370710	0.7500000000000284	30.7395
chr4	16386710	0.0	30.7515
chr4	16403171	0.0	30.7515
chr4	16419577	8.53690005160843	30.7515
chr4	16442829	2.6908292147171604	30.95
chr4	16451934	0.0	30.9745
chr4	16508486	0.0	30.9745
chr4	16528527	0.0	30.9745
chr4	16569321	20.901292738915284	30.9745
chr4	16577598	0.0	31.1475
chr4	16649404	0.25527917330391064	31.1475
chr4	16698370	0.0	31.16
chr4	16701816	0.0	31.16
chr4	16718089	3.6203522504891423	31.16
chr4	16728309	1.1968117421204998	31.197
chr4	16810611	0.0	31.2955
chr4	16844143	0.0	31.2955
chr4	16849767	0.0	31.2955
chr4	16878105	0.0	31.2955
chr4	16901245	0.0	31.2955
chr4	16944823	0.33439447847835235	31.2955
chr4	17019585	0.5685694791903247	31.3205
chr4	17041570	2.841375685707746	31.333
chr4	17072013	0.0	31.4195
chr4	17098400	0.0	31.4195
chr4	17129943	0.0	31.4195
chr4	17162721	0.8909815284317614	31.4195
chr4	17231746	0.5652193974069059	31.481
chr4	17275092	0.37913254473761876	31.5055
chr4	17308062	0.0	31.518
chr4	17332519	0.0	31.518
chr4	17351479	0.4425875438161417	31.518
chr4	17379722	5.768589529843224	31.5305
chr4	17409712	0.7765451664026402	31.7035
chr4	17441262	1.625829337187096	31.728
chr4	17471708	0.5236479410163157	31.7775
chr4	17543321	0.0	31.815
chr4	17569771	0.48544671210981927	31.815
chr4	17619210	0.0	31.839
chr4	17636221	0.0	31.839
chr4	17678625	0.0	31.839
chr4	17691889	5.746014548831531	31.839
chr4	17717733	0.4731443279457697	31.9875
chr4	17744152	6.805946408907273	32.0
chr4	17776844	1.734164798206344	32.2225
chr4	17833932	0.0	32.3215
chr4	17843083	0.0	32.3215
chr4	17908794	2.076095246165256	32.3215
chr4	17920595	0.5895357406042965	32.346
chr4	17940950	1.1646324420013485	32.358
chr4	17973149	0.0	32.3955
chr4	17990297	14.728489957847962	32.3955
chr4	18010462	0.0	32.6925
chr4	18032704	0.0	32.6925
chr4	18045089	2.98236775818632	32.6925
chr4	18094714	0.0	32.8405
chr4	18112376	0.0	32.8405
chr4	18127627	0.0	32.8405
chr4	18128186	0.5029978672891571	32.8405
chr4	18153037	3.3879554725851824	32.853
chr4	18167500	66.75675675675673	32.902
chr4	18171200	0.5399334801950558	33.149
chr4	18194351	0.0	33.1615
chr4	18196597	8.497827909458623	33.1615
chr4	18209718	0.0	33.273
chr4	18215037	3.167949312810945	33.273
chr4	18340039	0.7031936712569854	33.669
chr4	18357104	1.4693781591633763	33.681
chr4	18374118	0.0	33.706
chr4	18427458	0.9812167087186588	33.706
chr4	18452427	1.040626040626277	33.7305
chr4	18464439	0.0	33.743
chr4	18491501	0.40038567763226934	33.743
chr4	18552692	0.0	33.7675
chr4	18573649	0.9086188992732271	33.7675
chr4	18600613	0.0	33.792
chr4	18675060	0.3322877345950273	33.792
chr4	18712678	0.0	33.8045
chr4	18736458	0.9182736455464076	33.8045
chr4	18749526	0.0	33.8165
chr4	18765772	0.0	33.8165
chr4	18792665	0.6018295618682158	33.8165
chr4	18813435	0.0	33.829
chr4	18842181	0.0	33.829
chr4	18856121	3.3716454175653157	33.829
chr4	18892750	4.2451904201021256	33.9525
chr4	18913126	7.223740726278608	34.039
chr4	18933614	1.409684916371358	34.187
chr4	18959861	2.8659953524401693	34.224
chr4	18985681	2.5596679349705314	34.298
chr4	19014591	8.864929619646794	34.372
chr4	19031286	3.4041725429167884	34.52
chr4	19092975	3.2196207476149428	34.73
chr4	19135216	0.0	34.866
chr4	19164257	3.519786910197777	34.866
chr4	19195793	0.6158583525789302	34.977
chr4	19215278	0.0	34.989
chr4	19255116	0.25998556814808876	34.989
chr4	19349352	0.9472567444679668	35.0135
chr4	19375744	0.8968931620867362	35.0385
chr4	19389681	14.505119453924832	35.051
chr4	19408433	4.755050634863576	35.323
chr4	19447339	1.6168544830963505	35.508
chr4	19477954	0.0	35.5575
chr4	19550554	3.052959501558043	35.5575
chr4	19558579	13.425591242383456	35.582
chr4	19577945	3.8098297462255286	35.842
chr4	19655770	0.0	36.1385
chr4	19689213	0.0	36.1385
chr4	19708171	5.036480096407041	36.1385
chr4	19784514	0.0	36.523
chr4	19802085	0.45194151632484864	36.523
chr4	19965823	0.0	36.597
chr4	19971832	0.0	36.597
chr4	20038717	0.0	36.597
chr4	20074464	0.0	36.597
chr4	20109839	5.558894230769085	36.597
chr4	20129807	1.3175650547746043	36.708
chr4	20223920	0.0	36.832
chr4	20252989	2.525077827741034	36.832
chr4	20267444	0.5975464013073656	36.8685
chr4	20308445	2.1455544112603575	36.893
chr4	20314271	23.546881629189034	36.9055
chr4	20318985	0.7170309183731596	37.0165
chr4	20353851	0.0	37.0415
chr4	20358639	4.178272980501551	37.0415
chr4	20361511	3.190613421160849	37.0535
chr4	20380943	3.3066523500414955	37.1155
chr4	20421921	1.1933751552194871	37.251
chr4	20483930	3.5388073262875075	37.325
chr4	20504841	1.7540129690656558	37.399
chr4	20533062	7.314169076373407	37.4485
chr4	20544820	8.877628376491106	37.5345
chr4	20569883	0.6599600456620832	37.757
chr4	20625947	1.5294101437094976	37.794
chr4	20698524	0.0	37.905
chr4	20728131	1.4821342733535907	37.905
chr4	20753095	6.049177115987458	37.942
chr4	20773511	2.910635619886645	38.0655
chr4	20786223	3.324940900616975	38.1025
chr4	20838254	0.24151186427034146	38.2755
chr4	20887941	0.0	38.2875
chr4	20903044	0.0	38.2875
chr4	20914852	0.0	38.2875
chr4	20935151	0.5812583457701521	38.2875
chr4	20998806	1.0932891126014477	38.3245
chr4	21066949	0.0	38.399
chr4	21093881	10.310427464749612	38.399
chr4	21111824	0.0	38.584
chr4	21146107	0.0	38.584
chr4	21190398	4.178902191099958	38.584
chr4	21199252	0.0	38.621
chr4	21208017	0.0	38.621
chr4	21218172	0.0	38.621
chr4	21221990	0.0	38.621
chr4	21268769	0.9780289259463126	38.621
chr4	21319381	3.351915380217326	38.6705
chr4	21389341	0.0	38.905
chr4	21402450	0.0	38.905
chr4	21421497	0.23957355906487363	38.905
chr4	21471586	6.355365266256279	38.917
chr4	21516430	0.0	39.202
chr4	21709638	3.3488206768730864	39.202
chr4	21906573	0.42122999157541613	39.8615
chr4	21935061	2.2403221710263748	39.8735
chr4	21990187	0.0	39.997
chr4	22001152	0.17789110099767932	39.997
chr4	22068609	1.8975332068310118	40.009
chr4	22081784	2.8137245967374453	40.034
chr4	22125676	2.1486217377634187	40.1575
chr4	22182922	1.1572264097832243	40.2805
chr4	22246868	1.3169361866950293	40.3545
chr4	22350138	1.1013610315186664	40.4905
chr4	22405978	2.304021065335464	40.552
chr4	22497123	1.7655367231642434	40.762
chr4	22504203	0.0	40.7745
chr4	22521445	7.047616146693976	40.7745
chr4	22652766	5.0792694614056995	41.7
chr4	22689287	0.7847030939720772	41.8855
chr4	22720509	0.7152826238660425	41.91
chr4	22806489	3.0879174202655735	41.9715
chr4	22874496	16.040726155028487	42.1815
chr4	22895318	1.6861869388870725	42.5155
chr4	22961147	0.9849279405423081	42.6265
chr4	23148978	0.0	42.8115
chr4	23166719	0.0	42.8115
chr4	23186315	1.7347117574906175	42.8115
chr4	23214850	0.40365550424654767	42.861
chr4	23245817	0.0	42.8735
chr4	23325059	0.6334022750775529	42.8735
chr4	23402419	0.0	42.9225
chr4	23551296	0.32098194797531887	42.9225
chr4	23590239	1.6693922049602201	42.935
chr4	23604915	0.0	42.9595
chr4	23650261	0.0	42.9595
chr4	23671137	0.0	42.9595
chr4	23728687	0.47198308412637224	42.9595
chr4	23755171	0.12488136270538726	42.972
chr4	23855266	0.23097083168353927	42.9845
chr4	24067414	0.0	43.0335
chr4	24115947	0.0	43.0335
chr4	24166269	0.0	43.0335
chr4	24186304	0.8097428256787487	43.0335
chr4	24201741	2.603520952144904	43.046
chr4	24229972	0.0	43.1195
chr4	24254051	0.0	43.1195
chr4	24304595	0.0	43.1195
chr4	24354096	0.0	43.1195
chr4	24382406	0.0	43.1195
chr4	24421244	0.09198142711020653	43.1195
chr4	24557141	0.0	43.132
chr4	24582656	0.0	43.132
chr4	24618797	0.6897883729271467	43.132
chr4	24655040	0.0	43.157
chr4	24710683	0.0	43.157
chr4	24733528	0.0	43.157
chr4	24753766	0.0	43.157
chr4	24790030	0.0	43.157
chr4	24799909	0.0	43.157
chr4	24973352	0.10461591015843245	43.157
chr4	25207542	0.0	43.1815
chr4	25309311	0.07142938776444784	43.1815
chr4	25484309	0.1269106132042553	43.194
chr4	25771913	0.0	43.2305
chr4	25788476	0.0	43.2305
chr4	25862231	0.0	43.2305
chr4	25961600	0.37009622501848377	43.2305
chr4	26029150	0.0	43.2555
chr4	26109962	0.0	43.2555
chr4	26115093	0.0	43.2555
chr4	26160152	0.0	43.2555
chr4	26264556	0.536550704041518	43.2555
chr4	26333515	0.0	43.2925
chr4	26358148	0.597133757961806	43.2925
chr4	26378244	0.1683652081887566	43.3045
chr4	26523761	0.09988373533206779	43.329
chr4	26774052	0.0	43.354
chr4	26795071	0.0	43.354
chr4	26817910	0.15791343711755937	43.354
chr4	26893901	0.0316497361678065	43.366
chr4	27288849	0.0	43.3785
chr4	27337274	0.0	43.3785
chr4	27377223	0.40323459534862394	43.3785
chr4	27468981	0.2085453544436133	43.4155
chr4	27528920	0.5967156769143995	43.428
chr4	27549868	0.48600704710220144	43.4405
chr4	27574559	0.0	43.4525
chr4	27592858	0.11114667804811176	43.4525
chr4	27705322	0.0	43.465
chr4	27737985	0.0	43.465
chr4	27781285	2.62449708241172	43.465
chr4	27818816	3.770416730270186	43.5635
chr4	27851571	0.790242500678521	43.687
chr4	27914210	1.01343389111476	43.7365
chr4	27999070	2.7062541063104497	43.8225
chr4	28031033	0.0	43.909
chr4	28084135	0.4726229937473132	43.909
chr4	28240708	0.0	43.983
chr4	28284553	0.19097464166450473	43.983
chr4	28478296	0.0	44.02
chr4	28503622	0.0	44.02
chr4	28535915	0.41817674937250315	44.02
chr4	28564611	0.0	44.032
chr4	28586033	0.1622575871648127	44.032
chr4	28663071	0.8277034584582129	44.0445
chr4	28752475	0.0	44.1185
chr4	28909370	0.08043188706077975	44.1185
chr4	29064781	0.0	44.131
chr4	29242391	0.24747370591875548	44.131
chr4	29290881	0.0	44.143
chr4	29324198	0.7318215526326338	44.143
chr4	29375440	0.0	44.1805
chr4	29487820	0.5523367225014358	44.1805
chr4	29532177	1.3917716529098632	44.205
chr4	29594328	0.0	44.2915
chr4	29680746	1.9926332950909518	44.2915
chr4	29730429	0.0	44.3905
chr4	29849970	0.09818280000982199	44.3905
chr4	29972191	0.0	44.4025
chr4	30027413	1.4538725878930527	44.4025
chr4	30061460	0.0	44.452
chr4	30080369	0.0	44.452
chr4	30098837	0.17272589092018464	44.452
chr4	30171206	0.0	44.4645
chr4	30183208	0.0	44.4645
chr4	30210945	4.935038775304611	44.4645
chr4	30230803	0.19116072794009548	44.5625
chr4	30296193	0.0	44.575
chr4	30308567	7.826270887682233	44.575
chr4	30336933	0.0	44.797
chr4	30391442	0.5097261255304754	44.797
chr4	30464030	0.31930519190240214	44.834
chr4	30542325	0.4757011835445176	44.859
chr4	30594879	0.0	44.884
chr4	30640150	0.0	44.884
chr4	30653324	0.0	44.884
chr4	30676903	1.0442565887618496	44.884
chr4	30747288	0.0	44.9575
chr4	30777414	0.0	44.9575
chr4	30805067	0.4285056942367039	44.9575
chr4	30978927	0.5793811263642841	45.032
chr4	31063500	0.0	45.081
chr4	31069922	0.0	45.081
chr4	31183346	0.2964895635672613	45.081
chr4	31225506	0.9078781590455531	45.0935
chr4	31252492	0.8737284764447808	45.118
chr4	31322880	0.1962754765569017	45.1795
chr4	31450252	0.6986027944110691	45.2045
chr4	31485322	6.60896403650036	45.229
chr4	31500226	2.4860629802622607	45.3275
chr4	31520137	4.279034014476921	45.377
chr4	31598192	1.2916831422169364	45.711
chr4	31636127	0.0	45.76
chr4	31672936	0.0	45.76
chr4	31717147	0.0	45.76
chr4	31744341	0.0	45.76
chr4	31885716	0.0	45.76
chr4	31909462	0.5311537961237328	45.76
chr4	31955588	0.0	45.7845
chr4	31986053	0.5202476168455324	45.7845
chr4	32081200	0.0	45.834
chr4	32152900	0.0	45.834
chr4	32209217	0.0	45.834
chr4	32230840	0.0	45.834
chr4	32301398	0.0	45.834
chr4	32321535	0.5461138538162126	45.834
chr4	32367313	0.5004289390905714	45.859
chr4	32416271	0.9857072449482877	45.8835
chr4	32428445	0.0	45.8955
chr4	32476625	1.9205400791496032	45.8955
chr4	32502399	0.9570686354934252	45.945
chr4	32527998	0.0	45.9695
chr4	32631316	0.0	45.9695
chr4	32689356	0.0	45.9695
chr4	32703884	0.0	45.9695
chr4	32749198	2.234762979684058	45.9695
chr4	32771348	1.6655413009227564	46.019
chr4	32793563	0.6116058322733556	46.056
chr4	32814001	0.0	46.0685
chr4	32846988	0.9783758960126088	46.0685
chr4	32897071	0.0	46.1175
chr4	32917946	0.2848141732833064	46.1175
chr4	33003967	0.0	46.142
chr4	33097553	0.0	46.142
chr4	33124142	0.0	46.142
chr4	33138900	0.8037551440328762	46.142
chr4	33170004	0.0	46.167
chr4	33319237	0.0	46.167
chr4	33366282	0.0	46.167
chr4	33381589	0.0	46.167
chr4	33440232	0.0	46.167
chr4	33464815	0.0	46.167
chr4	33470247	0.0	46.167
chr4	33483759	2.864590053936801	46.167
chr4	33522508	0.13810441821401842	46.278
chr4	33699910	0.27570691252361673	46.3025
chr4	33745248	0.0	46.315
chr4	33874689	1.8733977519226968	46.315
chr4	33940612	1.373318385650409	46.4385
chr4	33958452	0.8076045793362152	46.463
chr4	34050081	0.1268777913114377	46.537
chr4	34148601	0.36409570515672746	46.5495
chr4	34215891	0.5198153615836838	46.574
chr4	34239938	36.7647058823404	46.5865
chr4	34240278	1.0229047730949115	46.599
chr4	34312621	1.7730496453900246	46.673
chr4	34333489	4.943531208552613	46.71
chr4	34358370	0.0	46.833
chr4	34413781	0.8814980702339313	46.833
chr4	34455755	3.1918564527259345	46.87
chr4	34467347	0.8476612100621644	46.907
chr4	34613042	0.0	47.0305
chr4	34618866	1.1745906819780139	47.0305
chr4	34702725	1.8379610884991522	47.129
chr4	34796579	0.2663070090286869	47.3015
chr4	35029393	1.4567502657584566	47.3635
chr4	35080191	0.9053015133482561	47.4375
chr4	35257480	1.3444367136313384	47.598
chr4	35395456	0.33166373358607415	47.7835
chr4	35469326	0.0	47.808
chr4	35566723	3.397876573364576	47.808
chr4	35617490	0.12592682140557343	47.9805
chr4	35716754	0.0	47.993
chr4	35756136	1.0364412752372862	47.993
chr4	35780257	0.0	48.018
chr4	35841390	1.1009751494180977	48.018
chr4	35908149	1.139162277586636	48.0915
chr4	36016562	0.0	48.215
chr4	36098720	1.3856812933017724	48.215
chr4	36107380	0.8455983179451079	48.227
chr4	36151136	0.0	48.264
chr4	36186913	0.3282017171513344	48.264
chr4	36301172	1.0261814954516901	48.3015
chr4	36337228	5.4116616616615705	48.3385
chr4	36385180	1.0767218831734955	48.598
chr4	36499880	0.6460399497136302	48.7215
chr4	36614424	1.1860304841890144	48.7955
chr4	36676817	1.2782295341773147	48.8695
chr4	36782823	0.4355986825795603	49.005
chr4	36924008	0.2078621790608428	49.0665
chr4	36984144	0.0913026607117077	49.079
chr4	37115575	0.3702167989573432	49.091
chr4	37149339	0.0	49.1035
chr4	37234185	0.0	49.1035
chr4	37347179	0.0	49.1035
chr4	37499531	0.0	49.1035
chr4	37677648	0.0	49.1035
chr4	37683108	0.0	49.1035
chr4	37752213	0.0	49.1035
chr4	37835898	0.0	49.1035
chr4	37899075	1.5998761386216478	49.1035
chr4	37937828	0.0	49.1655
chr4	37999607	0.06968034143367566	49.1655
chr4	38171822	0.4087926077127393	49.1775
chr4	38354066	0.0	49.252
chr4	38375605	1.6764332749350133	49.252
chr4	38441817	0.0	49.363
chr4	38554484	1.0677286237843486	49.363
chr4	38589137	0.0	49.4
chr4	38650867	0.0	49.4
chr4	38676522	0.0	49.4
chr4	38720701	0.0	49.4
chr4	38753140	0.0	49.4
chr4	38758056	0.0	49.4
chr4	38775245	1.1555999750140242	49.4
chr4	38807263	0.0	49.437
chr4	38819537	2.6006679206172585	49.437
chr4	38871639	0.5786478927572791	49.5725
chr4	38892377	0.25837122778013316	49.5845
chr4	38940757	0.0	49.597
chr4	38992534	0.7028112449798104	49.597
chr4	39027394	0.4859086491740658	49.6215
chr4	39078844	0.7251309675317782	49.6465
chr4	39112631	1.4663750868806202	49.671
chr4	39171620	0.0	49.7575
chr4	39208145	0.8865035819536391	49.7575
chr4	39249882	0.0	49.7945
chr4	39397071	1.3222737252988572	49.7945
chr4	39499546	2.499798403354472	49.93
chr4	39524348	1.775201994491689	49.992
chr4	39600959	4.684191602412949	50.128
chr4	39651021	0.27772223333117474	50.3625
chr4	39696030	1.305970149253718	50.375
chr4	39733550	1.69780953128682	50.424
chr4	39784498	0.10863956109617728	50.5105
chr4	39894955	0.0	50.5225
chr4	40015226	0.0	50.5225
chr4	40036137	0.0	50.5225
chr4	40061398	12.12182603997845	50.5225
chr4	40091014	1.5243902439023802	50.8815
chr4	40131686	0.0	50.9435
chr4	40149681	3.779034042030376	50.9435
chr4	40165955	0.0	51.005
chr4	40291125	0.4315431631232486	51.005
chr4	40347898	0.0	51.0295
chr4	40408390	0.6615436017374123	51.0295
chr4	40483215	0.3982777179763082	51.079
chr4	40669015	0.0	51.153
chr4	40695509	0.0	51.153
chr4	40733949	0.0	51.153
chr4	40772746	0.0	51.153
chr4	40795248	0.0	51.153
chr4	40837073	0.0	51.153
chr4	40916998	0.0	51.153
chr4	40993475	0.0	51.153
chr4	41007508	0.0	51.153
chr4	41036995	0.0	51.153
chr4	41057066	0.0	51.153
chr4	41095452	0.0	51.153
chr4	41102501	0.24824455635154768	51.153
chr4	41201194	0.0	51.1775
chr4	41234303	0.0	51.1775
chr4	41277967	1.1658621787425931	51.1775
chr4	41394190	0.6128352208657788	51.313
chr4	41434984	0.0	51.338
chr4	41459278	0.044604856725484816	51.338
chr4	41728307	0.0	51.35
chr4	41745550	2.509835843169111	51.35
chr4	41775034	0.0	51.424
chr4	41828422	0.0	51.424
chr4	41846008	0.0	51.424
chr4	41860816	0.6074812233076663	51.424
chr4	41942300	0.18947586000988287	51.4735
chr4	42203547	0.0	51.523
chr4	42247364	1.7504661353641096	51.523
chr4	42374473	0.0	51.7455
chr4	42463642	0.9129867710081347	51.7455
chr4	42490477	0.0	51.77
chr4	42568409	0.4213512013647341	51.77
chr4	42714368	0.0	51.8315
chr4	42773136	0.24747401522841042	51.8315
chr4	42973157	0.2529187849679476	51.881
chr4	43168872	0.24382260402538858	51.9305
chr4	43318571	0.0	51.967
chr4	43354620	0.0	51.967
chr4	43401178	0.0	51.967
chr4	43428390	0.4300819603345711	51.967
chr4	43571386	0.0	52.0285
chr4	43667285	0.0	52.0285
chr4	43868692	0.0	52.0285
chr4	43934343	1.8753551809054558	52.0285
chr4	44013528	0.0	52.177
chr4	44049715	0.0	52.177
chr4	44120464	0.6189369442199701	52.177
chr4	44160048	0.0	52.2015
chr4	44179658	0.0	52.2015
chr4	44232029	0.4508891534103718	52.2015
chr4	44259752	15.697984785800124	52.214
chr4	44289724	0.0	52.6845
chr4	44412016	0.0	52.6845
chr4	44488309	0.051346932739637544	52.6845
chr4	44731751	0.0	52.697
chr4	44759310	0.0	52.697
chr4	44834040	0.0	52.697
chr4	44952329	0.0	52.697
chr4	45152344	0.0	52.697
chr4	45286115	0.0	52.697
chr4	45382956	0.0	52.697
chr4	45619329	0.0	52.697
chr4	45716141	0.0	52.697
chr4	45774154	0.0	52.697
chr4	45790213	0.0	52.697
chr4	45885421	0.0	52.697
chr4	45917430	0.0	52.697
chr4	46176848	0.0	52.697
chr4	46295405	0.0	52.697
chr4	46523452	0.0	52.697
chr4	46539901	0.0	52.697
chr4	46556180	0.0	52.697
chr4	46607829	0.0	52.697
chr4	46646494	0.0	52.697
chr4	46682020	0.0	52.697
chr4	46712051	0.0	52.697
chr4	46748699	0.0	52.697
chr4	46761503	0.0	52.697
chr4	46792407	0.0	52.697
chr4	46944235	0.0	52.697
chr4	47044200	0.0	52.697
chr4	47093610	0.0	52.697
chr4	47118192	0.0	52.697
chr4	47169160	0.0	52.697
chr4	47199247	0.0	52.697
chr4	47218545	0.0	52.697
chr4	47410199	0.052423952503901014	52.697
chr4	47639102	0.0	52.709
chr4	47739177	0.0	52.709
chr4	47866545	0.0617995026375817	52.709
chr4	48068812	0.0	52.7215
chr4	48131517	0.0	52.7215
chr4	48348734	0.0	52.7215
chr4	48454447	0.0	52.7215
chr4	48598860	0.0	52.7215
chr4	49051682	0.0	52.7215
chr4	49535839	0.218329170523865	52.7215
chr4	49593092	0.0	52.734
chr4	49728439	0.0	52.734
chr4	49757803	0.0	52.734
chr4	49792239	0.0	52.734
chr4	49844178	0.0	52.734
chr4	49881751	0.0	52.734
chr4	50257854	0.26366251198463175	52.734
chr4	50445594	0.0	52.7835
chr4	50975232	0.0	52.7835
chr4	51236949	0.1658225836540451	52.7835
chr4	51381682	0.0	52.8075
chr4	51573473	0.07131069049123838	52.8075
chr4	51917040	0.0	52.832
chr4	51968831	0.0	52.832
chr4	52024265	0.1852702722731816	52.832
chr4	52159203	0.061906088463802765	52.857
chr4	52353045	0.0	52.869
chr4	52547789	0.0	52.869
chr4	52731533	0.0	52.869
chr4	52879653	0.0	52.869
chr4	52911640	0.05523567959772006	52.869
chr4	53137943	0.025992929923052063	52.8815
chr4	53618843	0.0	52.894
chr4	53647975	0.0	52.894
chr4	53839880	0.0	52.894
chr4	53919997	0.1685998692211943	52.894
chr4	54358906	0.0	52.968
chr4	54554002	0.0	52.968
chr4	54689955	0.0	52.968
chr4	54730386	0.0	52.968
chr4	54748136	0.0	52.968
chr4	54845944	0.11987647927571338	52.968
chr4	54950218	0.0	52.9805
chr4	54992264	0.08051583813632977	52.9805
chr4	55141303	0.0	52.9925
chr4	55281305	0.0	52.9925
chr4	55502205	0.25011505292440206	52.9925
chr4	55552182	0.0	53.005
chr4	55580453	0.0	53.005
chr4	55726998	0.47725924206071557	53.005
chr4	55804524	0.4325815767013788	53.042
chr4	55890057	0.281776128865627	53.079
chr4	55932644	0.0	53.091
chr4	55947533	0.5039916135795214	53.091
chr4	55997137	0.07660815846246104	53.116
chr4	56160305	1.7499236951876798	53.1285
chr4	56209450	0.0	53.2145
chr4	56265603	0.0	53.2145
chr4	56317158	0.0	53.2145
chr4	56346573	0.0	53.2145
chr4	56361825	0.4827892168375876	53.2145
chr4	56438463	0.0	53.2515
chr4	56487370	0.15270532758350347	53.2515
chr4	56569227	0.0	53.264
chr4	56581155	0.11011978335616421	53.264
chr4	56803640	0.0	53.2885
chr4	56821148	0.0	53.2885
chr4	56859098	0.0	53.2885
chr4	56911574	0.0	53.2885
chr4	56957662	0.3570306475108635	53.2885
chr4	56992673	0.2694558092472416	53.301
chr4	57083597	0.2852513635015013	53.3255
chr4	57171239	0.0717012924157985	53.3505
chr4	57338600	0.0	53.3625
chr4	57408716	0.0	53.3625
chr4	57444923	0.13771069736700278	53.3625
chr4	57535693	0.0	53.375
chr4	57550300	0.0	53.375
chr4	57595534	0.0	53.375
chr4	57631176	0.0	53.375
chr4	57681268	0.0	53.375
chr4	57720795	0.0	53.375
chr4	57738824	0.0	53.375
chr4	57769245	0.0	53.375
chr4	57850204	0.0	53.375
chr4	57886603	0.0	53.375
chr4	58016725	0.0	53.375
chr4	58085393	0.0	53.375
chr4	58111336	0.0	53.375
chr4	58123536	0.0	53.375
chr4	58158180	0.0	53.375
chr4	58237088	0.07336936584411732	53.375
chr4	58400644	0.0	53.387
chr4	58548738	0.0	53.387
chr4	58633959	0.0	53.387
chr4	58663678	0.0	53.387
chr4	58742788	0.0	53.387
chr4	58860009	0.0	53.387
chr4	59028413	0.0	53.387
chr4	59092961	0.0	53.387
chr4	59115769	0.0	53.387
chr4	59132369	0.4238150132231248	53.387
chr4	59161863	0.0	53.3995
chr4	59202999	0.12271866010853962	53.3995
chr4	59304858	0.36119860143899474	53.412
chr4	59374072	0.8251011596628106	53.437
chr4	59418309	0.0	53.4735
chr4	59505124	0.0	53.4735
chr4	59537926	1.6053425801065035	53.4735
chr4	59553499	0.0	53.4985
chr4	59653128	0.5547253543450459	53.4985
chr4	59697294	0.7315144325820291	53.523
chr4	59747874	0.7381720799285735	53.56
chr4	59864378	0.0	53.646
chr4	60011805	0.0	53.646
chr4	60036249	0.0	53.646
chr4	60123065	0.0	53.646
chr4	60143355	0.9275911026975767	53.646
chr4	60196180	0.46210720887256346	53.695
chr4	60223230	0.0	53.7075
chr4	60304284	0.27092635138062526	53.7075
chr4	60396560	0.37747719408620495	53.7325
chr4	60428350	0.0	53.7445
chr4	60488507	0.05851183343317357	53.7445
chr4	60702139	0.0	53.757
chr4	60729832	0.606855034469504	53.757
chr4	60750430	0.0	53.7695
chr4	60767168	0.15390866444212095	53.7695
chr4	60848385	0.0	53.782
chr4	60948706	2.5282190101639563	53.782
chr4	61105338	0.0	54.178
chr4	61233402	0.0	54.178
chr4	61255904	0.19949210388689412	54.178
chr4	61441375	1.7713802403331647	54.215
chr4	61504038	0.8531982005274639	54.326
chr4	61562055	0.0	54.3755
chr4	61598527	0.07813421864185568	54.3755
chr4	61912090	0.6991641524052142	54.4
chr4	62070851	0.5140720739432789	54.511
chr4	62263431	0.0	54.61
chr4	62289014	0.19804594665963254	54.61
chr4	62349606	0.0	54.622
chr4	62392095	0.0	54.622
chr4	62443789	0.28261231797643344	54.622
chr4	62749862	0.0	54.7085
chr4	62804879	0.0	54.7085
chr4	62840604	0.0	54.7085
chr4	62913740	4.280155642023509	54.7085
chr4	62925305	0.0	54.758
chr4	62959322	0.37657546879797404	54.758
chr4	63024382	1.1778937985482947	54.7825
chr4	63055794	10.981688959084137	54.8195
chr4	63076055	0.25190460304599666	55.042
chr4	63222936	0.0	55.079
chr4	63266424	0.18211619012930938	55.079
chr4	63332316	0.0	55.091
chr4	63372165	1.8142054774092473	55.091
chr4	63392284	0.0	55.1275
chr4	63422286	1.8053169495968528	55.1275
chr4	63456629	0.0	55.1895
chr4	63458886	0.7255471017334504	55.1895
chr4	63509882	0.0	55.2265
chr4	63533484	0.40536432118367915	55.2265
chr4	63563087	0.3179748081893777	55.2385
chr4	63758071	0.9684993152025411	55.3005
chr4	63809181	0.0	55.35
chr4	63849996	0.0	55.35
chr4	63873900	0.0	55.35
chr4	63885343	0.23778558534072433	55.35
chr4	63988377	0.0	55.3745
chr4	64006443	0.0	55.3745
chr4	64021389	3.205459621549205	55.3745
chr4	64040731	1.0504201680672667	55.4365
chr4	64052155	1.1276190476190182	55.4485
chr4	64183405	0.7736280647171335	55.5965
chr4	64422538	0.0	55.7815
chr4	64456713	0.0	55.7815
chr4	64491573	0.0	55.7815
chr4	64582380	0.0	55.7815
chr4	64608072	1.6081354923869362	55.7815
chr4	64661861	0.0	55.868
chr4	64787955	0.08429274871629489	55.868
chr4	64930316	0.0	55.88
chr4	64977284	0.1691452077779636	55.88
chr4	65125086	0.0	55.905
chr4	65307045	0.0	55.905
chr4	65312731	0.12235588923361887	55.905
chr4	65414892	0.0	55.9175
chr4	65437652	0.0	55.9175
chr4	65478974	0.0	55.9175
chr4	65492313	0.13721499302490972	55.9175
chr4	65579767	0.790007473043795	55.9295
chr4	65626602	0.60910242666386	55.9665
chr4	65647124	0.6091042438406707	55.979
chr4	65687347	0.0	56.0035
chr4	65709296	0.4275258225595368	56.0035
chr4	65738534	0.21724018074387977	56.016
chr4	65796074	0.3164219302473556	56.0285
chr4	66067863	5.02438303531856	56.1145
chr4	66094931	2.9647655607348815	56.2505
chr4	66124107	0.0	56.337
chr4	66159549	0.0	56.337
chr4	66251012	1.958326805576647	56.337
chr4	66257395	0.9916218075848847	56.3495
chr4	66306809	0.0	56.3985
chr4	66385386	0.21218628258119163	56.3985
chr4	66503207	0.0	56.4235
chr4	66604855	0.0	56.4235
chr4	66626384	0.22716731819516425	56.4235
chr4	66732033	0.16106932853418932	56.4475
chr4	66964852	0.38661678961776175	56.485
chr4	67060554	0.0	56.522
chr4	67224732	1.1227716419963933	56.522
chr4	67246553	0.0	56.5465
chr4	67284224	0.0	56.5465
chr4	67339866	0.10345969210392102	56.5465
chr4	67460686	0.0	56.559
chr4	67504869	0.0	56.559
chr4	67642680	0.0	56.559
chr4	67686971	0.0	56.559
chr4	67723006	0.0	56.559
chr4	67751831	0.5265005265005465	56.559
chr4	67774623	0.0	56.571
chr4	67813078	0.0	56.571
chr4	67846783	0.0	56.571
chr4	67923379	0.22799396124102064	56.571
chr4	68085664	0.0	56.608
chr4	68091427	0.0	56.608
chr4	68111968	0.0	56.608
chr4	68162334	1.308431316317886	56.608
chr4	68190230	0.0	56.6445
chr4	68212417	0.39423471157775053	56.6445
chr4	68244124	0.0	56.657
chr4	68388127	0.0	56.657
chr4	68405538	0.0	56.657
chr4	68417451	0.0	56.657
chr4	68452712	0.0	56.657
chr4	68473939	0.0	56.657
chr4	68496092	0.8060801473976211	56.657
chr4	68526486	0.0	56.6815
chr4	69014972	0.0	56.6815
chr4	69094209	1.3926800735334288	56.6815
chr4	69112160	0.4129910463542089	56.7065
chr4	69142427	0.0	56.719
chr4	69185864	0.0	56.719
chr4	69216388	0.0	56.719
chr4	69229158	0.0	56.719
chr4	69266781	0.0	56.719
chr4	69293089	0.3890477792732065	56.719
chr4	69388193	0.0	56.756
chr4	69405279	0.15711124785609204	56.756
chr4	69481658	0.06711265261418731	56.768
chr4	69667912	0.0	56.7805
chr4	69748936	0.4258203559509905	56.7805
chr4	69806472	1.9819248454097496	56.805
chr4	69819086	0.09805443655469766	56.83
chr4	69941467	0.0	56.842
chr4	69971362	0.631345017425266	56.842
chr4	69991161	1.9982595803654113	56.8545
chr4	70022188	1.4830957353430638	56.9165
chr4	70055227	1.1098654708520599	56.9655
chr4	70099827	0.0	57.015
chr4	70216492	1.4815716837147526	57.015
chr4	70241128	0.18405630650532792	57.0515
chr4	70376956	2.970727465945089	57.0765
chr4	70397658	0.0	57.138
chr4	70420394	1.0622076787336552	57.138
chr4	70478763	1.5941551565919245	57.2
chr4	70563761	0.27421485013314745	57.3355
chr4	70653107	0.32784305497273586	57.36
chr4	70767491	3.942881500426154	57.3975
chr4	70776875	1.6957438357419583	57.4345
chr4	70842333	6.854338973619668	57.5455
chr4	70881870	0.0	57.8165
chr4	70939657	0.0	57.8165
chr4	70972576	0.0	57.8165
chr4	70981637	4.2621936548311385	57.8165
chr4	71010730	0.0	57.9405
chr4	71056914	0.0	57.9405
chr4	71241994	0.0	57.9405
chr4	71364664	0.0	57.9405
chr4	71554451	0.0	57.9405
chr4	71557350	0.0	57.9405
chr4	71635531	0.5490161630359647	57.9405
chr4	71658299	0.21592054124083154	57.953
chr4	71713875	0.0	57.965
chr4	71741205	0.0	57.965
chr4	71756632	0.0	57.965
chr4	71772067	0.15443156828340956	57.965
chr4	71853009	1.362290537986659	57.9775
chr4	71916505	0.10023220460734414	58.064
chr4	72036227	5.940196668673335	58.076
chr4	72061142	0.12113576896988898	58.224
chr4	72164332	0.2744357600773435	58.2365
chr4	72209880	0.0	58.249
chr4	72224072	0.46346187178304876	58.249
chr4	72356769	6.554182719985972	58.3105
chr4	72379350	3.0916245081507636	58.4585
chr4	72395361	0.0	58.508
chr4	72526582	0.5408445829004732	58.508
chr4	72549694	0.0	58.5205
chr4	72600598	0.10256147278275306	58.5205
chr4	72717601	2.0129542145764683	58.5325
chr4	72784915	0.0	58.668
chr4	72836691	0.0	58.668
chr4	72870462	0.0	58.668
chr4	72913496	0.6263937260404043	58.668
chr4	72953407	2.1938215861841694	58.693
chr4	72992608	0.0	58.779
chr4	73012797	0.4074315514992091	58.779
chr4	73043477	3.2242225859247586	58.7915
chr4	73074027	0.8548894159174564	58.89
chr4	73146551	4.6431601772415085	58.952
chr4	73167765	5.956726621092483	59.0505
chr4	73228033	0.0	59.4095
chr4	73260106	0.0	59.4095
chr4	73283396	0.42494092284727847	59.4095
chr4	73428122	0.4790326130582495	59.471
chr4	73505361	0.0	59.508
chr4	73520845	0.6672226855713347	59.508
chr4	73538830	1.156543025475059	59.52
chr4	73635238	0.38435592927844925	59.6315
chr4	73698981	0.0	59.656
chr4	73710929	0.13240356606938447	59.656
chr4	73801561	0.0	59.668
chr4	73851270	0.16809660848286545	59.668
chr4	73925632	32.94509151414198	59.6805
chr4	73928637	0.0	59.7795
chr4	73972427	0.2628922352150005	59.7795
chr4	74019975	0.0	59.792
chr4	74118874	0.5037679079139405	59.792
chr4	74191328	0.0	59.8285
chr4	74231974	2.673217253088751	59.8285
chr4	74273497	0.28462133976947346	59.9395
chr4	74317415	0.0	59.952
chr4	74352315	0.5664134016843863	59.952
chr4	74439707	0.2640380214751024	60.0015
chr4	74485155	0.0	60.0135
chr4	74538031	0.5569320997475891	60.0135
chr4	74582022	0.7124739946993555	60.038
chr4	74617111	0.9127688967830825	60.063
chr4	74657647	0.0	60.1
chr4	74671443	7.876525223092415	60.1
chr4	74693407	0.0	60.273
chr4	74714318	0.0	60.273
chr4	74751258	0.0	60.273
chr4	74774996	0.0	60.273
chr4	74802936	0.0	60.273
chr4	74825093	0.37001634238825043	60.273
chr4	74857524	6.3930885529159065	60.285
chr4	74880674	0.7739938080497116	60.433
chr4	74896824	0.0	60.4455
chr4	74916257	7.794048181387935	60.4455
chr4	74922608	0.5737471894141276	60.495
chr4	75116073	0.0	60.606
chr4	75153426	0.0	60.606
chr4	75168201	0.0	60.606
chr4	75188686	0.0	60.606
chr4	75201431	0.0	60.606
chr4	75215119	0.6047472660384243	60.606
chr4	75234962	2.6602288104318155	60.618
chr4	75267478	0.3875428234819727	60.7045
chr4	75331987	2.6194754957204633	60.7295
chr4	75364818	1.6569637259291998	60.8155
chr4	75387148	0.5353840163535685	60.8525
chr4	75479605	0.44153735929715243	60.902
chr4	75899728	0.0	61.0875
chr4	75907512	3.512728781044237	61.0875
chr4	75946086	0.29754314375588464	61.223
chr4	76028427	0.0	61.2475
chr4	76062725	2.357739119352516	61.2475
chr4	76094111	0.0	61.3215
chr4	76266690	0.0	61.3215
chr4	76298217	0.16060438642703861	61.3215
chr4	76376048	0.0	61.334
chr4	76401304	0.7015377707933402	61.334
chr4	76419122	0.355325620398614	61.3465
chr4	76454301	0.3029196474512975	61.359
chr4	76574795	0.0	61.3955
chr4	76599302	0.495429911833764	61.3955
chr4	76648754	1.0152639686317997	61.42
chr4	76734446	2.2773491991462107	61.507
chr4	76793945	0.316979765046878	61.6425
chr4	76871237	0.42472735244148085	61.667
chr4	77017213	0.0	61.729
chr4	77057978	0.3681885125184234	61.729
chr4	77090570	0.0	61.741
chr4	77161691	0.6803831918137841	61.741
chr4	77180063	0.0	61.7535
chr4	77192064	3.0658161499281813	61.7535
chr4	77212287	2.251364684590027	61.8155
chr4	77349315	4.155520786015913	62.124
chr4	77408754	0.0	62.371
chr4	77473975	0.0	62.371
chr4	77503037	11.167053963335574	62.371
chr4	77518529	2.338959479107491	62.544
chr4	77565986	0.0	62.655
chr4	77764207	0.0	62.655
chr4	77773801	0.0	62.655
chr4	77779377	1.8243676347319675	62.655
chr4	77799658	0.0	62.692
chr4	77828067	0.2605329760310013	62.692
chr4	77922105	0.0	62.7165
chr4	77967855	0.0	62.7165
chr4	78047746	6.426400347372824	62.7165
chr4	78070776	0.0	62.8645
chr4	78114858	0.6529928208535024	62.8645
chr4	78247325	1.0923358152390295	62.951
chr4	78269754	2.0684835779176844	62.9755
chr4	78305529	0.26288117770758646	63.0495
chr4	78353079	0.0	63.062
chr4	78417991	1.6651665166516216	63.062
chr4	78440211	0.0	63.099
chr4	78797900	0.0	63.099
chr4	78805805	0.7081949297557005	63.099
chr4	78944891	1.8599819028788531	63.1975
chr4	79004569	0.0	63.3085
chr4	79066598	1.111262303261042	63.3085
chr4	79088645	0.23176904678031712	63.333
chr4	79142578	1.1761904761904758	63.3455
chr4	79247578	0.4445234708392771	63.469
chr4	79331938	1.1487382557856956	63.5065
chr4	79439012	0.0	63.6295
chr4	79458855	2.756462787752293	63.6295
chr4	79472278	2.9295029295028168	63.6665
chr4	79493442	0.8250257820557205	63.7285
chr4	79507987	0.2897244398660939	63.7405
chr4	79678839	0.0	63.79
chr4	79694779	2.9238508836049193	63.79
chr4	79787807	0.1390401594327214	64.062
chr4	79874113	1.1820895522390205	64.074
chr4	79915988	0.0	64.1235
chr4	79936112	0.10775956860980958	64.1235
chr4	80163470	0.0	64.148
chr4	80408197	0.8612228097394794	64.148
chr4	80566112	0.0	64.284
chr4	80708500	0.2614834829600029	64.284
chr4	80754392	0.0	64.296
chr4	80802119	0.0	64.296
chr4	80854392	0.0	64.296
chr4	80895026	0.0	64.296
chr4	80958834	0.0	64.296
chr4	81135856	0.0	64.296
chr4	81161113	0.0	64.296
chr4	81177895	1.741547338422924	64.296
chr4	81206318	1.5957217406301776	64.3455
chr4	81229505	0.9821016976330668	64.3825
chr4	81279398	0.0	64.4315
chr4	81301453	0.0	64.4315
chr4	81321339	0.7704872561409586	64.4315
chr4	81353786	0.0	64.4565
chr4	81413795	0.0	64.4565
chr4	81446370	0.0	64.4565
chr4	81468013	0.0	64.4565
chr4	81479517	1.754637255603315	64.4565
chr4	81493480	0.6826604252000139	64.481
chr4	81565258	0.4841880801698265	64.53
chr4	81769724	0.0	64.629
chr4	82001495	0.0	64.629
chr4	82037514	0.0	64.629
chr4	82121552	0.0	64.629
chr4	82167211	0.5323259208379635	64.629
chr4	82283681	0.5578085661304523	64.691
chr4	82416343	0.0	64.765
chr4	82530259	1.7845981030718887	64.765
chr4	82640648	0.022553569237658402	64.962
chr4	83194884	0.9982128769460741	64.9745
chr4	83256995	0.0	65.0365
chr4	83269207	0.9789446655538715	65.0365
chr4	83331519	0.624032749238822	65.0975
chr4	83351550	0.0	65.11
chr4	83366666	1.4285714285712776	65.11
chr4	83401316	1.334547025425835	65.1595
chr4	83466132	0.10983076908996471	65.246
chr4	83575391	0.15526889467182792	65.258
chr4	83736402	0.0	65.283
chr4	83900191	0.263963678597885	65.283
chr4	83947546	0.644378175061055	65.2955
chr4	84081008	0.2857982317903772	65.3815
chr4	84642593	9.836177164639569	65.542
chr4	84686665	0.0	65.9755
chr4	84721054	0.0	65.9755
chr4	84962311	0.0	65.9755
chr4	85039122	0.0	65.9755
chr4	85073957	0.1855645616223218	65.9755
chr4	85141319	0.693704804080873	65.988
chr4	85212675	1.029931057676278	66.0375
chr4	85260251	1.1304234187140736	66.0865
chr4	85336771	1.7978425888931382	66.173
chr4	85364304	0.764077873142218	66.2225
chr4	85412074	0.5476087750157067	66.259
chr4	85502467	1.3598153947585814	66.3085
chr4	85575271	1.851747410373571	66.4075
chr4	85628464	0.0	66.506
chr4	85659420	2.8252960755479335	66.506
chr4	85672339	0.5464158076615164	66.5425
chr4	85740053	0.0	66.5795
chr4	85757721	0.0	66.5795
chr4	85773666	1.3324805457843345	66.5795
chr4	85792428	1.33005304835859	66.6045
chr4	85857463	1.0888047012500002	66.691
chr4	85890986	1.2718957793634504	66.7275
chr4	85997913	0.4554580606782291	66.8635
chr4	86051705	0.27331738981893755	66.888
chr4	86095610	3.470756531119463	66.9
chr4	86116931	0.1602235438883785	66.974
chr4	86272963	3.030054868561054	66.999
chr4	86297385	0.3261748819247669	67.073
chr4	86335708	0.9581379407046511	67.0855
chr4	86399895	0.11616884444516488	67.147
chr4	86507497	2.4397095237105564	67.1595
chr4	86603615	0.0	67.394
chr4	86625643	0.6076539596715245	67.394
chr4	86706281	0.0	67.443
chr4	86728308	4.4916292364232	67.443
chr4	86750349	0.0	67.542
chr4	86845270	0.0	67.542
chr4	86942805	1.668701668701539	67.542
chr4	86979660	0.0	67.6035
chr4	87077097	0.5816027420631935	67.6035
chr4	87141574	0.0	67.641
chr4	87154303	0.0	67.641
chr4	87203398	0.0	67.641
chr4	87228044	0.0	67.641
chr4	87287283	0.1644759385408305	67.641
chr4	87360242	0.0	67.653
chr4	87395518	10.690450687978434	67.653
chr4	87419792	1.0506654214337652	67.9125
chr4	87466905	0.0	67.962
chr4	87478914	5.9421387110835875	67.962
chr4	87522501	6.5337496997355595	68.221
chr4	87543316	3.090265663160924	68.357
chr4	87563379	5.88727511804443	68.419
chr4	87580110	0.0	68.5175
chr4	87596577	0.0	68.5175
chr4	87635763	1.7545283057138983	68.5175
chr4	87685064	0.0	68.604
chr4	87709020	0.0	68.604
chr4	87729033	0.17538333786707588	68.604
chr4	87868727	0.6209763268617452	68.6285
chr4	87908181	0.0	68.653
chr4	87969777	0.0	68.653
chr4	87990036	0.0	68.653
chr4	88005242	0.0	68.653
chr4	88078999	0.0	68.653
chr4	88163677	0.0	68.653
chr4	88176182	0.0	68.653
chr4	88201135	0.0	68.653
chr4	88214806	0.0	68.653
chr4	88255211	0.0	68.653
chr4	88267537	0.0	68.653
chr4	88275026	1.489942885522778	68.653
chr4	88283080	1.4462570866592313	68.665
chr4	88300366	1.5497382198952476	68.69
chr4	88348116	0.21125927428218902	68.764
chr4	88407285	0.5408507914082716	68.7765
chr4	88452584	0.0	68.801
chr4	88516455	0.0	68.801
chr4	88528078	1.166915608663447	68.801
chr4	88538790	1.1891472115706005	68.8135
chr4	88559393	0.4847357695428309	68.838
chr4	88609936	0.6933610677760706	68.8625
chr4	88627243	0.15777549178624378	68.8745
chr4	88785696	1.4657598499056914	68.8995
chr4	88802752	1.0504798137529425	68.9245
chr4	88837974	2.1400494977433597	68.9615
chr4	88872319	0.04757862844137301	69.035
chr4	89135042	0.0	69.0475
chr4	89138816	0.0	69.0475
chr4	89175664	0.0	69.0475
chr4	89206850	0.6357031655423793	69.0475
chr4	89283930	0.6661505500241602	69.0965
chr4	89339473	4.6537041223908	69.1335
chr4	89366011	0.0	69.257
chr4	89398586	1.4606983902907762	69.257
chr4	89449589	0.0	69.3315
chr4	89479907	0.22701893460622602	69.3315
chr4	89642889	6.908914366807419	69.3685
chr4	89669666	0.8426105607189387	69.5535
chr4	89728412	14.038012670890513	69.603
chr4	89758402	5.792969031978596	70.024
chr4	89786108	2.7945971122497566	70.1845
chr4	89790402	1.3996433167031088	70.1965
chr4	89834699	0.25342118601120817	70.2585
chr4	89884024	0.3569763375685292	70.271
chr4	89952656	0.0	70.2955
chr4	89992600	3.957642528611822	70.2955
chr4	90001949	0.33892790325649635	70.3325
chr4	90038830	0.0	70.345
chr4	90060426	0.0	70.345
chr4	90102790	0.26774359088780325	70.345
chr4	90147609	0.0	70.357
chr4	90168703	0.2251846514142108	70.357
chr4	90224213	1.4333307507550914	70.3695
chr4	90250027	0.2145075764076475	70.4065
chr4	90308300	5.479452054794426	70.419
chr4	90323995	1.5974735908990343	70.505
chr4	90378143	0.7058105375606832	70.5915
chr4	90430565	0.45480246822518783	70.6285
chr4	90511919	1.541088758382529	70.6655
chr4	90535928	6.447402766901218	70.7025
chr4	90555083	0.0	70.826
chr4	90580466	13.946251768034609	70.826
chr4	90598141	2.0785219399535912	71.0725
chr4	90621956	1.991631125774313	71.122
chr4	90646810	0.0	71.1715
chr4	90668437	0.0	71.1715
chr4	90683249	0.0	71.1715
chr4	90695619	3.30117429225765	71.1715
chr4	90736665	0.3535133513779506	71.307
chr4	90876688	0.0	71.3565
chr4	90915903	1.1479830205301882	71.3565
chr4	90990817	0.0	71.4425
chr4	91014413	0.0	71.4425
chr4	91050365	0.0	71.4425
chr4	91086967	2.526590325604043	71.4425
chr4	91111506	4.319488639535531	71.5045
chr4	91183158	2.006018054162623	71.814
chr4	91262918	0.0	71.974
chr4	91387810	0.0	71.974
chr4	91415158	0.16915436350599947	71.974
chr4	91489055	0.0	71.9865
chr4	91509309	0.15910898965792172	71.9865
chr4	91584729	0.0	71.9985
chr4	91589917	0.0	71.9985
chr4	91611027	0.0	71.9985
chr4	91632488	0.0	71.9985
chr4	91637981	1.0914695752855603	71.9985
chr4	91773578	0.0	72.1465
chr4	91934485	0.0	72.1465
chr4	92075336	0.0	72.1465
chr4	92100662	0.22165478597018906	72.1465
chr4	92157056	0.21841309779645002	72.159
chr4	92214287	0.0	72.1715
chr4	92215289	0.4957653377401551	72.1715
chr4	92239494	2.240846143504297	72.1835
chr4	92261807	1.6871591014139566	72.2335
chr4	92283441	3.4803654852812373	72.27
chr4	92336740	0.2736607045121799	72.4555
chr4	92382417	0.0	72.468
chr4	92394586	0.0	72.468
chr4	92421450	0.9748172217709549	72.468
chr4	92433760	1.6406800563777408	72.48
chr4	92479168	0.8906823717598633	72.5545
chr4	92561689	0.0	72.628
chr4	92646953	0.0	72.628
chr4	92700305	0.4296301600372509	72.628
chr4	92728236	0.0	72.64
chr4	92785306	1.758908479790253	72.64
chr4	92855520	0.0	72.7635
chr4	92868603	0.0	72.7635
chr4	92939480	0.0	72.7635
chr4	92954514	1.4871016691959513	72.7635
chr4	92970989	9.069757421690309	72.788
chr4	92994198	0.0	72.9985
chr4	93017368	0.0	72.9985
chr4	93062178	0.0	72.9985
chr4	93081497	0.321708917770908	72.9985
chr4	93120352	0.0	73.011
chr4	93129776	0.0	73.011
chr4	93148319	0.3825494972207123	73.011
chr4	93212363	2.3988589211622235	73.0355
chr4	93227787	0.0	73.0725
chr4	93282976	1.0760446340826366	73.0725
chr4	93363363	0.0	73.159
chr4	93382038	2.8994389703453503	73.159
chr4	93403249	9.961304164591592	73.2205
chr4	93429350	0.07478219685167234	73.4805
chr4	93589816	0.0	73.4925
chr4	93617085	0.0	73.4925
chr4	93673164	0.5665979194522466	73.4925
chr4	93717287	0.0	73.5175
chr4	93744041	0.0	73.5175
chr4	93751733	1.3056221689316971	73.5175
chr4	93789263	0.0	73.5665
chr4	93879720	0.0	73.5665
chr4	93905077	0.10485873431303798	73.5665
chr4	94024285	0.0	73.579
chr4	94102671	2.358554873892322	73.579
chr4	94139346	0.0	73.6655
chr4	94185014	0.0	73.6655
chr4	94242002	0.0	73.6655
chr4	94273061	0.0	73.6655
chr4	94350548	0.25254087038987466	73.6655
chr4	94447562	0.0	73.69
chr4	94541941	0.213689824945344	73.69
chr4	94600437	0.0	73.7025
chr4	94666721	0.0	73.7025
chr4	94708710	0.0	73.7025
chr4	94720624	0.0	73.7025
chr4	94736981	0.0	73.7025
chr4	94760759	0.0	73.7025
chr4	94795752	0.8374624886593939	73.7025
chr4	94810081	1.0238093051869246	73.7145
chr4	94918988	0.24817488056584813	73.826
chr4	94967341	1.009529962849527	73.838
chr4	94979723	0.6018295618682158	73.8505
chr4	95000493	0.6606110652353677	73.863
chr4	95018658	12.452880990845602	73.875
chr4	95033514	0.2826391715281247	74.06
chr4	95077740	0.0	74.0725
chr4	95095904	0.34888545241949165	74.0725
chr4	95201956	0.0	74.1095
chr4	95242021	0.0	74.1095
chr4	95271579	0.0	74.1095
chr4	95331299	0.3161805390878311	74.1095
chr4	95369252	0.0	74.1215
chr4	95485303	0.0	74.1215
chr4	95509694	0.5254750294267212	74.1215
chr4	95533482	0.5311689967281198	74.134
chr4	95557015	0.2708253402243439	74.1465
chr4	95601324	0.0	74.1585
chr4	95709020	0.0	74.1585
chr4	95740438	0.0	74.1585
chr4	95787590	0.3310995152703849	74.1585
chr4	95825343	1.0334460729048136	74.171
chr4	95873241	4.190554853755695	74.2205
chr4	95914405	0.0	74.393
chr4	95927520	0.0	74.393
chr4	95943543	2.8231460078063004	74.393
chr4	95969932	0.0	74.4675
chr4	95977573	2.0538720538718125	74.4675
chr4	96007273	2.0386098971075635	74.5285
chr4	96116416	2.814098919840521	74.751
chr4	96151596	0.7642785829862238	74.85
chr4	96296831	0.0	74.961
chr4	96332689	18.812947361753153	74.961
chr4	96348476	1.5882559814854798	75.258
chr4	96612917	1.8429966128713957	75.678
chr4	96632993	35.53441522104054	75.715
chr4	96647289	4.8644990271001785	76.223
chr4	96682750	1.2784559551302708	76.3955
chr4	96779742	0.0	76.5195
chr4	96841171	12.62787723785199	76.5195
chr4	96856811	0.303632096374519	76.717
chr4	96978669	0.0	76.754
chr4	97002309	0.0	76.754
chr4	97021786	0.0	76.754
chr4	97044458	0.0	76.754
chr4	97072003	1.8660793840255199	76.754
chr4	97131486	0.0	76.865
chr4	97190658	0.0	76.865
chr4	97249467	0.0	76.865
chr4	97272333	0.0	76.865
chr4	97294233	0.0	76.865
chr4	97357719	0.40680834445285396	76.865
chr4	97388446	0.0	76.8775
chr4	97427078	0.0	76.8775
chr4	97462228	0.0	76.8775
chr4	97535172	0.0	76.8775
chr4	97566926	0.0	76.8775
chr4	97620282	0.1517561218419896	76.8775
chr4	97702651	5.735570850411069	76.89
chr4	97741444	0.0	77.1125
chr4	97758515	0.0	77.1125
chr4	97847660	0.0	77.1125
chr4	97888825	0.0	77.1125
chr4	97920926	0.0	77.1125
chr4	97934417	0.0	77.1125
chr4	97953224	0.0	77.1125
chr4	97956937	0.0	77.1125
chr4	97995598	0.0	77.1125
chr4	98029371	0.0	77.1125
chr4	98179810	0.0	77.1125
chr4	98209543	0.5536843076639346	77.1125
chr4	98231216	0.0	77.1245
chr4	98243759	0.0	77.1245
chr4	98282797	0.0	77.1245
chr4	98298284	0.0	77.1245
chr4	98333121	0.0	77.1245
chr4	98360565	0.0	77.1245
chr4	98383292	0.0	77.1245
chr4	98424250	0.0	77.1245
chr4	98477770	0.150744072743094	77.1245
chr4	98560692	0.0	77.137
chr4	98603403	0.0	77.137
chr4	98619509	1.1813746206153757	77.137
chr4	98671567	0.17139488009218087	77.1985
chr4	98744498	0.0	77.211
chr4	98744954	1.3071433618313797	77.211
chr4	98801566	0.0	77.285
chr4	98908082	0.0	77.285
chr4	98978892	0.39497070633929476	77.285
chr4	99009274	3.4470900337340455	77.297
chr4	99131406	0.0623908160718884	77.718
chr4	99331756	0.0	77.7305
chr4	99352257	0.3820196103397857	77.7305
chr4	99415081	0.0	77.7545
chr4	99433976	0.0	77.7545
chr4	99451056	1.1102109400787992	77.7545
chr4	99484383	0.0	77.7915
chr4	99522058	0.3732102870325995	77.7915
chr4	99654691	0.0	77.841
chr4	99670127	0.0	77.841
chr4	99805066	0.0	77.841
chr4	99817681	1.0369053665144445	77.841
chr4	99841309	0.0	77.8655
chr4	99864128	0.0	77.8655
chr4	99876130	0.32087483314515974	77.8655
chr4	99915086	0.0	77.878
chr4	99947928	0.6275730495031049	77.878
chr4	99967846	0.89740828487349	77.8905
chr4	99981775	0.0	77.903
chr4	100012641	0.0	77.903
chr4	100025745	0.3964452079685637	77.903
chr4	100056014	0.581138566679641	77.915
chr4	100099033	0.0	77.94
chr4	100139494	0.0	77.94
chr4	100174748	0.0	77.94
chr4	100193767	0.0	77.94
chr4	100230149	0.0	77.94
chr4	100246660	0.0	77.94
chr4	100299045	0.0	77.94
chr4	100326803	0.0	77.94
chr4	100354760	0.0	77.94
chr4	100674705	0.0	77.94
chr4	100679089	1.2115093387178653	77.94
chr4	100688994	0.0	77.952
chr4	100720984	0.5746233887250527	77.952
chr4	100785374	0.0	77.989
chr4	100839425	0.6507649808751882	77.989
chr4	100877073	0.0	78.0135
chr4	100887981	0.0	78.0135
chr4	100917119	0.0	78.0135
chr4	100943824	0.0	78.0135
chr4	100971366	0.0	78.0135
chr4	101085843	0.0	78.0135
chr4	101110771	0.0	78.0135
chr4	101134874	0.0	78.0135
chr4	101156552	0.0	78.0135
chr4	101306503	0.0	78.0135
chr4	101317660	0.08864808130094848	78.0135
chr4	101458667	0.0	78.026
chr4	101480019	0.5013368983957409	78.026
chr4	101503955	10.692258919822736	78.038
chr4	101521304	0.8177952240760774	78.2235
chr4	101536589	5.039841994142755	78.236
chr4	101565955	0.0	78.384
chr4	101608818	10.819199160692529	78.384
chr4	101631694	0.0	78.6315
chr4	101653529	0.0	78.6315
chr4	101705758	0.0	78.6315
chr4	101774233	0.0	78.6315
chr4	101799947	1.5897735383814282	78.6315
chr4	101830769	0.0	78.6805
chr4	101858623	0.0	78.6805
chr4	101887187	0.0	78.6805
chr4	101937805	0.19908178604805019	78.6805
chr4	102060870	0.0	78.705
chr4	102086714	2.4038461538458997	78.705
chr4	102107306	1.0263238190343165	78.7545
chr4	102143357	0.43367580794152233	78.7915
chr4	102285168	0.7771391225659612	78.853
chr4	102523864	0.0	79.0385
chr4	102535450	1.335129543650367	79.0385
chr4	102618588	0.0	79.1495
chr4	102650017	1.7234669483515208	79.1495
chr4	102685991	0.0	79.2115
chr4	102686274	11.864678531344888	79.2115
chr4	102692511	0.0	79.2855
chr4	102737837	0.0	79.2855
chr4	102760112	0.5150179226238244	79.2855
chr4	102808654	0.0	79.3105
chr4	102832111	0.2063841496973111	79.3105
chr4	102890255	0.0	79.3225
chr4	102956489	11.939231456657335	79.3225
chr4	102984464	0.0	79.6565
chr4	103012850	0.0	79.6565
chr4	103026264	0.2102680918170747	79.6565
chr4	103083334	0.0	79.6685
chr4	103104307	0.0	79.6685
chr4	103127863	0.34163273114878356	79.6685
chr4	103164452	1.6098855675937058	79.681
chr4	103187435	0.8152727766832295	79.718
chr4	103202154	1.848739495798124	79.73
chr4	103228929	0.0	79.7795
chr4	103254709	0.0	79.7795
chr4	103324245	0.0	79.7795
chr4	103349418	0.0	79.7795
chr4	103376112	0.0	79.7795
chr4	103403669	0.40058966799137424	79.7795
chr4	103466077	0.0	79.8045
chr4	103470188	26.32521489971192	79.8045
chr4	103472980	0.0	79.878
chr4	103501686	3.108548508397975	79.878
chr4	103521631	0.0	79.94
chr4	103557822	0.0	79.94
chr4	103570110	0.0	79.94
chr4	103645563	2.0556478405319343	79.94
chr4	103669643	0.0	79.9895
chr4	103687347	2.418308363807763	79.9895
chr4	103712778	0.7822871230797581	80.051
chr4	103776054	0.0	80.1005
chr4	103795360	0.0	80.1005
chr4	103826708	0.0	80.1005
chr4	103858047	0.0	80.1005
chr4	103876352	0.7883948281301068	80.1005
chr4	103892207	0.907681252600163	80.113
chr4	103918648	0.0	80.137
chr4	103944395	0.175863136272867	80.137
chr4	104015473	0.0	80.1495
chr4	104032025	3.136500501839605	80.1495
chr4	104043981	0.0	80.187
chr4	104090671	5.531743003972027	80.187
chr4	104135232	0.7194658685393601	80.4335
chr4	104152606	15.835777126099549	80.446
chr4	104171361	0.5292291848441083	80.743
chr4	104241274	9.917774574189691	80.78
chr4	104278732	0.5999520038398293	81.1515
chr4	104299567	0.0	81.164
chr4	104328257	0.5461800833761352	81.164
chr4	104373114	0.5106834987943225	81.1885
chr4	104397591	0.24089129780187607	81.201
chr4	104447406	1.6227358449193516	81.213
chr4	104470207	0.0	81.25
chr4	104504423	1.9018785902812683	81.25
chr4	104517305	14.792014022487438	81.2745
chr4	104540696	0.0	81.6205
chr4	104587808	3.304904051172581	81.6205
chr4	104606568	0.0	81.6825
chr4	104625983	1.2556122060724646	81.6825
chr4	104665406	0.0	81.732
chr4	104713843	0.0	81.732
chr4	104728168	0.0	81.732
chr4	104751738	0.0	81.732
chr4	104773196	7.458549614473423	81.732
chr4	104793039	0.2534982762117794	81.88
chr4	104842349	0.16056931456174653	81.8925
chr4	104920197	2.260115394509398	81.905
chr4	104947408	3.029760973101257	81.9665
chr4	104992131	4.785457348407018	82.102
chr4	105007699	0.0	82.1765
chr4	105033612	1.3325821759007437	82.1765
chr4	105079763	1.1904761904762031	82.238
chr4	105152423	0.1813407610509472	82.3245
chr4	105221354	5.228271657450509	82.337
chr4	105249566	0.0	82.4845
chr4	105312764	0.0	82.4845
chr4	105325334	0.0	82.4845
chr4	105342022	0.0	82.4845
chr4	105367779	0.0	82.4845
chr4	105394214	0.0	82.4845
chr4	105460668	0.0	82.4845
chr4	105485187	0.3683295518166851	82.4845
chr4	105519124	0.6915629322269898	82.497
chr4	105537199	0.0	82.5095
chr4	105565717	0.3283449811268118	82.5095
chr4	105753020	0.0	82.571
chr4	105771447	9.310916767189916	82.571
chr4	105784711	0.0	82.6945
chr4	105815596	0.0	82.6945
chr4	105879652	0.0	82.6945
chr4	105891069	0.14065172382739932	82.6945
chr4	105979941	0.0	82.707
chr4	106037399	0.9892994144963979	82.707
chr4	106062164	0.0	82.7315
chr4	106079953	1.1686117208596887	82.7315
chr4	106143276	14.887016114095218	82.8055
chr4	106164872	0.0	83.127
chr4	106293181	0.0	83.127
chr4	106322943	1.556750636852816	83.127
chr4	106354740	3.814426595546438	83.1765
chr4	106370863	0.0	83.238
chr4	106391317	0.0	83.238
chr4	106419242	0.0	83.238
chr4	106443341	0.0	83.238
chr4	106460132	0.0	83.238
chr4	106477680	0.0	83.238
chr4	106571933	0.0	83.238
chr4	106650618	0.0	83.238
chr4	106658683	0.7477865518068224	83.238
chr4	106675399	40.899109430279616	83.2505
chr4	106691793	0.48427088175998106	83.921
chr4	106717605	0.0	83.9335
chr4	106740646	0.0	83.9335
chr4	106773626	0.0	83.9335
chr4	106808014	0.0	83.9335
chr4	106826498	0.0	83.9335
chr4	106857957	0.9923246724317341	83.9335
chr4	106907336	0.0	83.9825
chr4	106919781	0.0	83.9825
chr4	106940498	0.20230465462553962	83.9825
chr4	107002286	0.0	83.995
chr4	107027601	0.0	83.995
chr4	107048158	1.6552969502405956	83.995
chr4	107078062	0.0	84.0445
chr4	107086537	0.9453244762392984	84.0445
chr4	107125677	3.7063183903987604	84.0815
chr4	107182337	0.30136457881293316	84.2915
chr4	107223815	0.0	84.304
chr4	107260400	1.7672176027131574	84.304
chr4	107309347	1.142191142191296	84.3905
chr4	107330797	7.762998790810109	84.415
chr4	107351472	0.5133826365667056	84.5755
chr4	107495614	0.0	84.6495
chr4	107549303	5.138413109896769	84.6495
chr4	107570905	0.0	84.7605
chr4	107592224	2.1801365338035223	84.7605
chr4	107614929	0.0	84.81
chr4	107640730	1.96068040909289	84.81
chr4	107659601	0.3371165299471979	84.847
chr4	107695197	0.9404152873911256	84.859
chr4	107708489	2.279588441870873	84.8715
chr4	107724720	2.31882700145195	84.9085
chr4	107746067	0.18328034411822178	84.958
chr4	107879742	0.0	84.9825
chr4	108002162	0.0	84.9825
chr4	108056901	0.38529282254518615	84.9825
chr4	108120489	1.3398960896904066	85.007
chr4	108138774	0.0	85.0315
chr4	108153950	0.49401256767983404	85.0315
chr4	108179253	0.0	85.044
chr4	108249948	0.0	85.044
chr4	108271938	0.2287994435598053	85.044
chr4	108326571	0.0	85.0565
chr4	108348773	6.033834586466127	85.0565
chr4	108375373	15.770282588878926	85.217
chr4	108386343	3.514787826832538	85.39
chr4	108421338	1.1181195535543405	85.513
chr4	108521059	14.283524121013835	85.6245
chr4	108560195	3.124732471535293	86.1835
chr4	108571876	4.869672915611154	86.22
chr4	108589639	3.5074045206543447	86.3065
chr4	108603752	1.049070822985497	86.356
chr4	108627106	2.3885350318475673	86.3805
chr4	108647830	2.0901593040329867	86.43
chr4	108665532	14.777180049146349	86.467
chr4	108680589	2.2694970427769925	86.6895
chr4	108702400	0.0	86.739
chr4	108724826	0.0	86.739
chr4	108777145	1.7381719518397836	86.739
chr4	108812527	0.0	86.8005
chr4	108828148	4.2511445389145655	86.8005
chr4	108857199	5.7689742563683275	86.924
chr4	108872193	21.234525447042632	87.0105
chr4	108883825	0.46681853829789904	87.2575
chr4	108910602	0.2776852160391612	87.27
chr4	109000632	0.0	87.295
chr4	109019582	3.6591416521953297	87.295
chr4	109059892	3.919525125742032	87.4425
chr4	109081961	6.34716690222279	87.529
chr4	109120876	5.372142996679089	87.776
chr4	109166947	2.5109855618331145	88.0235
chr4	109171726	0.9498260791435915	88.0355
chr4	109249635	0.0	88.1095
chr4	109278757	0.4847701381595077	88.1095
chr4	109303511	1.1950459911641194	88.1215
chr4	109344932	0.9722085829322356	88.171
chr4	109395847	25.198816349176415	88.2205
chr4	109406661	1.7655025636066437	88.493
chr4	109427335	0.7390097269659883	88.5295
chr4	109477402	4.387382810695924	88.5665
chr4	109542361	1.0315026484525212	88.8515
chr4	109578231	8.880674390299001	88.8885
chr4	109600414	1.3465759608948256	89.0855
chr4	109664651	0.0	89.172
chr4	109671903	16.864558159083636	89.172
chr4	109681420	5.11456023651151	89.3325
chr4	109715245	0.39807226869356427	89.5055
chr4	109809449	10.97588084917144	89.543
chr4	109827443	0.40600893219652373	89.7405
chr4	109856999	5.233664622541961	89.7525
chr4	109875915	2.7355707300858088	89.8515
chr4	109948112	0.8567756675710735	90.049
chr4	109962118	1.1023202062405122	90.061
chr4	110018363	1.1856003449017933	90.123
chr4	110060114	0.5126233499936117	90.1725
chr4	110083523	0.7771227618472267	90.1845
chr4	110210916	0.0	90.2835
chr4	110223697	0.0	90.2835
chr4	110233281	0.0	90.2835
chr4	110250025	2.5937958499263662	90.2835
chr4	110269109	3.9745342061722835	90.333
chr4	110296911	0.0	90.4435
chr4	110313399	3.175829363546546	90.4435
chr4	110336700	0.5612428160920816	90.5175
chr4	110381244	1.2718797695491515	90.5425
chr4	110526698	0.0	90.7275
chr4	110551400	0.0	90.7275
chr4	110570837	10.280553420445745	90.7275
chr4	110586449	2.7844671884406256	90.888
chr4	110613025	0.7906138325793453	90.962
chr4	110644646	1.7291066282421406	90.987
chr4	110658526	0.0	91.011
chr4	110685214	0.5386537964320797	91.011
chr4	110708420	0.46349512403140053	91.0235
chr4	110735389	1.6044403972070564	91.036
chr4	110758450	0.31788045100104184	91.073
chr4	110835523	0.0	91.0975
chr4	110869244	0.0	91.0975
chr4	110900219	0.3139993468814299	91.0975
chr4	110940028	0.0	91.11
chr4	110966483	0.0	91.11
chr4	110995942	0.0	91.11
chr4	111011158	0.0	91.11
chr4	111035351	0.0	91.11
chr4	111059663	0.0	91.11
chr4	111073333	0.5832638971551791	91.11
chr4	111115338	0.0	91.1345
chr4	111138572	0.42306911257032564	91.1345
chr4	111168118	1.7561375670809136	91.147
chr4	111224207	0.0	91.2455
chr4	111266161	0.4352367688018326	91.2455
chr4	111294881	1.8909388255739836	91.258
chr4	111314448	0.7296287648845927	91.295
chr4	111331580	2.7916100799756047	91.3075
chr4	111371342	0.6039522636132214	91.4185
chr4	111392039	0.24197607340591665	91.431
chr4	111443697	1.7723608818104182	91.4435
chr4	111464291	4.313569042038643	91.48
chr4	111484344	0.7902139899482085	91.5665
chr4	111515981	0.9356501814016918	91.5915
chr4	111542166	0.0	91.616
chr4	111583334	0.6310581583200142	91.616
chr4	111603142	0.32918992942175396	91.6285
chr4	111641114	0.3395874013074243	91.641
chr4	111676451	3.6442720272731215	91.653
chr4	111727490	0.9106452572109462	91.839
chr4	111781298	18.66906474820061	91.888
chr4	111795198	10.908673352216598	92.1475
chr4	111821324	3.24134910205861	92.4325
chr4	111866984	0.9755716850076361	92.5805
chr4	111879797	12.770393536615163	92.593
chr4	111883634	9.083514099782965	92.642
chr4	111909450	30.383176364340322	92.8765
chr4	111917201	6.874681727697723	93.112
chr4	111938802	180.88235294120423	93.2605
chr4	111939142	0.7497743026332744	93.322
chr4	112004495	3.1686165845650414	93.371
chr4	112043471	7.140203887903001	93.4945
chr4	112067700	0.7908250113481076	93.6675
chr4	112208692	0.8124268815808425	93.779
chr4	112224078	0.0	93.7915
chr4	112234889	1.4530833233808573	93.7915
chr4	112260008	0.3934034115944748	93.828
chr4	112291782	0.0	93.8405
chr4	112315025	0.936150701157353	93.8405
chr4	112341196	0.0	93.865
chr4	112364667	0.0	93.865
chr4	112386274	0.24610659368791404	93.865
chr4	112437065	0.0	93.8775
chr4	112469650	0.0	93.8775
chr4	112497788	0.0	93.8775
chr4	112534902	0.5104124132300059	93.8775
chr4	112559392	0.6779554126068058	93.89
chr4	112686244	5.0806525107084015	93.976
chr4	112708190	0.7319786847800335	94.0875
chr4	112725267	0.7501097721618949	94.1
chr4	112807255	2.8814073400058993	94.1615
chr4	112850116	0.9922997539098867	94.285
chr4	112875310	2.6013027662632275	94.31
chr4	112898952	4.0343098059171405	94.3715
chr4	112926466	1.2116716122652473	94.4825
chr4	112946686	0.8233022938904259	94.507
chr4	113052358	3.2844201938873665	94.594
chr4	113071235	1.2239902080783818	94.656
chr4	113081039	0.8118765947572352	94.668
chr4	113111216	0.17618289193650144	94.6925
chr4	113182165	2.2851919561241845	94.705
chr4	113204045	0.0	94.755
chr4	113216136	4.031075930812116	94.755
chr4	113277534	20.438632619439424	95.0025
chr4	113287246	0.3882108140005231	95.201
chr4	113319445	0.0	95.2135
chr4	113354890	1.2684826896960506	95.2135
chr4	113393913	0.0	95.263
chr4	113406926	0.5986590038312135	95.263
chr4	113448686	0.3127110799790569	95.288
chr4	113488659	52.63157894738039	95.3005
chr4	113489134	0.0	95.3255
chr4	113519432	0.0	95.3255
chr4	113551977	0.5140363392217928	95.3255
chr4	113599639	0.0	95.35
chr4	113628907	0.0	95.35
chr4	113651841	0.0	95.35
chr4	113674856	0.4782492252363639	95.35
chr4	113700993	0.7929572450400783	95.3625
chr4	113731890	0.0	95.387
chr4	113761617	0.5628855766201126	95.387
chr4	113806031	0.0	95.412
chr4	113831381	0.889873601626801	95.412
chr4	113858913	0.0	95.4365
chr4	113929481	0.14346214320968245	95.4365
chr4	114016612	0.0	95.449
chr4	114052233	0.0	95.449
chr4	114087748	0.0	95.449
chr4	114161417	0.42414097314914523	95.449
chr4	114249831	0.0	95.4865
chr4	114290316	0.400394732584809	95.4865
chr4	114413944	1.922852814357098	95.536
chr4	114439687	1.2934349437183157	95.5855
chr4	114468293	0.6593044338223424	95.6225
chr4	114486494	0.46060874051130285	95.6345
chr4	114540770	5.277114823654529	95.6595
chr4	114559625	8.355135454468448	95.759
chr4	114583323	0.0	95.957
chr4	114604137	0.20449451682040215	95.957
chr4	114787516	0.0	95.9945
chr4	114814755	1.5599001663891148	95.9945
chr4	114838795	0.5588413356308134	96.032
chr4	114860268	1.3036223319199238	96.044
chr4	114889034	3.131411294676208	96.0815
chr4	114916817	4.837980406932901	96.1685
chr4	114949992	0.0	96.329
chr4	114958153	0.0	96.329
chr4	114962378	0.613527044272251	96.329
chr4	115043874	0.7606930986246307	96.379
chr4	115141811	1.1070444173326595	96.4535
chr4	115163942	0.756892976208193	96.478
chr4	115278225	0.8254094030641074	96.5645
chr4	115293369	0.0	96.577
chr4	115338716	0.0	96.577
chr4	115343139	0.3780775512674019	96.577
chr4	115376201	0.0	96.5895
chr4	115455208	11.8911174785098	96.5895
chr4	115465678	0.0	96.714
chr4	115476268	0.0	96.714
chr4	115499599	0.0	96.714
chr4	115540893	0.0	96.714
chr4	115612552	0.0	96.714
chr4	115634825	0.0	96.714
chr4	115652086	0.29689007644920595	96.714
chr4	115692505	0.0	96.726
chr4	115696226	0.0	96.726
chr4	115696686	0.8896163974096393	96.726
chr4	115710737	0.0	96.7385
chr4	115732171	0.47065025038604025	96.7385
chr4	115758730	0.0	96.751
chr4	115787202	0.6203153269578938	96.751
chr4	115806547	0.0	96.763
chr4	115830588	0.0	96.763
chr4	115839659	1.0123916740899515	96.763
chr4	115852006	1.1686065535458179	96.7755
chr4	115873399	1.2025590456494148	96.8005
chr4	115894188	0.7493943251342656	96.8255
chr4	115942894	0.0	96.862
chr4	115953943	3.4935718278375747	96.862
chr4	115964677	0.0	96.8995
chr4	115978703	0.9126086004236579	96.8995
chr4	115992400	0.0	96.912
chr4	116009317	0.355407267715806	96.912
chr4	116078252	0.0	96.9365
chr4	116110054	3.4233900814217373	96.9365
chr4	116120862	6.487549148098922	96.9735
chr4	116128492	0.0	97.023
chr4	116148655	0.7917907138786877	97.023
chr4	116180229	2.3352688714970355	97.048
chr4	116211917	0.7854719115246225	97.122
chr4	116227831	0.0	97.1345
chr4	116262154	0.0	97.1345
chr4	116296230	0.7088176920897558	97.1345
chr4	116313865	0.8111544701186462	97.147
chr4	116359479	11.695120311870319	97.184
chr4	116366918	0.0	97.271
chr4	116391162	0.0	97.271
chr4	116490483	0.0	97.271
chr4	116512060	0.0	97.271
chr4	116524731	0.0	97.271
chr4	116577366	0.0	97.271
chr4	116596416	2.8708694633227316	97.271
chr4	116613484	0.0	97.32
chr4	116618991	2.695708432176589	97.32
chr4	116623628	3.3259423503331975	97.3325
chr4	116638511	0.2659857431639245	97.382
chr4	116685506	0.9082322168134013	97.3945
chr4	116699269	0.0	97.407
chr4	116722932	0.4055807916937976	97.407
chr4	116753752	0.3186743148502352	97.4195
chr4	116791408	0.0	97.4315
chr4	116803480	0.6814217182731597	97.4315
chr4	116821824	0.0	97.444
chr4	116841032	1.3888888888892046	97.444
chr4	116850032	4.9377803501663315	97.4565
chr4	116905320	2.821141162945411	97.7295
chr4	116971428	1.4268007955497932	97.916
chr4	117006121	23.144007155634352	97.9655
chr4	117019537	1.5486042643881124	98.276
chr4	117220363	0.0	98.587
chr4	117236027	0.0	98.587
chr4	117247293	1.3475636050024626	98.587
chr4	117256569	2.559639602743061	98.5995
chr4	117266336	0.6589257729022321	98.6245
chr4	117322488	2.9822519639217937	98.6615
chr4	117343110	0.4419989175537308	98.723
chr4	117398540	0.7864108210126289	98.7475
chr4	117430330	1.6831238779177975	98.7725
chr4	117452610	2.8640059127862902	98.81
chr4	117474258	6.286636649392411	98.872
chr4	117486029	1.9003831417623789	98.946
chr4	117518654	11.339617252214218	99.008
chr4	117536159	5.000448470714521	99.2065
chr4	117558457	2.194329851663801	99.318
chr4	117569850	8.534114908839847	99.343
chr4	117593051	6.293087091265963	99.541
chr4	117608862	0.6753653726663823	99.6405
chr4	117645879	0.0	99.6655
chr4	117659719	5.984923291828402	99.6655
chr4	117701240	0.6016847172083197	99.914
chr4	117722015	0.5334812854760203	99.9265
chr4	117745446	0.6891988752275923	99.939
chr4	117763583	0.5946717411989935	99.9515
chr4	117784603	0.8020090732338752	99.964
chr4	117846323	0.0	100.0135
chr4	117856808	0.0	100.0135
chr4	117874779	0.9885382991799444	100.0135
chr4	117912208	1.16575478736615	100.0505
chr4	117944376	0.0	100.088
chr4	118057779	0.2375251776688869	100.088
chr4	118110405	0.0	100.1005
chr4	118151661	0.0	100.1005
chr4	118175573	1.1605236282613351	100.1005
chr4	118186344	0.0	100.113
chr4	118196367	3.1433183246968093	100.113
chr4	118208138	4.397163120567206	100.15
chr4	118222238	1.666577065749089	100.212
chr4	118259440	0.0	100.274
chr4	118273988	0.0	100.274
chr4	118293268	0.2934685636475288	100.274
chr4	118335862	0.0	100.2865
chr4	118382674	0.0	100.2865
chr4	118400030	0.4442233199475049	100.2865
chr4	118428169	3.979971755039004	100.299
chr4	118459325	21.63327768503011	100.423
chr4	118473701	3.176708790058235	100.734
chr4	118516670	0.8648125086473386	100.8705
chr4	118531124	4.967372486349965	100.883
chr4	118568669	0.0	101.0695
chr4	118595948	4.555528195024862	101.0695
chr4	118604070	4.897485875009496	101.1065
chr4	118644601	0.0	101.305
chr4	118670791	0.0	101.305
chr4	118717349	0.0	101.305
chr4	118734591	0.9959101290698017	101.305
chr4	118772245	4.9775578317413345	101.3425
chr4	118789623	0.0	101.429
chr4	118806545	7.935128873443409	101.429
chr4	118823810	14.891508449822604	101.566
chr4	118842982	0.0	101.8515
chr4	118904735	1.2514339347169106	101.8515
chr4	118914324	9.84227900721368	101.8635
chr4	118930682	3.964452958705857	102.0245
chr4	118949474	1.3556444103630052	102.099
chr4	118985988	0.0	102.1485
chr4	118991352	0.6746545768568027	102.1485
chr4	119009880	0.0	102.161
chr4	119025112	0.0	102.161
chr4	119028340	0.0	102.161
chr4	119051505	1.1306996492525059	102.161
chr4	119073173	2.2133157863248147	102.1855
chr4	119089890	22.258582366016412	102.2225
chr4	119106086	3.836090292252469	102.583
chr4	119128635	1.6120599512027771	102.6695
chr4	119151587	7.744014413915019	102.7065
chr4	119180448	37.49618165156259	102.93
chr4	119200090	0.0	103.6665
chr4	119239523	0.0	103.6665
chr4	119297198	0.0	103.6665
chr4	119317658	0.0	103.6665
chr4	119338510	0.0	103.6665
chr4	119350821	0.28900397669478506	103.6665
chr4	119394073	0.0	103.679
chr4	119421276	0.0	103.679
chr4	119437412	0.9454029780194166	103.679
chr4	119450105	3.108125078487679	103.691
chr4	119466031	13.736870327729383	103.7405
chr4	119497734	3.468588344347088	104.176
chr4	119598063	0.0	104.524
chr4	119610876	9.85025840363969	104.524
chr4	119633515	0.0	104.747
chr4	119683670	0.4734131192244676	104.747
chr4	119710074	2.5315595426202644	104.7595
chr4	119768931	0.0	104.9085
chr4	119789770	0.0	104.9085
chr4	119822056	0.0	104.9085
chr4	119859545	0.0	104.9085
chr4	119894489	0.0	104.9085
chr4	119939629	0.0	104.9085
chr4	119967321	0.0	104.9085
chr4	120026230	0.0	104.9085
chr4	120037916	0.0	104.9085
chr4	120042809	0.0	104.9085
chr4	120048788	0.0	104.9085
chr4	120054345	0.43274432023081333	104.9085
chr4	120082075	0.4077305716381224	104.9205
chr4	120143390	5.578655578655626	104.9455
chr4	120172250	0.17927572606673134	105.1065
chr4	120241975	0.0	105.119
chr4	120285031	0.5950114242194803	105.119
chr4	120306039	0.0	105.1315
chr4	120327139	0.41957572502694823	105.1315
chr4	120356931	0.7273362038862232	105.144
chr4	120374117	8.43992451247648	105.1565
chr4	120393193	0.0	105.3175
chr4	120436652	0.0	105.3175
chr4	120453779	0.0	105.3175
chr4	120470165	1.7465926299848744	105.3175
chr4	120519690	0.0	105.404
chr4	120543480	1.2435954832614877	105.404
chr4	120563583	0.0	105.429
chr4	120580534	2.8376472132008304	105.429
chr4	120611017	0.0	105.5155
chr4	120628640	7.428975726570049	105.5155
chr4	120647014	21.311157445570252	105.652
chr4	120667637	0.0	106.0915
chr4	120692312	0.0	106.0915
chr4	120746077	0.0	106.0915
chr4	120761679	0.0	106.0915
chr4	120775942	0.882020886254787	106.0915
chr4	120818458	0.4393055457928105	106.129
chr4	120846912	0.5356664583519531	106.1415
chr4	120869314	2.2392692444128923	106.1535
chr4	120891866	8.053221288515584	106.204
chr4	120910430	3.249217341808188	106.3535
chr4	120952594	3.035286719713701	106.4905
chr4	120993941	1.1061946902659319	106.616
chr4	121005693	0.8798298995527865	106.629
chr4	121019332	0.7858669684393145	106.641
chr4	121051144	0.7208962493912546	106.666
chr4	121102469	9.58254930657159	106.703
chr4	121131167	0.0	106.978
chr4	121148936	172.60940032415567	106.978
chr4	121150170	8.532423208190988	107.191
chr4	121170680	0.0	107.366
chr4	121225486	119.0225959012094	107.366
chr4	121229292	22.64878122028132	107.819
chr4	121249271	7.12750124028416	108.2715
chr4	121279506	4.015419209766413	108.487
chr4	121291958	0.0	108.537
chr4	121313484	0.5522045705543717	108.537
chr4	121337026	0.0	108.55
chr4	121349653	0.9082597502587064	108.55
chr4	121432779	1.767688514676313	108.6255
chr4	121475773	0.0	108.7015
chr4	121496004	0.0	108.7015
chr4	121510261	1.631822147542558	108.7015
chr4	121541208	3.9868145574413574	108.752
chr4	121563657	1.00443979269713	108.8415
chr4	121741368	0.0	109.02
chr4	121768097	0.0	109.02
chr4	121792796	1.5284449561316087	109.02
chr4	121817985	2.4194477514498405	109.0585
chr4	121844024	1.7552312775335952	109.1215
chr4	121858552	0.16675782761227648	109.147
chr4	121933511	0.0	109.1595
chr4	121957529	0.0	109.1595
chr4	121988138	1.7182130584197879	109.1595
chr4	122002979	0.746465267410025	109.185
chr4	122037140	0.0	109.2105
chr4	122058518	0.0	109.2105
chr4	122083757	0.0	109.2105
chr4	122108370	2.041649652919443	109.2105
chr4	122132860	1.5202556793643962	109.2605
chr4	122190745	0.9264560453859224	109.3485
chr4	122286810	0.0	109.4375
chr4	122310781	0.0	109.4375
chr4	122332516	0.5937971040974389	109.4375
chr4	122354409	0.9565350474432684	109.4505
chr4	122367477	0.0	109.463
chr4	122390073	0.0	109.463
chr4	122405017	0.9486973655407743	109.463
chr4	122418720	0.644097490596323	109.476
chr4	122438127	4.191219188314346	109.4885
chr4	122450176	2.9185867895542783	109.539
chr4	122463196	0.4144062688366388	109.577
chr4	122556100	9.780830068924676	109.6155
chr4	122596434	3.1821797931580376	110.01
chr4	122620317	2.245841857155543	110.086
chr4	122642803	0.0	110.1365
chr4	122659628	1.3520853998393982	110.1365
chr4	122828996	0.0	110.3655
chr4	122831653	5.899447834931792	110.3655
chr4	122848858	0.7134624883379195	110.467
chr4	122867079	0.0	110.48
chr4	122933261	0.0	110.48
chr4	122958638	0.5518763796910747	110.48
chr4	122981288	4.375616661661737	110.4925
chr4	123027910	2.01011025753292	110.6965
chr4	123053033	0.9212974787462974	110.747
chr4	123107847	0.0	110.7975
chr4	123181248	1.0467980295563981	110.7975
chr4	123205608	0.5823704808052014	110.823
chr4	123227072	0.0	110.8355
chr4	123242433	0.0	110.8355
chr4	123267669	1.3910467174910246	110.8355
chr4	123295346	0.4405596870264985	110.874
chr4	123323719	10.427952329360533	110.8865
chr4	123331103	2.2123893805311265	110.9635
chr4	123365229	0.0	111.039
chr4	123382818	0.6143690068904221	111.039
chr4	123424324	5.2358179419529005	111.0645
chr4	123436452	0.5543960344376437	111.128
chr4	123482448	4.2335115864531865	111.1535
chr4	123500400	3.7535321158955184	111.2295
chr4	123524111	2.5579695701281704	111.3185
chr4	123554213	7.5696332769904195	111.3955
chr4	123567820	2.3538784674439674	111.4985
chr4	123595434	0.640762763993676	111.5635
chr4	123614942	5.037577048307687	111.576
chr4	123663775	3.078069246754936	111.822
chr4	123689278	0.0	111.9005
chr4	123733424	0.0	111.9005
chr4	123756545	0.0	111.9005
chr4	123780200	0.0	111.9005
chr4	123802124	0.0	111.9005
chr4	123825219	0.10861845678243079	111.9005
chr4	123944904	0.0	111.9135
chr4	123951733	0.0	111.9135
chr4	123966444	0.5591001775963924	111.9135
chr4	124012053	0.0	111.939
chr4	124037785	0.0	111.939
chr4	124048184	0.0	111.939
chr4	124089736	0.17595387301551413	111.939
chr4	124163619	0.0	111.952
chr4	124186628	0.32309791063369353	111.952
chr4	124228411	0.48827199120152937	111.9655
chr4	124333885	0.1998124836692524	112.017
chr4	124398946	1.7385877318117633	112.03
chr4	124421378	0.6091673946025157	112.069
chr4	124464880	3.609603223459362	112.0955
chr4	124482749	0.0	112.16
chr4	124499976	2.1651781067182814	112.16
chr4	124548009	0.0	112.264
chr4	124567767	1.2410547353490777	112.264
chr4	124598789	18.134047704909786	112.3025
chr4	124618200	0.0	112.6545
chr4	124634276	4.269013529488882	112.6545
chr4	124664728	5.8368670491396575	112.7845
chr4	124684773	0.0	112.9015
chr4	124706567	0.0	112.9015
chr4	124733044	2.268602540834972	112.9015
chr4	124791450	0.3404082820555469	113.034
chr4	124983866	1.140701092440497	113.0995
chr4	125006659	0.0	113.1255
chr4	125061510	11.11668338348381	113.1255
chr4	125079456	2.793683043959991	113.325
chr4	125122768	7.818447420941	113.446
chr4	125171371	4.217863646830009	113.826
chr4	125219144	4.449967928158675	114.0275
chr4	125244088	2.7042298999034258	114.1385
chr4	125268864	0.0	114.2055
chr4	125301442	0.8200206523720167	114.2055
chr4	125334368	13.025025611005216	114.2325
chr4	125354867	2.415840022087725	114.4995
chr4	125405574	1.0131804739127934	114.622
chr4	125460352	0.0	114.6775
chr4	125495324	4.104842961512724	114.6775
chr4	125508601	0.0	114.732
chr4	125520513	0.0	114.732
chr4	125564924	0.0	114.732
chr4	125587595	0.0	114.732
chr4	125609690	0.0	114.732
chr4	125634310	0.7256894049345881	114.732
chr4	125690119	0.0	114.7725
chr4	125722748	0.0	114.7725
chr4	125762818	0.1828463959670616	114.7725
chr4	125839385	2.5336281555183624	114.7865
chr4	125861093	0.0	114.8415
chr4	125868000	0.0	114.8415
chr4	125876049	0.0	114.8415
chr4	125880056	0.6324310650139919	114.8415
chr4	125923539	0.0	114.869
chr4	125955261	0.437828371278245	114.869
chr4	125986095	1.042471042471082	114.8825
chr4	126011995	3.8326560768384104	114.9095
chr4	126033651	0.0	114.9925
chr4	126099517	2.6434682303178225	114.9925
chr4	126120323	7.01743996683726	115.0475
chr4	126154096	0.14536543832881665	115.2845
chr4	126250405	0.7014379477927649	115.2985
chr4	126290323	0.5795274309652322	115.3265
chr4	126339501	3.9885016169600958	115.355
chr4	126381246	0.0	115.5215
chr4	126393149	0.0	115.5215
chr4	126396387	1.892908547721786	115.5215
chr4	126479064	0.0	115.678
chr4	126581151	0.0	115.678
chr4	126600517	0.0	115.678
chr4	126613466	0.0	115.678
chr4	126616359	1.0582405816589224	115.678
chr4	126656520	0.0	115.7205
chr4	126665349	0.0	115.7205
chr4	126723464	0.0	115.7205
chr4	126772883	9.429514380008895	115.7205
chr4	126783488	4.856764407968148	115.8205
chr4	126821991	1.4479142208658582	116.0075
chr4	126860322	0.0	116.063
chr4	126878975	0.0	116.063
chr4	126891691	0.0	116.063
chr4	126927794	0.0	116.063
chr4	126975537	0.0	116.063
chr4	126987138	8.340804303278475	116.063
chr4	127018370	2.79163926605045	116.3235
chr4	127095923	0.428265524625139	116.54
chr4	127128613	0.0	116.554
chr4	127146359	0.0	116.554
chr4	127162410	0.3012437061581915	116.554
chr4	127208884	0.0	116.568
chr4	127296633	3.1518016789404855	116.568
chr4	127329630	0.0	116.672
chr4	127373936	0.0	116.672
chr4	127417799	0.0	116.672
chr4	127441676	0.0	116.672
chr4	127441677	0.0	116.672
chr4	127469239	0.0	116.672
chr4	127492396	0.5175231523517012	116.672
chr4	127547466	0.0	116.7005
chr4	127636106	0.43534789591654305	116.7005
chr4	127806085	0.3657644476956066	116.7745
chr4	127884004	0.0	116.803
chr4	127939091	0.0	116.803
chr4	127980495	0.12996778655572178	116.803
chr4	128088214	0.0	116.817
chr4	128112245	0.2936411502635154	116.817
chr4	128161625	1.0320284697507602	116.8315
chr4	128175675	4.978175390497855	116.846
chr4	128203396	0.0	116.984
chr4	128218374	0.5779901356350404	116.984
chr4	128244326	0.0	116.999
chr4	128301467	5.3751506310648605	116.999
chr4	128333001	2.4721016738996964	117.1685
chr4	128397521	5.487114131973986	117.328
chr4	128425769	4.969473235836517	117.483
chr4	128432812	0.45433893684690496	117.518
chr4	128472430	3.3713089979074073	117.536
chr4	128511139	0.462000462000579	117.6665
chr4	128558758	0.42332327173665857	117.6885
chr4	128613090	0.0	117.7115
chr4	128682901	1.4688282015015246	117.7115
chr4	128701283	0.0	117.7385
chr4	128734059	0.0	117.7385
chr4	128760030	0.0	117.7385
chr4	128763994	0.0	117.7385
chr4	128786845	0.0	117.7385
chr4	128795610	0.0	117.7385
chr4	128834680	1.3441694067042564	117.7385
chr4	128931394	0.0	117.8685
chr4	128960723	1.0493179433368707	117.8685
chr4	128983595	0.0	117.8925
chr4	129011586	3.9425630810092493	117.8925
chr4	129023634	0.0	117.94
chr4	129060921	0.0	117.94
chr4	129105791	0.0	117.94
chr4	129135481	0.0	117.94
chr4	129159215	0.0	117.94
chr4	129209722	0.0	117.94
chr4	129264846	0.0	117.94
chr4	129322192	0.0	117.94
chr4	129374969	0.0	117.94
chr4	129408093	0.0	117.94
chr4	129419000	0.0	117.94
chr4	129448060	0.0	117.94
chr4	129489563	0.0	117.94
chr4	129588115	0.30349966510377974	117.94
chr4	129683667	0.0	117.969
chr4	129724480	0.0	117.969
chr4	129762091	0.0	117.969
chr4	129799753	0.0	117.969
chr4	129845942	0.0	117.969
chr4	129872081	0.0	117.969
chr4	129891922	0.0	117.969
chr4	129987442	0.0	117.969
chr4	130112428	0.0	117.969
chr4	130147965	0.0	117.969
chr4	130161306	0.0	117.969
chr4	130182958	0.0	117.969
chr4	130284659	0.0	117.969
chr4	130317471	0.0	117.969
chr4	130375499	0.0	117.969
chr4	130388544	0.0	117.969
chr4	130413351	0.0	117.969
chr4	130450409	0.0	117.969
chr4	130489498	0.0	117.969
chr4	130518427	0.0	117.969
chr4	130554790	0.0	117.969
chr4	130612665	0.0	117.969
chr4	130632527	0.0	117.969
chr4	130673287	0.0	117.969
chr4	130685251	0.0	117.969
chr4	130703324	0.0	117.969
chr4	130746312	0.0	117.969
chr4	130764080	0.0	117.969
chr4	130773975	0.0	117.969
chr4	130779791	0.0	117.969
chr4	130822335	0.0	117.969
