Chromosome	Position(bp)	Rate(cM/Mb)	Map(cM)
chr15	0	0.0	0.0
chr15	83363	0.0	0.0
chr15	118374	133.46275839440008	0.0
chr15	136660	0.0	2.4405
chr15	166183	0.0	2.4405
chr15	179011	0.0	2.4405
chr15	204080	2.3650111588554585	2.4405
chr15	234101	0.0	2.5115
chr15	241262	0.0	2.5115
chr15	253414	0.0	2.5115
chr15	276045	1.766151325893313	2.5115
chr15	295579	0.21572067702300243	2.546
chr15	678018	0.0	2.6285
chr15	702590	0.0	2.6285
chr15	711683	0.0	2.6285
chr15	718129	0.0	2.6285
chr15	734492	0.0	2.6285
chr15	769749	0.0	2.6285
chr15	833215	16.65761975844757	2.6285
chr15	847953	1.6055725718802367	2.874
chr15	868195	5.266708177667089	2.9065
chr15	887467	0.0	3.008
chr15	953828	0.0	3.008
chr15	968137	0.0	3.008
chr15	969962	0.0	3.008
chr15	970971	0.0	3.008
chr15	1006067	0.0	3.008
chr15	1025171	0.0	3.008
chr15	1091162	0.0	3.008
chr15	1111531	0.0	3.008
chr15	1151526	10.168668008606922	3.008
chr15	1194747	1.4862186993334696	3.4475
chr15	1216951	0.0	3.4805
chr15	1239785	0.0	3.4805
chr15	1244171	0.0	3.4805
chr15	1282266	0.0	3.4805
chr15	1303185	1.3549570582839885	3.4805
chr15	1327171	0.0	3.513
chr15	1351021	0.0	3.513
chr15	1373550	1.4354489642683714	3.513
chr15	1396191	0.0	3.5455
chr15	1441276	0.0	3.5455
chr15	1454175	0.0	3.5455
chr15	1480955	0.0	3.5455
chr15	1497640	0.0	3.5455
chr15	1541983	0.0	3.5455
chr15	1558349	0.0	3.5455
chr15	1573987	0.0	3.5455
chr15	1591432	0.0	3.5455
chr15	1610384	0.0	3.5455
chr15	1624419	0.9062896501721891	3.5455
chr15	1657521	2.747379600129283	3.5755
chr15	1679178	0.0	3.635
chr15	1701576	13.344621835187878	3.635
chr15	1738782	2.447896016135433	4.1315
chr15	1796791	0.555035587575911	4.2735
chr15	1842734	0.0	4.299
chr15	1860210	4.236446680346863	4.299
chr15	1875317	0.0	4.363
chr15	1885249	0.0	4.363
chr15	1902167	6.166042721867402	4.363
chr15	1915790	10.880053235734486	4.447
chr15	1945845	0.0	4.774
chr15	1977061	1.1143677108139525	4.774
chr15	2009815	177.0186335403711	4.8105
chr15	2010137	0.4863127625384176	4.8675
chr15	2081079	0.0	4.902
chr15	2082186	0.691764363212704	4.902
chr15	2109652	0.6684247152327457	4.921
chr15	2164258	1.0285714285714675	4.9575
chr15	2181758	0.5318205991845356	4.9755
chr15	2215604	0.0	4.9935
chr15	2216053	0.0	4.9935
chr15	2221645	0.0	4.9935
chr15	2223671	0.5869514896994126	4.9935
chr15	2284153	2.780303560187464	5.029
chr15	2312747	0.0	5.1085
chr15	2329136	0.48074355002403174	5.1085
chr15	2366578	0.0	5.1265
chr15	2375270	0.9405214250780599	5.1265
chr15	2428432	0.5941147689942108	5.1765
chr15	2457046	2.4735654679387915	5.1935
chr15	2493835	0.0	5.2845
chr15	2503727	0.0	5.2845
chr15	2514094	0.0	5.2845
chr15	2543625	0.0	5.2845
chr15	2577705	0.0	5.2845
chr15	2599974	1.8495348963716371	5.2845
chr15	2618357	3.6517909886686866	5.3185
chr15	2636978	9.68545057080401	5.3865
chr15	2653446	9.30197946122935	5.546
chr15	2666884	2.6314390516187154	5.671
chr15	2704506	6.216305424139093	5.77
chr15	2722684	5.846574567400616	5.883
chr15	2743893	0.0	6.007
chr15	2746637	1.7459185725516073	6.007
chr15	2801336	0.47648964782120623	6.1025
chr15	2942997	1.9088255108915728	6.17
chr15	2951903	1.7703536362846497	6.187
chr15	2997939	0.0	6.2685
chr15	3015154	0.0	6.2685
chr15	3021504	0.0	6.2685
chr15	3049632	5.397263712815345	6.2685
chr15	3073533	0.0	6.3975
chr15	3073985	1.2103089847643704	6.3975
chr15	3088031	0.0	6.4145
chr15	3102677	4.22076187423198	6.4145
chr15	3177545	0.0	6.7305
chr15	3189759	0.9691934925579947	6.7305
chr15	3204204	36.5675280351047	6.7445
chr15	3208306	0.32858053210131705	6.8945
chr15	3258522	2.8356669922935174	6.911
chr15	3295374	0.0	7.0155
chr15	3303678	2.887275242047023	7.0155
chr15	3332598	0.0	7.099
chr15	3373764	0.7671232876712457	7.099
chr15	3392014	0.0	7.113
chr15	3401590	0.0	7.113
chr15	3414150	0.0	7.113
chr15	3427344	0.0	7.113
chr15	3454089	0.0	7.113
chr15	3519714	20.885622086769338	7.113
chr15	3525292	7.9513228272965595	7.2295
chr15	3581006	0.0	7.6725
chr15	3642386	0.6243351986310698	7.6725
chr15	3664009	0.0	7.686
chr15	3695238	0.7340718541077716	7.686
chr15	3777655	2.3232473422050406	7.7465
chr15	3804557	0.0	7.809
chr15	3846932	0.0	7.809
chr15	3855784	0.1531980084258906	7.809
chr15	3960224	0.4590314436538907	7.825
chr15	3995080	0.0	7.841
chr15	3999080	2.563073499096985	7.841
chr15	4053897	0.0	7.9815
chr15	4177138	0.0	7.9815
chr15	4177320	0.0	7.9815
chr15	4208998	0.9335978527249654	7.9815
chr15	4243274	0.0	8.0135
chr15	4262912	0.0	8.0135
chr15	4287967	0.0	8.0135
chr15	4312514	0.6923110207260618	8.0135
chr15	4335625	0.940077632217334	8.0295
chr15	4352113	0.0	8.045
chr15	4386380	1.156345946808083	8.045
chr15	4411459	0.9092089881802407	8.074
chr15	4426857	0.0	8.088
chr15	4479039	0.0	8.088
chr15	4507521	0.0	8.088
chr15	4531458	0.3659627531242514	8.088
chr15	4568347	0.0	8.1015
chr15	4585654	8.670520231213713	8.1015
chr15	4589287	1.8455540809555862	8.133
chr15	4613399	3.03078961101521	8.1775
chr15	4638310	0.0	8.253
chr15	4653603	0.0	8.253
chr15	4669335	0.0	8.253
chr15	4701366	3.447580645161278	8.253
chr15	4726166	15.964791163272363	8.3385
chr15	4755136	7.5322028964413335	8.801
chr15	4768877	14.025687495075175	8.9045
chr15	4781568	1.61330015586123	9.0825
chr15	4818139	0.0	9.1415
chr15	4841508	0.0	9.1415
chr15	4877566	8.651648710414529	9.1415
chr15	4892881	16.882225020029857	9.274
chr15	4901618	0.38181540497888733	9.4215
chr15	4940904	24.47229212675259	9.4365
chr15	4960375	0.0	9.913
chr15	4974198	1.5267584507419139	9.913
chr15	4992865	12.44479085476745	9.9415
chr15	5012110	0.0	10.181
chr15	5104392	0.6032617740056564	10.181
chr15	5128428	0.0	10.1955
chr15	5145858	0.8998585936495844	10.1955
chr15	5176974	0.0	10.2235
chr15	5186296	0.0	10.2235
chr15	5242571	4.30787998932559	10.2235
chr15	5268802	0.0	10.3365
chr15	5279107	0.0	10.3365
chr15	5331301	0.0	10.3365
chr15	5336085	1.4109609386603832	10.3365
chr15	5356284	0.0	10.365
chr15	5410071	1.2073649260489185	10.365
chr15	5433262	46.2662337662336	10.393
chr15	5440654	0.5663888664131497	10.735
chr15	5490090	0.0	10.763
chr15	5514781	0.0	10.763
chr15	5540495	0.0	10.763
chr15	5563929	0.0	10.763
chr15	5606281	0.0	10.763
chr15	5634137	1.335520149953107	10.763
chr15	5655477	0.0	10.7915
chr15	5660062	2.3969599532300716	10.7915
chr15	5677167	0.0	10.8325
chr15	5684880	0.6562011003987633	10.8325
chr15	5704691	0.2795957252920328	10.8455
chr15	5752975	0.0	10.859
chr15	5788466	12.09677419354841	10.859
chr15	5804710	6.418918918918762	11.0555
chr15	5809150	4.203042201974786	11.084
chr15	5861612	0.0	11.3045
chr15	5980908	0.0	11.3045
chr15	6015716	0.0	11.3045
chr15	6022152	10.869156418067611	11.3045
chr15	6048741	0.0	11.5935
chr15	6048755	2.0275967290782617	11.5935
chr15	6123474	0.0	11.745
chr15	6141790	0.4411950081936569	11.745
chr15	6173522	0.0	11.759
chr15	6230693	1.9556303227841443	11.759
chr15	6278248	0.0	11.852
chr15	6334140	11.93724420190992	11.852
chr15	6354664	2.764282124308975	12.097
chr15	6384509	0.2806792437699101	12.1795
chr15	6434388	19.92801566717832	12.1935
chr15	6453281	0.18544704327870096	12.57
chr15	6755254	0.3163111095490929	12.626
chr15	6840613	0.0	12.653
chr15	6903356	0.2932489893382909	12.653
chr15	6951097	0.0	12.667
chr15	6974916	0.0	12.667
chr15	6990067	1.0465426037979928	12.667
chr15	7016344	0.0	12.6945
chr15	7035851	0.0	12.6945
chr15	7060133	0.0	12.6945
chr15	7088721	0.0	12.6945
chr15	7118759	0.0	12.6945
chr15	7169722	7.178031883816067	12.6945
chr15	7193684	0.0	12.8665
chr15	7215482	0.0	12.8665
chr15	7306116	0.0	12.8665
chr15	7338009	3.0992516441152294	12.8665
chr15	7351238	5.717802793784438	12.9075
chr15	7407291	0.0	13.228
chr15	7424078	9.225402429285925	13.228
chr15	7447871	6.341728574017058	13.4475
chr15	7458909	7.908797545363155	13.5175
chr15	7477812	0.0	13.667
chr15	7532084	0.0	13.667
chr15	7601738	0.0	13.667
chr15	7623743	18.35886986167172	13.667
chr15	7649262	1.7523364485979667	14.1355
chr15	7656966	2.9124845372124977	14.149
chr15	7720829	0.847406331335836	14.335
chr15	7753871	5.230435211684589	14.363
chr15	7774137	1.035039118390231	14.469
chr15	7839835	0.0	14.537
chr15	7845377	1.4021905920947477	14.537
chr15	7864276	6.725014479696294	14.5635
chr15	7895354	7.466717503892207	14.7725
chr15	7926827	2.2329262831762002	15.0075
chr15	8009454	0.6164383561644069	15.192
chr15	8031354	0.0	15.2055
chr15	8097541	0.5030383516439008	15.2055
chr15	8122390	0.0	15.218
chr15	8157195	0.0	15.218
chr15	8188481	0.0	15.218
chr15	8191172	0.48281534995173675	15.218
chr15	8219133	0.0	15.2315
chr15	8248537	0.0	15.2315
chr15	8291412	9.095549677479221	15.2315
chr15	8312961	3.784505788067556	15.4275
chr15	8319699	2.3852385238523826	15.453
chr15	8408579	0.0	15.665
chr15	8442610	0.0	15.665
chr15	8467522	0.2139461172741761	15.665
chr15	8530622	0.0	15.6785
chr15	8550877	0.728118617142009	15.6785
chr15	8603753	0.0	15.717
chr15	8617422	0.0	15.717
chr15	8637913	0.0	15.717
chr15	8659708	0.0	15.717
chr15	8700834	0.0	15.717
chr15	8760406	0.0	15.717
chr15	8812100	0.0	15.717
chr15	8859672	0.1983906550065753	15.717
chr15	8922679	0.06556186518463179	15.7295
chr15	9120965	0.0	15.7425
chr15	9150978	0.0	15.7425
chr15	9200640	0.0	15.7425
chr15	9214406	0.0	15.7425
chr15	9232265	0.0	15.7425
chr15	9255850	0.0	15.7425
chr15	9321337	0.0	15.7425
chr15	9344540	0.0	15.7425
chr15	9363304	0.0	15.7425
chr15	9380801	0.5830903790087419	15.7425
chr15	9403096	0.0	15.7555
chr15	9453707	0.0	15.7555
chr15	9475450	0.0	15.7555
chr15	9552454	0.0	15.7555
chr15	9577897	0.0	15.7555
chr15	9590952	0.779279448857436	15.7555
chr15	9723767	0.5781416215715873	15.859
chr15	9745388	0.0	15.8715
chr15	9745613	12.966804979254217	15.8715
chr15	9746577	2.29962045099352	15.884
chr15	9791367	0.0	15.987
chr15	9832605	10.006765136994037	15.987
chr15	9850343	2.3417283230674037	16.1645
chr15	9960091	0.0	16.4215
chr15	9992186	3.765227021040855	16.4215
chr15	10005731	0.0	16.4725
chr15	10023622	0.15508869880579462	16.4725
chr15	10107445	0.6469454028821028	16.4855
chr15	10146861	4.45242474672272	16.511
chr15	10215363	4.555026908977484	16.816
chr15	10279468	0.392612838439814	17.108
chr15	10345691	0.5505491002868688	17.134
chr15	10414713	0.9871240501940459	17.172
chr15	10518550	0.8153094969815102	17.2745
chr15	10627711	0.0	17.3635
chr15	10632989	0.0	17.3635
chr15	10762881	1.9355837720660949	17.3635
chr15	10769339	0.10432315139375137	17.376
chr15	10889159	0.8292286515083787	17.3885
chr15	10949456	0.0	17.4385
chr15	10989695	0.0	17.4385
chr15	11006207	0.0	17.4385
chr15	11021474	0.0	17.4385
chr15	11034311	0.7181500454828295	17.4385
chr15	11138746	0.11689016065383015	17.5135
chr15	11245684	0.17548221049091814	17.526
chr15	11314067	0.0	17.538
chr15	11351126	0.0	17.538
chr15	11412228	0.0	17.538
chr15	11430187	0.41141427772107064	17.538
chr15	11490953	1.3667675037358828	17.563
chr15	11518390	0.0	17.6005
chr15	11559146	0.29086001489201624	17.6005
chr15	11602122	0.1854626923248014	17.613
chr15	11669521	0.0	17.6255
chr15	11747563	0.27175118683171107	17.6255
chr15	11837719	0.7120260725788767	17.65
chr15	11942350	0.22473122145912208	17.7245
chr15	11997972	1.0835644937587607	17.737
chr15	12021044	1.4996364517692173	17.762
chr15	12054052	0.9358622410781487	17.8115
chr15	12094122	0.0	17.849
chr15	12111041	0.24904367229836008	17.849
chr15	12161233	3.9434768320737605	17.8615
chr15	12164276	0.0	17.8735
chr15	12206737	0.0	17.8735
chr15	12232559	4.930016433388097	17.8735
chr15	12250206	1.6813858695652812	17.9605
chr15	12279646	0.0	18.01
chr15	12296851	0.0	18.01
chr15	12318706	0.1624157062484478	18.01
chr15	12395669	0.6396806714087964	18.0225
chr15	12415210	0.2704339924711022	18.035
chr15	12507654	3.8363171355499395	18.06
chr15	12553010	0.0	18.234
chr15	12554517	0.0	18.234
chr15	12588633	0.0	18.234
chr15	12609534	0.13300277709797823	18.234
chr15	12797500	0.7455181351039017	18.259
chr15	12997361	0.0	18.408
chr15	13041181	1.7326964503137132	18.408
chr15	13062535	0.0	18.445
chr15	13143205	0.15687160372977033	18.445
chr15	13222888	3.017096882333228	18.4575
chr15	13255701	0.36794646624215216	18.5565
chr15	13357618	0.41266382753950975	18.594
chr15	13418200	0.0	18.619
chr15	13446535	3.3813785094611566	18.619
chr15	13461174	0.0	18.6685
chr15	13515543	0.9085236032596418	18.6685
chr15	13570027	0.599259097842647	18.718
chr15	13652629	0.0	18.7675
chr15	13695033	0.0	18.7675
chr15	13733014	0.0	18.7675
chr15	13760632	0.0	18.7675
chr15	13769606	1.1270145384875625	18.7675
chr15	13813971	0.0	18.8175
chr15	13842872	0.0	18.8175
chr15	13897193	0.4015806213255145	18.8175
chr15	13928320	0.27486421707678754	18.83
chr15	14019274	0.0	18.855
chr15	14024161	0.0	18.855
chr15	14033339	0.0	18.855
chr15	14054327	1.476882271384637	18.855
chr15	14070916	3.338411901774532	18.8795
chr15	14093232	0.0	18.954
chr15	14112099	0.6882122997301816	18.954
chr15	14130262	1.115810312246939	18.9665
chr15	14185827	0.2684534931168372	19.0285
chr15	14232390	0.0	19.041
chr15	14232503	0.7299915940361651	19.041
chr15	14300312	1.5075254698859912	19.0905
chr15	14341439	3.3171922065047372	19.1525
chr15	14367666	0.29620853080567033	19.2395
chr15	14409866	2.260790134734043	19.252
chr15	14431761	0.5590089888645092	19.3015
chr15	14498844	0.0	19.339
chr15	14536829	0.0	19.339
chr15	14560947	0.8652333508128278	19.339
chr15	14618157	0.0	19.3885
chr15	14685014	0.4864002490368999	19.3885
chr15	14710713	0.0	19.401
chr15	14711240	0.0	19.401
chr15	14737910	0.0	19.401
chr15	14765147	1.567594682718747	19.401
chr15	14781095	4.121750158528901	19.426
chr15	14814212	2.6227444397816386	19.5625
chr15	14823744	0.6874767744333442	19.5875
chr15	14877564	2.3534770725781056	19.6245
chr15	14903908	1.2070226773958028	19.6865
chr15	14944918	0.2941262978322934	19.736
chr15	15114913	0.0	19.786
chr15	15218639	0.8174386920980461	19.786
chr15	15264514	0.11385307260980138	19.8235
chr15	15369913	118.94624800425831	19.8355
chr15	15371792	19.106423574305612	20.059
chr15	15390660	2.600643396169716	20.4195
chr15	15423921	5.925422705313966	20.506
chr15	15463665	0.0	20.7415
chr15	15487489	24.70785916138416	20.7415
chr15	15500582	8.66404632095009	21.065
chr15	15547904	2.1374887954215547	21.475
chr15	15576910	0.0	21.537
chr15	15620457	0.0	21.537
chr15	15648333	0.0	21.537
chr15	15670352	0.0	21.537
chr15	15687538	0.0	21.537
chr15	15713600	0.0	21.537
chr15	15745756	0.0	21.537
chr15	15768270	0.0	21.537
chr15	15839889	0.0	21.537
chr15	15881995	0.993390909459504	21.537
chr15	15906658	2.0936269994139627	21.5615
chr15	15918599	0.0	21.5865
chr15	16007554	10.382717198994271	21.5865
chr15	16018293	0.29579964504041595	21.698
chr15	16185636	0.9073065955634464	21.7475
chr15	16212639	0.0	21.772
chr15	16228721	0.0	21.772
chr15	16258842	0.0	21.772
chr15	16273970	0.9002520705798391	21.772
chr15	16301740	1.6504725143085628	21.797
chr15	16339305	0.2260014690094902	21.859
chr15	16392402	0.0	21.871
chr15	16505463	0.23340926914894952	21.871
chr15	16559017	2.8749028749027996	21.8835
chr15	16571887	0.11150260916104802	21.9205
chr15	16683992	1.016091572660905	21.933
chr15	16708104	0.0	21.9575
chr15	16732765	0.3439357252916868	21.9575
chr15	16805453	0.0	21.9825
chr15	16873358	1.226632648054491	21.9825
chr15	16893739	1.4993880048959451	22.0075
chr15	16926419	2.484595507851416	22.0565
chr15	16941512	0.29979763659530956	22.094
chr15	16981539	0.0	22.106
chr15	17031309	0.0	22.106
chr15	17096809	0.0	22.106
chr15	17107213	0.0	22.106
chr15	17119378	0.7548555573690026	22.106
chr15	17168394	2.0418580908627626	22.143
chr15	17174271	1.599112853974463	22.155
chr15	17236493	10.252459405001675	22.2545
chr15	17253367	4.2846014022331955	22.4275
chr15	17276473	0.0	22.5265
chr15	17313874	2.095114805478038	22.5265
chr15	17343228	2.5100401606424274	22.588
chr15	17358168	7.355864811133244	22.6255
chr15	17373258	4.171310838653019	22.7365
chr15	17402865	0.5549143212287707	22.86
chr15	17425391	3.5037878787878998	22.8725
chr15	17457071	7.5044738209317545	22.9835
chr15	17491717	1.2591869250141206	23.2435
chr15	17511174	0.5751886618810642	23.268
chr15	17532906	4.07522717493106	23.2805
chr15	17572413	6.675085693667675	23.4415
chr15	17594585	0.7698940625769457	23.5895
chr15	17610821	7.934192870894302	23.602
chr15	17627962	0.0	23.738
chr15	17671132	0.5204718945177158	23.738
chr15	17694188	16.63306451612887	23.75
chr15	17703116	0.7864977467902939	23.8985
chr15	17750160	11.52186703275149	23.9355
chr15	17770556	3.020154661145967	24.1705
chr15	17852671	0.08472900838814995	24.4185
chr15	17994299	0.0	24.4305
chr15	17998623	2.6538097004162258	24.4305
chr15	18119958	0.0	24.7525
chr15	18143920	2.122601460349684	24.7525
chr15	18161587	0.5055403091017837	24.79
chr15	18210050	1.7200922685332665	24.8145
chr15	18260338	0.0	24.901
chr15	18299238	0.0	24.901
chr15	18352871	1.6192146808798347	24.901
chr15	18360282	1.8957104238570395	24.913
chr15	18419099	13.685374619851222	25.0245
chr15	18422716	0.0	25.074
chr15	18427780	0.0	25.074
chr15	18437560	2.8631354662582322	25.074
chr15	18467597	0.0	25.16
chr15	18491735	1.0973936899863241	25.16
chr15	18502670	7.365632998035793	25.172
chr15	18536272	0.0	25.4195
chr15	18554105	3.3183616008582075	25.4195
chr15	18569022	0.5583597623620534	25.469
chr15	18591409	0.0	25.4815
chr15	18607351	0.0	25.4815
chr15	18625539	2.4964336661911295	25.4815
chr15	18645167	1.2536564981195628	25.5305
chr15	18654739	11.717521233092238	25.5425
chr15	18661097	1.1495331487824212	25.617
chr15	18682410	4.376226791517818	25.6415
chr15	18713487	0.6894610946953635	25.7775
chr15	18749022	1.0139889082029527	25.802
chr15	18773184	0.0	25.8265
chr15	18774269	0.0	25.8265
chr15	18818238	0.0	25.8265
chr15	18848899	0.3960043964569688	25.8265
chr15	18910767	1.3298157561718715	25.851
chr15	18957390	0.0	25.913
chr15	18995419	0.0	25.913
chr15	19010067	0.6854771476739914	25.913
chr15	19064044	0.0	25.95
chr15	19091763	0.0	25.95
chr15	19101271	0.0	25.95
chr15	19121928	0.4111706851748064	25.95
chr15	19152329	15.025186729199394	25.9625
chr15	19158086	0.6626484150902328	26.049
chr15	19213168	0.0	26.0855
chr15	19223275	0.7252055723860361	26.0855
chr15	19394261	0.0	26.2095
chr15	19409195	15.717092337917808	26.2095
chr15	19417848	6.3453953009774695	26.3455
chr15	19452834	4.937432535081755	26.5675
chr15	19477847	35.061969993477014	26.691
chr15	19487045	1.4271850202659462	27.0135
chr15	19504562	12.144408539492526	27.0385
chr15	19542316	0.9412939910865123	27.497
chr15	19568344	6.792246070133022	27.5215
chr15	19621272	3.618105294247913	27.881
chr15	19634815	0.7486695938973115	27.93
chr15	19684236	3.652517275419801	27.967
chr15	19694366	0.9559132795472253	28.004
chr15	19720519	2.102664510087681	28.029
chr15	19779254	1.1148146479888716	28.1525
chr15	19823656	4.6871041297186515	28.202
chr15	19839444	0.6034185508102986	28.276
chr15	19880046	0.0	28.3005
chr15	19892386	0.0	28.3005
chr15	19916383	0.0	28.3005
chr15	19961513	0.0	28.3005
chr15	19988352	0.0	28.3005
chr15	19991136	0.0	28.3005
chr15	20012740	0.0	28.3005
chr15	20033962	0.0	28.3005
chr15	20066290	6.568144499179231	28.3005
chr15	20068117	0.0	28.3125
chr15	20160734	0.6747274101262706	28.3125
chr15	20179260	3.4154897073756865	28.325
chr15	20200926	0.0	28.399
chr15	20221118	1.3252302420218014	28.399
chr15	20258470	0.0	28.4485
chr15	20300393	0.0	28.4485
chr15	20346026	0.0	28.4485
chr15	20406993	0.0	28.4485
chr15	20434163	0.0	28.4485
chr15	20456327	0.7817236208161751	28.4485
chr15	20487668	0.0	28.473
chr15	20527834	0.0	28.473
chr15	20529134	0.586353944562922	28.473
chr15	20613554	0.0	28.5225
chr15	20655372	0.3264240248082383	28.5225
chr15	20692134	0.0	28.5345
chr15	20711863	0.0	28.5345
chr15	20728153	0.0	28.5345
chr15	20787835	0.35924185598710434	28.5345
chr15	20857426	0.0	28.5595
chr15	20857645	0.9850985098509987	28.5595
chr15	20957635	10.396270396270348	28.658
chr15	20968360	0.0	28.7695
chr15	21020739	0.0	28.7695
chr15	21040843	0.0	28.7695
chr15	21054746	0.0	28.7695
chr15	21060040	0.0	28.7695
chr15	21062528	0.0	28.7695
chr15	21127736	0.0	28.7695
chr15	21175427	2.484805748631613	28.7695
chr15	21205208	0.0	28.8435
chr15	21231023	2.062632277504746	28.8435
chr15	21314654	0.7009869896815313	29.016
chr15	21350318	2.284373649441195	29.041
chr15	21382712	4.221320623416188	29.115
chr15	21458873	0.5200748907843173	29.4365
chr15	21506943	1.674745384238298	29.4615
chr15	21543665	0.9715279627685595	29.523
chr15	21607482	2.8034550689497677	29.585
chr15	21620680	0.0	29.622
chr15	21624712	1.3210596046776952	29.622
chr15	21755289	0.0	29.7945
chr15	21758643	0.0	29.7945
chr15	21787465	0.7778602099773018	29.7945
chr15	22009870	1.3651625281333812	29.9675
chr15	22036973	2.5406764871939505	30.0045
chr15	22134388	0.7892574492929161	30.252
chr15	22180634	0.13954319140859686	30.2885
chr15	22270212	0.0	30.301
chr15	22379781	0.3481468238659596	30.301
chr15	22486058	0.6779754821927593	30.338
chr15	22522195	2.560426054895389	30.3625
chr15	22527077	5.043006348556285	30.375
chr15	22546609	0.0	30.4735
chr15	22554501	2.0388503259521067	30.4735
chr15	22706057	2.442925375750394	30.7825
chr15	22751699	2.3291925465839394	30.894
chr15	22778103	0.8920445842081095	30.9555
chr15	22889084	0.47336869863853775	31.0545
chr15	23149980	0.0	31.178
chr15	23196848	0.3630405133589002	31.178
chr15	23298765	0.5972896757010804	31.215
chr15	23400893	2.4290711232025797	31.276
chr15	23416331	0.0	31.3135
chr15	23439593	0.0	31.3135
chr15	23571899	0.0	31.3135
chr15	23595130	0.0	31.3135
chr15	23626604	5.327442827442722	31.3135
chr15	23649692	0.0	31.4365
chr15	23702575	0.594963918317223	31.4365
chr15	23806783	1.3818323935011536	31.4985
chr15	23842605	0.09605379012247221	31.548
chr15	23967535	0.0	31.56
chr15	24021928	3.1604747162024664	31.56
chr15	24037432	0.0	31.609
chr15	24045802	0.22083635143012365	31.609
chr15	24102405	21.67807618044584	31.6215
chr15	24108102	1.852400711321768	31.745
chr15	24114850	0.0	31.7575
chr15	24130943	6.099331977926252	31.7575
chr15	24165373	0.9341311318134524	31.9675
chr15	24204982	0.0	32.0045
chr15	24252100	3.3537826145938014	32.0045
chr15	24318443	8.823843987308006	32.227
chr15	24346492	2.1196216403276846	32.4745
chr15	24381168	0.0	32.548
chr15	24421588	2.3886449617540912	32.548
chr15	24457801	0.3697670467605312	32.6345
chr15	24557864	3.3803109886109266	32.6715
chr15	24634780	1.5688763943049047	32.9315
chr15	24689915	4.9058529945554055	33.018
chr15	24725179	6.6143670204582765	33.191
chr15	24738181	6.797632927821843	33.277
chr15	24783638	0.0	33.586
chr15	24813673	0.8468260957931605	33.586
chr15	24828434	0.0	33.5985
chr15	24830837	4.489175295054623	33.5985
chr15	24886081	0.0	33.8465
chr15	24913060	0.7403183368848412	33.8465
chr15	25013017	1.1782528193906627	33.9205
chr15	25054604	1.3754514114473058	33.9695
chr15	25225457	17.858400018773512	34.2045
chr15	25268070	11.398487016969892	34.9655
chr15	25287634	0.0	35.1885
chr15	25298402	0.0	35.1885
chr15	25311768	1.294105218677358	35.1885
chr15	25349632	0.0	35.2375
chr15	25354227	1.31718999467807	35.2375
chr15	25391807	0.0	35.287
chr15	25404136	0.2881246542504804	35.287
chr15	25447520	16.096866096866034	35.2995
chr15	25472090	0.0	35.695
chr15	25479551	0.2851914347505871	35.695
chr15	25521628	0.0	35.707
chr15	25524267	0.0	35.707
chr15	25541413	0.0	35.707
chr15	25543963	0.0	35.707
chr15	25553756	0.0	35.707
chr15	25554684	1.9387359441642944	35.707
chr15	25567579	35.324798482693105	35.732
chr15	25588669	0.0	36.477
chr15	25596224	0.0	36.477
chr15	25602993	0.0	36.477
chr15	25606817	0.0	36.477
chr15	25631195	1.5539769123432257	36.477
chr15	25646961	0.0	36.5015
chr15	25657466	0.0	36.5015
chr15	25675303	0.0	36.5015
chr15	25679119	0.0	36.5015
chr15	25697576	0.444381243556573	36.5015
chr15	25725705	0.0	36.514
chr15	25731291	0.0	36.514
chr15	25734382	8.739406779660094	36.514
chr15	25740046	0.0	36.5635
chr15	25770316	0.9547613872760942	36.5635
chr15	25834730	0.0	36.625
chr15	25918411	0.24349106803497694	36.625
chr15	26170987	0.0	36.6865
chr15	26216246	0.0	36.6865
chr15	26259064	0.0	36.6865
chr15	26316800	0.0	36.6865
chr15	26329149	0.0	36.6865
chr15	26333870	0.0	36.6865
chr15	26357783	0.0	36.6865
chr15	26392305	0.0	36.6865
chr15	26404954	0.0	36.6865
chr15	26411653	0.0	36.6865
chr15	26440456	0.0	36.6865
chr15	26461655	0.38989394884578094	36.6865
chr15	26493715	0.0	36.699
chr15	26531033	0.0	36.699
chr15	26550699	0.0	36.699
chr15	26656136	0.0	36.699
chr15	26676519	0.0	36.699
chr15	26699993	0.7260550023708895	36.699
chr15	26733737	0.0	36.7235
chr15	26769598	0.0	36.7235
chr15	26801276	4.814381922413364	36.7235
chr15	26819243	0.5402134923720012	36.81
chr15	26842382	0.9125786866317763	36.8225
chr15	26869229	0.0	36.847
chr15	26883410	1.0471647862089113	36.847
chr15	26966014	5.144853461542764	36.9335
chr15	27055035	0.0	37.3915
chr15	27081418	0.37966248779650386	37.3915
chr15	27145949	0.0	37.416
chr15	27169971	1.1192192326635486	37.416
chr15	27192308	2.909539763709797	37.441
chr15	27209321	1.7272983643544344	37.4905
chr15	27223505	3.380349359964356	37.515
chr15	27252644	0.544069640914006	37.6135
chr15	27298594	1.7750842716776114	37.6385
chr15	27326480	0.782472613458262	37.688
chr15	27342455	0.6163056876211429	37.7005
chr15	27382208	0.0	37.725
chr15	27412162	1.8670309653914763	37.725
chr15	27445102	1.0701493841182534	37.7865
chr15	27467996	0.0	37.811
chr15	27493531	0.40623984400399227	37.811
chr15	27524301	9.743346007603806	37.8235
chr15	27530613	0.0	37.885
chr15	27531805	0.5947566255888316	37.885
chr15	27594856	0.0	37.9225
chr15	27622208	0.87256493506492	37.9225
chr15	27720768	0.0	38.0085
chr15	27738574	0.7378113563925653	38.0085
chr15	27755516	0.0	38.021
chr15	27775993	0.0	38.021
chr15	27778046	0.0	38.021
chr15	27892640	0.0	38.021
chr15	27914019	0.0	38.021
chr15	27922032	0.0	38.021
chr15	28021914	0.0	38.021
chr15	28062396	0.0	38.021
chr15	28084363	0.4302925989672309	38.021
chr15	28141301	0.0	38.0455
chr15	28195643	0.0	38.0455
chr15	28273002	0.0	38.0455
chr15	28293170	1.4632603021437214	38.0455
chr15	28318456	0.0	38.0825
chr15	28347012	0.0	38.0825
chr15	28400200	49.30394431554515	38.0825
chr15	28412268	0.1018814100387188	38.6775
chr15	28530052	0.21151307996879312	38.6895
chr15	28589150	0.0	38.702
chr15	28615586	0.0	38.702
chr15	28637588	0.0	38.702
chr15	28658317	0.0	38.702
chr15	28678097	0.567949475214814	38.702
chr15	28700106	0.7036792371541544	38.7145
chr15	28734923	0.0	38.739
chr15	28751009	3.7472581038266104	38.739
chr15	28767421	0.0	38.8005
chr15	28789449	0.0	38.8005
chr15	28815294	0.0	38.8005
chr15	28827931	0.0	38.8005
chr15	28841722	0.0	38.8005
chr15	28864950	0.5540288981472958	38.8005
chr15	28910074	2.04867146759382	38.8255
chr15	28958398	0.0	38.9245
chr15	28971686	0.08048073827664218	38.9245
chr15	29120790	0.0	38.9365
chr15	29150160	0.0	38.9365
chr15	29158771	0.6570302233900519	38.9365
chr15	29177796	0.0	38.949
chr15	29195698	0.0	38.949
chr15	29209545	0.0	38.949
chr15	29226917	0.0	38.949
chr15	29282549	0.0	38.949
chr15	29301563	1.4248328002328174	38.949
chr15	29318758	0.0	38.9735
chr15	29335161	0.8589258168558473	38.9735
chr15	29363685	0.0	38.998
chr15	29384147	5.251973284760226	38.998
chr15	29417087	0.0	39.171
chr15	29486683	0.46840646209737685	39.171
chr15	29538988	8.944941385632216	39.1955
chr15	29556987	0.0	39.3565
chr15	29598930	3.411342714525868	39.3565
chr15	29638797	0.0	39.4925
chr15	29686501	1.6689847009736376	39.4925
chr15	29693691	2.7458256029683885	39.5045
chr15	29707166	0.3672644916447467	39.5415
chr15	29739840	0.0	39.5535
chr15	29778183	0.0	39.5535
chr15	29844257	2.756431673905885	39.5535
chr15	29862215	0.8268925714670151	39.603
chr15	29891844	0.0	39.6275
chr15	29927413	0.0	39.6275
chr15	29964763	0.0	39.6275
chr15	29979945	1.6808429032330947	39.6275
chr15	30024268	0.0	39.702
chr15	30040026	0.0	39.702
chr15	30059979	0.0	39.702
chr15	30093847	2.3519247384083464	39.702
chr15	30114681	0.0	39.751
chr15	30131390	5.645456207716216	39.751
chr15	30153266	8.122708855875102	39.8745
chr15	30179181	20.717463848720644	40.085
chr15	30204353	0.0	40.6065
chr15	30223789	1.269298518288431	40.6065
chr15	30243091	11.097999550460667	40.631
chr15	30260887	0.34853892482720394	40.8285
chr15	30296751	0.397732922342662	40.841
chr15	30326922	0.0	40.853
chr15	30361204	3.3227006911206103	40.853
chr15	30364966	1.9854721549637557	40.8655
chr15	30395941	0.9976272648834943	40.927
chr15	30433029	0.0	40.964
chr15	30452748	0.5648441030276928	40.964
chr15	30474878	2.054507337525886	40.9765
chr15	30486803	0.622789098699758	41.001
chr15	30506874	1.066330083565294	41.0135
chr15	30529850	2.221955320682569	41.038
chr15	30546502	2.140927639519526	41.075
chr15	30581300	0.0	41.1495
chr15	30585174	1.651265970577268	41.1495
chr15	30615151	81.76795580111069	41.199
chr15	30616056	9.688400104739207	41.273
chr15	30623694	0.0	41.347
chr15	30642544	2.5818156444071616	41.347
chr15	30656875	0.6934386882494148	41.384
chr15	30852278	7.397342995167932	41.5195
chr15	30855590	14.070494599204626	41.544
chr15	30859108	8.536585365854807	41.5935
chr15	30861978	4.5081967213113225	41.618
chr15	30883938	2.719725164614943	41.717
chr15	30929347	7.853665043687115	41.8405
chr15	30959333	0.0	42.076
chr15	31066781	0.0	42.076
chr15	31117622	1.427248881345434	42.076
chr15	31143546	3.577079943836479	42.113
chr15	31188415	0.0	42.2735
chr15	31211128	3.8406851128507595	42.2735
chr15	31272315	0.0948481638976308	42.5085
chr15	31398833	0.0	42.5205
chr15	31429513	0.0	42.5205
chr15	31494125	0.898563747300754	42.5205
chr15	31563124	6.5455832055665235	42.5825
chr15	31580082	0.0	42.6935
chr15	31591315	4.550271864344254	42.6935
chr15	31634719	0.18033298241509257	42.891
chr15	31839895	0.0	42.928
chr15	31862001	1.382218250865684	42.928
chr15	31933625	0.0	43.027
chr15	31939336	61.57635467978196	43.027
chr15	31939539	0.0	43.0395
chr15	31944209	0.0	43.0395
chr15	31970186	0.9101941747573161	43.0395
chr15	31983370	14.39387636242631	43.0515
chr15	31995389	0.0	43.2245
chr15	32005183	0.2119287856948113	43.2245
chr15	32646908	0.8558354001465815	43.3605
chr15	32675535	4.338810017546747	43.385
chr15	32706880	0.24571749508561191	43.521
chr15	32806588	0.0	43.5455
chr15	32826826	0.336745689655249	43.5455
chr15	32901066	0.3518029903254311	43.5705
chr15	32935176	0.26635130671949564	43.5825
chr15	33029037	0.48305289429194326	43.6075
chr15	33053879	2.2638402963571984	43.6195
chr15	33097610	1.3475853470720323	43.7185
chr15	33152152	8.001988071570645	43.792
chr15	33172272	2.5193560280199594	43.953
chr15	33196683	0.9585616393994951	44.0145
chr15	33351081	2.9197345036451594	44.1625
chr15	33406223	0.0	44.3235
chr15	33428241	1.8498458461794367	44.3235
chr15	33488246	0.16894983597787397	44.4345
chr15	33559273	1.69054490189711	44.4465
chr15	33617834	0.0	44.5455
chr15	33626748	0.7062551298937972	44.5455
chr15	33679137	4.925613188579853	44.5825
chr15	33684111	0.3690472675740099	44.607
chr15	33751853	1.4520099650633336	44.632
chr15	33819690	48.311076197959416	44.7305
chr15	33820963	0.6779477166720517	44.792
chr15	33857839	4.8435659117684295	44.817
chr15	33865478	0.0	44.854
chr15	33869345	0.0	44.854
chr15	33876652	1.3822474596532814	44.854
chr15	33903420	5.9625212947197115	44.891
chr15	33907529	0.0	44.9155
chr15	34091342	0.0	44.9155
chr15	34168295	0.0	44.9155
chr15	34237177	0.13394914218964774	44.9155
chr15	34330496	0.7886015111310589	44.928
chr15	34424333	2.1636419834856486	45.002
chr15	34446980	0.28872782982730766	45.051
chr15	34531835	0.6045850422392365	45.0755
chr15	34593034	0.4778470125005865	45.1125
chr15	34645352	0.0	45.1375
chr15	34662634	0.0	45.1375
chr15	34830616	0.0	45.1375
chr15	34845852	0.347136996388336	45.1375
chr15	34988447	2.0556565515313325	45.187
chr15	35024202	0.0	45.2605
chr15	35055342	0.0	45.2605
chr15	35067712	20.303490136570467	45.2605
chr15	35084187	15.0569448384876	45.595
chr15	35108860	3.256899484434129	45.9665
chr15	35184699	0.0	46.2135
chr15	35216246	8.00858734257363	46.2135
chr15	35317325	0.33855385208221755	47.023
chr15	35498980	0.0	47.0845
chr15	35545676	0.0	47.0845
chr15	35604506	0.39945407942480127	47.0845
chr15	35634547	0.17784733584694945	47.0965
chr15	35704832	0.0	47.109
chr15	35731374	0.19522099016085098	47.109
chr15	35859434	1.222615898996766	47.134
chr15	35879473	2.0698404219805275	47.1585
chr15	35909427	0.4268309857629021	47.2205
chr15	36370968	26.852846401724687	47.4175
chr15	36371899	0.389679975320283	47.4425
chr15	36433488	0.925446065003016	47.4665
chr15	36446995	3.537161197089668	47.479
chr15	36506506	0.0	47.6895
chr15	36563652	0.0	47.6895
chr15	36637965	0.0	47.6895
chr15	36646923	0.0963535112005891	47.6895
chr15	36901195	0.1394311210262318	47.714
chr15	37076909	0.0	47.7385
chr15	37230997	1.0209553667188096	47.7385
chr15	37279481	0.43777656830504913	47.788
chr15	37363999	0.0	47.825
chr15	37368080	0.11669222782131415	47.825
chr15	37578034	0.2059070617886379	47.8495
chr15	37638741	0.12384882517003741	47.862
chr15	37840600	0.030210871885763768	47.887
chr15	38237808	0.7512207336922784	47.899
chr15	38253782	0.11201419443868106	47.911
chr15	38365375	0.0	47.9235
chr15	38398643	0.29943108094621357	47.9235
chr15	38438719	0.38281434277739057	47.9355
chr15	38697330	0.06188661340980002	48.0345
chr15	38891233	0.33115905669840956	48.0465
chr15	39040708	0.06697277690565862	48.096
chr15	39227351	0.0	48.1085
chr15	39396965	0.0	48.1085
chr15	39502706	0.0	48.1085
chr15	39574080	0.13722390550216093	48.1085
chr15	39665172	4.569405565618191	48.121
chr15	39689464	0.5289454685813401	48.232
chr15	39829365	0.0	48.306
chr15	39931984	0.0	48.306
chr15	40064273	0.0	48.306
chr15	40099165	0.0	48.306
chr15	40113572	0.0	48.306
chr15	40341079	0.0	48.306
chr15	40373913	0.0	48.306
chr15	40507798	1.2201631968276039	48.306
chr15	40638928	0.0	48.466
chr15	40758656	0.0	48.466
chr15	40763303	1.2389822052220265	48.466
chr15	40823433	0.0	48.5405
chr15	40873002	0.0	48.5405
chr15	40946160	0.0	48.5405
chr15	40989496	0.27619638126369644	48.5405
chr15	41078201	0.0	48.565
chr15	41151358	0.0	48.565
chr15	41369882	0.0	48.565
chr15	41422143	1.342598472340751	48.565
chr15	41477260	0.0	48.639
chr15	41482273	0.5400277311537478	48.639
chr15	41550788	1.0086802021062014	48.676
chr15	41820943	0.0	48.9485
chr15	42001608	0.40294727147132897	48.9485
chr15	42123212	0.0	48.9975
chr15	42171832	0.6928047719647041	48.9975
chr15	42332772	0.2386543711933814	49.109
chr15	42385149	0.0	49.1215
chr15	42408839	6.0489144650798545	49.1215
chr15	42439423	0.0	49.3065
chr15	42498437	0.811043432203499	49.3065
chr15	42528645	0.8657937267060001	49.331
chr15	42771197	0.0	49.541
chr15	42865836	0.2472261229011064	49.541
chr15	42916397	0.11434016198190047	49.5535
chr15	43021347	0.0	49.5655
chr15	43097190	0.0	49.5655
chr15	43121599	0.0	49.5655
chr15	43240381	0.0	49.5655
chr15	43308038	0.0	49.5655
chr15	43328188	1.192672221868883	49.5655
chr15	43359630	0.6594895194638356	49.603
chr15	43471838	0.0	49.677
chr15	43510468	0.0	49.677
chr15	43536445	0.0	49.677
chr15	43640296	0.702488817524972	49.677
chr15	43744924	0.1895030472089345	49.7505
chr15	43810886	0.3059900614428739	49.763
chr15	43851737	1.0379473553100798	49.7755
chr15	43875823	0.18415499712258515	49.8005
chr15	44006148	0.14849662021695761	49.8245
chr15	44090325	0.6048684534054116	49.837
chr15	44192000	0.6787845656234381	49.8985
chr15	44301755	0.27904380987816146	49.973
chr15	44344759	0.422582826234038	49.985
chr15	44374339	1.2663733115021174	49.9975
chr15	44413427	0.14285544219712212	50.047
chr15	44497428	0.0	50.059
chr15	44669671	0.12691643821710674	50.059
chr15	44768161	0.15035604311011885	50.0715
chr15	44851297	2.0457812672785045	50.084
chr15	44887469	0.0	50.158
chr15	44912911	0.3272396012983367	50.158
chr15	45025978	0.0	50.195
chr15	45048040	0.0	50.195
chr15	45067294	0.22796569116348853	50.195
chr15	45172573	1.9809392427849384	50.219
chr15	45291456	1.671934405203456	50.4545
chr15	45313287	0.5221604912487089	50.491
chr15	45337226	4.415589864071147	50.5035
chr15	45432570	0.674559471365534	50.9245
chr15	45468890	1.0162496775857763	50.949
chr15	45565815	0.0	51.0475
chr15	45569287	0.0	51.0475
chr15	45587278	0.6685743320942042	51.0475
chr15	45624671	0.0	51.0725
chr15	45673994	0.0	51.0725
chr15	45813670	0.5411613986261856	51.0725
chr15	45858943	0.0	51.097
chr15	45870925	0.15619337989973306	51.097
chr15	45950954	0.0	51.1095
chr15	45954598	0.0	51.1095
chr15	45959057	0.0	51.1095
chr15	45993433	0.14075585896263465	51.1095
chr15	46078687	0.0	51.1215
chr15	46090938	0.0	51.1215
chr15	46111695	0.0	51.1215
chr15	46166697	7.254311524774341	51.1215
chr15	46192268	0.09599950848248383	51.307
chr15	46322477	0.10943409441100681	51.3195
chr15	46436701	0.0399501954230408	51.332
chr15	46737075	0.3999999999998636	51.344
chr15	46768325	0.0	51.3565
chr15	46803925	0.6307442782484178	51.3565
chr15	46842768	0.0	51.381
chr15	46925922	0.1883381045653585	51.381
chr15	46992292	0.4544779995547264	51.3935
chr15	47046200	0.0546097152868008	51.418
chr15	47275097	0.0	51.4305
chr15	47388338	0.0	51.4305
chr15	47494492	2.2959262821506643	51.4305
chr15	47526723	0.1467074653141833	51.5045
chr15	47693722	1.2876641771825175	51.529
chr15	47713137	0.0	51.554
chr15	47809292	0.5174780863870777	51.554
chr15	47856637	0.0	51.5785
chr15	47871840	8.139620151059665	51.5785
chr15	47899114	0.343936884072259	51.8005
chr15	47970348	4.8039561992228625	51.825
chr15	48026968	0.3772069649440737	52.097
chr15	48355700	0.0	52.221
chr15	48701286	0.0	52.221
chr15	48704392	12.75987782047494	52.221
chr15	48724690	0.0	52.48
chr15	48779874	8.839463929284328	52.48
chr15	48835986	1.0406979318896392	52.976
chr15	49061796	0.0	53.211
chr15	49073400	0.0	53.211
chr15	49104953	0.18348623853215182	53.211
chr15	49173078	0.0	53.2235
chr15	49194021	0.6613815724793592	53.2235
chr15	49305908	0.15693659761457984	53.2975
chr15	49538486	0.3877254634775783	53.334
chr15	49761582	0.2752252353456975	53.4205
chr15	49850600	0.0	53.445
chr15	50150885	0.0	53.445
chr15	50181917	0.06417496662903195	53.445
chr15	50376697	0.0	53.4575
chr15	50408037	0.0	53.4575
chr15	50436710	0.0	53.4575
chr15	50462998	0.0	53.4575
chr15	50494053	0.0	53.4575
chr15	50557043	1.6731962128630762	53.4575
chr15	50593799	0.36247643903154536	53.519
chr15	50628284	4.234398090258028	53.5315
chr15	50804224	0.11249302543244877	54.2765
chr15	50915342	0.04994901038523364	54.289
chr15	51155587	0.0	54.301
chr15	51380189	0.0	54.301
chr15	51396473	0.0	54.301
chr15	51512714	0.09682379231683293	54.301
chr15	51770915	0.0	54.326
chr15	51784624	0.0	54.326
chr15	51805788	0.0	54.326
chr15	51950575	0.0	54.326
chr15	51978371	0.3894823858577545	54.326
chr15	52041275	0.03549749742643278	54.3505
chr15	52379327	0.0	54.3625
chr15	52409681	0.0	54.3625
chr15	52431965	0.0	54.3625
chr15	52505733	0.22435609799879463	54.3625
chr15	52561448	0.0	54.375
chr15	52584899	0.0	54.375
chr15	52674176	0.0	54.375
chr15	52786879	0.8180139946718333	54.375
chr15	52877342	0.5194419709113195	54.449
chr15	52924508	16.481513459582914	54.4735
chr15	52976627	0.0	55.3325
chr15	52999924	0.0	55.3325
chr15	53057884	0.0	55.3325
chr15	53088378	0.4678544972510955	55.3325
chr15	53114027	0.9886159376872754	55.3445
chr15	53164097	0.0	55.394
chr15	53341259	0.0	55.394
chr15	53596299	0.0	55.394
chr15	53693755	0.0	55.394
chr15	53773034	0.0	55.394
chr15	53800182	0.0	55.394
chr15	54179097	0.031733862061794314	55.394
chr15	54572998	0.0	55.4065
chr15	54692411	0.08801783828189513	55.4065
chr15	54828747	0.0	55.4185
chr15	54847398	0.0	55.4185
chr15	54888935	0.0	55.4185
chr15	54914944	0.0	55.4185
chr15	55051434	0.0	55.4185
chr15	55105229	0.10621755053830452	55.4185
chr15	55340595	0.0	55.4435
chr15	55352647	0.0	55.4435
chr15	55511959	0.0	55.4435
chr15	55847013	0.0	55.4435
chr15	55874068	0.0	55.4435
chr15	55891708	0.0	55.4435
chr15	55924694	0.0	55.4435
chr15	55981132	1.45526057030478	55.4435
chr15	56057407	0.043498534969352125	55.5545
chr15	56344773	0.0	55.567
chr15	56388271	0.0	55.567
chr15	56452923	0.0	55.567
chr15	56500760	0.0	55.567
chr15	56538805	0.0	55.567
chr15	56591478	0.0	55.567
chr15	56654763	0.0	55.567
chr15	56711601	0.0	55.567
chr15	56770748	0.0	55.567
chr15	56878986	0.0	55.567
chr15	56925785	0.0	55.567
chr15	56954135	0.0	55.567
chr15	57001160	0.0	55.567
chr15	57076352	0.0	55.567
chr15	57098258	0.08696786537374769	55.567
chr15	57236240	0.0	55.579
chr15	57264102	0.0	55.579
chr15	57311611	0.0	55.579
chr15	57333032	0.0	55.579
chr15	57342539	0.1303690775190296	55.579
chr15	57530467	0.0	55.6035
chr15	57622022	0.0	55.6035
chr15	57630549	0.0	55.6035
chr15	57645646	0.0	55.6035
chr15	57651108	0.0	55.6035
chr15	57706183	0.0	55.6035
chr15	57706595	0.0	55.6035
chr15	57713404	0.7088980888109138	55.6035
chr15	57731037	0.0	55.616
chr15	57794719	0.1511962648475076	55.616
chr15	57877393	0.09784965596057627	55.6285
chr15	58005140	0.10218592729471661	55.641
chr15	58122573	0.0	55.653
chr15	58374250	0.0	55.653
chr15	58464702	0.1036329569384573	55.653
chr15	58585320	0.10181889269914339	55.6655
chr15	58708087	0.16669444907485212	55.678
chr15	58780075	0.2321305873832911	55.69
chr15	58833924	5.3170144462278595	55.7025
chr15	58868812	0.07037958053770267	55.888
chr15	59039316	0.0	55.9
chr15	59058789	0.0	55.9
chr15	59192049	0.0	55.9
chr15	59208854	0.06238272048550147	55.9
chr15	59409230	0.21001157624784517	55.9125
chr15	59702071	0.0906320729759804	55.974
chr15	60110315	0.0	56.011
chr15	60144578	0.0	56.011
chr15	60442257	0.0	56.011
chr15	60521176	0.0	56.011
chr15	60744889	0.0	56.011
chr15	60976985	0.0	56.011
chr15	61031394	0.0	56.011
chr15	61055185	0.07447736648030968	56.011
chr15	61384144	0.0	56.0355
chr15	61575146	0.0	56.0355
chr15	61752319	0.0	56.0355
chr15	62007335	0.0	56.0355
chr15	62211673	0.0	56.0355
chr15	62234983	0.11706045381490221	56.0355
chr15	62551059	0.0	56.0725
chr15	62628157	0.0	56.0725
chr15	62887659	0.0	56.0725
chr15	62996614	0.0	56.0725
chr15	63239300	0.0	56.0725
chr15	63351516	0.0	56.0725
chr15	63541091	0.0	56.0725
chr15	63783922	0.0	56.0725
chr15	64394281	0.0	56.0725
chr15	64431011	0.05471369418110164	56.0725
chr15	64659473	0.0	56.085
chr15	64803722	0.40519397783378575	56.085
chr15	65017200	0.11666342601594842	56.1715
chr15	65120060	0.4571219601388092	56.1835
chr15	65147405	0.0	56.196
chr15	65181211	0.0	56.196
chr15	65226991	0.029705464379590308	56.196
chr15	65647789	7.267937393460314	56.2085
chr15	65680054	0.0	56.443
chr15	65724402	0.49017685580968756	56.443
chr15	65749903	0.0	56.4555
chr15	65839852	0.0	56.4555
chr15	65912009	0.11011681371379603	56.4555
chr15	66134500	0.020236131369731673	56.48
chr15	66752207	0.24997704292466302	56.4925
chr15	66850216	0.0	56.517
chr15	66877166	0.0	56.517
chr15	66879978	0.0	56.517
chr15	66900646	0.0	56.517
chr15	66902770	0.0	56.517
chr15	66935428	0.0	56.517
chr15	66940846	0.0	56.517
chr15	66971673	0.0	56.517
chr15	67008602	0.0	56.517
chr15	67038306	0.0	56.517
chr15	67063971	0.0	56.517
chr15	67196449	0.1785180110198639	56.517
chr15	67403711	0.0	56.554
chr15	67667724	0.0506240938287032	56.554
chr15	67914642	0.05617699799112333	56.5665
chr15	68137153	0.0	56.579
chr15	68340765	0.019418261256524058	56.579
chr15	68958740	0.0	56.591
chr15	69006760	0.10368924229347684	56.591
chr15	69961536	0.0	56.69
chr15	70086337	0.0	56.69
chr15	70328738	0.0	56.69
chr15	70333754	0.0	56.69
chr15	70495534	0.0	56.69
chr15	70607899	0.09118688099927161	56.69
chr15	70876578	0.0	56.7145
chr15	70935415	0.0	56.7145
chr15	71025399	0.0	56.7145
chr15	71092266	0.0	56.7145
chr15	71112458	0.0	56.7145
chr15	71349030	0.0	56.7145
chr15	71384475	0.0	56.7145
chr15	71547875	0.2910903078570103	56.7145
chr15	71590817	0.0	56.727
chr15	71609356	0.0	56.727
chr15	71631491	0.07087725794694127	56.727
chr15	71977159	0.0	56.7515
chr15	72221607	0.0	56.7515
chr15	72382358	0.0	56.7515
chr15	72569631	0.0	56.7515
chr15	72586614	0.252586444116799	56.7515
chr15	72830095	0.0	56.813
chr15	73624331	0.0	56.813
chr15	73732725	0.0	56.813
chr15	73900107	0.0	56.813
chr15	74346165	0.1919415269331696	56.813
chr15	74411289	0.0	56.8255
chr15	74462027	0.14508902662677117	56.8255
chr15	74548181	0.0	56.838
chr15	74578911	0.0	56.838
chr15	74594280	0.0	56.838
chr15	74677609	0.0	56.838
chr15	74696679	0.0	56.838
chr15	74715519	0.0	56.838
chr15	74717544	0.0	56.838
chr15	74843011	0.0	56.838
chr15	74906916	0.1252126005613746	56.838
chr15	75002753	0.0	56.85
chr15	75063952	0.25642603647402484	56.85
chr15	75161446	0.650336006936942	56.875
chr15	75198350	0.0	56.899
chr15	75210583	0.3576435581241091	56.899
chr15	75245534	0.0	56.9115
chr15	75267301	1.1557180775084468	56.9115
chr15	75459822	0.0	57.134
chr15	75482657	0.0	57.134
chr15	75490477	0.0	57.134
chr15	75527952	0.0	57.134
chr15	75562912	0.0	57.134
chr15	75631674	0.0	57.134
chr15	75639256	0.0	57.134
chr15	75994886	0.0	57.134
chr15	76049420	0.0	57.134
chr15	76124529	0.0	57.134
chr15	76184490	0.0	57.134
chr15	76249569	0.0	57.134
chr15	76328934	0.0	57.134
chr15	76409887	0.0	57.134
chr15	76427808	4.508196721311431	57.134
chr15	76460748	0.0	57.2825
chr15	76489991	0.0	57.2825
chr15	76504148	0.0	57.2825
chr15	76576373	0.0	57.2825
chr15	76603722	0.0	57.2825
chr15	76614470	0.4943459185565287	57.2825
chr15	76663019	0.0	57.3065
chr15	76681109	0.0	57.3065
chr15	76737501	0.0	57.3065
chr15	76813085	0.5648441030276928	57.3065
chr15	76835215	0.0	57.319
chr15	76879367	0.0	57.319
chr15	76994962	0.0	57.319
chr15	77070265	0.4177254847356304	57.319
chr15	77098992	0.0	57.331
chr15	77128889	0.0	57.331
chr15	77157076	0.0	57.331
chr15	77178700	0.9144989654152152	57.331
chr15	77232828	0.0	57.3805
chr15	77318064	0.27109086965957147	57.3805
chr15	77364174	0.0	57.393
chr15	77440816	0.0	57.393
chr15	77469770	0.0	57.393
chr15	77529730	0.0	57.393
chr15	77542252	0.0	57.393
chr15	77566995	0.0	57.393
chr15	77592966	0.0	57.393
chr15	77643032	0.0	57.393
chr15	77657790	0.0	57.393
chr15	77694794	0.0	57.393
chr15	77770853	0.0	57.393
chr15	77775474	0.03390087925321202	57.393
chr15	78144196	0.0	57.4055
chr15	78190259	0.0	57.4055
chr15	78210640	0.05612617163380175	57.4055
chr15	78424444	0.0	57.4175
chr15	78438273	0.0	57.4175
chr15	78483424	0.0	57.4175
chr15	78520134	1.793287289470621	57.4175
chr15	78561399	0.0	57.4915
chr15	78592460	0.0	57.4915
chr15	78641923	0.0	57.4915
chr15	78700695	0.0	57.4915
chr15	78725765	0.0	57.4915
chr15	78785319	0.0	57.4915
chr15	78829814	0.0	57.4915
chr15	78859502	1.017220829394492	57.4915
chr15	78908164	0.6775440954511158	57.541
chr15	78998933	1.0701138601146554	57.6025
chr15	79022295	0.6855184233076523	57.6275
chr15	79039800	0.616431600749721	57.6395
chr15	79060078	0.0	57.652
chr15	79082229	0.0	57.652
chr15	79162677	0.0	57.652
chr15	79215585	0.0	57.652
chr15	79243893	4.053051861816792	57.652
chr15	79301874	0.6667988249923235	57.887
chr15	79357363	0.0	57.924
chr15	79376485	0.0	57.924
chr15	79413836	0.0	57.924
chr15	79445880	0.0	57.924
chr15	79488715	0.16919889502764707	57.924
chr15	79633515	0.7639261675682173	57.9485
chr15	79681949	0.0	57.9855
chr15	79743284	0.0	57.9855
chr15	79798436	0.0	57.9855
chr15	79853551	0.0	57.9855
chr15	79908340	0.2419948116311561	57.9855
chr15	79959994	0.206242265915036	57.998
chr15	80018178	0.42307028147130543	58.01
chr15	80076088	0.1596159002974696	58.0345
chr15	80154401	0.0	58.047
chr15	80306097	0.0	58.047
chr15	80315590	0.0	58.047
chr15	80469209	0.0	58.047
chr15	80515675	0.0	58.047
chr15	80584371	0.0	58.047
chr15	80603419	0.7556522790474454	58.047
chr15	80619961	0.0	58.0595
chr15	80694356	0.0	58.0595
chr15	80708541	0.49802780987301654	58.0595
chr15	80733640	0.14783801684165646	58.072
chr15	80818192	0.34759939170107773	58.0845
chr15	80887237	0.0	58.1085
chr15	80907380	0.0	58.1085
chr15	80961299	0.0	58.1085
chr15	80963133	0.0	58.1085
chr15	81056323	0.4048582995952338	58.1085
chr15	81087198	0.19798216576644023	58.121
chr15	81150335	2.815401004413258	58.1335
chr15	81163477	0.4488988237019183	58.1705
chr15	81218055	0.0	58.195
chr15	81219411	0.0	58.195
chr15	81219667	10.916259636320694	58.195
chr15	81236660	0.0	58.3805
chr15	81252341	1.9885907118753765	58.3805
chr15	81277233	0.24843838727998802	58.43
chr15	81375849	0.2067448437835255	58.4545
chr15	81436310	6.148222000664748	58.467
chr15	81466400	0.0	58.652
chr15	81520439	0.0	58.652
chr15	81592840	0.5177198238372208	58.652
chr15	81665273	4.137814558351587	58.6895
chr15	81677115	0.0	58.7385
chr15	81778625	0.0	58.7385
chr15	81829613	0.0	58.7385
chr15	81867239	0.0	58.7385
chr15	81902347	0.2761159687068674	58.7385
chr15	81945807	0.0	58.7505
chr15	81970725	0.0	58.7505
chr15	82011688	0.0	58.7505
chr15	82043861	0.7889421863165418	58.7505
chr15	82075549	1.213592233009696	58.7755
chr15	82115925	3.258401079551071	58.8245
chr15	82176691	0.2068359274005973	59.0225
chr15	82292725	0.0	59.0465
chr15	82368944	13.594802694898886	59.0465
chr15	82406348	0.0	59.555
chr15	82475353	0.0	59.555
chr15	82499166	0.0	59.555
chr15	82530887	0.0	59.555
chr15	82564103	0.0	59.555
chr15	82602580	0.0	59.555
chr15	82624689	0.0	59.555
chr15	82660396	0.0	59.555
chr15	82759185	0.0	59.555
chr15	82846099	0.0	59.555
chr15	82963677	0.0	59.555
chr15	83038964	0.0	59.555
chr15	83054535	0.0	59.555
chr15	83116474	0.0	59.555
chr15	83231111	0.0	59.555
chr15	83238403	0.0	59.555
chr15	83356187	0.0	59.555
chr15	83361855	0.0	59.555
chr15	83383570	0.0	59.555
chr15	83404720	0.209562768240391	59.555
chr15	83464368	0.473484848484687	59.5675
chr15	83490768	0.0	59.58
chr15	83543562	0.0	59.58
chr15	83587121	0.0	59.58
chr15	83659281	0.0	59.58
chr15	83659498	0.0	59.58
chr15	83677762	1.4395014986592425	59.58
chr15	83703118	0.0	59.6165
chr15	83732544	0.26711684759372034	59.6165
chr15	83779340	0.0	59.629
chr15	83821205	0.0	59.629
chr15	83890341	27.33333333333437	59.629
chr15	83894841	0.0	59.752
chr15	83940844	0.0	59.752
chr15	83971850	0.0	59.752
chr15	84217771	1.4595131064276128	59.752
chr15	84234900	5.027227863179959	59.777
chr15	84375932	0.0	60.486
chr15	84457993	5.342695771637939	60.486
chr15	84497299	0.0	60.696
chr15	84587016	0.0	60.696
chr15	84673968	0.15449238811827867	60.696
chr15	84913462	0.0	60.733
chr15	85052423	0.0	60.733
chr15	85130490	0.0	60.733
chr15	85334849	0.0	60.733
chr15	85362337	0.3360215053764205	60.733
chr15	85399537	0.0	60.7455
chr15	85492570	25.0140845070424	60.7455
chr15	85501445	0.0	60.9675
chr15	85546642	0.68329978392951	60.9675
chr15	85600791	0.0	61.0045
chr15	85645388	1.7925430210325728	61.0045
chr15	85666308	0.0	61.042
chr15	85706013	0.0	61.042
chr15	85739213	0.22860328965707732	61.042
chr15	86008238	0.24219942349517853	61.1035
chr15	86720461	0.0	61.276
chr15	86891924	0.0	61.276
chr15	86923126	0.0	61.276
chr15	86990137	0.0	61.276
chr15	87043468	0.0	61.276
chr15	87698277	0.0	61.276
chr15	87715384	0.0	61.276
chr15	87848919	0.02669149331430565	61.276
chr15	88317233	0.0	61.2885
chr15	88361296	0.0	61.2885
chr15	88403121	0.09180344138846262	61.2885
chr15	88806156	0.0	61.3255
chr15	88875316	0.0	61.3255
chr15	89081187	0.0	61.3255
chr15	89218524	0.0	61.3255
chr15	89521036	0.0	61.3255
chr15	89613563	0.04663013351140888	61.3255
chr15	89881630	3.1189158236304375	61.338
chr15	90012605	0.0	61.7465
chr15	90472113	0.0	61.7465
chr15	90584877	0.0	61.7465
chr15	90617582	0.0	61.7465
chr15	90640845	0.0	61.7465
chr15	90690193	0.0	61.7465
chr15	90724024	0.0	61.7465
chr15	90742503	0.0	61.7465
chr15	90823335	0.0	61.7465
chr15	91114788	0.0	61.7465
chr15	91347878	0.0	61.7465
chr15	91427439	0.0	61.7465
chr15	91475968	0.0	61.7465
chr15	91548211	0.0	61.7465
chr15	91577184	0.44590304284246574	61.7465
chr15	91605217	0.0	61.759
chr15	91695046	0.0	61.759
chr15	91737823	0.0	61.759
chr15	91769242	0.0	61.759
chr15	92029096	0.0	61.759
chr15	92198301	0.0	61.759
chr15	92433596	0.0	61.759
chr15	92577748	0.0	61.759
chr15	92649431	0.0	61.759
chr15	92733413	0.0	61.759
chr15	92957676	3.8681499471189236	61.759
chr15	93008734	0.0	61.9565
chr15	93405596	0.0	61.9565
chr15	93523217	0.0	61.9565
chr15	93668317	0.04917774805257236	61.9565
chr15	93922497	0.0	61.969
chr15	94008437	0.060094709261776104	61.969
chr15	94216442	0.0	61.9815
chr15	94377162	0.0	61.9815
chr15	94478425	0.0	61.9815
chr15	94558267	0.0	61.9815
chr15	94608819	0.0	61.9815
chr15	94737784	0.0	61.9815
chr15	94744719	0.0	61.9815
chr15	94765098	0.0	61.9815
chr15	94839329	0.0	61.9815
chr15	94888835	0.0	61.9815
chr15	94923470	0.0	61.9815
chr15	94967309	0.0	61.9815
chr15	94989603	0.0	61.9815
chr15	95009657	0.0	61.9815
chr15	95062142	0.0	61.9815
chr15	95079909	0.0	61.9815
chr15	95129938	0.07963102169787889	61.9815
chr15	95286912	0.0	61.994
chr15	95334901	0.0	61.994
chr15	95490495	0.0	61.994
chr15	95646618	0.0	61.994
chr15	95680725	0.0	61.994
chr15	95904797	0.9853103727674354	61.994
chr15	96104734	0.16137361218688015	62.191
chr15	96182194	0.13394914218972387	62.2035
chr15	96275513	0.0	62.216
chr15	96367712	0.0	62.216
chr15	96390948	0.0	62.216
chr15	96494545	0.25087282838208885	62.216
chr15	96542378	0.0	62.228
chr15	96548883	0.0	62.228
chr15	96648996	0.0	62.228
chr15	96728676	0.0	62.228
chr15	96767964	0.0	62.228
chr15	97069918	0.0	62.228
chr15	97340047	0.0	62.228
chr15	97429332	0.0	62.228
chr15	97889666	0.2827606487659361	62.228
chr15	97933873	0.09782103641388451	62.2405
chr15	98056546	0.24236752443289056	62.2525
chr15	98413442	0.0	62.339
chr15	98434914	0.9790100250626009	62.339
chr15	98460450	0.0	62.364
chr15	98535605	0.0	62.364
chr15	98639119	0.0	62.364
chr15	98744576	0.0	62.364
chr15	98773259	0.0	62.364
chr15	98998719	2.135016735577878	62.364
chr15	99161247	0.0	62.711
chr15	99559875	0.0	62.711
chr15	99808478	0.0	62.711
chr15	99860316	0.0	62.711
chr15	99881626	0.0	62.711
chr15	99994722	0.0	62.711
chr15	100099173	0.0	62.711
chr15	100127485	0.0	62.711
chr15	100183706	0.0	62.711
chr15	100322070	0.0	62.711
chr15	100345246	3.140622997051779	62.711
chr15	100368649	0.7150211646262291	62.7845
chr15	100386131	0.0	62.797
chr15	100408401	0.0	62.797
chr15	100419794	0.0	62.797
chr15	100452567	0.13660007868167637	62.797
chr15	100544075	0.0	62.8095
chr15	100612539	0.0	62.8095
chr15	100642544	0.0	62.8095
chr15	100691066	0.0	62.8095
chr15	100767412	1.3538541802530468	62.8095
chr15	100959087	0.0	63.069
chr15	101081352	0.0	63.069
chr15	101081510	0.0	63.069
chr15	101084147	0.0	63.069
chr15	101085901	0.2771634302651124	63.069
chr15	101262692	0.0	63.118
chr15	101651022	0.0	63.118
chr15	101972629	0.28588418259992887	63.118
chr15	102060077	3.781358467138876	63.143
chr15	102237262	0.5294366793730667	63.813
chr15	102308092	0.0	63.8505
chr15	102358038	0.6135277847623831	63.8505
chr15	102457463	1.3438498139369457	63.9115
chr15	103367907	0.0	65.135
chr15	103413863	0.0	65.135
chr15	103480721	0.0	65.135
chr15	103546158	0.0	65.135
chr15	103622477	0.0	65.135
chr15	103680034	0.0	65.135
chr15	103712997	0.0	65.135
chr15	103751873	0.0	65.135
chr15	103817883	0.0	65.135
chr15	103867849	0.0	65.135
chr15	103901325	0.0	65.135
chr15	103926398	0.0	65.135
chr15	103973267	0.0	65.135
chr15	104019278	0.0	65.135
chr15	104022188	0.0	65.135
chr15	104067885	0.0	65.135
chr15	104093911	0.0	65.135
chr15	104361248	0.3360945138511323	65.135
chr15	104508528	0.0	65.1845
chr15	104679890	0.027046121917297702	65.1845
chr15	105585750	0.2306273062730715	65.209
chr15	105637782	0.0	65.221
chr15	105653056	0.1765761184331743	65.221
chr15	105723847	0.0	65.2335
chr15	105846929	0.0	65.2335
chr15	105868892	0.0	65.2335
chr15	106038896	0.0	65.2335
chr15	106184708	0.0	65.2335
chr15	106189155	0.1377584405744579	65.2335
chr15	106276264	0.0	65.2455
chr15	106324143	0.0	65.2455
chr15	106573134	0.0	65.2455
chr15	106637799	0.0	65.2455
chr15	106836122	0.0	65.2455
chr15	107043294	0.0	65.2455
chr15	107070964	0.0	65.2455
chr15	107134694	2.103834407872332	65.2455
chr15	107164164	0.0	65.3075
chr15	107210107	0.0	65.3075
chr15	107243386	0.0	65.3075
chr15	107276787	0.40722139269717844	65.3075
chr15	107306255	0.0	65.3195
chr15	107314587	0.0	65.3195
chr15	107420102	0.0	65.3195
chr15	107430688	1.4512080326322532	65.3195
chr15	107456184	0.0	65.3565
chr15	107558088	0.0	65.3565
chr15	107604567	8.91999704513563	65.3565
chr15	107658715	0.0	65.8395
chr15	107666712	0.0	65.8395
chr15	107707887	0.0	65.8395
chr15	107759115	0.1393596986817022	65.8395
chr15	108024615	0.0	65.8765
chr15	108072205	0.0	65.8765
chr15	108184681	0.0	65.8765
chr15	108311748	0.0	65.8765
chr15	108335352	0.0	65.8765
chr15	108461649	0.0	65.8765
chr15	108472426	0.11924636298594497	65.8765
chr15	108677883	0.541727672035229	65.901
chr15	108746183	0.0	65.938
chr15	108770603	0.0	65.938
chr15	108848113	1.5342736946300533	65.938
chr15	109252213	0.0	66.558
chr15	109313624	0.0	66.558
chr15	109326327	0.0	66.558
chr15	109355895	0.6398935217177679	66.558
chr15	109394964	0.0	66.583
chr15	109531029	0.0	66.583
chr15	109593697	0.0	66.583
chr15	109646630	0.0	66.583
chr15	109733366	3.416120395162164	66.583
chr15	109765859	0.0	66.694
chr15	109786575	0.0	66.694
chr15	109811477	0.0	66.694
chr15	109836513	0.9303046747810261	66.694
chr15	109849412	0.13100940123466237	66.706
chr15	109944825	0.919566114926588	66.7185
chr15	109971468	0.9694918293694481	66.743
chr15	110060690	0.0	66.8295
chr15	110068693	0.0	66.8295
chr15	110072257	0.0	66.8295
chr15	110099481	1.21247869969872	66.8295
chr15	110129997	0.2929184046492675	66.8665
chr15	110172671	12.180096455098724	66.879
chr15	110201078	0.42433059683403124	67.225
chr15	110258816	0.8043653122893766	67.2495
chr15	110350814	0.0	67.3235
chr15	110448798	0.8066881783515691	67.3235
chr15	110510160	2.250323427051126	67.373
chr15	110565041	0.6086502869350995	67.4965
chr15	110685800	0.0	67.57
chr15	110880061	0.0	67.57
chr15	110916769	0.0	67.57
chr15	110988007	1.7111283300125883	67.57
chr15	111096415	0.0	67.7555
chr15	111132934	0.0	67.7555
chr15	111190822	0.6874931250689056	67.7555
chr15	111209004	0.5588730669117096	67.768
chr15	111274314	2.095880510720045	67.8045
chr15	111315824	0.0	67.8915
chr15	111327895	0.6573563542212553	67.8915
chr15	111402436	0.17089109452332105	67.9405
chr15	111475582	3.69323655983042	67.953
chr15	111522289	0.9511323616357402	68.1255
chr15	111561190	0.12465346337185468	68.1625
chr15	111661468	1.2356465302046806	68.175
chr15	111781648	1.101545637234269	68.3235
chr15	111983183	0.0	68.5455
chr15	112005830	0.19961195436065468	68.5455
chr15	112131073	0.0	68.5705
chr15	112190264	0.593838621324946	68.5705
chr15	112272778	0.0	68.6195
chr15	112303383	0.0	68.6195
chr15	112324351	0.0	68.6195
chr15	112350859	0.0	68.6195
chr15	112423915	0.0	68.6195
chr15	112430687	0.0	68.6195
chr15	112453372	0.07524893576506145	68.6195
chr15	112778958	0.0	68.644
chr15	113055479	0.0	68.644
chr15	113116875	0.0	68.644
chr15	113263337	0.0	68.644
chr15	113300941	0.0	68.644
chr15	113348952	0.0	68.644
chr15	113432015	0.0	68.644
chr15	113460829	0.5336407103823316	68.644
chr15	113507677	0.0	68.669
chr15	113522952	0.0	68.669
chr15	113544168	0.0	68.669
chr15	113673501	0.0	68.669
chr15	113702778	0.0	68.669
chr15	113776779	0.0	68.669
chr15	113963969	0.0	68.669
chr15	113975357	0.0	68.669
chr15	114014046	1.2041135121064221	68.669
chr15	114044774	0.9528576103485105	68.706
chr15	114096723	0.0	68.7555
chr15	114153819	0.0	68.7555
chr15	114209428	0.21688149101615228	68.7555
chr15	114492993	0.0	68.817
chr15	114628970	0.4434983147065049	68.817
chr15	114657155	0.3081625337249718	68.8295
chr15	114816162	0.0	68.8785
chr15	114865130	0.0	68.8785
chr15	114898049	0.0	68.8785
chr15	114925549	0.0	68.8785
chr15	114982688	1.2617251223489696	68.8785
chr15	115021920	0.4787437763310165	68.928
chr15	115048030	1.705732188442694	68.9405
chr15	115091120	1.2759301942707588	69.014
chr15	115188304	0.6934141779010395	69.138
chr15	115312328	0.0	69.224
chr15	115323878	0.0	69.224
chr15	115335454	0.0	69.224
chr15	115432060	5.702764976957923	69.224
chr15	115440740	0.0	69.2735
chr15	115472904	1.3153684809271227	69.2735
chr15	115529162	0.0	69.3475
chr15	115593712	2.4669073405539286	69.3475
chr15	115618642	0.37131653992361663	69.409
chr15	115652306	1.6687526074260124	69.4215
chr15	115659497	0.0	69.4335
chr15	115666028	1.1179871713797314	69.4335
chr15	115710304	0.0	69.483
chr15	115731591	2.1448749694833196	69.483
chr15	115760264	2.3266250944822695	69.5445
chr15	115802600	7.557267877688977	69.643
chr15	115859962	0.0	70.0765
chr15	115906732	0.0	70.0765
chr15	115987499	0.0	70.0765
chr15	116010282	0.0	70.0765
chr15	116018446	0.21109588923069159	70.0765
chr15	116134507	0.0	70.101
chr15	116159269	0.0	70.101
chr15	116178966	0.0	70.101
chr15	116249432	0.8045912862298704	70.101
chr15	116356940	1.7240772668099853	70.1875
chr15	116385361	0.45922288241999376	70.2365
chr15	116438712	0.0	70.261
chr15	116464182	0.0	70.261
chr15	116553559	0.0	70.261
chr15	116593229	0.0	70.261
chr15	116693562	1.883475640382146	70.261
chr15	116713472	8.627332477147359	70.2985
chr15	116779657	0.0	70.8695
chr15	116787416	0.37489994224506223	70.8695
chr15	116886109	1.700474751834292	70.9065
chr15	116944034	0.0	71.005
chr15	116961820	5.149432354685242	71.005
chr15	117007359	0.2083321602918448	71.2395
chr15	117184960	0.0	71.2765
chr15	117256051	0.19538246116774324	71.2765
chr15	117317469	0.0	71.2885
chr15	117321810	0.0	71.2885
chr15	117399034	0.0	71.2885
chr15	117450631	0.0	71.2885
chr15	117490878	0.0	71.2885
chr15	117564591	0.0	71.2885
chr15	117610395	1.281000204960324	71.2885
chr15	117620153	0.0	71.301
chr15	117629366	0.510037538762969	71.301
chr15	117653874	0.0	71.3135
chr15	117674401	0.4393953353224071	71.3135
chr15	117815504	0.0	71.3755
chr15	117844032	0.5340160936357535	71.3755
chr15	117912382	0.9453727834838758	71.412
chr15	117951520	0.0	71.449
chr15	117977261	1.1534428521498075	71.449
chr15	118020176	0.3035745908064014	71.4985
chr15	118059705	2.5863874345551214	71.5105
chr15	118107455	0.0	71.634
chr15	118145791	0.0	71.634
chr15	118193035	0.0	71.634
chr15	118207966	0.0	71.634
chr15	118222067	0.0	71.634
chr15	118285521	0.0	71.634
chr15	118295774	0.6240607249293996	71.634
chr15	118374292	0.0	71.683
chr15	118399750	0.0	71.683
chr15	118430590	0.9634653923222315	71.683
chr15	118443564	0.39445864495575256	71.6955
chr15	118475253	0.0	71.708
chr15	118494149	0.9620564919574265	71.708
chr15	118507142	3.935426873342895	71.7205
chr15	118519593	12.835660580021715	71.7695
chr15	118547523	0.0	72.128
chr15	118554680	0.0	72.128
chr15	118768582	0.0	72.128
chr15	118772017	0.48889236545693215	72.128
chr15	118797585	1.2453770095854975	72.1405
chr15	118837332	0.0	72.19
chr15	118863848	1.9471036832712079	72.19
chr15	118870011	0.6244380057949267	72.202
chr15	118910047	0.0	72.227
chr15	118933425	1.5806451612896186	72.227
chr15	118948925	0.0	72.2515
chr15	119007626	0.0	72.2515
chr15	119022985	1.324025036110014	72.2515
chr15	119060371	0.0	72.301
chr15	119075064	0.0	72.301
chr15	119092404	0.0	72.301
chr15	119113946	0.0	72.301
chr15	119128055	0.0	72.301
chr15	119141742	2.1911492767941056	72.301
chr15	119181219	0.0	72.3875
chr15	119210793	7.770110098508864	72.3875
chr15	119229776	5.733005733005782	72.535
chr15	119257859	0.0	72.696
chr15	119270940	0.0	72.696
chr15	119313349	0.0	72.696
chr15	119352102	0.0	72.696
chr15	119382223	0.0	72.696
chr15	119410370	0.0	72.696
chr15	119432561	0.0	72.696
chr15	119447644	0.0	72.696
chr15	119476473	0.0	72.696
chr15	119483607	0.0	72.696
chr15	119524521	0.0	72.696
chr15	119546822	4.485930490733778	72.696
chr15	119568891	0.0	72.795
chr15	119595242	0.0	72.795
chr15	119645949	20.815782083683985	72.795
chr15	119660193	0.0	73.0915
chr15	119708108	0.0	73.0915
chr15	119734832	1.542683911241834	73.0915
chr15	119790579	0.0	73.1775
chr15	119811984	0.0	73.1775
chr15	119820904	11.673151750973206	73.1775
chr15	119830413	0.0	73.2885
chr15	119850334	0.39909326011311397	73.2885
chr15	119881655	0.4558716265500672	73.301
chr15	119909075	2.9525797793018054	73.3135
chr15	119925840	0.42099836755740694	73.363
chr15	119984035	1.1193695710578349	73.3875
chr15	119995202	1.5463266851798212	73.4
chr15	120011046	0.0	73.4245
chr15	120031327	0.0	73.4245
chr15	120041792	6.065857885616068	73.4245
chr15	120045831	2.6354319180088845	73.449
chr15	120083396	1.6321849221400118	73.548
chr15	120106065	7.014218009478939	73.585
chr15	120121890	0.7295861787195962	73.696
chr15	120139023	0.0	73.7085
chr15	120165617	4.137115839242855	73.7085
chr15	120177461	0.0	73.7575
chr15	120195755	0.0	73.7575
chr15	120213665	0.0	73.7575
chr15	120231320	0.0	73.7575
chr15	120265456	0.0	73.7575
chr15	120286162	0.0	73.7575
chr15	120296576	0.0	73.7575
chr15	120337814	0.9178353770469816	73.7575
chr15	120351433	0.0	73.77
chr15	120409081	1.9125683060111864	73.77
chr15	120421891	1.565141175734407	73.7945
chr15	120437864	0.0	73.8195
chr15	120478102	0.0	73.8195
chr15	120524369	0.2304722761057955	73.8195
chr15	120576436	2.2707971790420274	73.8315
chr15	120603519	0.13465329469684525	73.893
chr15	120696350	0.0	73.9055
chr15	120699143	0.5178881361624759	73.9055
chr15	120770587	0.0	73.9425
chr15	120801237	0.39168038880278966	73.9425
chr15	120863788	0.0	73.967
chr15	120863789	0.0	73.967
chr15	120863913	0.0	73.967
chr15	120863914	0.0	73.967
chr15	120938601	0.0	73.967
chr15	120963215	0.6498232480766709	73.967
chr15	120982451	3.4837737744022412	73.9795
chr15	121014313	0.0	74.0905
chr15	121014340	2.0280684675907743	74.0905
chr15	121026667	0.0	74.1155
chr15	121041118	7.21666736392919	74.1155
chr15	121065021	0.0	74.288
chr15	121085013	0.0	74.288
chr15	121133796	0.8263909052332017	74.288
chr15	121178569	0.17571233781755213	74.325
chr15	121249708	2.3011176857327125	74.3375
chr15	121271002	1.4561664190195125	74.3865
chr15	121287827	1.0989010989013488	74.411
chr15	121299202	0.7039774727208996	74.4235
chr15	121316248	0.0	74.4355
chr15	121364251	0.7186799287062974	74.4355
chr15	121381644	1.486237441293959	74.448
chr15	121398465	0.0	74.473
chr15	121414819	0.8763926238955952	74.473
chr15	121456467	19.12024756852363	74.5095
chr15	121460991	1.1816340310602536	74.596
chr15	121481725	0.5496231155776445	74.6205
chr15	121526301	9.07115076641508	74.645
chr15	121570011	114.6788990825949	75.0415
chr15	121570229	73.61426822870996	75.0665
chr15	121575948	0.43865238872899326	75.4875
chr15	121913345	0.0	75.6355
chr15	121943836	1.1963474779043555	75.6355
chr15	121984794	0.0	75.6845
chr15	121990247	1.0071710579327082	75.6845
chr15	122002658	1.5497501423242013	75.697
chr15	122018467	5.097426621721419	75.7215
chr15	122030630	0.0	75.7835
chr15	122043035	0.0	75.7835
chr15	122065359	8.500172592337018	75.7835
chr15	122076947	2.5352016170474516	75.882
chr15	122106136	0.0	75.956
chr15	122133245	0.6003902536649048	75.956
chr15	122153232	0.0	75.968
chr15	122166705	2.572765072764801	75.968
chr15	122185945	1.2617978095192897	76.0175
chr15	122205758	0.0	76.0425
chr15	122242450	2.3156899810960487	76.0425
chr15	122263610	0.0	76.0915
chr15	122280112	2.6388987946655833	76.0915
chr15	122294133	0.0	76.1285
chr15	122319785	2.052441987099212	76.1285
chr15	122331722	2.9491471385295656	76.153
chr15	122344268	1.2612249016247445	76.19
chr15	122364090	0.0	76.215
chr15	122374212	0.0	76.215
chr15	122385446	5.248783818383138	76.215
chr15	122408880	1.135737885462761	76.338
chr15	122452464	3.4183296378410875	76.3875
chr15	122463288	8.671279670666879	76.4245
chr15	122474705	2.1356391290757797	76.5235
chr15	122503502	5.847381935916198	76.585
chr15	122539330	1.9196578113324345	76.7945
chr15	122578139	1.2169680111267285	76.869
chr15	122598271	4.838550409794844	76.8935
chr15	122608398	0.0	76.9425
chr15	122619037	0.0	76.9425
chr15	122644954	0.6679848233849646	76.9425
chr15	122663667	1.3080619327284195	76.955
chr15	122682397	0.0	76.9795
chr15	122692544	0.0	76.9795
chr15	122704299	1.8098892347782143	76.9795
chr15	122718112	9.9526576285777	77.0045
chr15	122736700	0.2938756318326753	77.1895
chr15	122779235	3.77628087364831	77.202
chr15	122789033	3.153267932220332	77.239
chr15	122804731	2.5752980548002866	77.2885
chr15	122842979	0.0	77.387
chr15	122863461	1.6861269760823554	77.387
chr15	122914762	0.0	77.4735
chr15	122927749	13.37985231352924	77.4735
chr15	122942510	0.0	77.671
chr15	122964586	0.0	77.671
chr15	122979513	0.0	77.671
chr15	123015410	0.0	77.671
chr15	123023968	0.0	77.671
chr15	123051623	0.0	77.671
chr15	123069964	0.0	77.671
chr15	123091580	0.0	77.671
chr15	123132575	2.1226823774033172	77.671
chr15	123144117	1.6017259414228096	77.6955
chr15	123159413	2.0078675626949103	77.72
chr15	123171615	0.6092508651363671	77.7445
chr15	123192132	0.0	77.757
chr15	123212574	0.0	77.757
chr15	123241970	12.092141544117426	77.757
chr15	123259378	0.0	77.9675
chr15	123275092	2.7149822695031243	77.9675
chr15	123293140	0.0	78.0165
chr15	123311816	0.0	78.0165
chr15	123324534	0.0	78.0165
chr15	123334141	0.0	78.0165
chr15	123348568	0.0	78.0165
chr15	123363009	0.0	78.0165
chr15	123376341	4.578074733977498	78.0165
chr15	123392505	0.0	78.0905
chr15	123409106	3.4592423143445634	78.0905
chr15	123427029	0.0	78.1525
chr15	123430434	1.349224196087301	78.1525
chr15	123439328	10.867744367200048	78.1645
chr15	123463206	6.1552461239976015	78.424
chr15	123521449	1.0651247717591208	78.7825
chr15	123544451	8.827725597431847	78.807
chr15	123561273	2.7548826375199438	78.9555
chr15	123583597	0.0	79.017
chr15	123601681	0.4019809621817225	79.017
chr15	123632777	12.741935483871298	79.0295
chr15	123648277	0.0	79.227
chr15	123671192	0.0	79.227
chr15	123697984	6.0865644724976855	79.227
chr15	123722382	0.9533073929962372	79.3755
chr15	123748082	0.0	79.4
chr15	123772818	2.6760073100685418	79.4
chr15	123795800	8.196381142098486	79.4615
chr15	123819896	0.0	79.659
chr15	123828921	10.492945168780114	79.659
chr15	123851317	6.00739371534161	79.894
chr15	123871875	0.0	80.0175
chr15	123891882	3.0413625304137892	80.0175
chr15	123940380	2.0538222235645245	80.165
chr15	124006598	19.264221473777653	80.301
chr15	124033617	0.645361144096383	80.8215
chr15	124052986	0.4440497335702196	80.834
chr15	124108160	1.9498936421647668	80.8585
chr15	124133546	2.339522330571107	80.908
chr15	124207279	0.0	81.0805
chr15	124243773	0.0	81.0805
chr15	124267142	0.0	81.0805
chr15	124276186	7.916177464688389	81.0805
chr15	124304293	9.071583037056126	81.303
chr15	124331576	0.0866791484640652	81.5505
chr15	124475786	0.0	81.563
chr15	124490910	0.0	81.563
chr15	124509966	3.223697116327699	81.563
chr15	124586431	1.727529632625364	81.8095
chr15	124686574	5.777458542831338	81.9825
chr15	124718595	0.0	82.1675
chr15	124817681	0.0	82.1675
chr15	124819258	0.0	82.1675
chr15	124832548	14.331086838639886	82.1675
chr15	124845457	0.0	82.3525
chr15	124879855	1.4048890137674332	82.3525
chr15	124897650	3.7077863513377123	82.3775
chr15	124917608	7.964623693207162	82.4515
chr15	124957974	0.0	82.773
chr15	124978014	0.0	82.773
chr15	124993386	0.0	82.773
chr15	125009937	0.29730198449075773	82.773
chr15	125050300	0.9774024552351898	82.785
chr15	125063089	0.4912942656134435	82.7975
chr15	125088532	0.0	82.81
chr15	125107049	0.0	82.81
chr15	125112360	1.7789316794072758	82.81
chr15	125133159	0.0	82.847
chr15	125136068	0.0	82.847
chr15	125139080	0.35212259500275617	82.847
chr15	125174579	0.0	82.8595
chr15	125185191	0.0	82.8595
chr15	125199839	0.0	82.8595
chr15	125221981	0.0	82.8595
chr15	125244964	0.5570906497906606	82.8595
chr15	125267402	0.0	82.872
chr15	125287603	0.23221611579844523	82.872
chr15	125339279	1.1156729739381328	82.884
chr15	125361687	7.692307692306789	82.909
chr15	125369617	4.850601474583951	82.97
chr15	125374771	0.2295929016368108	82.995
chr15	125590370	0.0	83.0445
chr15	125600110	2.374315101413189	83.0445
chr15	125652125	12.864989881468436	83.168
chr15	125669420	0.0	83.3905
chr15	125686283	2.979077178883141	83.3905
chr15	125715151	0.0	83.4765
chr15	125757491	0.0	83.4765
chr15	125771489	0.8572212316556606	83.4765
chr15	125786071	4.698213832218619	83.489
chr15	125833323	0.0	83.711
chr15	125849211	0.9168928335658213	83.711
chr15	125862844	0.0	83.7235
chr15	125879230	0.0	83.7235
chr15	125895555	0.0	83.7235
chr15	125910528	0.0	83.7235
chr15	125922613	6.738819685522003	83.7235
chr15	125937304	8.150169641540185	83.8225
chr15	125950862	0.0	83.933
chr15	125968242	0.733525027873284	83.933
chr15	125985283	0.6808278867103944	83.9455
chr15	126003643	0.0	83.958
chr15	126013488	1.3322457857533059	83.958
chr15	126031878	0.0	83.9825
chr15	126053302	9.132661141318788	83.9825
chr15	126072245	0.4972551515634833	84.1555
chr15	126097383	7.306889352815117	84.168
chr15	126100736	0.0	84.1925
chr15	126152134	0.0	84.1925
chr15	126200983	0.0	84.1925
chr15	126212073	0.0	84.1925
chr15	126216066	4.947626476487819	84.1925
chr15	126238501	0.0	84.3035
chr15	126254683	0.0	84.3035
chr15	126277648	0.0	84.3035
chr15	126296065	0.0	84.3035
chr15	126332320	2.512562814070367	84.3035
chr15	126361971	0.0	84.378
chr15	126379517	1.387326584177208	84.378
chr15	126406187	0.0	84.415
chr15	126419926	0.0	84.415
chr15	126444030	3.460940810847448	84.415
chr15	126451109	0.521855299962545	84.4395
chr15	126475062	4.807692307692225	84.452
chr15	126492950	0.0	84.538
chr15	126508359	1.3598781549176286	84.538
chr15	126517551	0.0	84.5505
chr15	126528234	1.311234658554793	84.5505
chr15	126547300	0.0	84.5755
chr15	126560248	2.943119706888845	84.5755
chr15	126576897	1.1915254790586542	84.6245
chr15	126607530	6.479933110367643	84.661
chr15	126617098	0.0	84.723
chr15	126646503	0.0	84.723
chr15	126671616	15.51863131494115	84.723
chr15	126693944	0.7877560207063788	85.0695
chr15	126725045	2.5630368523140854	85.094
chr15	126739481	0.9199970560096299	85.131
chr15	126753068	0.2634120642725537	85.1435
chr15	126798624	0.0	85.1555
chr15	126808836	5.39344057862582	85.1555
chr15	126824874	4.2315042315040685	85.242
chr15	126839526	0.0	85.304
chr15	126853567	0.0	85.304
chr15	126872405	0.0	85.304
chr15	126887586	0.0	85.304
chr15	126901138	1.8739751698290708	85.304
chr15	126913945	5.3159564434534525	85.328
chr15	126925608	0.0	85.39
chr15	126932648	0.0	85.39
chr15	126945580	1.3246495198145993	85.39
chr15	126954639	0.0	85.402
chr15	126971900	1.7695356738395869	85.402
chr15	126978964	0.0	85.4145
chr15	126994411	7.200929152148388	85.4145
chr15	127003021	1.0824385174924525	85.4765
chr15	127014569	2.020451921490111	85.489
chr15	127026695	1.14014251781477	85.5135
chr15	127037220	2.9837251356244114	85.5255
chr15	127053810	0.0	85.575
chr15	127069739	28.439006303299813	85.575
chr15	127083224	0.0	85.9585
chr15	127098126	0.0	85.9585
chr15	127116368	26.22964405585694	85.9585
chr15	127140501	1.3627490700160636	86.5915
chr15	127167652	0.0	86.6285
chr15	127197872	0.0	86.6285
chr15	127206879	0.0	86.6285
chr15	127211979	1.9736491171920323	86.6285
chr15	127249473	1.1538816578974285	86.7025
chr15	127260306	0.0	86.715
chr15	127272390	10.714850545626545	86.715
chr15	127285036	2.4208322428687605	86.8505
chr15	127300320	3.194111161553971	86.8875
chr15	127331158	4.662355241389503	86.986
chr15	127344456	0.0	87.048
chr15	127356895	0.9411026586150463	87.048
chr15	127369646	0.0	87.06
chr15	127381328	0.0	87.06
chr15	127391409	0.0	87.06
chr15	127445523	0.0	87.06
chr15	127452736	0.0	87.06
chr15	127460698	0.0	87.06
chr15	127487259	0.0	87.06
chr15	127507876	0.0	87.06
chr15	127521417	1.9076688286906884	87.06
chr15	127534522	1.5976524290840104	87.085
chr15	127549857	0.0	87.1095
chr15	127564539	6.568856285428567	87.1095
chr15	127579534	2.9194146987212974	87.208
chr15	127621837	11.307685888341258	87.3315
chr15	127633820	6.707778859677336	87.467
chr15	127643063	24.244268614323833	87.529
chr15	127657850	0.38214613268122416	87.8875
chr15	127690560	0.8633192900054307	87.9
chr15	127705039	4.6227842077534556	87.9125
chr15	127763878	0.0	88.1845
chr15	127780479	0.8430565859582412	88.1845
chr15	127795306	0.0	88.197
chr15	127812048	0.0	88.197
chr15	127858712	0.0	88.197
chr15	127874745	0.0	88.197
chr15	127907162	0.0	88.197
chr15	127923625	0.7493106342162652	88.197
chr15	127956989	0.0	88.222
chr15	127966754	0.6314406950900607	88.222
chr15	127986550	0.0	88.2345
chr15	128011019	0.0	88.2345
chr15	128018100	17.148856742886117	88.2345
chr15	128022386	0.0	88.308
chr15	128040681	0.0	88.308
chr15	128060812	0.0	88.308
chr15	128094690	0.0	88.308
chr15	128116534	0.0	88.308
chr15	128134523	0.0	88.308
chr15	128198697	7.724454234117138	88.308
chr15	128264980	0.0	88.82
chr15	128267412	0.8724785370281876	88.82
chr15	128281739	0.0	88.8325
chr15	128294152	14.777111895575054	88.8325
chr15	128318514	2.6527100659597176	89.1925
chr15	128332462	0.0	89.2295
chr15	128346115	13.728963684676176	89.2295
chr15	128355147	0.0	89.3535
chr15	128364436	18.762964359796158	89.3535
chr15	128375042	0.0	89.5525
chr15	128398188	0.0	89.5525
chr15	128402369	0.0	89.5525
chr15	128442315	1.334970897634735	89.5525
chr15	128461042	0.0	89.5775
chr15	128481627	0.0	89.5775
chr15	128490428	3.8846222539740713	89.5775
chr15	128512824	5.5077234742966	89.6645
chr15	128528620	1.544449249398016	89.7515
chr15	128544807	0.0	89.7765
chr15	128560677	12.127860560075453	89.7765
chr15	128593494	0.7976517133560617	90.1745
chr15	128609165	22.568490462359794	90.187
chr15	128634643	0.0	90.762
chr15	128645673	6.571759642443161	90.762
chr15	128675878	1.5249481517631867	90.9605
chr15	128700469	2.0528184642694147	90.998
chr15	128718493	2.373267514714798	91.035
chr15	128729027	3.6189924724957323	91.06
chr15	128767021	0.5286529921757553	91.1975
chr15	128814311	0.7748934521503587	91.2225
chr15	128829797	5.024255024255215	91.2345
chr15	128847113	3.64402124153108	91.3215
chr15	128874418	8.263619669454801	91.421
chr15	128894022	0.0	91.583
chr15	128910063	0.0	91.583
chr15	128938211	0.0	91.583
chr15	128940110	0.0	91.583
chr15	128977933	0.5108504638523373	91.583
chr15	129002402	1.883948756594249	91.5955
chr15	129009037	0.0	91.608
chr15	129016989	3.1436453454797193	91.608
chr15	129032576	7.298559750875643	91.657
chr15	129047990	0.0	91.7695
chr15	129060473	0.0	91.7695
chr15	129078332	0.0	91.7695
chr15	129088337	0.0	91.7695
chr15	129102036	2.7956176803933612	91.7695
chr15	129115271	0.0	91.8065
chr15	129130373	0.9223050247179844	91.8065
chr15	129143926	1.2621800373600987	91.819
chr15	129163733	2.104524728165636	91.844
chr15	129169435	3.2325338894688125	91.856
chr15	129188615	12.190496830470517	91.918
chr15	129207072	0.6266973052016114	92.143
chr15	129226220	0.0	92.155
chr15	129244931	1.9770660340059856	92.155
chr15	129257576	4.090314136125422	92.18
chr15	129269800	0.32817371328557826	92.23
chr15	129306366	1.4758840545481713	92.242
chr15	129323305	0.0	92.267
chr15	129337151	0.0	92.267
chr15	129353283	1.4098009361081423	92.267
chr15	129371016	0.0	92.292
chr15	129386924	0.0	92.292
chr15	129403892	0.0	92.292
chr15	129419063	0.0	92.292
chr15	129436960	0.0	92.292
chr15	129459177	0.0	92.292
chr15	129477861	0.7283533387715945	92.292
chr15	129529347	3.5386040325836774	92.3295
chr15	129571454	0.0	92.4785
chr15	129595913	0.0	92.4785
chr15	129613737	1.2938619190562926	92.4785
chr15	129633059	0.0	92.5035
chr15	129704940	9.392205548958065	92.5035
chr15	129732729	3.4010806659536006	92.7645
chr15	129805647	9.142593730792854	93.0125
chr15	129883743	0.0	93.7265
chr15	129888084	3.040437823046346	93.7265
chr15	129904529	0.0	93.7765
chr15	129949035	0.0	93.7765
chr15	129971002	5.359783144406315	93.7765
chr15	129987234	0.7498950146976866	93.8635
chr15	130020572	0.2019223002988909	93.8885
chr15	130082477	27.59381898454851	93.901
chr15	130085195	24.53801878218707	93.976
chr15	130098399	18.70137642130461	94.3
chr15	130105083	2.917016708671707	94.425
chr15	130126509	0.0	94.4875
chr15	130132186	0.7324075701648117	94.4875
chr15	130149253	4.769453631071002	94.5
chr15	130185840	26.99031831162519	94.6745
chr15	130200197	15.980165938436114	95.062
chr15	130220566	0.0	95.3875
chr15	130254670	0.0	95.3875
chr15	130276195	1.8119881133573583	95.3875
chr15	130289992	2.2036786742674104	95.4125
chr15	130307009	2.9599810561210727	95.45
chr15	130323901	4.2326250740706985	95.5
chr15	130335714	3.073065198151244	95.55
chr15	130356052	0.0	95.6125
chr15	130386044	0.1953613403351282	95.6125
chr15	130450028	0.9375234380861653	95.625
chr15	130463361	0.0	95.6375
chr15	130501830	30.575947930068597	95.6375
chr15	130515043	16.72047970479741	96.0415
chr15	130532387	4.1787385781139195	96.3315
chr15	130541361	0.6887052341599362	96.369
chr15	130559511	27.434015989486625	96.3815
chr15	130568642	4.092718878393812	96.632
chr15	130946386	1.6519823788551484	98.178
chr15	130961822	0.7934637442061363	98.2035
chr15	131025467	0.47075660000710395	98.254
chr15	131052020	0.24108450939312037	98.2665
chr15	131105943	0.0	98.2795
chr15	131144089	3.2950370327170804	98.2795
chr15	131178383	3.06196840826257	98.3925
chr15	131198958	12.228347971023867	98.4555
chr15	131230156	3.1947373390828577	98.837
chr15	131261927	1.1646494633475157	98.9385
chr15	131283822	0.0	98.964
chr15	131307990	0.0	98.964
chr15	131325556	0.2895967921587264	98.964
chr15	131370446	0.0	98.977
chr15	131395302	0.7220425138633805	98.977
chr15	131412614	3.2181571815715366	98.9895
chr15	131424422	12.657707076247968	99.0275
chr15	131460882	0.0	99.489
chr15	131477472	2.278040884838841	99.489
chr15	131494153	0.0	99.527
chr15	131517297	0.0	99.527
chr15	131531612	0.0	99.527
chr15	131582701	0.0	99.527
chr15	131605147	0.6458279514338848	99.527
chr15	131624502	0.0	99.5395
chr15	131658659	0.0	99.5395
chr15	131675824	13.415004556039072	99.5395
chr15	131705455	0.0	99.937
chr15	131761217	0.7538691224076796	99.937
chr15	131828868	0.0	99.988
chr15	131860849	0.0	99.988
chr15	131867205	0.0	99.988
chr15	131900080	0.21104526498848272	99.988
chr15	131959309	0.0	100.0005
chr15	131994822	0.0	100.0005
chr15	132020585	5.537164026168636	100.0005
chr15	132045959	2.0811277902946133	100.141
chr15	132156476	8.748294679399818	100.371
chr15	132185796	0.0	100.6275
chr15	132204175	0.0	100.6275
chr15	132216006	3.953948133504046	100.6275
chr15	132241803	70.60894780447374	100.7295
chr15	132265943	2.0288196431359036	102.434
chr15	132285166	0.0	102.473
chr15	132308829	0.9221788489776227	102.473
chr15	132364675	0.0	102.5245
chr15	132371992	0.0	102.5245
chr15	132424298	1.3776294176864436	102.5245
chr15	132443171	0.0	102.5505
chr15	132454778	0.0	102.5505
chr15	132457297	1.29695216241813	102.5505
chr15	132477344	1.1616477526588536	102.5765
chr15	132488535	0.7908504684268458	102.5895
chr15	132537849	0.0	102.6285
chr15	132589114	0.0	102.6285
chr15	132647135	0.0	102.6285
chr15	132672838	0.0	102.6285
chr15	132689488	0.0	102.6285
chr15	132698351	0.0	102.6285
chr15	132702537	0.0	102.6285
chr15	132738767	0.0	102.6285
chr15	132754064	0.0	102.6285
chr15	132762767	0.0	102.6285
chr15	132772656	5.951282524450575	102.6285
chr15	132783494	0.0	102.693
chr15	132814309	0.0	102.693
chr15	132878348	0.0	102.693
chr15	132894766	0.6942590120163007	102.693
chr15	132913491	0.0	102.706
chr15	132944474	0.17531083960394608	102.706
chr15	133018628	21.960701901860165	102.719
chr15	133028145	0.0	102.928
chr15	133092013	0.0	102.928
chr15	133135494	13.285366268199935	102.928
chr15	133153145	0.0	103.1625
chr15	133170717	0.0	103.1625
chr15	133186942	0.0	103.1625
chr15	133214003	0.0	103.1625
chr15	133266464	0.0	103.1625
chr15	133291124	0.0	103.1625
chr15	133309265	4.951058502162988	103.1625
chr15	133335623	0.0	103.293
chr15	133344282	0.0	103.293
chr15	133367278	0.0	103.293
chr15	133383780	1.1008552798711257	103.293
chr15	133407398	0.0	103.319
chr15	133437898	1.1619592420448808	103.319
chr15	133460274	0.0	103.345
chr15	133461342	0.20224334541615813	103.345
chr15	133525621	0.0	103.358
chr15	133602765	0.0	103.358
chr15	133612484	0.34664817876355974	103.358
chr15	133649986	1.858020454963998	103.371
chr15	133769468	0.0	103.593
chr15	133783543	0.0	103.593
chr15	133852541	0.0	103.593
chr15	133875709	0.0	103.593
chr15	133894565	0.0	103.593
chr15	133954024	3.0463990001563412	103.593
chr15	133966826	0.0	103.632
chr15	134045657	1.9996923550220156	103.632
chr15	134071661	0.0	103.684
chr15	134099062	0.0	103.684
chr15	134132307	0.0	103.684
chr15	134153795	0.0	103.684
chr15	134175055	0.0	103.684
chr15	134197749	0.0	103.684
chr15	134220304	0.44838409271221435	103.684
chr15	134249297	0.0	103.697
chr15	134267374	0.0	103.697
chr15	134287953	0.0	103.697
chr15	134297642	0.0	103.697
chr15	134332453	0.0	103.697
chr15	134355069	2.3855837339889794	103.697
chr15	134382316	0.0	103.762
chr15	134398048	0.0	103.762
chr15	134411009	0.0	103.762
chr15	134461220	1.17779598525193	103.762
chr15	134539332	0.0	103.854
chr15	134563198	0.5117707267146377	103.854
chr15	134588600	10.459834236531265	103.867
chr15	134613696	9.508077837315346	104.1295
chr15	134638517	0.0	104.3655
chr15	134686981	1.9953952417498837	104.3655
chr15	134706526	0.8077544426497595	104.4045
chr15	134722620	0.0	104.4175
chr15	134735614	0.0	104.4175
chr15	134745810	0.0	104.4175
chr15	134748949	0.0	104.4175
chr15	134763839	0.6810204830002105	104.4175
chr15	134782928	0.0	104.4305
chr15	134787231	0.0	104.4305
chr15	134835124	1.4436079233975536	104.4305
chr15	134862486	2.0407527417746794	104.47
chr15	134894582	0.0	104.5355
chr15	134904189	0.6862973609923766	104.5355
chr15	134942802	1.0725187690788902	104.562
chr15	134954923	3.080028310047252	104.575
chr15	134993072	0.20966808745549922	104.6925
chr15	135181465	0.9559995097438773	104.732
chr15	135263055	0.0	104.81
chr15	135291143	13.952578011407986	104.81
chr15	135309025	0.0	105.0595
chr15	135326819	0.0	105.0595
chr15	135345584	5.298940211957336	105.0595
chr15	135350585	11.269841269841356	105.086
chr15	135419885	10.227922944878935	105.867
chr15	135440857	0.0	106.0815
chr15	135470595	0.0	106.0815
chr15	135502997	0.0	106.0815
chr15	135583792	0.0	106.0815
chr15	135595765	0.0	106.0815
chr15	135627732	0.0	106.0815
chr15	135630320	0.0	106.0815
chr15	135641395	3.7688326306174003	106.0815
chr15	135749784	0.34017033714679273	106.49
chr15	135789470	2.293626466546713	106.5035
chr15	135836775	0.0	106.612
chr15	135863285	0.0	106.612
chr15	135863605	0.0	106.612
chr15	135883552	13.462611607143202	106.612
chr15	135912224	0.0	106.998
chr15	136094969	0.0	106.998
chr15	136112946	0.0	106.998
chr15	136149780	0.6547257166906324	106.998
chr15	136171163	0.3028060022877197	107.012
chr15	136215746	0.0	107.0255
chr15	136251843	0.0	107.0255
chr15	136310723	2.077456735534209	107.0255
chr15	136336957	0.0	107.08
chr15	136338046	0.0	107.08
chr15	136352374	1.2472621075686547	107.08
chr15	136385246	1.5890856943533593	107.121
chr15	136411047	0.0	107.162
chr15	136441764	0.0	107.162
chr15	136460480	0.0	107.162
chr15	136516506	0.0	107.162
chr15	136562559	0.23375799368846392	107.162
chr15	136622450	0.11134020618551263	107.176
chr15	136743700	0.0	107.1895
chr15	136767414	0.0	107.1895
chr15	136791231	1.3452037372207313	107.1895
chr15	136811674	0.0	107.217
chr15	136853480	0.0	107.217
chr15	136874213	0.0	107.217
chr15	136899119	0.0	107.217
chr15	136966160	1.3001921004543644	107.217
chr15	137008846	0.0	107.2725
chr15	137030650	0.0	107.2725
chr15	137050759	0.0	107.2725
chr15	137073679	0.0	107.2725
chr15	137107278	0.0	107.2725
chr15	137117278	1.8525870054267572	107.2725
chr15	137124835	3.2424408156886635	107.2865
chr15	137137634	0.5703576957547377	107.328
chr15	137162180	0.0	107.342
chr15	137176574	3.7533512064350933	107.342
chr15	137184034	0.0	107.37
chr15	137218925	2.064203857925572	107.37
chr15	137247023	12.26321893389455	107.428
chr15	137270304	0.0	107.7135
chr15	137341800	0.0	107.7135
chr15	137397826	0.0	107.7135
chr15	137417591	0.0	107.7135
chr15	137441791	0.0	107.7135
chr15	137476951	0.0	107.7135
chr15	137495199	0.5806301772857694	107.7135
chr15	137521033	0.0	107.7285
chr15	137538235	0.0	107.7285
chr15	137559119	0.0	107.7285
chr15	137582434	0.0	107.7285
chr15	137605963	0.0	107.7285
chr15	137610508	0.0	107.7285
chr15	137615084	0.0	107.7285
chr15	137647628	0.0	107.7285
chr15	137700171	0.6649934573225629	107.7285
chr15	137746788	0.0	107.7595
chr15	137759238	0.0	107.7595
chr15	137799424	0.0	107.7595
chr15	137824188	11.991335293207577	107.7595
chr15	137830651	0.0	107.837
chr15	137845522	0.0	107.837
chr15	137852789	0.0	107.837
chr15	137874382	0.0	107.837
chr15	137903103	2.1498459559193743	107.837
chr15	137932640	0.0	107.9005
chr15	137958428	0.0	107.9005
chr15	138141907	0.0	107.9005
chr15	138175879	0.0	107.9005
chr15	138202505	0.6133558230470499	107.9005
chr15	138228591	1.3052722232689453	107.9165
chr15	138265748	0.0	107.965
chr15	138305719	0.0	107.965
chr15	138310779	0.0	107.965
chr15	138319531	1.0058077284965348	107.965
chr15	138350352	0.6435267978106464	107.996
chr15	138424164	5.289274224331121	108.0435
chr15	138442503	0.0	108.1405
chr15	138466064	8.820374269935007	108.1405
chr15	138491233	0.0	108.3625
chr15	138562286	0.0	108.3625
chr15	138626063	1.010042710377369	108.3625
chr15	138643389	0.0	108.38
chr15	138655107	0.0	108.38
chr15	138696350	0.0	108.38
chr15	138728908	0.0	108.38
chr15	138796941	0.0	108.38
chr15	138816460	0.0	108.38
chr15	138846692	0.0	108.38
chr15	138864721	0.0	108.38
chr15	138890300	0.0	108.38
chr15	138931640	0.0	108.38
chr15	138955315	0.0	108.38
chr15	138980785	1.3714196152192626	108.38
chr15	139006306	0.0	108.415
chr15	139028776	0.0	108.415
chr15	139036061	0.33146450488670154	108.415
chr15	139088857	0.0	108.4325
chr15	139252641	0.0	108.4325
chr15	139261553	6.008261359369005	108.4325
chr15	139288183	0.0	108.5925
chr15	139314951	0.0	108.5925
chr15	139323562	0.0	108.5925
chr15	139334668	0.0	108.5925
chr15	139382894	0.0	108.5925
chr15	139404230	0.0	108.5925
chr15	139416414	0.0	108.5925
chr15	139433317	0.0	108.5925
chr15	139468667	1.1874561450858516	108.5925
chr15	139487194	0.0	108.6145
chr15	139512666	0.0	108.6145
chr15	139532443	2.757434042177711	108.6145
chr15	139555109	0.0	108.677
chr15	139628340	0.0	108.677
chr15	139636639	0.0	108.677
chr15	139665821	0.0	108.677
chr15	139682433	0.0	108.677
chr15	139702944	0.0	108.677
chr15	139723937	0.0	108.677
chr15	139748621	0.0	108.677
chr15	139798185	0.0	108.677
chr15	139804878	0.0	108.677
chr15	139824256	0.0	108.677
chr15	139948062	0.0	108.677
chr15	139972094	0.0	108.677
chr15	139992389	0.0	108.677
chr15	140009304	0.0	108.677
chr15	140071334	0.0	108.677
chr15	140089804	0.0	108.677
chr15	140127357	0.0	108.677
chr15	140139155	0.0	108.677
chr15	140198096	0.0	108.677
chr15	140216061	0.0	108.677
