Chromosome	Position(bp)	Rate(cM/Mb)	Map(cM)
chr9	0	0.0	0.0
chr9	90988	0.0	0.0
chr9	133033	0.0	0.0
chr9	138768	0.0	0.0
chr9	157275	0.0	0.0
chr9	157385	0.0	0.0
chr9	216651	0.0	0.0
chr9	250694	0.0	0.0
chr9	278095	0.0	0.0
chr9	290107	0.0	0.0
chr9	315791	0.0	0.0
chr9	356423	0.0	0.0
chr9	380216	0.0	0.0
chr9	408215	0.0	0.0
chr9	461787	0.0	0.0
chr9	482530	0.0	0.0
chr9	524049	0.0	0.0
chr9	570496	0.0	0.0
chr9	604794	0.0	0.0
chr9	611479	0.0	0.0
chr9	619846	0.0	0.0
chr9	654879	0.0	0.0
chr9	701029	0.0	0.0
chr9	701125	0.0	0.0
chr9	709584	0.0	0.0
chr9	740755	0.0	0.0
chr9	768918	0.0	0.0
chr9	777436	0.0	0.0
chr9	788595	0.0	0.0
chr9	799116	1.6170327449130846	0.0
chr9	813958	0.0	0.024
chr9	819860	0.0	0.024
chr9	842275	0.0	0.024
chr9	845013	0.0	0.024
chr9	914551	10.3844454264251	0.024
chr9	916814	0.0	0.0475
chr9	963279	4.922403773842893	0.0475
chr9	977906	6.396444923242663	0.1195
chr9	985332	16.16360261622768	0.167
chr9	1030588	0.0	0.8985
chr9	1041977	1.0901445739351634	0.8985
chr9	1080504	1.7342905541663278	0.9405
chr9	1092901	0.0	0.962
chr9	1108308	0.0	0.962
chr9	1128471	0.0	0.962
chr9	1147627	0.0	0.962
chr9	1177590	0.0	0.962
chr9	1189699	1.9153479025370495	0.962
chr9	1221547	0.5415753545429375	1.023
chr9	1261246	0.0	1.0445
chr9	1268009	0.0	1.0445
chr9	1321868	0.0	1.0445
chr9	1375194	1.1320754716981083	1.0445
chr9	1393744	0.0	1.0655
chr9	1414632	0.0	1.0655
chr9	1490012	0.0	1.0655
chr9	1823752	0.0	1.0655
chr9	1883054	0.0	1.0655
chr9	1898505	0.0	1.0655
chr9	1941697	0.0	1.0655
chr9	1952672	0.0	1.0655
chr9	1973554	0.4241989166612298	1.0655
chr9	2019523	0.0	1.085
chr9	2024787	1.6815666240953635	1.085
chr9	2048277	0.0	1.1245
chr9	2069496	3.729405655478448	1.1245
chr9	2090679	0.0	1.2035
chr9	2110700	2.23090606864775	1.2035
chr9	2144991	0.0	1.28
chr9	2177744	0.0	1.28
chr9	2210849	2.4499932876896215	1.28
chr9	2225747	0.0	1.3165
chr9	2296531	0.0	1.3165
chr9	2314764	0.9163802978235975	1.3165
chr9	2332224	0.39384615384615423	1.3325
chr9	2372849	0.6160717723614806	1.3485
chr9	2398820	0.0	1.3645
chr9	2419971	0.6464124111182941	1.3645
chr9	2466381	0.0	1.3945
chr9	2468693	1.5848259207083906	1.3945
chr9	2508445	0.4640301769302179	1.4575
chr9	2541848	0.0	1.473
chr9	2542132	0.0	1.473
chr9	2578390	1.36005077522894	1.473
chr9	2611477	12.777309744453769	1.518
chr9	2615038	3.2071840923669286	1.5635
chr9	2619715	0.7697044334975319	1.5785
chr9	2639203	0.0	1.5935
chr9	2698359	0.0	1.5935
chr9	2718491	1.641691990638868	1.5935
chr9	2747120	0.0	1.6405
chr9	2810938	0.7008035881143666	1.6405
chr9	2832342	0.0	1.6555
chr9	2899095	0.0	1.6555
chr9	3008197	0.0	1.6555
chr9	3017541	0.0	1.6555
chr9	3048744	0.0	1.6555
chr9	3060323	0.0	1.6555
chr9	3080612	12.897678417884887	1.6555
chr9	3081775	2.5913338997451123	1.6705
chr9	3105315	1.0594401695104259	1.7315
chr9	3132216	0.3635178499799428	1.76
chr9	3211992	0.5474317102137782	1.789
chr9	3265880	0.0	1.8185
chr9	3281756	0.7095321980818143	1.8185
chr9	3302192	5.54695562435501	1.833
chr9	3317696	0.0	1.919
chr9	3330060	3.5007536344629777	1.919
chr9	3350627	2.09312573443008	1.991
chr9	3377859	2.4434545690437997	2.048
chr9	3400982	0.89881869542888	2.1045
chr9	3416558	1.6343057859303316	2.1185
chr9	3478052	0.0	2.219
chr9	3559434	1.6225709158935588	2.219
chr9	3585627	0.0	2.2615
chr9	3611289	0.0	2.2615
chr9	3634653	1.7487254008522	2.2615
chr9	3675254	0.5437737901033183	2.3325
chr9	3805823	0.735778645006436	2.4035
chr9	4098710	0.620198898874932	2.619
chr9	4144663	0.0	2.6475
chr9	4164444	0.6050914120240409	2.6475
chr9	4187581	0.0	2.6615
chr9	4213652	3.596472408225023	2.6615
chr9	4302211	0.0	2.98
chr9	4330154	0.28282912930528925	2.98
chr9	4377886	0.391417570654865	2.9935
chr9	4628258	0.0	3.0915
chr9	4777318	1.0747822151827202	3.0915
chr9	4803835	2.1281770643317475	3.12
chr9	4836727	1.1349817592217457	3.19
chr9	4849062	0.20704393028534943	3.204
chr9	5119536	1.0966296389800574	3.26
chr9	5182912	10.425377710876962	3.3295
chr9	5218786	2.727946091449421	3.7035
chr9	5274139	0.0	3.8545
chr9	5355626	0.0	3.8545
chr9	5428730	1.1051382104947254	3.8545
chr9	5465377	3.034591194968548	3.895
chr9	5497177	2.411646058054905	3.9915
chr9	5519983	0.5347593582887791	4.0465
chr9	5546163	3.744292237442929	4.0605
chr9	5579013	0.8685490493335816	4.1835
chr9	5610675	0.0	4.211
chr9	5668782	0.0	4.211
chr9	5674635	0.0	4.211
chr9	5702136	12.508767827916685	4.211
chr9	5706413	0.0	4.2645
chr9	5717796	14.971751412429445	4.2645
chr9	5723106	0.0	4.344
chr9	5726846	0.0	4.344
chr9	5732523	0.0	4.344
chr9	5738250	0.0	4.344
chr9	5764094	0.0	4.344
chr9	5784301	0.3245857474398302	4.344
chr9	6030769	0.0	4.424
chr9	6077745	0.444262183036016	4.424
chr9	6107007	0.9192701133536019	4.437
chr9	6179347	0.5805702490001511	4.5035
chr9	6202600	3.5028198801550694	4.517
chr9	6225296	0.0	4.5965
chr9	6256143	1.6017817915548027	4.5965
chr9	6288919	3.950994388923928	4.649
chr9	6319038	0.0	4.768
chr9	6362658	0.0	4.768
chr9	6389262	0.0	4.768
chr9	6417824	1.2258368694012445	4.768
chr9	6449639	2.8461289044204974	4.807
chr9	6477396	1.8881118881118353	4.886
chr9	6484546	0.0	4.8995
chr9	6512036	0.0	4.8995
chr9	6535903	0.6566983228935088	4.8995
chr9	6555699	0.0	4.9125
chr9	6572782	0.0	4.9125
chr9	6589051	0.0	4.9125
chr9	6610424	0.0	4.9125
chr9	6667575	1.2724479016614045	4.9125
chr9	6688401	0.0	4.939
chr9	6707860	1.116167253369958	4.939
chr9	6719507	0.0	4.952
chr9	6746658	1.0051966771611884	4.952
chr9	6773021	9.032184302292317	4.9785
chr9	6790514	0.0	5.1365
chr9	6808069	0.0	5.1365
chr9	6815281	0.0	5.1365
chr9	6850364	0.0	5.1365
chr9	6850963	0.0	5.1365
chr9	6867103	5.6407083015993935	5.1365
chr9	6888111	0.8926732129368881	5.255
chr9	6902674	0.5452392821535417	5.268
chr9	6998962	2.7496338802713662	5.3205
chr9	7032421	1.671939900133461	5.4125
chr9	7165799	10.188087774294594	5.6355
chr9	7168351	0.187322583898902	5.6615
chr9	7237750	0.0	5.6745
chr9	7253981	2.5623090758557683	5.6745
chr9	7324035	0.3593542680229959	5.854
chr9	7360211	0.0	5.867
chr9	7408768	0.0	5.867
chr9	7435247	0.0	5.867
chr9	7467035	0.0	5.867
chr9	7490092	0.6949743813365332	5.867
chr9	7526784	0.0	5.8925
chr9	7547635	0.0	5.8925
chr9	7567845	0.8695211724184487	5.8925
chr9	7627073	11.472501478415136	5.944
chr9	7643983	0.2943830190699024	6.138
chr9	7774765	0.0	6.1765
chr9	7786842	1.284985744689396	6.1765
chr9	7836648	1.5999254403678238	6.2405
chr9	7868837	0.2181120223346742	6.292
chr9	7926147	0.0	6.3045
chr9	7955918	0.0	6.3045
chr9	7991312	0.0	6.3045
chr9	8003884	0.0	6.3045
chr9	8065517	0.516811576579317	6.3045
chr9	8114858	1.1005214120865006	6.33
chr9	8161654	0.0	6.3815
chr9	8184100	1.8685155135959106	6.3815
chr9	8265448	1.964785007179007	6.5335
chr9	8278681	0.37843934581935945	6.5595
chr9	8346063	0.5345239592504104	6.585
chr9	8393769	1.1877895236963967	6.6105
chr9	8435864	3.0453598333066405	6.6605
chr9	8448342	2.11589460023696	6.6985
chr9	8466065	0.3284985091221484	6.736
chr9	8505639	0.0	6.749
chr9	8524892	0.0	6.749
chr9	8531586	5.7314410480349895	6.749
chr9	8542578	0.5414636178099838	6.812
chr9	8566587	2.597616789675493	6.825
chr9	8590840	5.2762675094410385	6.888
chr9	8665514	0.7033931686455561	7.282
chr9	8683285	0.0	7.2945
chr9	8709033	0.5218352228543379	7.2945
chr9	8757899	0.26833247466939913	7.32
chr9	8804483	2.7079117278596954	7.3325
chr9	8856368	2.9011349806119284	7.473
chr9	8891699	0.3115638106650665	7.5755
chr9	8933424	0.0	7.5885
chr9	8965668	5.434446027125795	7.5885
chr9	8997962	5.166171744701614	7.764
chr9	9022545	0.0	7.891
chr9	9027383	6.758583400919264	7.891
chr9	9031082	16.0629921259843	7.916
chr9	9040607	2.8962001853566472	8.069
chr9	9044923	4.086900408690068	8.0815
chr9	9054221	3.6163104142146647	8.1195
chr9	9106899	0.0	8.31
chr9	9146133	0.0	8.31
chr9	9199316	0.0	8.31
chr9	9222338	0.7598784194528817	8.31
chr9	9239446	0.0	8.323
chr9	9242830	0.0	8.323
chr9	9268485	0.0	8.323
chr9	9320051	3.6924413553430626	8.323
chr9	9326957	0.0	8.3485
chr9	9340610	0.0	8.3485
chr9	9358023	4.1210710128055785	8.3485
chr9	9379498	0.0	8.437
chr9	9390192	0.0	8.437
chr9	9391796	52.561669829222204	8.437
chr9	9394431	8.388907329732353	8.5755
chr9	9427570	0.0	8.8535
chr9	9465637	2.7202901642841986	8.8535
chr9	9484385	1.6071090943467066	8.9045
chr9	9500252	1.9412349360168963	8.93
chr9	9532448	0.36513407723319113	8.9925
chr9	9566682	0.5790903826451023	9.005
chr9	9589131	3.2199896960329424	9.018
chr9	9600777	0.0	9.0555
chr9	9623557	1.4195673158821394	9.0555
chr9	9641168	1.8940814642562278	9.0805
chr9	9667830	0.5334812854764751	9.131
chr9	9691261	0.9089637812893232	9.1435
chr9	9705563	0.0	9.1565
chr9	9724922	3.2826409495548887	9.1565
chr9	9751882	5.32168387609215	9.245
chr9	9770767	1.9522219368096716	9.3455
chr9	9809697	1.1647952289987586	9.4215
chr9	9831160	0.0	9.4465
chr9	9842771	2.5996984349814865	9.4465
chr9	9862004	0.0	9.4965
chr9	9879001	0.0	9.4965
chr9	9898352	13.285977374375511	9.4965
chr9	9902153	0.4102209795645144	9.547
chr9	10180052	0.0	9.661
chr9	10196963	0.6516525909707572	9.661
chr9	10216145	0.0	9.6735
chr9	10250585	0.0	9.6735
chr9	10277530	0.0	9.6735
chr9	10304250	0.0	9.6735
chr9	10332663	0.0	9.6735
chr9	10344883	0.0	9.6735
chr9	10356402	0.0	9.6735
chr9	10403657	0.0	9.6735
chr9	10415233	0.0	9.6735
chr9	10418987	0.8490073145245494	9.6735
chr9	10434299	1.812601203567182	9.6865
chr9	10475676	4.316298342541498	9.7615
chr9	10487260	0.3946703713058629	9.8115
chr9	10518932	3.713386013902917	9.824
chr9	10535763	0.0	9.8865
chr9	10565577	0.0	9.8865
chr9	10567195	6.568658116984738	9.8865
chr9	10576786	0.5538325210456043	9.9495
chr9	10599356	0.0	9.962
chr9	10600313	1.046550569323599	9.962
chr9	10612257	0.0	9.9745
chr9	10628138	0.1848866275199942	9.9745
chr9	10695747	3.8196524865188852	9.987
chr9	10709099	0.0	10.038
chr9	10725379	0.40593641412006914	10.038
chr9	10756172	4.638422205989863	10.0505
chr9	10769862	2.9498525073745765	10.114
chr9	10791219	7.647770480470083	10.177
chr9	10802791	1.7490222001873306	10.2655
chr9	10839097	10.05479597808161	10.329
chr9	10857894	3.9495299010869784	10.518
chr9	10886505	0.0	10.631
chr9	10903316	0.0	10.631
chr9	10916934	5.725236555276057	10.631
chr9	10958679	6.737764550264561	10.87
chr9	10982871	0.23083386425122437	11.033
chr9	11091174	0.0	11.058
chr9	11104604	0.0	11.058
chr9	11109522	0.0	11.058
chr9	11126291	0.0	11.058
chr9	11145013	2.420604182804005	11.058
chr9	11175997	3.233543192428013	11.133
chr9	11199346	4.961882229232381	11.2085
chr9	11214562	16.385342135431024	11.284
chr9	11239859	0.0	11.6985
chr9	11260294	1.2862728956575913	11.6985
chr9	11289448	2.8958647052009114	11.736
chr9	11306714	3.6862282512533175	11.786
chr9	11323669	2.7377458495772924	11.8485
chr9	11346498	0.0	11.911
chr9	11387937	0.0	11.911
chr9	11450605	10.841283607979184	11.911
chr9	11456370	0.0	11.9735
chr9	11472758	10.313531353135215	11.9735
chr9	11476394	1.1256087475880512	12.011
chr9	11498160	0.0	12.0355
chr9	11534464	0.19787560747810373	12.0355
chr9	11597635	0.0	12.048
chr9	11609648	3.9587332053742887	12.048
chr9	11622152	0.5067601808120398	12.0975
chr9	11671485	0.5876407399572281	12.1225
chr9	11714028	0.0	12.1475
chr9	11724594	0.0	12.1475
chr9	11735331	0.0	12.1475
chr9	11753929	0.0	12.1475
chr9	11759439	4.011553273427244	12.1475
chr9	11765671	0.0	12.1725
chr9	11785108	4.593224075843316	12.1725
chr9	11812322	0.0	12.2975
chr9	11831250	0.0	12.2975
chr9	11850795	0.0	12.2975
chr9	11909910	0.0	12.2975
chr9	11937490	0.21561761509670133	12.2975
chr9	11995463	5.588197726401861	12.31
chr9	12011121	1.5541464627625625	12.3975
chr9	12027207	0.8104253112033886	12.4225
chr9	12042631	4.513857542655938	12.435
chr9	12064785	0.0	12.535
chr9	12107227	0.0	12.535
chr9	12125876	2.3770021058005377	12.535
chr9	12157218	0.0	12.6095
chr9	12175906	1.3340041468471548	12.6095
chr9	12241498	3.562432529686945	12.697
chr9	12255393	0.0	12.7465
chr9	12295983	0.5939088706229	12.7465
chr9	12338077	0.0	12.7715
chr9	12398691	0.8336297350169067	12.7715
chr9	12488659	0.0	12.8465
chr9	12491310	0.3801356323936164	12.8465
chr9	12524193	0.0	12.859
chr9	12585306	0.0	12.859
chr9	12624846	0.35222181521032686	12.859
chr9	12660335	0.0	12.8715
chr9	12679594	0.0	12.8715
chr9	12693493	0.0	12.8715
chr9	12707540	0.0	12.8715
chr9	12723178	0.0	12.8715
chr9	12742477	0.0	12.8715
chr9	12760157	1.958224543081014	12.8715
chr9	12779307	0.0	12.909
chr9	12798342	3.926084908129576	12.909
chr9	12817445	3.0181706190329223	12.984
chr9	12833680	2.3587130861402352	13.033
chr9	12854878	1.3622493461203333	13.083
chr9	12873230	0.0	13.108
chr9	12891247	0.0	13.108
chr9	12903322	0.0	13.108
chr9	12921450	0.0	13.108
chr9	12934635	8.889983040647719	13.108
chr9	12952914	0.0	13.2705
chr9	12967778	0.0	13.2705
chr9	12993147	5.766171792152687	13.2705
chr9	13008235	0.6395864877564805	13.3575
chr9	13046541	0.0	13.382
chr9	13067020	2.2775584573337166	13.382
chr9	13083485	3.1636759383462834	13.4195
chr9	13122996	0.0	13.5445
chr9	13151027	1.9114532210570239	13.5445
chr9	13170384	2.620702048640241	13.5815
chr9	13203772	6.054944294512516	13.669
chr9	13218223	0.0	13.7565
chr9	13231139	2.3980048599564934	13.7565
chr9	13246777	35.02016868353504	13.794
chr9	13254958	0.0	14.0805
chr9	13270975	0.0	14.0805
chr9	13303100	3.0773018217625037	14.0805
chr9	13307162	60.558563693360036	14.093
chr9	13310671	5.701720986902226	14.3055
chr9	13363199	0.29006358193714415	14.605
chr9	13406293	1.036398308597975	14.6175
chr9	13430415	69.31216931216943	14.6425
chr9	13434195	8.472269479414726	14.9045
chr9	13448890	0.7211261105341693	15.029
chr9	13466224	0.9561692037023006	15.0415
chr9	13492370	6.160121966294438	15.0665
chr9	13516639	0.6227580709446526	15.216
chr9	13536711	45.015105740181546	15.2285
chr9	13538366	0.0	15.303
chr9	13574259	1.87687687687677	15.303
chr9	13580919	4.80660227633428	15.3155
chr9	13625025	7.144347100542369	15.5275
chr9	13644201	0.0	15.6645
chr9	13651835	11.285391466170367	15.6645
chr9	13689450	4.500775995861343	16.089
chr9	13708780	0.0	16.176
chr9	13739576	1.9770237777185458	16.176
chr9	13758291	8.787502219066129	16.213
chr9	13775190	5.07842896342707	16.3615
chr9	13799607	1.150165623850096	16.4855
chr9	13810475	1.2891344383056955	16.498
chr9	13829480	5.980645549077299	16.5225
chr9	13846117	1.1154088333183623	16.622
chr9	13901702	0.0	16.684
chr9	13909558	20.04981320049808	16.684
chr9	13925618	11.979440130433545	17.006
chr9	13961805	1.1732251006754792	17.4395
chr9	13993342	8.530564832292704	17.4765
chr9	14020890	11.099770349578941	17.7115
chr9	14028728	0.0	17.7985
chr9	14030987	0.0	17.7985
chr9	14038349	0.0	17.7985
chr9	14054915	3.1035061231337204	17.7985
chr9	14090681	5.3226267827224145	17.9095
chr9	14139623	0.848435484965675	18.17
chr9	14154356	14.40194047197939	18.1825
chr9	14174145	2.42300514501943	18.4675
chr9	14271132	0.0	18.7025
chr9	14279735	4.951912067781138	18.7025
chr9	14297203	4.074074074073936	18.789
chr9	14309353	2.5123051681706055	18.8385
chr9	14328857	24.004771134635394	18.8875
chr9	14342271	2.097023415346475	19.2095
chr9	14401164	1.0612894667020831	19.333
chr9	14412471	4.311204146730509	19.345
chr9	14432535	0.9288155743794984	19.4315
chr9	14459451	3.0339210362762277	19.4565
chr9	14520593	0.0	19.642
chr9	14536104	5.295296250357821	19.642
chr9	14557066	6.642999300736913	19.753
chr9	14575657	5.169763867542379	19.8765
chr9	14589971	7.360125748757358	19.9505
chr9	14637049	1.3188651326370608	20.297
chr9	14683680	1.9389713658976802	20.3585
chr9	14709209	2.139106760873797	20.408
chr9	14755490	0.0	20.507
chr9	14765032	3.2772364924711277	20.507
chr9	14787612	0.26268552164967507	20.581
chr9	14833294	0.0	20.593
chr9	14858238	5.938099808061361	20.593
chr9	14883246	0.9441424889637605	20.7415
chr9	14961624	0.0	20.8155
chr9	14979982	0.0	20.8155
chr9	15004867	0.0	20.8155
chr9	15018529	2.7552312160250807	20.8155
chr9	15045387	0.0	20.8895
chr9	15058662	8.895058871921346	20.8895
chr9	15078111	0.0	21.0625
chr9	15097351	15.566745751222598	21.0625
chr9	15118004	0.0	21.384
chr9	15161260	0.0	21.384
chr9	15175834	1.0906552656835606	21.384
chr9	15187295	0.0	21.3965
chr9	15212559	1.3615455381784372	21.3965
chr9	15239734	9.328399547982604	21.4335
chr9	15284865	3.4391745980963977	21.8545
chr9	15309871	0.0	21.9405
chr9	15353176	0.0	21.9405
chr9	15382159	0.0	21.9405
chr9	15402652	0.0	21.9405
chr9	15421342	0.0	21.9405
chr9	15440651	0.0	21.9405
chr9	15453936	0.0	21.9405
chr9	15469347	1.8517591712126036	21.9405
chr9	15489328	0.0	21.9775
chr9	15506417	0.0	21.9775
chr9	15519488	0.0	21.9775
chr9	15533577	0.0	21.9775
chr9	15550852	3.3813785094611566	21.9775
chr9	15565491	0.0	22.027
chr9	15569757	0.4723851513600935	22.027
chr9	15595160	2.2684569909719223	22.039
chr9	15616981	4.078384561822379	22.0885
chr9	15647140	0.0	22.2115
chr9	15664452	1.5493306891422025	22.2115
chr9	15680588	1.0125556905629234	22.2365
chr9	15692933	3.9080250840680755	22.249
chr9	15714939	1.7457771067282737	22.335
chr9	15736133	0.0	22.372
chr9	15750361	0.0	22.372
chr9	15771604	0.0	22.372
chr9	15795207	0.0	22.372
chr9	15814241	0.0	22.372
chr9	15830654	2.437703141928586	22.372
chr9	15850960	6.175318807109025	22.4215
chr9	15870878	4.103570244279929	22.5445
chr9	15907066	0.0	22.693
chr9	15946650	0.0	22.693
chr9	15972447	0.0	22.693
chr9	16024994	1.7413941707269915	22.693
chr9	16081845	8.873965703321652	22.792
chr9	16106862	42.708047239769286	23.014
chr9	16121426	0.0	23.636
chr9	16136899	3.438022672365641	23.636
chr9	16147661	2.955367913148555	23.673
chr9	16164241	14.33939326960265	23.722
chr9	16182338	0.6935197514424816	23.9815
chr9	16200362	0.0	23.994
chr9	16223367	1.588039352389774	23.994
chr9	16262094	9.324375235464151	24.0555
chr9	16278020	4.105168240709939	24.204
chr9	16320162	0.0	24.377
chr9	16331035	2.914637067795273	24.377
chr9	16343558	0.0	24.4135
chr9	16365843	1.8574189392312843	24.4135
chr9	16412413	2.4003491416932556	24.5
chr9	16433035	0.0	24.5495
chr9	16444101	7.130239280552475	24.5495
chr9	16475236	9.252405625462094	24.7715
chr9	16476587	0.0	24.784
chr9	16493664	1.2254901960787101	24.784
chr9	16503864	0.0	24.7965
chr9	16554936	1.8107076441224936	24.7965
chr9	16575370	0.0	24.8335
chr9	16607666	0.0	24.8335
chr9	16633776	0.0	24.8335
chr9	16656888	1.8343165931287013	24.8335
chr9	16697230	28.430345653149796	24.9075
chr9	16717279	1.040271565629764	25.4775
chr9	16835998	0.8773593853742432	25.601
chr9	16878170	0.0	25.638
chr9	16884899	4.64538432452863	25.638
chr9	16903412	0.0	25.724
chr9	16906904	0.0	25.724
chr9	16959247	2.5109429608767284	25.724
chr9	16988718	15.32685816628781	25.798
chr9	17003235	0.0	26.0205
chr9	17036118	0.0	26.0205
chr9	17044374	3.696010180402754	26.0205
chr9	17097810	1.4999999999999492	26.218
chr9	17130810	1.3145187251852826	26.2675
chr9	17149448	0.0	26.292
chr9	17150782	0.0	26.292
chr9	17151528	0.0	26.292
chr9	17168416	8.085131680637254	26.292
chr9	17185237	0.4930771961658037	26.428
chr9	17210588	0.7763483110463193	26.4405
chr9	17242146	0.0	26.465
chr9	17266904	0.0	26.465
chr9	17294828	13.134452825897384	26.465
chr9	17321209	0.0	26.8115
chr9	17376668	0.0	26.8115
chr9	17477733	0.0	26.8115
chr9	17491354	0.0	26.8115
chr9	17503283	0.0	26.8115
chr9	17507218	0.0	26.8115
chr9	17536988	1.3434841021048427	26.8115
chr9	17545920	3.2063614210596554	26.8235
chr9	17553717	23.784072688401938	26.8485
chr9	17563072	0.0	27.071
chr9	17586236	2.0875937286980015	27.071
chr9	17597972	1.1080282502161787	27.0955
chr9	17653476	0.0	27.157
chr9	17659506	22.52493832457373	27.157
chr9	17668829	0.9566814633399119	27.367
chr9	17681895	0.0	27.3795
chr9	17703342	2.366939611054186	27.3795
chr9	17718974	1.6125517541947716	27.4165
chr9	17741919	0.0	27.4535
chr9	17753943	0.0	27.4535
chr9	17758046	0.38633905115137823	27.4535
chr9	17790401	8.330436658715797	27.466
chr9	17873830	0.7620499142691879	28.161
chr9	17889577	0.0	28.173
chr9	17900573	0.0	28.173
chr9	17943781	0.39227993095882135	28.173
chr9	17975646	0.0	28.1855
chr9	17983091	0.0	28.1855
chr9	17992563	1.4243369134233759	28.1855
chr9	18018540	4.772251105765405	28.2225
chr9	18031427	4.891904686760388	28.284
chr9	18044101	2.1398357800447503	28.346
chr9	18084291	4.77613452188009	28.432
chr9	18183011	0.0	28.9035
chr9	18261277	0.0	28.9035
chr9	18306869	0.0	28.9035
chr9	18328799	0.0	28.9035
chr9	18354240	0.0	28.9035
chr9	18375838	2.8344541093846813	28.9035
chr9	18419409	0.0	29.027
chr9	18448218	0.5030490934849957	29.027
chr9	18496921	0.0	29.0515
chr9	18530450	0.20546369045661084	29.0515
chr9	18591288	0.0	29.064
chr9	18615235	0.0	29.064
chr9	18654876	0.0	29.064
chr9	18674230	0.0	29.064
chr9	18707104	5.985037406484017	29.064
chr9	18711114	2.484842460987832	29.088
chr9	18721175	0.2637478570486715	29.113
chr9	18766673	6.328924082905915	29.125
chr9	18833351	0.0	29.547
chr9	18855957	0.0	29.547
chr9	18902545	0.0	29.547
chr9	18914048	0.0	29.547
chr9	18952751	0.0	29.547
chr9	18989177	0.5273482818992676	29.547
chr9	19036584	1.8704948447337915	29.572
chr9	19069463	1.3725218355746103	29.6335
chr9	19105528	0.9567696333033836	29.683
chr9	19131135	1.5830964073403815	29.7075
chr9	19177563	0.7056963811891178	29.781
chr9	19195276	1.165556052650129	29.7935
chr9	19237745	1.2816618635215198	29.843
chr9	19372726	0.2645415164842533	30.016
chr9	19463449	13.863127598337135	30.04
chr9	19494719	0.0	30.4735
chr9	19532933	0.8246470510620986	30.4735
chr9	19548091	0.12499625011248952	30.486
chr9	19648094	0.0	30.4985
chr9	19694988	1.9525023908192336	30.4985
chr9	19720084	0.0	30.5475
chr9	19737926	0.8899964400141893	30.5475
chr9	19751971	0.0	30.56
chr9	19797095	0.0	30.56
chr9	19809469	0.0	30.56
chr9	19813876	0.0	30.56
chr9	19851582	0.0	30.56
chr9	19907510	0.0	30.56
chr9	19995936	0.0	30.56
chr9	20048550	0.29204925118578634	30.56
chr9	20091351	0.0	30.5725
chr9	20187460	0.0	30.5725
chr9	20193602	0.0	30.5725
chr9	20203505	2.98109549200188	30.5725
chr9	20224135	0.0	30.634
chr9	20260885	0.0	30.634
chr9	20275682	0.0	30.634
chr9	20295006	0.8203857487275564	30.634
chr9	20324870	0.0	30.6585
chr9	20367864	4.714576962283261	30.6585
chr9	20375712	0.0	30.6955
chr9	20434845	0.0	30.6955
chr9	20436671	0.0	30.6955
chr9	20452520	0.0	30.6955
chr9	20455601	5.046427129591962	30.6955
chr9	20458078	0.0	30.708
chr9	20484418	0.0	30.708
chr9	20501770	71.05627494095629	30.708
chr9	20514049	0.415995008059919	31.5805
chr9	20571742	0.0	31.6045
chr9	20622668	0.0	31.6045
chr9	20657693	0.0	31.6045
chr9	20677550	0.2254811768313453	31.6045
chr9	20732987	1.2321422624795708	31.617
chr9	20763016	0.16266616348599172	31.654
chr9	20916705	0.07181887280279409	31.679
chr9	21083792	0.0	31.691
chr9	21105058	0.0	31.691
chr9	21128057	11.766947739507403	31.691
chr9	21149048	0.9297207043108585	31.938
chr9	21175400	0.0	31.9625
chr9	21196301	0.9581848146871385	31.9625
chr9	21222392	0.07830363015628959	31.9875
chr9	21382027	0.0	32.0
chr9	21457062	0.0	32.0
chr9	21527357	0.0	32.0
chr9	21573911	4.902742346938961	32.0
chr9	21586455	0.0	32.0615
chr9	21603269	0.0	32.0615
chr9	21612141	0.0	32.0615
chr9	21641636	0.0	32.0615
chr9	21656521	0.0	32.0615
chr9	21695318	0.0	32.0615
chr9	21753772	0.4940412574861606	32.0615
chr9	21803363	0.0	32.086
chr9	21827720	4.399433093185334	32.086
chr9	21844654	0.4743833017077979	32.1605
chr9	21869950	0.0	32.1725
chr9	21882015	3.724957213329388	32.1725
chr9	21921747	0.0	32.3205
chr9	21959545	0.0	32.3205
chr9	21966387	2.6957084321750564	32.3205
chr9	21971024	0.0	32.333
chr9	22005084	4.490271079328186	32.333
chr9	22071227	5.258684797619757	32.63
chr9	22080640	0.0	32.6795
chr9	22120868	0.31533008753570396	32.6795
chr9	22160509	0.6348870430136212	32.692
chr9	22198311	0.0	32.716
chr9	22214768	0.0	32.716
chr9	22235303	0.0	32.716
chr9	22268990	0.40317378402784443	32.716
chr9	22330998	0.0	32.741
chr9	22434873	0.0	32.741
chr9	22461479	0.0	32.741
chr9	22494187	0.0	32.741
chr9	22525016	0.0	32.741
chr9	22529917	0.0	32.741
chr9	22608363	0.0	32.741
chr9	22652148	1.246787613546716	32.741
chr9	22691449	1.3411363082175587	32.79
chr9	22728358	1.0613908465653794	32.8395
chr9	22763689	0.0	32.877
chr9	22809013	0.0	32.877
chr9	22825204	0.26007238681433986	32.877
chr9	22871345	0.0	32.889
chr9	22908115	0.16682904693896375	32.889
chr9	22983042	0.0	32.9015
chr9	23015130	0.0	32.9015
chr9	23084968	1.0410593820273875	32.9015
chr9	23096975	0.0	32.914
chr9	23121974	22.654093836246865	32.914
chr9	23126322	1.7103228527246448	33.0125
chr9	23147663	0.39513197407932005	33.049
chr9	23210933	0.20004801152281096	33.074
chr9	23273418	1.5015475132534395	33.0865
chr9	23306051	0.0	33.1355
chr9	23333818	0.0	33.1355
chr9	23348257	3.933510975764346	33.1355
chr9	23364019	5.301267132143981	33.1975
chr9	23387221	0.34050667393069295	33.3205
chr9	23423931	0.0	33.333
chr9	23503678	0.0	33.333
chr9	23508198	0.9491268033411422	33.333
chr9	23521368	0.0	33.3455
chr9	23552221	0.0	33.3455
chr9	23575050	0.5107034940630912	33.3455
chr9	23598547	0.0	33.3575
chr9	23627511	0.40978232362954814	33.3575
chr9	23658015	0.5656108597285829	33.37
chr9	23701331	0.0	33.3945
chr9	23728422	0.0	33.3945
chr9	23775899	3.8513583845111934	33.3945
chr9	23804720	0.0	33.5055
chr9	23833614	0.0	33.5055
chr9	23862961	0.0	33.5055
chr9	23887701	0.0	33.5055
chr9	23900736	1.6245370069533878	33.5055
chr9	23916125	6.064655828667118	33.5305
chr9	23975238	2.331883783954058	33.889
chr9	24006972	1.8589476080275993	33.963
chr9	24033331	0.0	34.012
chr9	24075673	0.27171550299980096	34.012
chr9	24121677	0.5556222969725948	34.0245
chr9	24188269	0.0	34.0615
chr9	24191899	14.988859631354682	34.0615
chr9	24196836	2.124939534240976	34.1355
chr9	24225778	0.9670431688067257	34.197
chr9	24238704	0.0	34.2095
chr9	24258123	2.4204702627942396	34.2095
chr9	24268245	0.35839553486950987	34.234
chr9	24372878	1.4790220344096705	34.2715
chr9	24389443	1.1112918089662698	34.296
chr9	24444784	0.0	34.3575
chr9	24450218	0.0	34.3575
chr9	24476187	2.052942550989593	34.3575
chr9	24506144	6.9462178865112	34.419
chr9	24525723	0.1916014689446025	34.555
chr9	24588353	0.0	34.567
chr9	24600277	0.0	34.567
chr9	24639523	0.0	34.567
chr9	24658362	21.459327904146814	34.567
chr9	24679728	14.732204323282296	35.0255
chr9	24701517	0.0	35.3465
chr9	24730426	0.0	35.3465
chr9	24740841	0.0	35.3465
chr9	24759365	0.0	35.3465
chr9	24769234	4.017220233774659	35.3465
chr9	24809187	3.937555931192213	35.507
chr9	24859472	0.0	35.705
chr9	24890926	0.0	35.705
chr9	24919145	63.764795723559224	35.705
chr9	24924383	0.0	36.039
chr9	24984134	0.0	36.039
chr9	25016391	0.0	36.039
chr9	25083342	0.0	36.039
chr9	25104701	26.923412041474037	36.039
chr9	25116178	0.0	36.348
chr9	25192792	11.186190449151255	36.348
chr9	25210403	32.01722900215348	36.545
chr9	25217368	0.0	36.768
chr9	25219409	0.0	36.768
chr9	25237908	1.011781011780919	36.768
chr9	25273983	0.0	36.8045
chr9	25300305	17.72464962901912	36.8045
chr9	25323352	0.0	37.213
chr9	25392591	0.0	37.213
chr9	25406290	0.0	37.213
chr9	25410145	19.45720850086163	37.213
chr9	25417109	0.0	37.3485
chr9	25468510	0.0	37.3485
chr9	25487307	0.0	37.3485
chr9	25495491	5.722133211260833	37.3485
chr9	25499860	1.6090897149614671	37.3735
chr9	25515086	1.7324738114423555	37.398
chr9	25564726	15.285154274152738	37.484
chr9	25596358	0.0	37.9675
chr9	25673494	4.193941454844176	37.9675
chr9	25708783	0.0	38.1155
chr9	25719560	0.3218179429922934	38.1155
chr9	25795690	0.0	38.14
chr9	25808618	0.0	38.14
chr9	25839275	0.0	38.14
chr9	25869981	0.1934804816890512	38.14
chr9	25934587	14.405204460965988	38.1525
chr9	25938891	5.23226628567017	38.2145
chr9	25964788	0.0	38.35
chr9	26039181	1.005926812027596	38.35
chr9	26075963	0.3486361354382451	38.387
chr9	26111817	1.3517016627780856	38.3995
chr9	26138820	0.0	38.436
chr9	26211796	0.677747959910207	38.436
chr9	26284832	4.37691267525409	38.4855
chr9	26298883	4.189638357582216	38.547
chr9	26349126	0.3123264852859641	38.7575
chr9	26507614	1.2538061973849055	38.807
chr9	26546695	11.360852523272756	38.856
chr9	26563023	0.7664892458057192	39.0415
chr9	26691531	7.480550568523544	39.14
chr9	26693202	2.468872192491895	39.1525
chr9	26768135	1.3608087091759218	39.3375
chr9	26786139	7.1590710668760575	39.362
chr9	26803320	5.065838848331805	39.485
chr9	26861948	16.931512413057867	39.782
chr9	26881645	5.2233050550375415	40.1155
chr9	26895908	2.814116215393903	40.19
chr9	26909056	2.2865382634669733	40.227
chr9	26957601	7.40972135449211	40.338
chr9	26997616	1.185845745185399	40.6345
chr9	27018698	0.5193456245131332	40.6595
chr9	27041804	0.16570337769759447	40.6715
chr9	27117240	1.3313500286708877	40.684
chr9	27293377	40.086673889489745	40.9185
chr9	27295223	0.0	40.9925
chr9	27325432	4.108182129407893	40.9925
chr9	27328353	0.29528489086268755	41.0045
chr9	27413017	0.8324334053275521	41.0295
chr9	27457465	0.946226632817945	41.0665
chr9	27522460	0.0	41.128
chr9	27527209	0.3329958974906186	41.128
chr9	27564747	0.0	41.1405
chr9	27578096	0.0	41.1405
chr9	27588710	0.0	41.1405
chr9	27652714	1.5359070153590302	41.1405
chr9	27724984	0.0	41.2515
chr9	27751465	2.002563281000135	41.2515
chr9	27757707	0.0	41.264
chr9	27801681	0.5512192970849643	41.264
chr9	27824358	0.0	41.2765
chr9	27855082	0.9199113881276347	41.2765
chr9	27881715	0.38678249234274187	41.301
chr9	27977376	0.0	41.338
chr9	28026250	0.0	41.338
chr9	28043446	2.4106238328308414	41.338
chr9	28125375	9.296576925143844	41.5355
chr9	28143984	0.0	41.7085
chr9	28188156	0.142524723676534	41.7085
chr9	28360056	2.394253790901926	41.733
chr9	28401405	0.0	41.832
chr9	28429097	3.558890785532604	41.832
chr9	28460146	1.0744831735934406	41.9425
chr9	28483413	0.8353370133315053	41.9675
chr9	28572000	0.177662810199307	42.0415
chr9	28642358	1.1579544380374416	42.054
chr9	28663516	0.0	42.0785
chr9	28748247	2.554895732633793	42.0785
chr9	28777211	0.3668742315472081	42.1525
chr9	28878063	3.4638767142654805	42.1895
chr9	28892209	0.0	42.2385
chr9	29016967	0.0	42.2385
chr9	29022120	1.8334691458625942	42.2385
chr9	29076116	0.0	42.3375
chr9	29091479	0.10858612182496649	42.3375
chr9	29206595	0.4035379027936727	42.35
chr9	29357758	0.3738506618167024	42.411
chr9	29456728	0.0	42.448
chr9	29613936	0.6142125051184167	42.448
chr9	29775118	0.0	42.547
chr9	29916488	0.0	42.547
chr9	30022763	0.0	42.547
chr9	30149745	0.0	42.547
chr9	30325241	0.0	42.547
chr9	30360558	0.0	42.547
chr9	30417294	0.0	42.547
chr9	30490917	0.0	42.547
chr9	30559834	0.1159296631547971	42.547
chr9	30667658	0.3363259478901148	42.5595
chr9	30740504	0.0	42.584
chr9	30764061	0.0	42.584
chr9	30777754	0.0	42.584
chr9	30806106	0.0	42.584
chr9	30856634	0.0	42.584
chr9	30899888	0.0	42.584
chr9	30928855	0.0	42.584
chr9	31017166	1.7507250477469876	42.584
chr9	31073714	0.0	42.683
chr9	31169220	0.0	42.683
chr9	31224491	0.0	42.683
chr9	31274330	0.15328595024778077	42.683
chr9	31434162	0.0	42.7075
chr9	31631985	0.1932781010687706	42.7075
chr9	31823419	0.0	42.7445
chr9	31839508	1.3797590469565706	42.7445
chr9	31884081	0.7932819436209214	42.806
chr9	31946480	3.455279807625038	42.8555
chr9	31989313	1.6204913748039103	43.0035
chr9	32027573	0.0778024769768285	43.0655
chr9	32342473	0.3764167190899651	43.09
chr9	32439440	0.0	43.1265
chr9	32527312	0.0	43.1265
chr9	32562757	0.0	43.1265
chr9	32588094	1.6687433250267631	43.1265
chr9	32610566	0.0	43.164
chr9	32672890	0.7222996260174626	43.164
chr9	32809260	0.0	43.2625
chr9	32907355	0.4260424999129863	43.2625
chr9	32964861	0.21102388790415874	43.287
chr9	33024096	0.0	43.2995
chr9	33091726	0.8923259964306267	43.2995
chr9	33160647	0.2537113861556289	43.361
chr9	33306482	0.11097005584009424	43.398
chr9	33419125	0.824554908625965	43.4105
chr9	33448838	0.0	43.435
chr9	33475386	2.2883766956664555	43.435
chr9	33523892	0.0	43.546
chr9	33597147	0.8564814814814591	43.546
chr9	33640347	0.25383443841054454	43.583
chr9	33835356	0.0	43.6325
chr9	33855762	0.21646520971154437	43.6325
chr9	33913508	0.0	43.645
chr9	33951035	0.0	43.645
chr9	33975695	0.0	43.645
chr9	34012997	0.0	43.645
chr9	34039720	2.2407636814105962	43.645
chr9	34067166	0.0	43.7065
chr9	34112177	3.909276607734051	43.7065
chr9	34168965	2.2286646131546415	43.9285
chr9	34196560	0.0	43.99
chr9	34225030	4.268897417101317	43.99
chr9	34248221	0.0	44.089
chr9	34269181	0.4680077478276915	44.089
chr9	34454007	0.7441380148221144	44.1755
chr9	34486931	0.4832919083125457	44.2
chr9	34537625	0.0	44.2245
chr9	34580838	0.7987349329547041	44.2245
chr9	34642811	0.0	44.274
chr9	34709971	0.46814726040207244	44.274
chr9	34736672	2.1947824845652306	44.2865
chr9	34764693	0.39294017485839267	44.348
chr9	34795232	0.20241767673086206	44.36
chr9	34918739	0.0	44.385
chr9	34948657	0.7946418435690688	44.385
chr9	35010320	0.0	44.434
chr9	35068765	0.5510734911609065	44.434
chr9	35091448	0.2373267514714798	44.4465
chr9	35144118	0.0	44.459
chr9	35181611	0.08827901819606622	44.459
chr9	35464804	0.0	44.484
chr9	35504194	0.1466347328804005	44.484
chr9	35586030	0.0	44.496
chr9	35634515	0.0	44.496
chr9	35648325	0.0	44.496
chr9	35703319	0.0	44.496
chr9	35774082	0.0	44.496
chr9	35846408	0.21773210242110672	44.496
chr9	35903818	0.048512227021709584	44.5085
chr9	36161485	0.1097785218322077	44.521
chr9	36270796	0.6131207847945885	44.533
chr9	36331143	0.0	44.57
chr9	36398663	0.0	44.57
chr9	36534084	0.0	44.57
chr9	36584574	0.5504133716750481	44.57
chr9	36673598	0.0	44.619
chr9	36713009	0.0	44.619
chr9	36726922	0.0	44.619
chr9	36823551	0.0	44.619
chr9	36875094	0.0	44.619
chr9	36909533	0.13524479307549736	44.619
chr9	37001958	0.0	44.6315
chr9	37023234	1.199921637770408	44.6315
chr9	37043652	0.0	44.656
chr9	37087497	0.0	44.656
chr9	37171476	0.8800287356323023	44.656
chr9	37199316	0.5174912026495746	44.6805
chr9	37271781	0.0	44.718
chr9	37315567	1.5351217242981787	44.718
chr9	37347812	0.0	44.7675
chr9	37398044	0.6357856494097132	44.7675
chr9	37436579	0.6705783738474689	44.792
chr9	37454474	4.276557966307177	44.804
chr9	37500656	0.0	45.0015
chr9	37552403	0.0	45.0015
chr9	37599863	1.4431486880465982	45.0015
chr9	37668463	0.470154586828256	45.1005
chr9	37695050	0.0	45.113
chr9	37713936	0.0	45.113
chr9	37717278	0.0	45.113
chr9	37722406	0.5798782255726517	45.113
chr9	37743100	0.9413359439716311	45.125
chr9	37769658	1.382270970062086	45.15
chr9	37814150	0.0	45.2115
chr9	37845296	0.0	45.2115
chr9	37846556	1.1207366571757145	45.2115
chr9	37879570	0.0	45.2485
chr9	37888917	0.0	45.2485
chr9	37896089	5.2622572088647495	45.2485
chr9	37907776	0.0	45.31
chr9	37912740	0.0	45.31
chr9	38026030	3.4094842506055474	45.31
chr9	38054920	10.382800209753684	45.4085
chr9	38083525	8.836385560328475	45.7055
chr9	38110063	0.4970178926442482	45.94
chr9	38135213	0.5049302539429907	45.9525
chr9	38257012	1.6768531578122445	46.014
chr9	38352727	0.46063490844882937	46.1745
chr9	38378778	0.0	46.1865
chr9	38407473	2.8290143713928457	46.1865
chr9	38416310	0.0	46.2115
chr9	38431784	0.906992084432752	46.2115
chr9	38486360	0.4416310908288111	46.261
chr9	38513532	0.0	46.273
chr9	38518689	0.16390863077280607	46.273
chr9	38594951	0.0	46.2855
chr9	38623874	0.0	46.2855
chr9	38641855	0.0	46.2855
chr9	38675562	4.233409610984142	46.2855
chr9	38701782	0.0	46.3965
chr9	38763854	2.6491014534258635	46.3965
chr9	38791788	1.7358939071687274	46.4705
chr9	38855732	0.9528995371632102	46.5815
chr9	38881443	0.0	46.606
chr9	38965793	0.9758040426167377	46.606
chr9	39016008	0.7157376392109301	46.655
chr9	39050937	0.0	46.68
chr9	39084509	0.0	46.68
chr9	39113987	0.6368453230080926	46.68
chr9	39133615	11.640011356108408	46.6925
chr9	39144182	8.885298869144115	46.8155
chr9	39149753	0.0	46.865
chr9	39156541	0.2080096448553373	46.865
chr9	39274324	0.0	46.8895
chr9	39386210	0.12370603487523348	46.8895
chr9	39487256	0.08092814875238406	46.902
chr9	39641714	0.4162277870273402	46.9145
chr9	39700576	0.4010523613963951	46.939
chr9	39731744	4.432487829874138	46.9515
chr9	39751259	0.0	47.038
chr9	39772263	0.0	47.038
chr9	39823057	2.733954822517029	47.038
chr9	39845369	0.0	47.099
chr9	39864483	4.017755888928566	47.099
chr9	39895346	0.0	47.223
chr9	39915850	1.037254732474756	47.223
chr9	39927419	9.851790290186345	47.235
chr9	39956297	3.93952299829632	47.5195
chr9	39975081	0.0	47.5935
chr9	39983154	0.0	47.5935
chr9	40015568	0.0	47.5935
chr9	40035219	2.05554157227983	47.5935
chr9	40047138	2.2692691117057797	47.618
chr9	40085256	2.889270654380683	47.7045
chr9	40098062	0.16411737674779409	47.7415
chr9	40174227	4.240819728391474	47.754
chr9	40194624	1.0381520892811191	47.8405
chr9	40217742	1.250875612928979	47.8645
chr9	40237728	1.1647506676010364	47.8895
chr9	40290529	0.989299414496111	47.951
chr9	40315294	1.728245130552858	47.9755
chr9	40336703	0.3656253656252409	48.0125
chr9	40370891	0.0	48.025
chr9	40403273	0.4360306674902967	48.025
chr9	40430794	2.43035877762761	48.037
chr9	40476672	3.3800945644953657	48.1485
chr9	40502263	10.845193994930966	48.235
chr9	40522779	3.25254259675057	48.4575
chr9	40553063	0.1872922226904599	48.556
chr9	40617134	0.0	48.568
chr9	40637932	1.1371906841341741	48.568
chr9	40659916	0.0	48.593
chr9	40671678	0.5661979805602223	48.593
chr9	40692872	0.0	48.605
chr9	40711632	3.98560041141712	48.605
chr9	40727188	0.7968381462354648	48.667
chr9	40742875	4.0737608547679525	48.6795
chr9	40791356	1.2298078840656461	48.877
chr9	40821442	0.4983057604144204	48.914
chr9	40846527	0.30909910490052045	48.9265
chr9	40924172	7.3513571736323335	48.9505
chr9	40942740	8.58189915108759	49.087
chr9	40964297	1.4398567926216692	49.272
chr9	40989994	2.4129385678884057	49.309
chr9	41051330	0.0	49.457
chr9	41068636	3.962118283726474	49.457
chr9	41084158	5.23326762414341	49.5185
chr9	41126770	0.4650441791970414	49.7415
chr9	41152574	22.900497685587798	49.7535
chr9	41181307	1.5582243843113999	50.4115
chr9	41220775	1.2689711182172771	50.473
chr9	41240476	0.429878258477297	50.498
chr9	41269554	0.3616309556098139	50.5105
chr9	41302737	0.0	50.5225
chr9	41323098	0.4257928262423183	50.5225
chr9	41352455	0.0	50.535
chr9	41400718	0.0	50.535
chr9	41498903	0.0	50.535
chr9	41542117	0.6023115741495384	50.535
chr9	41603547	2.0923349096722084	50.572
chr9	41632940	0.0	50.6335
chr9	41680468	2.004168670835793	50.6335
chr9	41686705	0.45940371273201874	50.646
chr9	41846695	0.0	50.7195
chr9	41873555	0.3171636993288657	50.7195
chr9	41990214	0.0	50.7565
chr9	42015101	3.239528795811176	50.7565
chr9	42030381	0.0	50.806
chr9	42037151	3.21667524446805	50.806
chr9	42044923	1.139829333661903	50.831
chr9	42109845	2.113319625314087	50.905
chr9	42127353	2.8901439983717387	50.942
chr9	42225618	0.22798570073690164	51.226
chr9	42280446	0.0	51.2385
chr9	42285912	37.78289221327248	51.2385
chr9	42288519	1.5249399812473199	51.337
chr9	42385572	0.0	51.485
chr9	42397155	0.24392722837687683	51.485
chr9	42446350	9.843769846310247	51.497
chr9	42477842	2.402881163476189	51.807
chr9	42565029	5.795501586863553	52.0165
chr9	42601264	0.7820320320319876	52.2265
chr9	42633232	0.44654485915232595	52.2515
chr9	42660105	1.069756755980593	52.2635
chr9	42729747	0.0	52.338
chr9	42769506	5.446783453554988	52.338
chr9	42796678	0.0	52.486
chr9	42849637	0.0	52.486
chr9	42879408	0.7185670721020988	52.486
chr9	42964995	0.0	52.5475
chr9	42977108	0.0	52.5475
chr9	43009437	1.41070611560161	52.5475
chr9	43035665	0.0	52.5845
chr9	43060522	2.1082621082620534	52.5845
chr9	43078072	1.2519083969466123	52.6215
chr9	43127197	4.103386472974403	52.683
chr9	43148399	2.9211150652430087	52.77
chr9	43182119	6.057746744669035	52.8685
chr9	43208614	2.703393855258761	53.029
chr9	43235987	1.2672100828823563	53.103
chr9	43265185	0.9052950522853986	53.14
chr9	43319311	3.556618819776698	53.189
chr9	43350661	3.3255826528958163	53.3005
chr9	43369154	0.0	53.362
chr9	43386939	1.1309928830203069	53.362
chr9	43441316	0.538027805277099	53.4235
chr9	43464549	0.0	53.436
chr9	43498015	1.1032557301753185	53.436
chr9	43520222	4.624679213002235	53.4605
chr9	43538926	0.0	53.547
chr9	43596024	4.803431528944677	53.547
chr9	43624233	4.0350430768113785	53.6825
chr9	43651742	0.8589884551951132	53.7935
chr9	43680846	2.8383287920079114	53.8185
chr9	43685250	0.6826442316562247	53.831
chr9	43739451	2.1459976271894488	53.868
chr9	43768109	0.5425395278799614	53.9295
chr9	43813267	6.3850101444086	53.954
chr9	43838404	0.0	54.1145
chr9	43863015	0.0	54.1145
chr9	43868204	0.0	54.1145
chr9	43899567	5.021047826748681	54.1145
chr9	43919284	1.8599293793310723	54.2135
chr9	43972243	1.0186203805568057	54.312
chr9	43996786	0.4595588235291571	54.337
chr9	44022898	2.8727293830887284	54.349
chr9	44040129	0.0	54.3985
chr9	44054339	1.1736711791377135	54.3985
chr9	44085438	0.0	54.435
chr9	44119099	1.0682472130808183	54.435
chr9	44177138	0.3759162959714446	54.497
chr9	44209060	4.479719089938321	54.509
chr9	44264309	0.0	54.7565
chr9	44306485	0.14369798133070924	54.7565
chr9	44393473	0.0	54.769
chr9	44461921	0.6360665232500654	54.769
chr9	44558609	0.9069035720894388	54.8305
chr9	44585624	0.7229021234337395	54.855
chr9	44654098	0.0	54.9045
chr9	44755568	0.2412801358890274	54.9045
chr9	44807375	8.153454614007062	54.917
chr9	44817984	0.0	55.0035
chr9	44849793	2.715074980268304	55.0035
chr9	44881468	0.0	55.0895
chr9	44893877	15.42932263197945	55.0895
chr9	44908330	0.749859401362273	55.3125
chr9	44924333	3.2236425297209	55.3245
chr9	44951166	1.5087323600231493	55.411
chr9	45049593	2.5482485641848545	55.5595
chr9	45088247	0.0	55.658
chr9	45089122	11.291897168890147	55.658
chr9	45104487	0.0	55.8315
chr9	45112316	15.220406905055881	55.8315
chr9	45125292	0.7343464316756944	56.029
chr9	45158655	2.5734407609735	56.0535
chr9	45278922	0.10428920648430941	56.363
chr9	45398781	0.4919283591678619	56.3755
chr9	45448585	0.75501328823383	56.4
chr9	45481697	1.116249402009237	56.425
chr9	45525594	0.38979668205073104	56.474
chr9	45557662	0.0	56.4865
chr9	45800449	0.0	56.4865
chr9	45828987	0.0	56.4865
chr9	45853527	0.45025177344071926	56.4865
chr9	45907941	0.0	56.511
chr9	45922759	0.2202643171805825	56.511
chr9	46033989	0.0	56.5355
chr9	46078483	0.0	56.5355
chr9	46082771	1.7028564679016658	56.5355
chr9	46133568	0.21681062892432168	56.622
chr9	46191222	0.0	56.6345
chr9	46203256	0.0	56.6345
chr9	46226211	0.5544517857968144	56.6345
chr9	46247854	0.1653329806229183	56.6465
chr9	46323459	0.0	56.659
chr9	46349384	0.4681998651585453	56.659
chr9	46376082	0.0	56.6715
chr9	46400114	2.108079186730901	56.6715
chr9	46446839	0.7901130820803614	56.77
chr9	46556317	0.2882508935778356	56.8565
chr9	46599682	0.4909180166911997	56.869
chr9	46675051	0.0	56.906
chr9	46701165	2.1091258273604145	56.906
chr9	46759483	7.61280797268602	57.029
chr9	46791994	1.8040860110195052	57.2765
chr9	46833012	4.253308128544585	57.3505
chr9	46867926	0.0	57.499
chr9	46869067	1.9757569284989074	57.499
chr9	46887794	0.9649687116205992	57.536
chr9	46939091	2.1236264850180278	57.5855
chr9	47037743	0.3665044273733577	57.795
chr9	47071849	0.6340251539776227	57.8075
chr9	47110491	15.09617725833884	57.832
chr9	47114598	4.184501013741885	57.894
chr9	47203378	9.002455215058347	58.2655
chr9	47214375	2.7086879335273935	58.3645
chr9	47269014	0.0	58.5125
chr9	47281529	2.7876821685259445	58.5125
chr9	47477570	0.16005226196311154	59.059
chr9	47630645	27.015670571951247	59.0835
chr9	47650874	2.01658077526328	59.63
chr9	47749060	5.378344028023098	59.828
chr9	47813578	0.13457591763954352	60.175
chr9	47902747	0.19639883103420236	60.187
chr9	47966393	0.0	60.1995
chr9	48083110	0.0	60.1995
chr9	48106766	0.0	60.1995
chr9	48165473	0.0	60.1995
chr9	48221752	0.0	60.1995
chr9	48330978	0.19043556422253297	60.1995
chr9	48396617	0.4263559005879058	60.212
chr9	48452908	0.0	60.236
chr9	48548702	0.0	60.236
chr9	48574213	0.0	60.236
chr9	48588252	0.0	60.236
chr9	48600946	0.0	60.236
chr9	48630210	0.0	60.236
chr9	48719322	0.0	60.236
chr9	48915152	0.0	60.236
chr9	48990002	0.061393384248927305	60.236
chr9	49193607	0.0	60.2485
chr9	49230083	0.0	60.2485
chr9	49279220	0.0	60.2485
chr9	49291148	0.0	60.2485
chr9	49357665	0.0	60.2485
chr9	49373877	0.0	60.2485
chr9	49378867	0.0	60.2485
chr9	49489707	0.9882594774083321	60.2485
chr9	49515004	0.0	60.2735
chr9	49590690	0.0	60.2735
chr9	49645904	0.0	60.2735
chr9	49663982	0.0	60.2735
chr9	49681168	0.0	60.2735
chr9	49692468	0.4232410103610362	60.2735
chr9	49722002	0.0	60.286
chr9	49752734	0.43233116567292185	60.286
chr9	49808247	0.3130399939896143	60.31
chr9	49888109	0.0	60.335
chr9	49925904	0.9598080383922911	60.335
chr9	50067599	0.0	60.471
chr9	50246230	0.2898830804908797	60.471
chr9	50287626	3.470254957507549	60.483
chr9	50294686	0.30328652304978726	60.5075
chr9	50457898	0.0	60.557
chr9	50471494	0.0	60.557
chr9	50503295	0.0	60.557
chr9	50536537	0.8320964332298618	60.557
chr9	50581003	0.0	60.594
chr9	50624015	1.1511418082259672	60.594
chr9	50688299	0.14563990533406704	60.668
chr9	50770694	0.0	60.68
chr9	50821891	0.0	60.68
chr9	50914887	0.0	60.68
chr9	50949595	0.0	60.68
chr9	51059011	0.0	60.68
chr9	51077970	0.0	60.68
chr9	51283613	0.0	60.68
chr9	51318519	0.0	60.68
chr9	51469477	0.0	60.68
chr9	51604423	0.0	60.68
chr9	51626157	0.37296732806214655	60.68
chr9	51659672	0.0	60.6925
chr9	51844912	0.0	60.6925
chr9	51904670	0.0	60.6925
chr9	51951531	0.19942167713631226	60.6925
chr9	52011705	0.47831327606326324	60.7045
chr9	52063972	0.5709120319710954	60.7295
chr9	52084991	0.0	60.7415
chr9	52130317	0.0	60.7415
chr9	52233801	0.1912572486496586	60.7415
chr9	52299158	0.14739696951834022	60.754
chr9	52383963	0.0	60.7665
chr9	52471716	0.0	60.7665
chr9	52514976	0.0	60.7665
chr9	52519200	0.16735701435087033	60.7665
chr9	52590903	0.0	60.7785
chr9	52623044	0.0	60.7785
chr9	52628285	15.401859847226634	60.7785
chr9	52640329	1.8798955613577062	60.964
chr9	52745654	0.0	61.162
chr9	52811616	0.0	61.162
chr9	52946890	0.0	61.162
chr9	53024610	0.12081496945800319	61.162
chr9	53128074	0.11585919246143293	61.1745
chr9	53231648	0.0	61.1865
chr9	53271942	0.32257215083205437	61.1865
chr9	53347894	0.0	61.211
chr9	53369172	0.0	61.211
chr9	53414160	0.0	61.211
chr9	53426165	0.0	61.211
chr9	53438471	6.843614168131103	61.211
chr9	53460097	6.143029614373792	61.359
chr9	53488259	1.5569114243638182	61.532
chr9	53512024	1.0368281353682225	61.569
chr9	53536136	0.0	61.594
chr9	53561114	4.533112430392626	61.594
chr9	53582843	0.3725950681961489	61.6925
chr9	53715695	0.0	61.742
chr9	53758747	1.3756692444975511	61.742
chr9	53785643	0.4820113369064797	61.779
chr9	53811576	4.053100022692322	61.7915
chr9	53890898	0.5381165919282714	62.113
chr9	53935498	0.7442204613306568	62.137
chr9	54051727	1.1979731589256781	62.2235
chr9	54113498	0.16385062066618836	62.2975
chr9	54189787	8.85802791409976	62.31
chr9	54247249	0.16031932993061243	62.819
chr9	54400069	2.0148160208401933	62.8435
chr9	54449205	0.0	62.9425
chr9	54490446	2.064656012473194	62.9425
chr9	54736734	1.4875820976912209	63.451
chr9	54861433	0.24428972761696297	63.6365
chr9	54910555	0.0	63.6485
chr9	54977680	0.0	63.6485
chr9	55036532	0.0	63.6485
chr9	55054348	0.0	63.6485
chr9	55068925	0.0	63.6485
chr9	55113185	0.0	63.6485
chr9	55161504	0.0	63.6485
chr9	55195466	0.0	63.6485
chr9	55201788	0.292644097953899	63.6485
chr9	55244502	0.0	63.661
chr9	55387692	0.0	63.661
chr9	55409685	0.0	63.661
chr9	55489577	0.0	63.661
chr9	55598732	0.0	63.661
chr9	55640717	0.0	63.661
chr9	55663497	0.0	63.661
chr9	55687606	0.0	63.661
chr9	55714218	0.0	63.661
chr9	55739690	0.0	63.661
chr9	55807259	0.0	63.661
chr9	55894442	0.0	63.661
chr9	55939357	0.0	63.661
chr9	55981384	0.0	63.661
chr9	56003110	0.0	63.661
chr9	56081757	0.2644271450329103	63.661
chr9	56129029	0.0	63.6735
chr9	56180405	0.0	63.6735
chr9	56209469	0.0	63.6735
chr9	56233527	0.0	63.6735
chr9	56288679	0.0	63.6735
chr9	56303457	0.0	63.6735
chr9	56343465	0.0	63.6735
chr9	56356303	0.0	63.6735
chr9	56362933	0.0	63.6735
chr9	56410052	0.0	63.6735
chr9	56435077	0.0	63.6735
chr9	56457426	0.0	63.6735
chr9	56474975	1.63307944567862	63.6735
chr9	56626223	0.1610368194584376	63.9205
chr9	56703845	0.0	63.933
chr9	56784854	0.0	63.933
chr9	56830249	0.0	63.933
chr9	56862777	0.0	63.933
chr9	56892916	0.058554580188060014	63.933
chr9	57097853	0.0	63.945
chr9	57145854	0.23396410054846503	63.945
chr9	57199281	0.0	63.9575
chr9	57212235	0.8199464524764455	63.9575
chr9	57242115	0.20454582644700367	63.982
chr9	57303226	0.0	63.9945
chr9	57373098	0.0	63.9945
chr9	57457194	0.6112166515238958	63.9945
chr9	57578264	1.4949192945596668	64.0685
chr9	57677266	0.0	64.2165
chr9	57752369	0.0834962670210651	64.2165
chr9	57896088	0.0	64.2285
chr9	57970968	0.5266040358934508	64.2285
chr9	58018442	0.19728068306456978	64.2535
chr9	58145165	1.53374233128855	64.2785
chr9	58177113	1.0154612159328749	64.3275
chr9	58238169	0.0	64.3895
chr9	58267900	0.049776833861522735	64.3895
chr9	58508976	0.9326947315353199	64.4015
chr9	58548646	3.7448445130436	64.4385
chr9	58588167	0.0	64.5865
chr9	58592359	0.754876502204411	64.5865
chr9	58608918	0.0	64.599
chr9	58649352	4.220853296828708	64.599
chr9	58693182	0.0	64.784
chr9	58729874	0.0	64.784
chr9	58785003	0.15849468091836424	64.784
chr9	58863870	0.2620348880737045	64.7965
chr9	58957369	2.7017438528505786	64.821
chr9	58994012	0.21275224034553875	64.92
chr9	59226677	0.0	64.9695
chr9	59238790	0.0	64.9695
chr9	59253211	0.15175082514511748	64.9695
chr9	59332288	2.3277909738720473	64.9815
chr9	59353338	0.0	65.0305
chr9	59355796	0.0	65.0305
chr9	59376137	0.0	65.0305
chr9	59407730	1.3767974856060627	65.0305
chr9	59443683	0.0	65.08
chr9	59456869	0.8834976957426428	65.08
chr9	59498748	0.23494002679581125	65.117
chr9	59656235	0.24031741516553254	65.154
chr9	59860132	0.121596907871679	65.203
chr9	60168528	0.0	65.2405
chr9	60196620	0.0	65.2405
chr9	60292726	0.0	65.2405
chr9	60318136	0.0	65.2405
chr9	60336796	0.0	65.2405
chr9	60345527	0.0	65.2405
chr9	60396650	0.0	65.2405
chr9	60400261	0.20863670813856286	65.2405
chr9	60517690	0.4129418198457499	65.265
chr9	60696892	0.0	65.339
chr9	60824814	0.08128178117645847	65.339
chr9	60978600	0.5254971202759003	65.3515
chr9	61002387	1.7945702125595195	65.364
chr9	61084858	0.0	65.512
chr9	61106285	0.0	65.512
chr9	61109254	0.0	65.512
chr9	61147194	0.0	65.512
chr9	61157094	0.0	65.512
chr9	61188042	0.0	65.512
chr9	61325532	3.1483805517536867	65.512
chr9	61554221	0.0	66.232
chr9	61615729	0.0	66.232
chr9	61678103	0.0	66.232
chr9	61809284	0.0	66.232
chr9	61815745	0.0	66.232
chr9	61871726	0.0	66.232
chr9	61895045	0.0	66.232
chr9	61899150	0.0	66.232
chr9	62034707	0.0	66.232
chr9	62086106	0.0	66.232
chr9	62235453	0.0	66.232
chr9	62386462	0.0	66.232
chr9	62449521	0.0	66.232
chr9	62523895	0.0	66.232
chr9	62608761	0.0	66.232
chr9	62681485	0.0	66.232
chr9	62721294	0.0	66.232
chr9	62754796	0.0	66.232
chr9	62800627	0.0	66.232
chr9	62825030	0.015001500150018412	66.232
chr9	63658280	0.36612519987452063	66.2445
chr9	63725197	0.0	66.269
chr9	63765076	0.0	66.269
chr9	63800168	0.0	66.269
chr9	63868607	0.0	66.269
chr9	63959684	0.0	66.269
chr9	64008470	0.724889816747195	66.269
chr9	64025714	2.913545011297811	66.2815
chr9	64042532	0.0	66.3305
chr9	64075051	0.5781416215717516	66.3305
chr9	64096672	0.2422621470241069	66.343
chr9	64148269	0.0	66.3555
chr9	64166310	0.0	66.3555
chr9	64193656	0.9645212585696914	66.3555
chr9	64232017	0.0	66.3925
chr9	64247041	0.0	66.3925
chr9	64262291	6.620302260264746	66.3925
chr9	64307153	0.0	66.6895
chr9	64366062	1.1258415090873009	66.6895
chr9	64409585	0.0	66.7385
chr9	64558245	1.0701278975438426	66.7385
chr9	64616182	2.169699105687505	66.8005
chr9	64661580	0.0	66.899
chr9	64807746	15.438281411894824	66.899
chr9	64851177	0.4833533119367286	67.5695
chr9	64902899	0.0	67.5945
chr9	64974311	0.28384899233608796	67.5945
chr9	65016587	4.395000686718861	67.6065
chr9	65103959	0.0	67.9905
chr9	65125322	0.0	67.9905
chr9	65147622	0.13302400817302532	67.9905
chr9	65241590	0.4472111910129456	68.003
chr9	65269541	0.0	68.0155
chr9	65280509	0.0	68.0155
chr9	65280662	2.1180555555553067	68.0155
chr9	65309462	6.868957861140595	68.0765
chr9	65331081	3.054912527038848	68.225
chr9	65383783	197.28434504793458	68.386
chr9	65384409	2.328331393057152	68.5095
chr9	65602591	3.3157032781165476	69.0175
chr9	65639838	0.3833711452817992	69.141
chr9	65735046	0.0571553986703498	69.1775
chr9	65953748	2.2815563914410206	69.19
chr9	65986182	0.0	69.264
chr9	65989408	1.4465323779910682	69.264
chr9	66100363	3.5551854461598937	69.4245
chr9	66131585	8.467045800751517	69.5355
chr9	66328525	3.300359392235534	71.203
chr9	66384731	0.0	71.3885
chr9	66423334	3.369221970808551	71.3885
chr9	66463551	0.0	71.524
chr9	66674618	0.0	71.524
chr9	67184219	0.0	71.524
chr9	67203481	12.410690658904317	71.524
chr9	67222376	2.699449166453802	71.7585
chr9	67249789	0.0	71.8325
chr9	67279292	0.11355584222099639	71.8325
chr9	67389370	0.0	71.845
chr9	67498532	0.263789743424134	71.845
chr9	67591409	0.0	71.8695
chr9	67648801	0.0	71.8695
chr9	67662328	0.21807704507804415	71.8695
chr9	67889312	0.0	71.919
chr9	67919381	0.0	71.919
chr9	67941332	0.15242574688618027	71.919
chr9	68102066	0.8144648965631434	71.9435
chr9	68132761	0.0	71.9685
chr9	68195197	0.0	71.9685
chr9	68242959	0.7989290032819124	71.9685
chr9	68289271	0.0	72.0055
chr9	68338113	0.0	72.0055
chr9	68366618	0.0	72.0055
chr9	68509358	0.0	72.0055
chr9	68525920	7.87017690486137	72.0055
chr9	68576173	0.10567339313040809	72.401
chr9	68812751	1.041031891123218	72.426
chr9	68871827	0.0	72.4875
chr9	68923239	0.0	72.4875
chr9	68940983	0.44141758103171536	72.4875
chr9	68996486	12.011076497057768	72.512
chr9	69039821	0.0	73.0325
chr9	69095626	0.0	73.0325
chr9	69334929	0.0	73.0325
chr9	69362503	0.0	73.0325
chr9	69387963	0.0	73.0325
chr9	69606542	0.0	73.0325
chr9	69648667	1.9206145966707318	73.0325
chr9	69674440	0.2124412534901349	73.082
chr9	69789766	3.8820484667876234	73.1065
chr9	69802517	0.0	73.156
chr9	69818986	0.0	73.156
chr9	69853501	3.5952222733391013	73.156
chr9	70029568	0.0	73.789
chr9	70225485	0.0	73.789
chr9	70261284	0.3180044482076785	73.789
chr9	71039575	0.0	74.0365
chr9	71070842	0.0	74.0365
chr9	71100762	0.0	74.0365
chr9	71133106	0.26472955228944134	74.0365
chr9	71180324	0.0	74.049
chr9	71192825	0.0	74.049
chr9	71224601	0.0	74.049
chr9	71254459	16.056148447264157	74.049
chr9	71275261	0.0	74.383
chr9	71498710	0.0	74.383
chr9	71555333	0.0	74.383
chr9	72964658	0.0	74.383
chr9	73292978	0.0	74.383
chr9	73318617	0.0	74.383
chr9	73376673	0.0	74.383
chr9	73771247	0.0	74.383
chr9	74083905	0.0	74.383
chr9	74303990	0.7461833449383387	74.383
chr9	74785105	0.02729549667975096	74.742
chr9	75243056	0.0	74.7545
chr9	75259763	0.005102190758260178	74.7545
chr9	77709691	0.0	74.767
chr9	78478734	0.0	74.767
chr9	78507875	0.0	74.767
chr9	80892802	0.0	74.767
chr9	80954335	0.0	74.767
chr9	82203808	0.0	74.767
chr9	82358033	0.0	74.767
chr9	82558732	0.0	74.767
chr9	82684692	0.0	74.767
chr9	82708168	0.0	74.767
chr9	82831599	0.0	74.767
chr9	82853263	0.0	74.767
chr9	84211362	0.0	74.767
chr9	84313623	0.0	74.767
chr9	84333176	0.0	74.767
chr9	84566528	0.0	74.767
chr9	84593677	0.0	74.767
chr9	84937220	0.0	74.767
chr9	85091354	0.0	74.767
chr9	85128042	0.0	74.767
chr9	85154441	0.0	74.767
chr9	85178688	0.0	74.767
chr9	85259597	0.0	74.767
chr9	85482656	0.0	74.767
chr9	85529907	0.0	74.767
chr9	86021899	0.0	74.767
chr9	86045336	0.0	74.767
chr9	86068902	0.0	74.767
chr9	86130917	0.4184940908635321	74.767
chr9	86160786	0.0	74.7795
chr9	86180575	0.0	74.7795
chr9	86194195	0.0	74.7795
chr9	86336078	0.0	74.7795
chr9	86395302	0.0	74.7795
chr9	86743852	0.0	74.7795
chr9	86791975	0.46684432686885385	74.7795
chr9	86843384	0.0	74.8035
chr9	86863364	1.4344732614187334	74.8035
chr9	86880792	0.31543353184588246	74.8285
chr9	86920420	2.651933701657559	74.841
chr9	86924945	0.6842940822249326	74.853
chr9	86943212	0.0	74.8655
chr9	87025202	0.0	74.8655
chr9	87156019	0.0	74.8655
chr9	87282605	0.0	74.8655
chr9	87327647	0.0	74.8655
chr9	87360725	0.0	74.8655
chr9	87477590	0.0	74.8655
chr9	87521694	0.0	74.8655
chr9	87531641	0.0	74.8655
chr9	87707950	0.0	74.8655
chr9	87837570	0.0	74.8655
chr9	87970660	0.0	74.8655
chr9	88132339	0.6610699659254381	74.8655
chr9	88225370	0.0	74.927
chr9	88274988	0.0	74.927
chr9	88300993	0.0	74.927
chr9	88309516	0.0	74.927
chr9	88360841	1.2866038803968645	74.927
chr9	88380272	0.0	74.952
chr9	88457985	0.0	74.952
chr9	88537451	0.0	74.952
chr9	88602464	0.0	74.952
chr9	88633564	0.0	74.952
chr9	88798086	0.0	74.952
chr9	88812775	0.0	74.952
chr9	88975281	0.0	74.952
chr9	89023542	0.0	74.952
chr9	89365772	0.0	74.952
chr9	89385638	0.0	74.952
chr9	89424627	0.0	74.952
chr9	89590120	0.0	74.952
chr9	89675064	0.0	74.952
chr9	89829935	0.0	74.952
chr9	89843307	0.0	74.952
chr9	89854957	0.39148519696600453	74.952
chr9	89916262	0.0	74.976
chr9	90098676	0.0	74.976
chr9	90129090	0.34004852584374434	74.976
chr9	90237898	0.0	75.013
chr9	90250724	0.0	75.013
chr9	90285632	0.0	75.013
chr9	90567748	0.0	75.013
chr9	90602233	0.0	75.013
chr9	90619740	0.0	75.013
chr9	90672402	0.0	75.013
chr9	90706004	0.0	75.013
chr9	90711671	0.44680534180603926	75.013
chr9	90933244	0.24044935174860235	75.112
chr9	90985230	0.0	75.1245
chr9	91014619	0.0	75.1245
chr9	91040651	0.0	75.1245
chr9	91184924	0.0	75.1245
chr9	91270709	0.0	75.1245
chr9	91298274	0.0	75.1245
chr9	91385549	0.0	75.1245
chr9	91419563	0.0	75.1245
chr9	91490003	1.1029736168713353	75.1245
chr9	91501336	0.18237082066869992	75.137
chr9	91567136	0.0	75.149
chr9	91649662	0.0	75.149
chr9	91652301	0.0	75.149
chr9	91686632	0.06814619630647875	75.149
chr9	91862724	0.2006001957858367	75.161
chr9	91925037	0.0	75.1735
chr9	92010218	0.0	75.1735
chr9	92276161	0.0	75.1735
chr9	92383666	0.0	75.1735
chr9	92698283	0.11129225345755532	75.1735
chr9	93030741	0.5164480891421639	75.2105
chr9	93126588	0.0	75.26
chr9	93141428	0.0	75.26
chr9	93195691	0.05205179684924968	75.26
chr9	93666376	0.3999200159968158	75.2845
chr9	93696382	0.19630424540652527	75.2965
chr9	93887412	0.0	75.334
chr9	94047370	0.18853695324286096	75.334
chr9	94177318	0.2042041040856581	75.3585
chr9	94297296	0.0	75.383
chr9	94577273	0.0	75.383
chr9	94592179	0.024102843942767977	75.383
chr9	95110790	0.0	75.3955
chr9	95163549	0.0	75.3955
chr9	95293485	0.1677357934583319	75.3955
chr9	95514070	2.3692139139961905	75.4325
chr9	95550580	0.0	75.519
chr9	95572941	0.03643486320891643	75.519
chr9	95916019	0.31323984702244667	75.5315
chr9	96190569	0.2636875356515136	75.6175
chr9	96283482	0.0	75.642
chr9	96365716	0.0	75.642
chr9	96389172	0.7115135834411312	75.642
chr9	96597882	0.0	75.7905
chr9	96697725	0.5902303396371213	75.7905
chr9	96864609	0.1091410013244589	75.889
chr9	97203620	0.11008588946026997	75.926
chr9	97648727	0.0	75.975
chr9	97931639	0.0	75.975
chr9	98059640	0.0	75.975
chr9	98092849	0.28680249632899324	75.975
chr9	98136433	0.4064745110740143	75.9875
chr9	98287734	0.0	76.049
chr9	98520189	0.11260174371838114	76.049
chr9	98737770	0.0	76.0735
chr9	98908288	0.0	76.0735
chr9	99043777	0.42683997287504066	76.0735
chr9	99334284	0.09457724934614768	76.1975
chr9	99852379	0.0	76.2465
chr9	100048854	0.12458451065698736	76.2465
chr9	100249521	0.3118145066260529	76.2715
chr9	100525326	0.0	76.3575
chr9	100748300	0.0	76.3575
chr9	100778818	4.368945211798902	76.3575
chr9	100815669	0.0	76.5185
chr9	100846358	0.0	76.5185
chr9	100895774	0.0	76.5185
chr9	100927235	0.0	76.5185
chr9	100939591	0.0	76.5185
chr9	100962436	0.0	76.5185
chr9	101015855	0.0	76.5185
chr9	101035687	0.0	76.5185
chr9	101098823	0.0	76.5185
chr9	101197642	0.17805475183619637	76.5185
chr9	101265037	0.0	76.5305
chr9	101300755	0.0	76.5305
chr9	101311506	0.0	76.5305
chr9	101325346	0.0	76.5305
chr9	101329277	0.6876813167843957	76.5305
chr9	101508866	0.0	76.654
chr9	101513550	0.0	76.654
chr9	101573547	0.0	76.654
chr9	101668179	0.37667084058678224	76.654
chr9	101864637	0.0	76.728
chr9	101894081	0.0	76.728
chr9	101932810	0.26022691787244384	76.728
chr9	101980845	0.297582145071307	76.7405
chr9	102021170	0.0	76.7525
chr9	102065533	0.0	76.7525
chr9	102094612	2.236580516899014	76.7525
chr9	102116744	0.0	76.802
chr9	102122588	6.60478400571165	76.802
chr9	102139394	0.0	76.913
chr9	102331203	0.0	76.913
chr9	102459199	0.0	76.913
chr9	102526340	0.0	76.913
chr9	102546231	0.0	76.913
chr9	102597689	0.0	76.913
chr9	102653620	1.2960490142175	76.913
chr9	102691813	1.395401549816563	76.9625
chr9	102762402	0.0	77.061
chr9	102792353	0.5764393515930079	77.061
chr9	102878225	0.28930886457993077	77.1105
chr9	103006116	0.0	77.1475
chr9	103020438	0.8758426668083759	77.1475
chr9	103076955	0.38648625436256917	77.197
chr9	103205032	0.0	77.2465
chr9	103242013	0.0	77.2465
chr9	103246296	0.0	77.2465
chr9	103278911	0.8960409618726634	77.2465
chr9	103333596	0.6193280922165928	77.2955
chr9	103412714	5.785512699906814	77.3445
chr9	103423344	0.0	77.406
chr9	103458365	5.272033027736153	77.406
chr9	103509958	0.0	77.678
chr9	103553743	0.0	77.678
chr9	103575643	0.0	77.678
chr9	103580577	2.16715555361013	77.678
chr9	103603418	0.0	77.7275
chr9	103676232	0.0	77.7275
chr9	103689707	0.0	77.7275
chr9	103705765	0.0	77.7275
chr9	103721495	0.8975317875841776	77.7275
chr9	103734865	3.9902938797518503	77.7395
chr9	103753410	0.3556903266602099	77.8135
chr9	103892576	1.862758010800304	77.863
chr9	103945723	0.3263794527482921	77.962
chr9	104020789	0.8727737174483109	77.9865
chr9	104091254	0.8428991834109734	78.048
chr9	104193876	0.9173588821795543	78.1345
chr9	104422249	0.34246812279045086	78.344
chr9	104566788	0.21217727835966327	78.3935
chr9	104625701	0.6959596719583162	78.406
chr9	104678865	2.17948340352835	78.443
chr9	104712818	0.26060125922534383	78.517
chr9	104760784	3.005494206603977	78.5295
chr9	104797550	0.39561704270262205	78.64
chr9	104922671	0.7376372005194644	78.6895
chr9	104939617	0.0	78.702
chr9	104954705	0.0	78.702
chr9	104986787	0.0	78.702
chr9	105103388	0.0	78.702
chr9	105285409	0.14646263445273172	78.702
chr9	105370755	0.1474213065066203	78.7145
chr9	105455546	0.6854888148287975	78.727
chr9	105545263	0.0	78.7885
chr9	105557119	0.0	78.7885
chr9	105583027	0.0	78.7885
chr9	105602979	0.0	78.7885
chr9	105618612	0.5893041300398003	78.7885
chr9	105638975	0.9506869479881871	78.8005
chr9	105704191	4.13535942581608	78.8625
chr9	105739859	0.0	79.01
chr9	105769019	2.4350115169463002	79.01
chr9	105799409	0.0	79.084
chr9	105832950	0.0	79.084
chr9	105866873	0.0	79.084
chr9	105898673	0.0	79.084
chr9	105950519	0.0	79.084
chr9	105997670	0.0	79.084
chr9	106009328	0.0	79.084
chr9	106022656	2.376168149778345	79.084
chr9	106054009	5.238384451867581	79.1585
chr9	106086939	9.611117275046928	79.331
chr9	106122991	0.0	79.6775
chr9	106158714	0.0	79.6775
chr9	106204065	0.0	79.6775
chr9	106278904	0.18577691907561628	79.6775
chr9	106346189	0.3364598926075408	79.69
chr9	106419006	0.6954489818628486	79.7145
chr9	106436980	3.9410082594243536	79.727
chr9	106505871	3.7244885119660807	79.9985
chr9	106545608	4.012212255484668	80.1465
chr9	106582620	2.051949351884368	80.295
chr9	106642563	0.5030249473182234	80.418
chr9	106716118	2.713725490196107	80.455
chr9	106779868	4.278675771457755	80.628
chr9	106791437	0.6880089862399129	80.6775
chr9	106862657	0.2921106748925697	80.7265
chr9	106905449	0.0	80.739
chr9	106963763	0.053546720584595815	80.739
chr9	107197204	0.0	80.7515
chr9	107266268	0.0	80.7515
chr9	107315669	0.9806260104425045	80.7515
chr9	107353400	0.6102352331433594	80.7885
chr9	107413213	0.7628663929443569	80.825
chr9	107493830	0.9678270815614645	80.8865
chr9	107596121	1.7937370079796038	80.9855
chr9	107685599	5.093144902266872	81.146
chr9	107707393	0.0	81.257
chr9	107711063	0.0	81.257
chr9	107723070	6.974642796633695	81.257
chr9	107740777	0.0	81.3805
chr9	107810782	1.5664460854834115	81.3805
chr9	107842063	4.800789662598677	81.4295
chr9	107875495	3.0607881529492875	81.59
chr9	107919928	0.0	81.726
chr9	107954574	0.2590058492154379	81.726
chr9	108000905	1.1036383029153896	81.738
chr9	108068409	0.5957335683625283	81.8125
chr9	108129678	1.8029502822799042	81.849
chr9	108157133	0.2429165533056637	81.8985
chr9	108208591	0.8189645631818306	81.911
chr9	108253770	0.7734806629835295	81.948
chr9	108285445	27.861445783137153	81.9725
chr9	108286773	0.0	82.0095
chr9	108318813	0.10123014876784964	82.0095
chr9	108442294	0.29699129633657095	82.022
chr9	108524788	0.0	82.0465
chr9	108588558	1.1904531464743122	82.0465
chr9	108640219	0.0	82.108
chr9	108673856	0.0	82.108
chr9	108703753	0.20360627433091893	82.108
chr9	108887932	0.0	82.1455
chr9	108903102	0.0	82.1455
chr9	108951224	2.8814489571897317	82.1455
chr9	108976732	0.6595412445008602	82.219
chr9	109257230	0.0	82.404
chr9	109302247	0.0	82.404
chr9	109386923	0.28582609496332395	82.404
chr9	109647571	0.50104271050573	82.4785
chr9	109721417	16.601093944919086	82.5155
chr9	109742259	0.8151234212128834	82.8615
chr9	109802986	3.7361586871663675	82.911
chr9	109865751	1.7305828603077449	83.1455
chr9	109880197	1.3727028238451977	83.1705
chr9	109898045	0.0	83.195
chr9	109998026	1.822121540431702	83.195
chr9	110018332	0.0	83.232
chr9	110041761	0.7167305385719012	83.232
chr9	110075944	0.2632387136401626	83.2565
chr9	110121530	0.0	83.2685
chr9	110136887	0.6729112833765526	83.2685
chr9	110155463	0.8189323795831496	83.281
chr9	110185380	0.0	83.3055
chr9	110214492	0.0	83.3055
chr9	110255039	0.0	83.3055
chr9	110280506	0.0	83.3055
chr9	110313778	0.3090655095254693	83.3055
chr9	110394667	1.2204757739086394	83.3305
chr9	110465541	0.5742863295925178	83.417
chr9	110507332	0.0	83.441
chr9	110564106	0.0	83.441
chr9	110573745	0.0	83.441
chr9	110597749	0.28115159694113456	83.441
chr9	110642209	0.16598722562305943	83.4535
chr9	110792823	0.766040133029526	83.4785
chr9	110873106	2.526632067740503	83.54
chr9	110887750	2.498480653656495	83.577
chr9	110917368	0.902128286324593	83.651
chr9	110944526	0.2616794480166118	83.6755
chr9	111038152	5.102974828374937	83.7
chr9	111060002	3.1648276451973816	83.8115
chr9	111106766	0.871949437012931	83.9595
chr9	111305172	1.792637071151935	84.1325
chr9	111339479	0.35242042346826064	84.194
chr9	111410417	0.0	84.219
chr9	111447847	0.7822079404677632	84.219
chr9	111495149	0.0	84.256
chr9	111544903	0.9313582624782453	84.256
chr9	111623820	1.0174596068538393	84.3295
chr9	111648391	0.809192425958617	84.3545
chr9	111679286	0.0	84.3795
chr9	111760900	3.6750350276778554	84.3795
chr9	111804437	1.4046554294226055	84.5395
chr9	111821879	4.639834244401568	84.564
chr9	111867247	0.22375450933835608	84.7745
chr9	111976742	0.0	84.799
chr9	112031090	0.24634477615909828	84.799
chr9	112181286	0.33569001424974376	84.836
chr9	112254270	0.3805175038051895	84.8605
chr9	112285806	0.0	84.8725
chr9	112290709	2.1389681099297717	84.8725
chr9	112313851	0.31868803886276725	84.922
chr9	112429952	1.3105639396344921	84.959
chr9	112467722	0.13573972721747507	85.0085
chr9	112559810	0.7493729736344068	85.021
chr9	112592504	15.353598014886716	85.0455
chr9	112595728	4.137237717172733	85.095
chr9	112634522	1.064373297002967	85.2555
chr9	112646266	0.0	85.268
chr9	112672198	0.290065264684565	85.268
chr9	112713568	0.8450513791240429	85.28
chr9	112728360	0.0	85.2925
chr9	112775198	0.0	85.2925
chr9	112790954	3.1914893617021076	85.2925
chr9	112841244	1.1245516989846187	85.453
chr9	112874146	1.1284602275345814	85.49
chr9	112917568	0.34231569722869	85.539
chr9	112954084	0.0	85.5515
chr9	112984268	0.0	85.5515
chr9	113016399	0.0	85.5515
chr9	113031261	2.5847938469295686	85.5515
chr9	113055054	0.8290944943645359	85.613
chr9	113099681	4.409380313995032	85.65
chr9	113124968	0.7805385716144435	85.7615
chr9	113140342	0.0	85.7735
chr9	113152351	0.0	85.7735
chr9	113168332	0.5925855693563498	85.7735
chr9	113189426	0.0	85.786
chr9	113230825	0.8693183834227477	85.786
chr9	113259008	3.6145988819619173	85.8105
chr9	113293175	2.146420698457254	85.934
chr9	113310413	8.800801373782946	85.971
chr9	113317401	0.0	86.0325
chr9	113475992	10.376679462572087	86.0325
chr9	113484328	0.0	86.119
chr9	113504880	0.0	86.119
chr9	113510777	5.058784354909073	86.119
chr9	113549818	1.6370671693618668	86.3165
chr9	113580055	0.0	86.366
chr9	113591810	0.0	86.366
chr9	113671591	1.5489173383912311	86.366
chr9	113703226	0.7934664808793315	86.415
chr9	113780734	1.225611567792284	86.4765
chr9	113821122	1.9782922525797484	86.526
chr9	113858528	12.616253973237074	86.6
chr9	113884011	2.2141211728133596	86.9215
chr9	113928724	0.0	87.0205
chr9	113930049	2.0761731079469192	87.0205
chr9	114001334	0.535636204634965	87.1685
chr9	114092814	0.21950427155317434	87.2175
chr9	114206707	0.0	87.2425
chr9	114223571	0.6322091192937085	87.2425
chr9	114262324	0.0	87.267
chr9	114270688	0.0	87.267
chr9	114274145	18.139090842329434	87.267
chr9	114287762	0.0	87.514
chr9	114288445	0.0	87.514
chr9	114308634	0.0	87.514
chr9	114336102	0.0	87.514
chr9	114366006	0.08761354715713555	87.514
chr9	114508678	0.5538325210457617	87.5265
chr9	114553818	0.36549346556944795	87.5515
chr9	114655051	0.0	87.5885
chr9	114690574	0.0	87.5885
chr9	114746965	0.8585646201290754	87.5885
chr9	114775501	2.1400236620500808	87.613
chr9	114804239	3.4281478736223607	87.6745
chr9	114815032	0.5034522439586407	87.7115
chr9	114863696	1.7684508370664616	87.736
chr9	114884901	2.33467466403444	87.7735
chr9	114911243	0.0	87.835
chr9	114946340	0.0	87.835
chr9	114986284	0.4803073967339279	87.835
chr9	115011268	0.4755654473169679	87.847
chr9	115063837	6.512937863052109	87.872
chr9	115075199	0.4733609396406708	87.946
chr9	115205121	1.2702608107945639	88.0075
chr9	115370835	0.25262810565006566	88.218
chr9	115564796	0.31390902345762217	88.267
chr9	115722485	0.0	88.3165
chr9	115747152	0.6024392642861485	88.3165
chr9	115787820	0.0	88.341
chr9	115964375	0.0799733848575376	88.341
chr9	116120677	4.053461875547919	88.3535
chr9	116148061	0.0	88.4645
chr9	116182049	0.2810781245251445	88.4645
chr9	116313685	0.0	88.5015
chr9	116346607	0.0	88.5015
chr9	116419919	0.0	88.5015
chr9	116447341	0.3136290646327489	88.5015
chr9	116487197	0.0	88.514
chr9	116517189	0.0	88.514
chr9	116549975	0.0	88.514
chr9	116598572	0.0	88.514
chr9	116622521	0.0	88.514
chr9	116640065	0.0	88.514
chr9	116670051	0.0	88.514
chr9	116699230	0.0	88.514
chr9	116736437	0.0	88.514
chr9	116764801	0.0	88.514
chr9	116814848	0.0	88.514
chr9	116858122	2.075286101581078	88.514
chr9	116899803	2.9557244540961873	88.6005
chr9	116916381	0.38608796370774606	88.6495
chr9	116947462	0.47702640818206543	88.6615
chr9	116973666	0.6617186801393531	88.674
chr9	117029581	0.0	88.711
chr9	117048803	0.0	88.711
chr9	117171717	17.972776529667726	88.711
chr9	117179284	0.5878756525421079	88.847
chr9	117200547	1.1444854486851637	88.8595
chr9	117221954	2.2206217740971157	88.884
chr9	117238616	13.486422453070542	88.921
chr9	117244103	11.567061415587649	88.995
chr9	117262258	0.9142348842382482	89.205
chr9	117302729	0.0	89.242
chr9	117363863	0.0	89.242
chr9	117388593	0.0	89.242
chr9	117418008	2.028953717920154	89.242
chr9	117436244	2.730809516684405	89.279
chr9	117449610	1.9402014220667274	89.3155
chr9	117494193	2.806006370392229	89.402
chr9	117507379	1.1917246639339159	89.439
chr9	117528357	2.4373811033606225	89.464
chr9	117553589	0.89126559714807	89.5255
chr9	117581078	0.0	89.55
chr9	117602103	7.440176955560307	89.55
chr9	117617022	6.06963950951182	89.661
chr9	117649561	1.0938807026574517	89.8585
chr9	117773889	5.61243837694335	89.9945
chr9	117787074	0.3191891293302669	90.0685
chr9	117863831	0.4845205487125247	90.093
chr9	118042358	4.75065110446616	90.1795
chr9	118063092	0.2102076851927795	90.278
chr9	118122557	1.049427655323096	90.2905
chr9	118251675	2.091290463965958	90.426
chr9	118411385	0.6637406561970026	90.76
chr9	118615531	3.2695955626345947	90.8955
chr9	118740470	0.6461992931371867	91.304
chr9	118778384	6.492904183285216	91.3285
chr9	118810727	1.370231909770639	91.5385
chr9	118873855	2.402635148226995	91.625
chr9	118899660	2.719253642252441	91.687
chr9	118944893	0.0	91.81
chr9	119012109	4.112808460633908	91.81
chr9	119024023	7.1696363003905486	91.859
chr9	119049896	3.8873007623007045	92.0445
chr9	119142248	13.550916849267642	92.4035
chr9	119159590	0.5986231667165746	92.6385
chr9	119179636	1.5781215792162466	92.6505
chr9	119234448	2.306301813875593	92.737
chr9	119250491	0.0	92.774
chr9	119267744	0.0	92.774
chr9	119293110	0.0	92.774
chr9	119304610	0.7497467071936401	92.774
chr9	119353960	0.0	92.811
chr9	119384248	10.974930362115561	92.811
chr9	119393223	2.440579582682971	92.9095
chr9	119438704	0.40465666438401116	93.0205
chr9	119743901	3.657995861660861	93.144
chr9	119757433	3.1276985614692503	93.1935
chr9	119804912	1.2761506276152104	93.342
chr9	119852712	0.0	93.403
chr9	119902795	0.0	93.403
chr9	119996800	0.0	93.403
chr9	120011368	0.0	93.403
chr9	120074267	0.0	93.403
chr9	120185620	0.6463015722272103	93.403
chr9	120223528	0.8017960230919078	93.4275
chr9	120270298	2.5779480926667158	93.465
chr9	120299003	0.7913761389398111	93.539
chr9	120345757	2.3734177215193513	93.576
chr9	120371669	1.552851106857797	93.6375
chr9	120427051	0.3990168225493294	93.7235
chr9	120458378	0.0	93.736
chr9	120504271	1.3469239170003289	93.736
chr9	120559211	0.4071860188607175	93.81
chr9	120620608	0.18660837376517278	93.835
chr9	120751899	0.7284768211921852	93.8595
chr9	120819849	0.4186763129685367	93.909
chr9	120849705	1.1386367133407027	93.9215
chr9	120882200	0.0	93.9585
chr9	120885225	0.0	93.9585
chr9	120919287	0.5434494459466203	93.9585
chr9	121032453	0.9761749813496521	94.02
chr9	121095454	0.0	94.0815
chr9	121197646	0.0	94.0815
chr9	121210094	0.1372564398480044	94.0815
chr9	121388592	1.5228894905245194	94.106
chr9	121421096	1.3136729222521877	94.1555
chr9	121439746	0.6461640558144623	94.18
chr9	121497007	0.0	94.217
chr9	121514630	0.0	94.217
chr9	121522669	0.7548216156264494	94.217
chr9	121587585	0.47560465204756447	94.266
chr9	121666432	0.5627914455701031	94.3035
chr9	121709965	2.781500208330986	94.328
chr9	121798766	1.1284082535005202	94.575
chr9	121820478	3.0954912138074397	94.5995
chr9	121836469	2.008747772557836	94.649
chr9	121867334	12.207233302988328	94.711
chr9	121879417	4.769705145499593	94.8585
chr9	121900173	2.2409255543684634	94.9575
chr9	121938550	0.35490190511350733	95.0435
chr9	121973771	0.0	95.056
chr9	122011087	0.0	95.056
chr9	122078242	1.5224679359028384	95.056
chr9	122110755	0.4072766766223342	95.1055
chr9	122140219	4.8483665234925315	95.1175
chr9	122155585	3.302925448254612	95.192
chr9	122177838	3.1644418579275926	95.2655
chr9	122205331	0.498961620411467	95.3525
chr9	122279485	0.0	95.3895
chr9	122310636	0.0	95.3895
chr9	122322489	0.0	95.3895
chr9	122360190	0.0	95.3895
chr9	122422687	0.0	95.3895
chr9	122453112	1.102287809596801	95.3895
chr9	122497565	1.9943941354027561	95.4385
chr9	122516117	2.505503417912203	95.4755
chr9	122550641	0.0	95.562
chr9	122567111	0.0	95.562
chr9	122581872	0.0	95.562
chr9	122668833	0.0	95.562
chr9	122780591	1.4424414603072526	95.562
chr9	122848878	0.0	95.6605
chr9	122869253	0.0	95.6605
chr9	122931377	0.8350259535095044	95.6605
chr9	122975687	1.7773788150806022	95.6975
chr9	123003537	1.1010246269997557	95.747
chr9	123070293	2.8590315650306035	95.8205
chr9	123100548	0.0	95.907
chr9	123114829	0.0	95.907
chr9	123130449	2.446125812074296	95.907
chr9	123180937	0.0	96.0305
chr9	123199867	4.863192022399644	96.0305
chr9	123220224	3.291639236339919	96.1295
chr9	123268832	11.171380601834032	96.2895
chr9	123284318	6.7289824877525435	96.4625
chr9	123337595	5.2829470277475705	96.821
chr9	123358606	0.0	96.932
chr9	123442559	1.64240056818146	96.932
chr9	123465087	2.8888728895928395	96.969
chr9	123520645	1.0077977075148927	97.1295
chr9	123569762	0.0	97.179
chr9	123592546	0.588937524870544	97.179
chr9	123655371	1.5529918864099452	97.216
chr9	123686923	0.574580556194109	97.265
chr9	123708678	0.2992742599197061	97.2775
chr9	123748775	0.0	97.2895
chr9	123758602	1.8447461629273518	97.2895
chr9	123772154	0.4913425443683435	97.3145
chr9	123823035	0.991661944466777	97.3395
chr9	123872447	0.0	97.3885
chr9	123877357	2.7779863353109193	97.3885
chr9	123903995	0.0	97.4625
chr9	123935797	1.9562897680114917	97.4625
chr9	123961100	1.857404159831068	97.512
chr9	124014131	2.4228262206371016	97.6105
chr9	124054786	2.341187844780058	97.709
chr9	124107537	0.7587110394812554	97.8325
chr9	124319739	0.0	97.9935
chr9	124337181	2.773058057897634	97.9935
chr9	124368374	2.0540236353406724	98.08
chr9	124386144	0.0	98.1165
chr9	124415868	0.5881522608574244	98.1165
chr9	124437121	0.0	98.129
chr9	124452264	0.7737542556477024	98.129
chr9	124468419	0.7340604026846625	98.1415
chr9	124501795	0.0	98.166
chr9	124504731	0.7703210698220769	98.166
chr9	124537185	1.467021945450507	98.191
chr9	124570586	0.0	98.24
chr9	124593572	2.2017461246723067	98.24
chr9	124632859	0.0	98.3265
chr9	124666891	7.176175098672548	98.3265
chr9	124703122	0.0	98.5865
chr9	124756956	0.0	98.5865
chr9	124774293	4.667886204503758	98.5865
chr9	124790146	0.3354804079442523	98.6605
chr9	124827406	1.2637986175592333	98.673
chr9	124846792	0.0	98.6975
chr9	124878776	0.35983649029848097	98.6975
chr9	124913514	2.323974624709889	98.71
chr9	124945356	0.6222088413868996	98.784
chr9	125045001	2.9548404727745066	98.846
chr9	125074275	1.0122921185826337	98.9325
chr9	125122680	2.0753777187452833	98.9815
chr9	125128703	0.5139591299701017	98.994
chr9	125153024	0.6230374320890616	99.0065
chr9	125173087	0.0	99.019
chr9	125173833	0.0	99.019
chr9	125177877	1.6226767579995365	99.019
chr9	125261381	0.0	99.1545
chr9	125273061	0.29082617900939584	99.1545
chr9	125316042	0.0	99.167
chr9	125334398	0.0	99.167
chr9	125361759	0.0	99.167
chr9	125389907	0.6901120742010071	99.167
chr9	125408020	0.2538018480917114	99.1795
chr9	125504552	0.0	99.204
chr9	125517258	0.0	99.204
chr9	125522693	0.4446499715425029	99.204
chr9	125550805	4.968707713125833	99.2165
chr9	125598101	0.4097017371354586	99.4515
chr9	125628611	0.8618566855455482	99.464
chr9	125657038	13.92735300020045	99.4885
chr9	125681953	3.3197929768851964	99.8355
chr9	125730450	5.542783665835575	99.9965
chr9	125781778	0.0	100.281
chr9	125800350	0.25606883130162106	100.281
chr9	125849165	6.508355321021308	100.2935
chr9	125854850	7.3702830188696	100.3305
chr9	125856546	4.971303855791385	100.343
chr9	125868917	0.7910015661830561	100.4045
chr9	125932128	0.2681983773998269	100.4545
chr9	125976871	12.103886624901046	100.4665
chr9	125993312	8.660035108251876	100.6655
chr9	126001857	11.713222577432376	100.7395
chr9	126020938	10.113909179139169	100.963
chr9	126040515	0.582641931574664	101.161
chr9	126061969	0.0	101.1735
chr9	126095306	10.856061054250436	101.1735
chr9	126129112	0.47093711823785167	101.5405
chr9	126236345	0.0	101.591
chr9	126257505	0.0	101.591
chr9	126293085	0.0	101.591
chr9	126308995	0.0	101.591
chr9	126315347	0.0	101.591
chr9	126329240	0.0	101.591
chr9	126337249	0.0	101.591
chr9	126360988	0.0	101.591
chr9	126418911	2.07558944026942	101.591
chr9	126455768	0.0	101.6675
chr9	126471861	33.9532447121998	101.6675
chr9	126487132	0.0	102.186
chr9	126506017	2.6997840172782084	102.186
chr9	126519907	0.0	102.2235
chr9	126556919	0.7191856605446575	102.2235
chr9	126574995	0.6775067750671344	102.2365
chr9	126593445	0.2853132168495222	102.249
chr9	126681068	1.450381679389187	102.274
chr9	126707268	3.2358270774017197	102.312
chr9	126718857	0.0	102.3495
chr9	126744060	0.0	102.3495
chr9	126758007	5.101015177404125	102.3495
chr9	126777905	1.8184394483286086	102.451
chr9	126799077	2.156050823729524	102.4895
chr9	126968368	1.8778576094056885	102.8545
chr9	127041856	0.0	102.9925
chr9	127054822	0.4286253128960886	102.9925
chr9	127083985	0.0	103.005
chr9	127116044	0.3923138510809175	103.005
chr9	127178494	10.438986868853236	103.0295
chr9	127196695	0.704556129638551	103.2195
chr9	127232888	0.0	103.245
chr9	127263895	0.0	103.245
chr9	127268365	0.0	103.245
chr9	127300264	0.0	103.245
chr9	127389955	0.0	103.245
chr9	127393252	0.0	103.245
chr9	127447155	42.99065420560556	103.245
chr9	127449830	0.0	103.36
chr9	127524343	0.0	103.36
chr9	127594421	1.708952280794693	103.36
chr9	127602028	4.259756395180997	103.373
chr9	127647101	0.0	103.565
chr9	127675018	0.0	103.565
chr9	127708473	0.09777964979846282	103.565
chr9	127841425	0.0	103.578
chr9	127852319	0.0	103.578
chr9	127871582	9.935812890178452	103.578
chr9	127882955	0.0	103.691
chr9	127893363	0.0	103.691
chr9	127901086	0.0	103.691
chr9	127910336	0.0	103.691
chr9	127939522	0.0	103.691
chr9	127960780	0.0	103.691
chr9	127973809	0.0	103.691
chr9	127993694	3.2763386915118744	103.691
chr9	128013228	0.0	103.755
chr9	128035461	3.0538131396505563	103.755
chr9	128047577	1.4500995166331454	103.792
chr9	128065162	1.9528238861200942	103.8175
chr9	128084621	0.0	103.8555
chr9	128107920	0.0	103.8555
chr9	128126139	0.0	103.8555
chr9	128131735	0.0	103.8555
chr9	128157350	5.092110623274212	103.8555
chr9	128179443	0.0	103.968
chr9	128206059	2.631017563819379	103.968
chr9	128220122	0.0	104.005
chr9	128297269	0.0	104.005
chr9	128346580	0.0	104.005
chr9	128350902	0.3151572078308294	104.005
chr9	128431814	0.0	104.0305
chr9	128436512	0.0	104.0305
chr9	128463122	0.0	104.0305
chr9	128468598	0.0	104.0305
chr9	128476237	0.0	104.0305
chr9	128540711	0.0	104.0305
chr9	128560864	1.0712035286701895	104.0305
chr9	128584669	0.9687669534219052	104.056
chr9	128597572	1.6062413951355994	104.0685
chr9	128612825	0.0	104.093
chr9	128658914	0.0	104.093
chr9	128673869	2.79704631908662	104.093
chr9	128687276	0.0	104.1305
chr9	128705388	1.3652995467208608	104.1305
chr9	128723699	0.0	104.1555
chr9	128772044	0.0	104.1555
chr9	128808117	1.4220492478106692	104.1555
chr9	128834839	0.0	104.1935
chr9	128873543	1.547798460347713	104.1935
chr9	128898094	0.0	104.2315
chr9	128912052	0.0	104.2315
chr9	128924987	6.230529595016147	104.2315
chr9	128939111	0.0	104.3195
chr9	128969170	0.0	104.3195
chr9	128987170	0.0	104.3195
chr9	129001140	0.0	104.3195
chr9	129012277	0.0	104.3195
chr9	129044861	0.0	104.3195
chr9	129058255	0.0	104.3195
chr9	129089319	0.0	104.3195
chr9	129091763	0.0	104.3195
chr9	129097272	2.9415225320615925	104.3195
chr9	129105771	0.0	104.3445
chr9	129116838	11.313159355913152	104.3445
chr9	129131246	0.0	104.5075
chr9	129154514	5.408822703008331	104.5075
chr9	129161632	13.234804923252101	104.546
chr9	129182675	0.0	104.8245
chr9	129195476	7.788161993769028	104.8245
chr9	129201896	18.879143749070217	104.8745
chr9	129208623	0.0	105.0015
chr9	129218943	89.58859617466831	105.0015
chr9	129224485	0.0	105.498
chr9	129225629	3.470074898646296	105.498
chr9	129269288	13.195789914646037	105.6495
chr9	129288385	0.0	105.9015
chr9	129302400	0.0	105.9015
chr9	129335987	1.8097582163027135	105.9015
chr9	129349801	0.0	105.9265
chr9	129385279	0.0	105.9265
chr9	129411494	0.0	105.9265
chr9	129426147	1.5419724912102308	105.9265
chr9	129442360	0.758238553514449	105.9515
chr9	129459505	0.9031791907516504	105.9645
chr9	129473345	0.0	105.977
chr9	129488704	4.600662495399512	105.977
chr9	129505006	3.9688797771118187	106.052
chr9	129543052	7.916888318678227	106.203
chr9	129575009	0.0	106.456
chr9	129594264	0.0	106.456
chr9	129611368	4.328538203118128	106.456
chr9	129634586	4.011937961739847	106.5565
chr9	129675464	0.0	106.7205
chr9	129799316	12.853292792481346	106.7205
chr9	129842729	0.0	107.2785
chr9	129854424	0.0	107.2785
chr9	129874634	0.0	107.2785
chr9	129887066	12.082601054482152	107.2785
chr9	129902998	0.9183748438764853	107.471
chr9	129916609	0.8942034575864874	107.4835
chr9	129945126	0.0	107.509
chr9	129946564	2.102430409553922	107.509
chr9	129958455	2.3084025854105454	107.534
chr9	129974700	3.346421559878129	107.5715
chr9	129985906	0.0	107.609
chr9	129998962	1.0249814096509422	107.609
chr9	130048719	0.0	107.66
chr9	130068207	0.0	107.66
chr9	130092591	1.1190413252269764	107.66
chr9	130149336	1.5439723320161614	107.7235
chr9	130157432	0.0	107.736
chr9	130171711	5.756352628199357	107.736
chr9	130193513	49.11669417446053	107.8615
chr9	130209872	0.0	108.665
chr9	130234052	0.0	108.665
chr9	130270087	3.690810720127243	108.665
chr9	130293930	0.0	108.753
chr9	130352201	0.0	108.753
chr9	130362190	0.0	108.753
chr9	130366476	0.0	108.753
chr9	130388479	0.0	108.753
chr9	130402064	0.0	108.753
chr9	130402293	1.1267955531501064	108.753
chr9	130515002	0.0	108.88
chr9	130618844	0.0	108.88
chr9	130630656	0.0	108.88
chr9	130654382	1.3778659611996078	108.88
chr9	130663454	6.401903574868253	108.8925
chr9	130681105	0.0	109.0055
chr9	130707535	0.0	109.0055
chr9	130729069	42.587807445689286	109.0055
chr9	130739518	20.70348707130741	109.4505
chr9	130802092	1.5095402946626089	110.746
chr9	130826934	1.887647236484875	110.7835
chr9	130833556	2.567610939373753	110.796
chr9	130892755	6.145646380595734	110.948
chr9	130911142	0.0	111.061
chr9	130915950	4.727533033077785	111.061
chr9	131016531	0.5714808211037736	111.5365
chr9	131038404	2.8915479293090116	111.549
chr9	131090971	3.9964277740567553	111.701
chr9	131113366	0.4677916767735409	111.7905
chr9	131142225	0.0	111.804
chr9	131153533	11.875483100273835	111.804
chr9	131167764	0.17860970207905755	111.973
chr9	131237749	0.0	111.9855
chr9	131285738	0.0	111.9855
chr9	131312993	2.141021981158682	111.9855
chr9	131330508	1.009403389470619	112.023
chr9	131368154	0.0	112.061
chr9	131405640	0.0	112.061
chr9	131419522	0.22348965689847547	112.061
chr9	131475453	4.012015639922634	112.0735
chr9	131597960	29.942795852699398	112.565
chr9	131620336	0.8305096006911729	113.235
chr9	131635387	6.057560046555523	113.2475
chr9	131654289	0.0	113.362
chr9	131669830	13.528748590755868	113.362
chr9	131683135	0.0	113.542
chr9	131726133	0.0	113.542
chr9	131750574	0.0	113.542
chr9	131779732	0.0	113.542
chr9	131779854	0.0	113.542
chr9	131787115	0.0	113.542
chr9	131799037	1.0743446497638884	113.542
chr9	131810672	0.0	113.5545
chr9	131826673	0.0	113.5545
chr9	131851501	0.0	113.5545
chr9	131869212	0.0	113.5545
chr9	131886184	0.0	113.5545
chr9	131917031	2.044894008928854	113.5545
chr9	131949062	0.32447273181076064	113.62
chr9	132029192	6.0187531677647526	113.646
chr9	132052868	0.0	113.7885
chr9	132076797	0.0	113.7885
chr9	132101808	27.342094107672775	113.7885
chr9	132115962	2.7019631985771344	114.1755
chr9	132159819	0.6147339431495448	114.294
chr9	132200487	0.0	114.319
chr9	132243522	0.0	114.319
chr9	132259416	2.8530670470751947	114.319
chr9	132268529	0.0	114.345
chr9	132335044	20.820385332505154	114.345
chr9	132351134	6.310319227912363	114.68
chr9	132355175	2.1001482457586036	114.7055
chr9	132379459	3.269607230621481	114.7565
chr9	132403468	0.0	114.835
chr9	132405692	0.0	114.835
chr9	132414504	1.1836169547551407	114.835
chr9	132436893	3.572441168130886	114.8615
chr9	132454528	44.55498217800743	114.9245
chr9	132473325	1.7344734199556389	115.762
chr9	132539051	0.6700616456707923	115.876
chr9	132557706	0.0	115.8885
chr9	132612393	4.259038317471996	115.8885
chr9	132648434	0.0	116.042
chr9	132666307	3.217878227379718	116.042
chr9	132705774	0.19905982513367984	116.169
chr9	132771081	0.13899081548694422	116.182
chr9	132861015	0.0	116.1945
chr9	132883563	0.0	116.1945
chr9	132900324	0.0	116.1945
chr9	132935596	0.14581000373260347	116.1945
chr9	133021324	0.0	116.207
chr9	133021948	1.0014636776831698	116.207
chr9	133034929	0.0	116.22
chr9	133053440	0.0	116.22
chr9	133067259	0.0	116.22
chr9	133096049	0.0	116.22
chr9	133127353	0.0	116.22
chr9	133148634	0.0	116.22
chr9	133155462	0.3716698382493709	116.22
chr9	133189094	0.7504473820931447	116.2325
chr9	133275709	1.4140741973046005	116.2975
chr9	133293742	1.3563339478536824	116.323
chr9	133331712	0.3810249571346593	116.3745
chr9	133431443	3.9236668450154286	116.4125
chr9	133470692	0.8681693093958405	116.5665
chr9	133501216	0.0	116.593
chr9	133626891	0.7197973050790534	116.593
chr9	133644257	1.178355957766651	116.6055
chr9	133654865	1.0345429872764405	116.618
chr9	133729294	0.6335050104489378	116.695
chr9	133790067	0.0	116.7335
chr9	133800649	1.3969602145718185	116.7335
chr9	133809597	0.43789938045371624	116.746
chr9	133840426	0.0	116.7595
chr9	133840694	7.861318282604611	116.7595
chr9	133845655	0.33581387851604766	116.7985
chr9	133882878	0.25768597990031555	116.811
chr9	133933327	0.0	116.824
chr9	133948478	0.0	116.824
chr9	133948707	0.0	116.824
chr9	133972769	0.0	116.824
chr9	133977560	0.0	116.824
chr9	134007385	0.0	116.824
chr9	134020552	6.357806280406617	116.824
chr9	134038640	12.58972528092029	116.939
chr9	134065249	0.5813953488373416	117.274
chr9	134086749	3.79792380165505	117.2865
chr9	134161790	0.572208283815539	117.5715
chr9	134184509	0.0	117.5845
chr9	134214136	0.0	117.5845
chr9	134220234	0.9162026922262403	117.5845
chr9	134248612	10.064027082719992	117.6105
chr9	134275788	9.17408445116671	117.884
chr9	134316119	0.8780131816004719	118.254
chr9	134359968	0.0	118.2925
chr9	134390579	4.5058712868282464	118.2925
chr9	134423536	1.5492789893934564	118.441
chr9	134448709	15.609972627062108	118.48
chr9	134462226	0.9653584821592933	118.691
chr9	134489159	8.403361344537922	118.717
chr9	134511531	1.0599422583835352	118.905
chr9	134561062	0.7337792453365636	118.9575
chr9	134596495	0.0	118.9835
chr9	134614421	7.610479262150655	118.9835
chr9	134632094	0.8154565693872486	119.118
chr9	134747980	0.0	119.2125
chr9	134752119	3.644708423325633	119.2125
chr9	134763231	2.331309932259931	119.253
chr9	134774598	4.826341903473131	119.2795
chr9	134785683	0.614991602999178	119.333
chr9	134827960	1.162030648558331	119.359
chr9	134896805	0.49293657950118464	119.439
chr9	134979980	0.524020419892454	119.48
chr9	135187033	0.0	119.5885
chr9	135196912	0.9631162160239436	119.5885
chr9	135210929	0.0	119.602
chr9	135213062	0.38857866559188897	119.602
chr9	135247804	0.45630045630063987	119.6155
chr9	135276294	2.420059605171849	119.6285
chr9	135320921	0.0	119.7365
chr9	135321210	0.0	119.7365
chr9	135323785	0.0	119.7365
chr9	135334443	0.0	119.7365
chr9	135341508	2.7209513252027424	119.7365
chr9	135351431	0.0	119.7635
chr9	135357575	0.0	119.7635
chr9	135373409	0.0	119.7635
chr9	135405283	0.0	119.7635
chr9	135423295	0.0	119.7635
chr9	135424725	1.8353612942696638	119.7635
chr9	135454147	0.49073842749568886	119.8175
chr9	135510185	2.920560747663914	119.845
chr9	135529017	6.1709584031684335	119.9
chr9	135542143	64.70095025154028	119.981
chr9	135545721	11.08829568788543	120.2125
chr9	135548156	15.003334074237708	120.2395
chr9	135552655	0.0	120.307
chr9	135570317	0.0	120.307
chr9	135595109	6.5827606193590675	120.307
chr9	135643417	11.728776113584074	120.625
chr9	135674196	4.303098962140071	120.986
chr9	135728924	4.247272354738914	121.2215
chr9	135846058	1.0360855154285997	121.719
chr9	136054535	0.0	121.935
chr9	136077135	0.0	121.935
chr9	136107891	0.0	121.935
chr9	136236550	0.38363000720560264	121.935
chr9	136386434	0.0	121.9925
chr9	136440908	0.0	121.9925
chr9	136487586	0.0	121.9925
chr9	136508979	0.0	121.9925
chr9	136517021	0.0	121.9925
chr9	136587572	0.0	121.9925
chr9	136622850	0.7739524953295	121.9925
chr9	136660320	1.2257319169318532	122.0215
chr9	136695809	0.28865486831371645	122.065
chr9	136846508	0.860687362735097	122.1085
chr9	136897049	0.0	122.152
chr9	136900998	0.09087433646065254	122.152
chr9	137060559	0.851377813094223	122.1665
chr9	137095796	0.0	122.1965
chr9	137119515	0.9271692563461974	122.1965
chr9	137150793	1.8573075445117098	122.2255
chr9	137174214	6.146225116961762	122.269
chr9	137196016	0.7166746297181351	122.403
chr9	137216946	0.0	122.418
chr9	137242711	0.6428663266618339	122.418
chr9	137266044	0.0	122.433
chr9	137287969	14.204003813152765	122.433
chr9	137293214	0.0	122.5075
chr9	137346759	1.425245854910026	122.5075
chr9	137409906	3.8491963958401754	122.5975
chr9	137461735	0.0	122.797
chr9	137474937	2.318392581143828	122.797
chr9	137537049	0.0	122.941
chr9	137678631	0.0	122.941
chr9	137693264	0.11540680900173547	122.941
chr9	137823239	1.3540579423961696	122.956
chr9	137894137	0.0	123.052
chr9	137925694	1.8847394396296582	123.052
chr9	137951427	0.7421099597531046	123.1005
chr9	138061249	0.0	123.182
chr9	138068657	0.0	123.182
chr9	138068919	0.0	123.182
chr9	138107623	0.0	123.182
chr9	138141878	0.0	123.182
chr9	138186708	0.0	123.182
chr9	138197162	3.500078653452833	123.182
chr9	138248018	0.5657175183858408	123.36
chr9	138306351	0.0	123.393
chr9	138348521	0.0	123.393
chr9	138394486	0.4680851063827949	123.393
chr9	138429736	0.0	123.4095
chr9	138460349	0.0	123.4095
chr9	138462093	0.0	123.4095
chr9	138471663	0.0	123.4095
chr9	138487112	0.0	123.4095
chr9	138498212	0.0	123.4095
chr9	138505306	1.547239145150889	123.4095
chr9	138515647	0.0	123.4255
chr9	138517854	9.240246406571192	123.4255
chr9	138519802	0.0	123.4435
chr9	138523595	0.0	123.4435
chr9	138531046	0.0	123.4435
chr9	138539225	0.0	123.4435
chr9	138562655	2.3990968106129005	123.4435
chr9	138576827	0.0	123.4775
chr9	138632196	0.9509985484758172	123.4775
chr9	138672154	0.0	123.5155
chr9	138723482	0.0	123.5155
chr9	138752330	0.0	123.5155
chr9	138782131	0.0	123.5155
chr9	138861520	0.0	123.5155
chr9	138887243	0.0	123.5155
chr9	138930968	0.0	123.5155
chr9	138952690	0.0	123.5155
chr9	138978822	0.0	123.5155
chr9	139004601	0.0	123.5155
chr9	139055311	0.0	123.5155
chr9	139066376	0.0	123.5155
chr9	139088979	0.0	123.5155
chr9	139157651	0.0	123.5155
chr9	139234470	0.0	123.5155
chr9	139264442	0.0	123.5155
chr9	139293970	0.0	123.5155
chr9	139301928	0.0	123.5155
chr9	139336883	0.0	123.5155
chr9	139363113	0.0	123.5155
chr9	139386588	0.0	123.5155
chr9	139401726	0.0	123.5155
