Chromosome	Position(bp)	Rate(cM/Mb)	Map(cM)
chr7	0	0.0	0.0
chr7	171358	0.0	0.0
chr7	217202	0.0	0.0
chr7	338810	1.338887235941684	0.0
chr7	355615	0.0	0.0225
chr7	572878	0.0	0.0225
chr7	586405	0.2985074626865672	0.0225
chr7	651730	0.612429087158329	0.042
chr7	713778	1.115743731281931	0.08
chr7	730807	0.534475460760892	0.099
chr7	870196	0.0	0.1735
chr7	908824	0.6631817117890307	0.1735
chr7	934458	0.0	0.1905
chr7	981451	0.9549488821480726	0.1905
chr7	999253	0.0	0.2075
chr7	1031921	0.0	0.2075
chr7	1065161	0.0	0.2075
chr7	1072183	0.27295285359801513	0.2075
chr7	1132633	0.0	0.224
chr7	1148167	0.0	0.224
chr7	1183065	0.0	0.224
chr7	1213415	0.0	0.224
chr7	1236695	0.0	0.224
chr7	1383006	0.0	0.224
chr7	1439964	1.5922014622258331	0.224
chr7	1470739	0.0	0.273
chr7	1479822	0.6496574533427812	0.273
chr7	1505220	0.7714606321301671	0.2895
chr7	1569384	0.0	0.339
chr7	1582907	2.2167828938253353	0.339
chr7	1604560	0.0	0.387
chr7	1613538	0.16487958471619452	0.387
chr7	1707546	0.5695308397251456	0.4025
chr7	1842745	0.0	0.4795
chr7	1901292	1.5260748302899525	0.4795
chr7	1920295	0.0	0.5085
chr7	1927838	0.8882082695252722	0.5085
chr7	1944163	1.994728218280261	0.523
chr7	1958200	0.0	0.551
chr7	1973237	1.3984298331697729	0.551
chr7	1993617	3.03174101022883	0.5795
chr7	2012583	1.7350353203618802	0.637
chr7	2028721	2.6383056417746937	0.665
chr7	2083491	0.5778438170711578	0.8095
chr7	2107719	1.963855703364271	0.8235
chr7	2150492	3.310208126858276	0.9075
chr7	2175717	0.7955215085444878	0.991
chr7	2192687	1.2458471760797403	1.0045
chr7	2203523	0.0	1.018
chr7	2214707	0.33326192006474836	1.018
chr7	2256716	1.547726249437195	1.032
chr7	2274484	0.8871540099361204	1.0595
chr7	2305482	0.24913264929504814	1.087
chr7	2359670	2.5130220232111724	1.1005
chr7	2370613	0.0	1.128
chr7	2426654	0.3882535648736422	1.128
chr7	2497484	0.0	1.1555
chr7	2532658	1.3209087852442518	1.1555
chr7	2553477	0.0	1.183
chr7	2582365	1.1138307527295723	1.183
chr7	2618726	2.0305514157973175	1.2235
chr7	2645566	1.324395029431	1.278
chr7	2676146	0.0	1.3185
chr7	2688944	0.9095419216140225	1.3185
chr7	2749414	1.67764384242575	1.3735
chr7	2781602	0.0	1.4275
chr7	2800005	0.8197201241290482	1.4275
chr7	2817084	0.0	1.4415
chr7	2849220	0.0	1.4415
chr7	2875938	0.6052997354616001	1.4415
chr7	2898241	2.18911847936355	1.455
chr7	2916970	0.0	1.496
chr7	2954491	4.684061615844075	1.496
chr7	2986301	0.0	1.645
chr7	3005155	3.1399862982416167	1.645
chr7	3013913	2.104614752836093	1.6725
chr7	3033394	5.5498233436513145	1.7135
chr7	3065377	5.968839148562656	1.891
chr7	3088162	0.0	2.027
chr7	3104891	3.7357891078786696	2.027
chr7	3145177	2.073359490299124	2.1775
chr7	3422987	4.38684953610327	2.7535
chr7	3482483	1.5803138051699104	3.0145
chr7	3491342	0.5254435956509398	3.0285
chr7	3516083	4.866720516962837	3.0415
chr7	3540843	21.193880110358688	3.162
chr7	3552804	0.6538480166610087	3.4155
chr7	3594098	0.0	3.4425
chr7	3614844	0.0	3.4425
chr7	3632445	0.0	3.4425
chr7	3655267	0.6223669092301752	3.4425
chr7	3676155	5.618177292607487	3.4555
chr7	3704278	1.0624065475721747	3.6135
chr7	3716985	0.30585356672314007	3.627
chr7	3759489	5.670704351727228	3.64
chr7	3815214	0.8997162433386477	3.956
chr7	3844112	0.0	3.982
chr7	3856943	4.8722191579333565	3.982
chr7	3862382	1.0849607744950678	4.0085
chr7	3874364	0.0	4.0215
chr7	3893814	14.110378224931159	4.0215
chr7	3905791	2.574370709382151	4.1905
chr7	3951239	0.9656811766453648	4.3075
chr7	3978163	0.0	4.3335
chr7	3989323	1.180852030157135	4.3335
chr7	4022350	2.212773342589385	4.3725
chr7	4033874	12.258089945213037	4.398
chr7	4059245	14.359588016581919	4.709
chr7	4082644	0.8403652556616359	5.045
chr7	4313496	7.771825247113844	5.239
chr7	4326749	6.104177970699996	5.342
chr7	4341493	3.299483080983974	5.432
chr7	4368770	0.6838661231495409	5.522
chr7	4406058	28.148795406316292	5.5475
chr7	4422080	2.4480036435402983	5.9985
chr7	4448428	0.0	6.063
chr7	4475015	2.871957624656367	6.063
chr7	4519758	0.0	6.1915
chr7	4555187	0.9235315847802126	6.1915
chr7	4568722	0.0	6.204
chr7	4611283	0.0	6.204
chr7	4624289	0.5820721769499501	6.204
chr7	4645764	5.86018292963186	6.2165
chr7	4667521	6.304123480055611	6.344
chr7	4689808	5.897317298797407	6.4845
chr7	4733048	27.96913750344464	6.7395
chr7	4736677	7.1248952221290764	6.841
chr7	4765309	0.0	7.045
chr7	4779334	4.175159445065444	7.045
chr7	4794543	0.5786774383878746	7.1085
chr7	4838609	12.19979560551864	7.134
chr7	4854265	4.685555311516221	7.325
chr7	4867924	8.913241621976804	7.389
chr7	4915101	0.8166198471287762	7.8095
chr7	4930408	1.7023015116437665	7.822
chr7	4937751	0.8490094889295847	7.8345
chr7	4997821	0.0	7.8855
chr7	5008670	2.0669111836105984	7.8855
chr7	5058019	1.9865043829223599	7.9875
chr7	5089733	30.24654748792689	8.0505
chr7	5101536	0.7530876594035474	8.4075
chr7	5151331	4.187539892845398	8.445
chr7	5203032	1.738952536824822	8.6615
chr7	5217696	0.0	8.687
chr7	5242216	0.706411614894136	8.687
chr7	5296009	3.2886139907657417	8.725
chr7	5318967	0.0	8.8005
chr7	5355784	0.0	8.8005
chr7	5366439	0.0	8.8005
chr7	5372124	0.0	8.8005
chr7	5390197	1.829867812534144	8.8005
chr7	5445119	1.1921793037673882	8.901
chr7	5455604	4.771471622300272	8.9135
chr7	5471532	2.2212350066637363	8.9895
chr7	5482787	10.89194754524767	9.0145
chr7	5492014	26.511413722781427	9.115
chr7	5507215	31.337698783909996	9.518
chr7	5513629	8.377347931022438	9.719
chr7	5570807	1.4103202256511913	10.198
chr7	5588888	0.0	10.2235
chr7	5608002	0.0	10.2235
chr7	5618486	0.0	10.2235
chr7	5640995	2.3208935902652033	10.2235
chr7	5695069	3.5802940614855494	10.349
chr7	5705543	0.0	10.3865
chr7	5741973	8.831123107616534	10.3865
chr7	5759015	1.0143222298859325	10.537
chr7	5783662	2.990669112369521	10.562
chr7	5796201	3.1639562108459747	10.5995
chr7	5812004	0.602709783185195	10.6495
chr7	5874223	1.0228295556829283	10.687
chr7	5886444	0.4885932273461834	10.6995
chr7	5913051	5.081383107943916	10.7125
chr7	5937749	1.0365238264095429	10.838
chr7	5974410	0.8421194462222642	10.876
chr7	6004097	1.5545330182813304	10.901
chr7	6036261	0.9586440937937177	10.951
chr7	6088418	5.693463903438933	11.001
chr7	6105982	1.7994817492561972	11.101
chr7	6168500	2.5688870712131346	11.2135
chr7	6207622	0.0	11.314
chr7	6218830	0.0	11.314
chr7	6230845	2.177415842877704	11.314
chr7	6253808	0.0	11.364
chr7	6268238	5.529342376879924	11.364
chr7	6281802	0.6810009806414056	11.439
chr7	6336868	3.3633795237455075	11.4765
chr7	6351734	1.8027112777617793	11.5265
chr7	6365602	0.0	11.5515
chr7	6378327	3.0019880715705725	11.5515
chr7	6403477	1.9931753675415378	11.627
chr7	6434834	0.0	11.6895
chr7	6495012	9.366262814538535	11.6895
chr7	6505742	0.31635958696095023	11.79
chr7	6545254	8.085277554304122	11.8025
chr7	6557684	3.4085486399890197	11.903
chr7	6572353	5.469661610268585	11.953
chr7	6579209	1.7271949131817	11.9905
chr7	6644633	4.51851609312072	12.1035
chr7	6675174	12.036872894876769	12.2415
chr7	6703379	2.194152879084434	12.581
chr7	6720242	21.600131158291706	12.618
chr7	6732441	1.679448308661785	12.8815
chr7	6799725	4.2038787788198855	12.9945
chr7	6826486	17.1080311842594	13.107
chr7	6858810	0.5229469104296235	13.66
chr7	6882713	0.0	13.6725
chr7	6895081	0.0	13.6725
chr7	6928322	4.710315591144674	13.6725
chr7	6938937	4.37250246134244	13.7225
chr7	6956204	12.98026998961597	13.798
chr7	6960056	2.3173803526448347	13.848
chr7	7019606	6.915864058721136	13.986
chr7	7043175	9.642296927382931	14.149
chr7	7075688	0.8691419830343609	14.4625
chr7	7104452	6.934812760055454	14.4875
chr7	7118872	3.7220026350460986	14.5875
chr7	7149232	8.964177374825315	14.7005
chr7	7178571	2.7982986344302665	14.9635
chr7	7200906	5.077243534108649	15.026
chr7	7235472	0.7949125596184721	15.2015
chr7	7282647	9.659222625763078	15.239
chr7	7295588	16.59495123350545	15.364
chr7	7330448	4.952839496428454	15.9425
chr7	7355787	11.822194199243267	16.068
chr7	7368475	3.9699071237777597	16.218
chr7	7409282	6.985191394244202	16.38
chr7	7445072	5.338078291815149	16.63
chr7	7452097	4.237467390537962	16.6675
chr7	7523012	1.4509014934613256	16.968
chr7	7548858	25.74403805360914	17.0055
chr7	7564415	4.375109621343569	17.406
chr7	7615728	18.541049513330528	17.6305
chr7	7634632	6.462073503148759	17.981
chr7	7655910	0.5372011818426204	18.1185
chr7	7678248	0.0	18.1305
chr7	7705553	0.0	18.1305
chr7	7712564	3.309212848570232	18.1305
chr7	7723896	0.41176664360771126	18.168
chr7	7754253	5.059090173223248	18.1805
chr7	7766607	12.208999869944153	18.243
chr7	7797363	0.3511531870663058	18.6185
chr7	7832960	0.0	18.631
chr7	7842623	3.874767513949218	18.631
chr7	7855527	67.43164062500001	18.681
chr7	7865767	0.0	19.3715
chr7	7898944	1.617486338797772	19.3715
chr7	7921819	6.119651424654851	19.4085
chr7	7932032	6.940742714996446	19.471
chr7	7977056	0.1993016470287997	19.7835
chr7	8039775	0.0	19.796
chr7	8054394	0.0	19.796
chr7	8081733	0.0	19.796
chr7	8091614	0.0	19.796
chr7	8130714	0.0	19.796
chr7	8145916	0.0	19.796
chr7	8153425	0.14106919161709633	19.796
chr7	8242034	2.3777820049459892	19.8085
chr7	8252548	0.45131274458727877	19.8335
chr7	8417622	0.0	19.908
chr7	8432065	0.0	19.908
chr7	8455535	0.0	19.908
chr7	8484654	0.16973317944190766	19.908
chr7	8558299	1.4332889969270284	19.9205
chr7	8601905	0.42995218931652357	19.983
chr7	8630978	0.0	19.9955
chr7	8646575	4.692832764505148	19.9955
chr7	8686423	1.013376570733627	20.1825
chr7	8711093	6.5021921676452505	20.2075
chr7	8724550	12.60736762263993	20.295
chr7	8773331	2.240853398769645	20.91
chr7	8890697	0.0	21.173
chr7	8924092	2.017032720753102	21.173
chr7	8948633	4.705262365429496	21.2225
chr7	8961916	0.23970238551812706	21.285
chr7	9014064	0.0	21.2975
chr7	9024362	2.423975319524024	21.2975
chr7	9065204	20.299908191370154	21.3965
chr7	9075007	25.365406043127777	21.5955
chr7	9090264	10.915924981011502	21.9825
chr7	9141611	16.63906631969104	22.543
chr7	9154292	2.48849955955759	22.754
chr7	9358632	52.89672544080626	23.2625
chr7	9362602	1.3576486992257377	23.4725
chr7	9389855	16.407322654462213	23.5095
chr7	9411705	4.74865694551037	23.868
chr7	9432553	6.030232652894906	23.967
chr7	9457096	11.865448122264075	24.115
chr7	9483138	0.7238613660712317	24.424
chr7	9517675	0.9738236210656973	24.449
chr7	9530511	2.223090095232315	24.4615
chr7	9563798	3.4887678692989748	24.5355
chr7	9581426	0.7239004539051306	24.597
chr7	9632538	21.963967971530028	24.634
chr7	9641530	1.102779003088032	24.8315
chr7	9652865	0.6610958324518346	24.844
chr7	9671773	7.8937543335644405	24.8565
chr7	9690522	1.134203911470757	25.0045
chr7	9723144	4.993326341882019	25.0415
chr7	9765100	1.2747192172534636	25.251
chr7	9794126	9.825211864406743	25.288
chr7	9831886	3.648555369293224	25.659
chr7	9842027	1.586854700417128	25.696
chr7	9881098	3.5135135135135713	25.758
chr7	9912548	0.3536668175644887	25.8685
chr7	9947892	0.0	25.881
chr7	10010358	0.8621291100634976	25.881
chr7	10110691	6.842137705726259	25.9675
chr7	10126914	7.067518117241972	26.0785
chr7	10140851	1.482860058834123	26.177
chr7	10224136	0.6304521242376611	26.3005
chr7	10262997	3.256339006599637	26.325
chr7	10274513	0.0	26.3625
chr7	10289419	0.9464027040077159	26.3625
chr7	10341194	7.9748342118687505	26.4115
chr7	10370599	7.610032504612117	26.646
chr7	10416131	0.0	26.9925
chr7	10416286	0.5721443040715151	26.9925
chr7	10545624	2.2320276616606636	27.0665
chr7	10584378	0.0	27.153
chr7	10589990	0.8316756015599719	27.153
chr7	10678967	3.278906440392576	27.227
chr7	10724104	0.3691171947093342	27.375
chr7	10756614	0.0	27.387
chr7	10793333	3.0570022850319805	27.387
chr7	10841910	0.0	27.5355
chr7	10857508	2.0871059820141	27.5355
chr7	10922670	15.524241700501433	27.6715
chr7	10939418	4.2615365883355825	27.9315
chr7	10988696	1.0062824662079206	28.1415
chr7	11025465	2.2204767227575974	28.1785
chr7	11058566	0.9290714915820844	28.252
chr7	11111845	1.0501554230025445	28.3015
chr7	11123748	5.465618655978369	28.314
chr7	11162170	5.537264292128138	28.524
chr7	11182216	2.438663907774082	28.635
chr7	11202514	3.119819487935172	28.6845
chr7	11245946	2.2180881511162407	28.82
chr7	11273898	6.5203720252871005	28.882
chr7	11304111	6.403898400103434	29.079
chr7	11327300	5.795129275960768	29.2275
chr7	11369922	1.8403382243224367	29.4745
chr7	11390027	0.0	29.5115
chr7	11399304	2.816624635640079	29.5115
chr7	11429837	0.7555954909328344	29.5975
chr7	11478805	2.0613834173156986	29.6345
chr7	11502818	3.755791641316024	29.684
chr7	11545552	1.9516544481870688	29.8445
chr7	11596022	2.669939495725917	29.943
chr7	11642465	2.2322775263951153	30.067
chr7	11659040	0.0	30.104
chr7	11669113	4.104594228565459	30.104
chr7	11717108	0.9700231553914694	30.301
chr7	11781024	25.107279981931853	30.363
chr7	11794307	12.361629033678813	30.6965
chr7	11828364	5.311962662736485	31.1175
chr7	11844648	1.6684081027334365	31.204
chr7	11874317	4.296081277213446	31.2535
chr7	11891542	0.22215508201964365	31.3275
chr7	11947809	0.0	31.34
chr7	11971803	0.0	31.34
chr7	11989353	0.0	31.34
chr7	12065246	0.0	31.34
chr7	12099975	0.0	31.34
chr7	12135479	0.0	31.34
chr7	12147427	0.35783509765917565	31.34
chr7	12180962	0.2358846618357354	31.352
chr7	12233954	3.5487422715338703	31.3645
chr7	12292989	0.0	31.574
chr7	12312193	7.352698737182201	31.574
chr7	12342522	7.482073272717577	31.797
chr7	12398723	1.7710049423393437	32.2175
chr7	12447283	5.085443689520277	32.3035
chr7	12471568	0.6185669041964985	32.427
chr7	12491776	0.9825499135352725	32.4395
chr7	12504498	6.497687759761412	32.452
chr7	12521581	3.2754485699058637	32.563
chr7	12566613	1.3825706895013294	32.7105
chr7	12611457	1.5744066601765554	32.7725
chr7	12760402	2.198188692517241	33.007
chr7	12771775	0.8504286854803462	33.032
chr7	12829393	0.0	33.081
chr7	12845780	0.5394765619304371	33.081
chr7	12914365	0.0	33.118
chr7	12929987	1.4355440712029044	33.118
chr7	12947402	1.316890004093002	33.143
chr7	13003595	5.852842809364771	33.217
chr7	13016153	18.053756476683855	33.2905
chr7	13040857	0.0	33.7365
chr7	13085312	5.538461538461749	33.7365
chr7	13103187	13.740640433327977	33.8355
chr7	13115741	0.0	34.008
chr7	13148227	0.20134903855834851	34.008
chr7	13207825	3.5821798057077436	34.02
chr7	13283896	2.0470617426906195	34.2925
chr7	13332258	0.22471291778255303	34.3915
chr7	13441286	0.0	34.416
chr7	13518452	0.7686033379345996	34.416
chr7	13550328	0.0	34.4405
chr7	13572290	0.0	34.4405
chr7	13646328	0.0	34.4405
chr7	13656843	16.36246835203869	34.4405
chr7	13683306	0.0	34.8735
chr7	13734108	0.0	34.8735
chr7	13771168	0.37202380952389413	34.8735
chr7	13804768	0.5542008423850914	34.886
chr7	13827323	2.0700352631344536	34.8985
chr7	13916935	8.472553699283978	35.084
chr7	13950455	2.6691360714674524	35.368
chr7	13968813	0.0	35.417
chr7	13981458	2.4166736512726206	35.417
chr7	14053044	0.3219989696031874	35.59
chr7	14091864	0.0	35.6025
chr7	14107645	0.0	35.6025
chr7	14152429	3.463879545090538	35.6025
chr7	14177401	0.7901494699414272	35.689
chr7	14192588	0.0	35.701
chr7	14209910	0.907056018024046	35.701
chr7	14278263	0.0	35.763
chr7	14308272	27.660930528999653	35.763
chr7	14323962	0.0	36.197
chr7	14366242	0.0	36.197
chr7	14430678	0.0	36.197
chr7	14454998	0.0	36.197
chr7	14474221	0.0	36.197
chr7	14502883	0.6315457081206491	36.197
chr7	14521884	0.0	36.209
chr7	14529296	0.7455787182010253	36.209
chr7	14562827	3.5641442963389176	36.234
chr7	14611366	1.6741527153941018	36.407
chr7	14648101	0.0	36.4685
chr7	14660128	1.9470609903700153	36.4685
chr7	14717137	3.061035186444547	36.5795
chr7	14733308	4.75684551117986	36.629
chr7	14754015	0.47554347826093357	36.7275
chr7	14805535	0.0	36.752
chr7	14822589	5.285024744913602	36.752
chr7	14838956	0.9621926329088302	36.8385
chr7	14890401	0.0	36.888
chr7	14946440	0.6026763750861777	36.888
chr7	14987092	0.0	36.9125
chr7	15004763	0.5000833472245564	36.9125
chr7	15028759	0.9995759374809631	36.9245
chr7	15078280	1.1831747718164531	36.974
chr7	15098987	0.922166198146708	36.9985
chr7	15166220	0.0	37.0605
chr7	15192408	0.0	37.0605
chr7	15224169	0.5585812037425153	37.0605
chr7	15245652	29.610941442039906	37.0725
chr7	15260714	24.160938131823656	37.5185
chr7	15275552	0.6947368421051897	37.877
chr7	15346802	2.1223146223149083	37.9265
chr7	15358346	5.86122780864622	37.951
chr7	15373104	2.6853834828001433	38.0375
chr7	15432872	2.902508273504873	38.198
chr7	15488169	0.0	38.3585
chr7	15512744	1.7582983103181742	38.3585
chr7	15582698	0.0	38.4815
chr7	15609436	0.8538604843717981	38.4815
chr7	15667408	0.7914063819010937	38.531
chr7	15714792	0.0	38.5685
chr7	15725656	4.637844813679611	38.5685
chr7	15762850	2.443848001130129	38.741
chr7	15798245	1.9550958627648087	38.8275
chr7	15829957	1.3829034540425569	38.8895
chr7	15892145	0.0	38.9755
chr7	15917372	0.0	38.9755
chr7	15967819	0.0	38.9755
chr7	16019907	0.0	38.9755
chr7	16043288	7.024628860701891	38.9755
chr7	16078450	0.0	39.2225
chr7	16097482	0.6015688916696108	39.2225
chr7	16139040	0.3527884398282834	39.2475
chr7	16174472	2.0750392085896614	39.26
chr7	16215917	1.7015070491008608	39.346
chr7	16230316	0.0	39.3705
chr7	16266395	2.1625412782371805	39.3705
chr7	16300614	17.358270017533847	39.4445
chr7	16317724	0.0	39.7415
chr7	16427125	3.4502051473329947	39.7415
chr7	16437849	1.492657737614936	39.7785
chr7	16487425	20.525191805742523	39.8525
chr7	16500068	3.2363307608652914	40.112
chr7	16576389	3.7376539033958434	40.359
chr7	16605953	0.0	40.4695
chr7	16619552	0.0	40.4695
chr7	16657431	8.719418799095132	40.4695
chr7	16728594	17.045795570493905	41.09
chr7	16745255	0.0	41.374
chr7	16758806	6.022495793109522	41.374
chr7	16803970	0.0	41.646
chr7	16929291	9.036948112578392	41.646
chr7	16944285	0.0	41.7815
chr7	16962830	1.4106181072069284	41.7815
chr7	17033012	4.10136712237428	41.8805
chr7	17063002	3.567200946987858	42.0035
chr7	17094259	0.0	42.115
chr7	17112441	12.660342683175761	42.115
chr7	17166310	0.4961892664339013	42.797
chr7	17191502	2.487200697534	42.8095
chr7	17280960	0.0	43.032
chr7	17305643	0.9961813049975473	43.032
chr7	17317689	3.67155499904501	43.044
chr7	17364808	0.96857511838144	43.217
chr7	17415914	0.16216896019907856	43.2665
chr7	17566991	3.6166365280292085	43.291
chr7	17584134	4.034205517202178	43.353
chr7	17654532	0.0	43.637
chr7	17665900	0.3178611861011639	43.637
chr7	17780730	0.0	43.6735
chr7	17805258	5.791764312018809	43.6735
chr7	17835128	0.0	43.8465
chr7	17861660	0.0	43.8465
chr7	17908535	0.05358092004870652	43.8465
chr7	18141827	0.39254170755644274	43.859
chr7	18172397	0.0	43.871
chr7	18186148	0.6191490415570725	43.871
chr7	18206337	11.76330798479132	43.8835
chr7	18210545	0.7657443241788744	43.933
chr7	18307183	0.523124225989736	44.007
chr7	18354017	0.09153686738870427	44.0315
chr7	18627131	0.941212383302359	44.0565
chr7	18666442	0.0	44.0935
chr7	18708914	0.5822264718969442	44.0935
chr7	18814543	0.0	44.155
chr7	18850046	14.285714285714828	44.155
chr7	18854351	0.0	44.2165
chr7	18923383	0.0	44.2165
chr7	18948674	0.0	44.2165
chr7	19010123	4.956795498693688	44.2165
chr7	19039981	1.7101394985219578	44.3645
chr7	19162778	0.0	44.5745
chr7	19185166	0.0	44.5745
chr7	19207240	0.0	44.5745
chr7	19228483	5.853384595446904	44.5745
chr7	19251632	0.7376944927290133	44.71
chr7	19369567	7.699640683434804	44.797
chr7	19396841	1.0265730970532294	45.007
chr7	19456262	0.7977365554799485	45.068
chr7	19503270	0.0	45.1055
chr7	19531761	0.6773381991098752	45.1055
chr7	19567932	7.006686584150965	45.13
chr7	19581990	7.391810769644365	45.2285
chr7	19615473	0.0	45.476
chr7	19658766	0.0	45.476
chr7	19684375	5.859838594825481	45.476
chr7	19718079	2.3643538881452475	45.6735
chr7	19833121	0.5807763043268055	45.9455
chr7	19853783	0.79059829059827	45.9575
chr7	19900583	0.3442026440382162	45.9945
chr7	19971762	5.764760576476497	46.019
chr7	19982517	2.1154643301267297	46.081
chr7	20052478	1.6605331657839975	46.229
chr7	20074760	0.0	46.266
chr7	20105439	0.3331512106714806	46.266
chr7	20180480	0.6304196793866479	46.291
chr7	20219343	2.2794480039427696	46.3155
chr7	20235575	1.3872704067476045	46.3525
chr7	20253596	0.5285298241830072	46.3775
chr7	20299951	1.2523588951791609	46.402
chr7	20329096	1.7929438982071926	46.4385
chr7	20363676	0.3478212477042611	46.5005
chr7	20399614	0.5339145444173566	46.513
chr7	20467977	0.4078702646260886	46.5495
chr7	20498624	2.843876958792774	46.562
chr7	20515854	2.699104333091249	46.611
chr7	20557164	0.40763638834161475	46.7225
chr7	20586602	0.6206616435668092	46.7345
chr7	20805723	0.7298624319901192	46.8705
chr7	20873544	0.0	46.92
chr7	20918855	2.4190912062764975	46.92
chr7	20980035	1.5846855983776424	47.068
chr7	20987923	0.8833271991167063	47.0805
chr7	21001508	1.1218977826464587	47.0925
chr7	21133873	0.0	47.241
chr7	21152248	1.7700368167656881	47.241
chr7	21166372	0.289385798196415	47.266
chr7	21294229	0.21861507350932677	47.303
chr7	21349120	0.34728975078495383	47.315
chr7	21385113	0.0	47.3275
chr7	21483741	0.0	47.3275
chr7	21518890	0.5418897172321135	47.3275
chr7	21610237	0.0	47.377
chr7	21651466	0.0	47.377
chr7	21673792	0.0	47.377
chr7	21886879	0.0	47.377
chr7	21926287	0.0	47.377
chr7	21940476	0.0	47.377
chr7	22008243	0.0	47.377
chr7	22038960	1.3553508699139625	47.377
chr7	22075113	0.24201355275887196	47.426
chr7	22126763	0.0	47.4385
chr7	22152107	0.0	47.4385
chr7	22172926	0.0	47.4385
chr7	22184942	1.7694036631437537	47.4385
chr7	22205853	0.5001622147724416	47.4755
chr7	22279829	0.881674259274662	47.5125
chr7	22616121	1.2983699078382653	47.809
chr7	22682743	0.5307973017804027	47.8955
chr7	22727958	0.4095540775204889	47.9195
chr7	22758479	3.2673566518093566	47.932
chr7	22784953	0.14733385852339118	48.0185
chr7	22951242	0.21206928727758756	48.043
chr7	23010185	0.0	48.0555
chr7	23037873	0.11879193355250353	48.0555
chr7	23143099	0.0	48.068
chr7	23153001	0.70469479097227	48.068
chr7	23205506	0.0	48.105
chr7	23232353	0.2883012046315677	48.105
chr7	23360691	1.35590978239291	48.142
chr7	23406048	0.3125569765321922	48.2035
chr7	23444441	0.0	48.2155
chr7	23460183	2.8829163954247523	48.2155
chr7	23481689	0.0	48.2775
chr7	23504077	7.3260073260072005	48.2775
chr7	23515816	0.5474830576188783	48.3635
chr7	23583398	0.0	48.4005
chr7	23607786	0.0	48.4005
chr7	23632809	0.9393552265724272	48.4005
chr7	23659423	0.7223258893637787	48.4255
chr7	23676036	0.0	48.4375
chr7	23701793	0.31332639837569815	48.4375
chr7	23781582	0.12951929837547538	48.4625
chr7	23970743	0.8288575028178328	48.487
chr7	23985824	3.6031157579039825	48.4995
chr7	24033838	0.0	48.6725
chr7	24165492	1.921598770176678	48.6725
chr7	24178502	0.0	48.6975
chr7	24193864	0.0	48.6975
chr7	24217930	2.091332967635763	48.6975
chr7	24247098	7.592013569574818	48.7585
chr7	24296031	0.0	49.13
chr7	24376166	0.8689933768612672	49.13
chr7	24418744	0.0	49.167
chr7	24479350	0.3871365558510236	49.167
chr7	24764779	0.0	49.2775
chr7	24787810	0.6036314467838173	49.2775
chr7	24829226	0.3319410251445452	49.3025
chr7	24865377	0.625537077288515	49.3145
chr7	24944509	0.7178544765406789	49.364
chr7	24979335	1.6880011253341474	49.389
chr7	24986444	0.0	49.401
chr7	25014856	0.0	49.401
chr7	25038024	3.1537674735764605	49.401
chr7	25049756	0.0	49.438
chr7	25082299	0.0	49.438
chr7	25091205	0.2639804020948584	49.438
chr7	25138557	1.2901712409102062	49.4505
chr7	25176924	0.0	49.5
chr7	25205404	4.211930627025036	49.5
chr7	25231639	0.4574063231848557	49.6105
chr7	25258967	0.0	49.623
chr7	25307784	0.29310385255710464	49.623
chr7	25350431	0.0	49.6355
chr7	25420581	1.123440939104741	49.6355
chr7	25442389	0.3035773555579057	49.66
chr7	25565916	0.0	49.6975
chr7	25616872	0.3073062050244681	49.6975
chr7	25655921	0.3435009618027712	49.7095
chr7	25692311	1.3006449773722213	49.722
chr7	25720374	0.0	49.7585
chr7	25772949	0.337691808947463	49.7585
chr7	25846981	0.675959588578222	49.7835
chr7	25901718	0.0	49.8205
chr7	25934909	0.0	49.8205
chr7	25967156	1.0329136540018156	49.8205
chr7	26002977	0.0	49.8575
chr7	26015938	9.991564345299489	49.8575
chr7	26069283	0.0	50.3905
chr7	26083217	0.0	50.3905
chr7	26125114	0.6215771259617483	50.3905
chr7	26184640	0.0	50.4275
chr7	26206556	0.0	50.4275
chr7	26230822	4.720598102175853	50.4275
chr7	26251688	1.8078764780611276	50.526
chr7	26313086	9.048569527611392	50.637
chr7	26343146	0.0	50.909
chr7	26394737	0.0	50.909
chr7	26416163	0.0	50.909
chr7	26451149	2.342365155735568	50.909
chr7	26466945	0.0	50.946
chr7	26501974	0.6206245965941533	50.946
chr7	26522115	0.9775484367237695	50.9585
chr7	26584516	2.0103972057508863	51.0195
chr7	26633760	6.867370443823118	51.1185
chr7	26714941	0.0	51.676
chr7	26737101	0.3788139679040856	51.676
chr7	26867772	0.0	51.7255
chr7	26902444	0.727641559357939	51.7255
chr7	26970472	0.0	51.775
chr7	27011171	0.36296059699767247	51.775
chr7	27045610	1.9417475728156077	51.7875
chr7	27057970	0.0	51.8115
chr7	27107090	0.4504179878926109	51.8115
chr7	27134842	0.0	51.824
chr7	27152106	0.0	51.824
chr7	27221784	0.0	51.824
chr7	27284957	0.0	51.824
chr7	27310754	0.0	51.824
chr7	27333264	0.0	51.824
chr7	27386431	6.193693693693929	51.824
chr7	27394423	0.0	51.8735
chr7	27487943	0.7066305499941382	51.8735
chr7	27504925	0.0	51.8855
chr7	27519265	0.0	51.8855
chr7	27549576	0.0	51.8855
chr7	27562669	0.0	51.8855
chr7	27652362	0.0	51.8855
chr7	27707774	0.0	51.8855
chr7	27739780	0.0	51.8855
chr7	27765367	0.0	51.8855
chr7	27789030	0.0	51.8855
chr7	27809796	0.0	51.8855
chr7	27840936	0.2728364072902509	51.8855
chr7	27886751	3.8575822342698256	51.898
chr7	27905934	0.0	51.972
chr7	27963261	0.0	51.972
chr7	27996418	0.0	51.972
chr7	28029698	0.293076363977298	51.972
chr7	28072349	0.5632831359927186	51.9845
chr7	28115844	2.983271375464665	52.009
chr7	28169644	0.0	52.1695
chr7	28209684	0.0	52.1695
chr7	28252779	0.0	52.1695
chr7	28332740	0.0	52.1695
chr7	28375934	0.0	52.1695
chr7	28383119	0.0	52.1695
chr7	28404748	0.0	52.1695
chr7	28439897	0.0	52.1695
chr7	28451790	0.4149377593361939	52.1695
chr7	28481915	0.0	52.182
chr7	28521420	0.0	52.182
chr7	28541773	0.7182669654654793	52.182
chr7	28559176	0.4827031375704125	52.1945
chr7	28584036	0.0	52.2065
chr7	28625618	0.822699798522609	52.2065
chr7	28655398	0.0	52.231
chr7	28721663	0.0	52.231
chr7	28798508	0.0	52.231
chr7	28837943	0.0	52.231
chr7	28897344	6.505026611472514	52.231
chr7	28927782	0.2401890140485691	52.429
chr7	29029785	0.15499670631999657	52.4535
chr7	29107206	0.0	52.4655
chr7	29122741	0.0	52.4655
chr7	29136707	0.41988579106492585	52.4655
chr7	29166477	0.0	52.478
chr7	29228733	0.4450774434750129	52.478
chr7	29256818	2.044392523364761	52.4905
chr7	29268802	0.0	52.515
chr7	29289200	0.7974092336734445	52.515
chr7	29350649	0.0	52.564
chr7	29372985	2.2412470217662865	52.564
chr7	29422511	0.6193637895155506	52.675
chr7	29442693	0.0	52.6875
chr7	29476172	0.0	52.6875
chr7	29487702	0.0	52.6875
chr7	29522460	0.31741096298603777	52.6875
chr7	29599647	0.0	52.712
chr7	29685246	0.0	52.712
chr7	29707156	0.0	52.712
chr7	29744641	0.0	52.712
chr7	29781371	0.0	52.712
chr7	29822043	0.0	52.712
chr7	29842918	0.0	52.712
chr7	29878704	0.0	52.712
chr7	29899323	0.0	52.712
chr7	29948362	0.0	52.712
chr7	29957235	0.0	52.712
chr7	30013399	0.0	52.712
chr7	30031472	2.172891707775372	52.712
chr7	30048500	0.0	52.749
chr7	30083246	6.891881125010031	52.749
chr7	30095797	0.6118752753436653	52.8355
chr7	30116226	0.0	52.848
chr7	30144080	0.0	52.848
chr7	30176518	0.0	52.848
chr7	30197013	0.0	52.848
chr7	30213770	0.0	52.848
chr7	30234690	0.0	52.848
chr7	30265670	0.24249243423610697	52.848
chr7	30317218	5.43260364044585	52.8605
chr7	30342160	0.0	52.996
chr7	30356984	0.0	52.996
chr7	30476052	0.0	52.996
chr7	30497304	0.6331076541422346	52.996
chr7	30536002	0.0	53.0205
chr7	30582463	0.0	53.0205
chr7	30613006	0.0	53.0205
chr7	30679683	0.0	53.0205
chr7	30716799	0.0	53.0205
chr7	30761487	0.0	53.0205
chr7	30786797	0.0	53.0205
chr7	30821001	0.0	53.0205
chr7	30836383	0.0	53.0205
chr7	30885615	0.0	53.0205
chr7	30893734	1.1808206106870676	53.0205
chr7	30935654	0.1987926389925367	53.07
chr7	31058898	0.0	53.0945
chr7	31090798	0.0	53.0945
chr7	31132969	0.0	53.0945
chr7	31161759	0.6263152620504481	53.0945
chr7	31181717	0.0	53.107
chr7	31235548	0.0	53.107
chr7	31267284	0.2913328477785981	53.107
chr7	31308474	2.1818662670251885	53.119
chr7	31421909	0.0	53.3665
chr7	31496995	0.33723795234616016	53.3665
chr7	31569644	0.2280193956090286	53.391
chr7	31677091	0.0	53.4155
chr7	31763706	0.25797776700699865	53.4155
chr7	31955583	0.7998432960071885	53.465
chr7	31986214	0.33428716604719716	53.4895
chr7	32023607	0.3860382821296591	53.502
chr7	32054692	0.0	53.514
chr7	32126159	0.0	53.514
chr7	32150538	0.0	53.514
chr7	32183989	0.0	53.514
chr7	32209269	0.0	53.514
chr7	32256683	0.22751679073907896	53.514
chr7	32311624	0.0	53.5265
chr7	32328187	0.6195320651737697	53.5265
chr7	32527531	0.0	53.65
chr7	32564401	0.19767846411745013	53.65
chr7	32627635	0.0	53.6625
chr7	32640405	0.0	53.6625
chr7	32699379	2.3064770932067393	53.6625
chr7	32715204	0.0	53.699
chr7	32755131	3.2958562581400295	53.699
chr7	32792754	0.7280803683057331	53.823
chr7	32860741	0.0	53.8725
chr7	32947063	0.0	53.8725
chr7	32995068	0.0	53.8725
chr7	33003677	0.0	53.8725
chr7	33062599	0.1089829169277757	53.8725
chr7	33172708	0.8402407176109693	53.8845
chr7	33216743	6.044160804956343	53.9215
chr7	33259677	0.0	54.181
chr7	33285345	0.0	54.181
chr7	33332687	0.47350278419647873	54.181
chr7	33359086	0.0	54.1935
chr7	33382728	0.0	54.1935
chr7	33391053	0.0	54.1935
chr7	33435963	0.0	54.1935
chr7	33443076	0.0	54.1935
chr7	33466656	0.0	54.1935
chr7	33510819	0.0	54.1935
chr7	33546016	0.0	54.1935
chr7	33591400	0.0	54.1935
chr7	33595512	0.0	54.1935
chr7	33664276	0.0	54.1935
chr7	33729397	0.0	54.1935
chr7	33759712	0.0	54.1935
chr7	33792868	0.0	54.1935
chr7	33896581	0.0	54.1935
chr7	33964389	0.0	54.1935
chr7	34123153	0.0	54.1935
chr7	34136278	0.0	54.1935
chr7	34151757	0.0	54.1935
chr7	34166931	0.0	54.1935
chr7	34187291	1.5646320385699723	54.1935
chr7	34242256	0.25676314113762183	54.2795
chr7	34290939	0.0	54.292
chr7	34343168	1.175760272013697	54.292
chr7	34374637	3.0654072357867945	54.329
chr7	34402692	0.0	54.415
chr7	34422958	0.15788410043958523	54.415
chr7	34502130	0.0	54.4275
chr7	34538677	0.6108811649128857	54.4275
chr7	34578783	0.8415997127339967	54.452
chr7	34623341	1.995357739137496	54.4895
chr7	34647898	1.4530437442643003	54.5385
chr7	34732892	5.637665701660949	54.662
chr7	34759144	0.0	54.81
chr7	34772624	0.3116453603001487	54.81
chr7	34851239	0.26096033402928687	54.8345
chr7	34899139	0.4425092041912963	54.847
chr7	34927387	1.7624083071354952	54.8595
chr7	34969375	0.1240297257909526	54.9335
chr7	35066126	1.27668266775603	54.9455
chr7	35085708	2.5357410246354712	54.9705
chr7	35197904	0.7836492640050627	55.255
chr7	35245119	0.6842228230031845	55.292
chr7	35335002	0.0	55.3535
chr7	35364146	0.0	55.3535
chr7	35411076	0.0	55.3535
chr7	35436468	0.0	55.3535
chr7	35448299	0.0	55.3535
chr7	35479882	2.4221453287200494	55.3535
chr7	35500112	0.0	55.4025
chr7	35594622	0.9808469746172453	55.4025
chr7	35670067	0.0	55.4765
chr7	35682342	0.0	55.4765
chr7	35727229	7.467189621360614	55.4765
chr7	35747116	0.0	55.625
chr7	35785387	0.30903112561504226	55.625
chr7	35825836	0.0	55.6375
chr7	35844521	5.210529486175372	55.6375
chr7	35877723	0.3832151753209572	55.8105
chr7	35909037	0.0	55.8225
chr7	35945535	0.9849642196672549	55.8225
chr7	35970409	0.5794190358467463	55.847
chr7	36035129	2.7108767012132806	55.8845
chr7	36062242	0.0	55.958
chr7	36120460	0.16701774478327433	55.958
chr7	36267151	0.0	55.9825
chr7	36323987	0.7186000893394519	55.9825
chr7	36375476	0.2599563273369187	56.0195
chr7	36423561	0.14516147762774606	56.032
chr7	36509672	0.48360671917260406	56.0445
chr7	36560333	0.46096544603000833	56.069
chr7	36587450	5.051634791037557	56.0815
chr7	36614273	0.38982099419955224	56.217
chr7	36646339	0.0	56.2295
chr7	36677044	18.135439234048196	56.2295
chr7	36691353	0.31120331950208646	56.489
chr7	36729913	0.5486185784196643	56.501
chr7	36775482	3.040490433578644	56.526
chr7	36795709	7.1627152675884105	56.5875
chr7	36821607	17.143620667619377	56.773
chr7	36907674	5.328527210751196	58.2485
chr7	36933197	0.0	58.3845
chr7	36957610	0.0	58.3845
chr7	36980973	0.2504156900453901	58.3845
chr7	37030890	0.0	58.397
chr7	37089710	0.4411155722799967	58.397
chr7	37145251	0.1436682527641282	58.4215
chr7	37232257	0.37763162035435865	58.434
chr7	37264034	0.0	58.446
chr7	37349320	0.0	58.446
chr7	37406846	0.22361359570662745	58.446
chr7	37460510	0.0	58.458
chr7	37497613	0.0	58.458
chr7	37543720	0.0	58.458
chr7	37672103	0.0	58.458
chr7	37749403	0.0	58.458
chr7	37857381	0.26368526526736186	58.458
chr7	37952191	0.0	58.483
chr7	38057568	0.0	58.483
chr7	38112848	0.0	58.483
chr7	38156398	0.433651344319266	58.483
chr7	38185223	0.7740427145205135	58.4955
chr7	38216875	0.0	58.52
chr7	38259164	0.0	58.52
chr7	38279745	0.0	58.52
chr7	38359411	0.0	58.52
chr7	38424547	0.0	58.52
chr7	38439289	0.0	58.52
chr7	38462357	0.08333000013329958	58.52
chr7	38612363	1.1971073976352633	58.5325
chr7	38632829	0.3056044106824302	58.557
chr7	38793167	1.2021964453975058	58.606
chr7	38823944	7.764409625069747	58.643
chr7	38838240	1.0792206276980232	58.754
chr7	38872524	0.0	58.791
chr7	38893956	1.7239377757140193	58.791
chr7	38980096	1.082975276466775	58.9395
chr7	39036884	0.8151721843288404	59.001
chr7	39066939	0.0	59.0255
chr7	39120696	0.0	59.0255
chr7	39132276	2.9589347834778708	59.0255
chr7	39157285	0.3805522574359695	59.0995
chr7	39222979	0.0	59.1245
chr7	39227670	0.0	59.1245
chr7	39257128	3.41534815640897	59.1245
chr7	39271475	0.0	59.1735
chr7	39303645	0.0	59.1735
chr7	39316385	1.2459590517243446	59.1735
chr7	39346081	0.0	59.2105
chr7	39367252	1.485748938750527	59.2105
chr7	39383742	0.0	59.235
chr7	39416436	0.0	59.235
chr7	39472825	1.2326200571935004	59.235
chr7	39493107	1.4491050797007416	59.26
chr7	39518640	0.4036598493003382	59.297
chr7	39548368	2.780820763461806	59.309
chr7	39583969	0.4054948692485302	59.408
chr7	39644389	4.072278827447487	59.4325
chr7	39674716	0.0	59.556
chr7	39711322	9.496112528933688	59.556
chr7	39728171	0.0	59.716
chr7	39805127	0.0	59.716
chr7	39876819	0.0	59.716
chr7	39967034	0.0	59.716
chr7	40003756	0.0	59.716
chr7	40103126	0.0	59.716
chr7	40117253	0.0	59.716
chr7	40160013	0.0	59.716
chr7	40195098	0.0	59.716
chr7	40200173	0.5443738229755036	59.716
chr7	40268141	0.0	59.753
chr7	40305485	0.0	59.753
chr7	40326216	0.0	59.753
chr7	40342036	1.3520426806986419	59.753
chr7	40369402	0.0	59.79
chr7	40378277	0.0	59.79
chr7	40400606	1.3348434592671001	59.79
chr7	40437689	0.42263997836068895	59.8395
chr7	40467265	0.0	59.852
chr7	40482870	0.4609385705921957	59.852
chr7	40563141	28.690421101340867	59.889
chr7	40565302	5.241153659718911	59.951
chr7	40581806	5.964656880585582	60.0375
chr7	40606535	6.836606769745072	60.185
chr7	40666360	1.6623693852623282	60.594
chr7	40681098	0.812585321458938	60.6185
chr7	40696481	5.9502344031734395	60.631
chr7	40754714	9.330342467077944	60.9775
chr7	40806427	0.5204863424381969	61.46
chr7	40830443	0.5041135667044218	61.4725
chr7	40855239	0.0	61.485
chr7	40867269	0.49650460756287107	61.485
chr7	40892445	0.0	61.4975
chr7	40992619	5.40600176522501	61.4975
chr7	41001683	0.0	61.5465
chr7	41053414	0.24570749014711568	61.5465
chr7	41155161	0.0	61.5715
chr7	41182728	0.0	61.5715
chr7	41231235	0.96099943941703	61.5715
chr7	41243722	0.0	61.5835
chr7	41257080	0.2663484690289092	61.5835
chr7	41304011	0.09472352098696485	61.596
chr7	41435974	2.7037466203166964	61.6085
chr7	41454097	0.0	61.6575
chr7	41482406	0.0	61.6575
chr7	41518699	1.3174292326864532	61.6575
chr7	41546784	0.1745883207397355	61.6945
chr7	41618381	2.053616029305602	61.707
chr7	41672432	0.0	61.818
chr7	41693952	1.4971877149677917	61.818
chr7	41718665	0.15774562571383483	61.855
chr7	41877148	0.0	61.88
chr7	41907832	13.284190715181841	61.88
chr7	41971592	2.34019973332623	62.727
chr7	42008341	0.0	62.813
chr7	42020441	0.0	62.813
chr7	42043173	0.5459230466871527	62.813
chr7	42066070	2.496878901373458	62.8255
chr7	42095707	2.2736059205802746	62.8995
chr7	42150026	0.0	63.023
chr7	42175007	0.0	63.023
chr7	42202731	0.7195072814134424	63.023
chr7	42220104	0.0	63.0355
chr7	42248608	2.4152991000531863	63.0355
chr7	42263720	0.0	63.072
chr7	42284033	0.0	63.072
chr7	42296343	0.0	63.072
chr7	42354276	0.0	63.072
chr7	42356458	0.0	63.072
chr7	42458929	1.222312560428917	63.072
chr7	42640961	35.7458075904678	63.2945
chr7	42672685	0.0	64.4285
chr7	42731708	0.6310692115499394	64.4285
chr7	42770531	0.20773091368369798	64.453
chr7	42830705	0.0	64.4655
chr7	42852037	0.0	64.4655
chr7	42881404	0.0	64.4655
chr7	42930615	0.0	64.4655
chr7	43016322	0.0	64.4655
chr7	43052810	0.15256554215677184	64.4655
chr7	43134742	0.317411949925163	64.478
chr7	43174123	0.3414425949637347	64.4905
chr7	43209268	19.65038811808571	64.5025
chr7	43225629	0.0	64.824
chr7	43245761	1.5640382355743492	64.824
chr7	43308739	0.29279490302639466	64.9225
chr7	43351431	0.0	64.935
chr7	43363294	0.0	64.935
chr7	43478518	0.0	64.935
chr7	43560864	0.7994898053496581	64.935
chr7	43669058	0.0	65.0215
chr7	43714817	0.21610718916583443	65.0215
chr7	43770345	0.0	65.0335
chr7	43782671	0.0	65.0335
chr7	43797507	0.0	65.0335
chr7	43839662	7.426267769997657	65.0335
chr7	43867940	1.4162137334458447	65.2435
chr7	43894066	0.0	65.2805
chr7	44057224	0.5589589947679532	65.2805
chr7	44101950	0.0	65.3055
chr7	44127593	0.16944964168461826	65.3055
chr7	44269228	0.0	65.3295
chr7	44286247	2.684331298436923	65.3295
chr7	44309344	0.8903855008627208	65.3915
chr7	44489603	0.0	65.552
chr7	44524116	0.0	65.552
chr7	44548150	0.3648167726370905	65.552
chr7	44615307	0.0	65.5765
chr7	44746957	0.0	65.5765
chr7	44805440	0.0	65.5765
chr7	44914106	0.0	65.5765
chr7	44940444	0.0	65.5765
chr7	44962257	0.5615958307126805	65.5765
chr7	44984515	2.123113416809237	65.589
chr7	45094966	0.0	65.8235
chr7	45120040	0.5797101449275582	65.8235
chr7	45140740	0.0	65.8355
chr7	45187443	0.3477187964442815	65.8355
chr7	45365748	0.5060935710781223	65.8975
chr7	45463556	0.8139805309147579	65.947
chr7	45493655	0.0	65.9715
chr7	45539292	0.7617714273947813	65.9715
chr7	45587863	0.8334084151726763	66.0085
chr7	45632259	0.0	66.0455
chr7	45698912	0.0	66.0455
chr7	45711667	0.0	66.0455
chr7	45733936	3.564511476490745	66.0455
chr7	45758203	1.2219901388237424	66.132
chr7	45828580	0.4452042597144582	66.218
chr7	45856657	0.0	66.2305
chr7	45925390	0.0	66.2305
chr7	45959498	0.1696847935273889	66.2305
chr7	46033164	0.5063343460020935	66.243
chr7	46081551	0.0	66.2675
chr7	46094908	1.8012825131497718	66.2675
chr7	46108787	0.0	66.2925
chr7	46124357	0.0	66.2925
chr7	46144907	0.0	66.2925
chr7	46228231	1.2356963910890901	66.2925
chr7	46257769	0.0	66.329
chr7	46283436	0.7319786847808656	66.329
chr7	46334667	0.0	66.3665
chr7	46374253	0.8336807002918198	66.3665
chr7	46388647	0.1475692394872009	66.3785
chr7	46473353	0.0	66.391
chr7	46492127	0.0	66.391
chr7	46524361	0.5469848853561896	66.391
chr7	46569152	2.116099513869382	66.4155
chr7	46604122	2.736585185459046	66.4895
chr7	46631163	0.9084302325573133	66.5635
chr7	46644923	0.0	66.576
chr7	46678047	0.0	66.576
chr7	46698009	0.0	66.576
chr7	46758292	0.0	66.576
chr7	46774252	0.0	66.576
chr7	46799406	0.3407060903516284	66.576
chr7	46908004	0.0	66.613
chr7	46948713	0.0	66.613
chr7	46977111	2.4788958863731834	66.613
chr7	46992037	0.0	66.65
chr7	47014760	0.0	66.65
chr7	47080206	8.602150537634735	66.65
chr7	47081601	0.05849622582345666	66.662
chr7	47295290	0.0	66.6745
chr7	47307547	0.0	66.6745
chr7	47324212	0.2945652707545892	66.6745
chr7	47364950	0.0	66.6865
chr7	47390388	0.0	66.6865
chr7	47403713	0.1752270943142711	66.6865
chr7	47475049	0.10873914783307098	66.699
chr7	47590003	0.0	66.7115
chr7	47602465	0.0	66.7115
chr7	47604013	0.3806913354652914	66.7115
chr7	47636848	0.0	66.724
chr7	47750128	0.0	66.724
chr7	47774243	0.3774415751895214	66.724
chr7	47806036	0.0	66.736
chr7	47820034	0.0	66.736
chr7	47871021	0.0	66.736
chr7	47918830	0.0	66.736
chr7	47941332	0.4036294358875922	66.736
chr7	47972301	1.0312822275684295	66.7485
chr7	47983937	0.0	66.7605
chr7	48022422	0.0	66.7605
chr7	48045637	1.8140479876165114	66.7605
chr7	48066309	0.0	66.798
chr7	48095613	0.23133867982727588	66.798
chr7	48147485	0.5842486562282235	66.81
chr7	48168880	10.006387055567359	66.8225
chr7	48192365	0.0	67.0575
chr7	48218971	2.6467521588407497	67.0575
chr7	48331184	0.0	67.3545
chr7	48356543	0.0	67.3545
chr7	48384634	0.0	67.3545
chr7	48419272	0.0	67.3545
chr7	48435582	0.0	67.3545
chr7	48472174	0.0	67.3545
chr7	48496619	0.6171569635877626	67.3545
chr7	48516063	0.6396866840731932	67.3665
chr7	48554363	0.5031343912752679	67.391
chr7	48627902	0.2281583966853667	67.428
chr7	48737475	0.4458149125088403	67.453
chr7	48764392	0.0	67.465
chr7	48841364	0.09587580631555291	67.465
chr7	48971741	0.0	67.4775
chr7	49019420	5.4719562243504125	67.4775
chr7	49021613	2.0336777027569735	67.4895
chr7	49033906	0.0	67.5145
chr7	49073135	0.0	67.5145
chr7	49134859	0.0	67.5145
chr7	49184639	0.0	67.5145
chr7	49209300	0.2773155851358951	67.5145
chr7	49252572	0.526315789473755	67.5265
chr7	49299122	0.5893408938866543	67.551
chr7	49361904	0.12343850293786443	67.588
chr7	49463169	0.0	67.6005
chr7	49468195	0.6166140489346311	67.6005
chr7	49488467	0.0	67.613
chr7	49541222	0.0	67.613
chr7	49605656	0.6698930905313565	67.613
chr7	49642229	0.0	67.6375
chr7	49660080	0.7547397657289483	67.6375
chr7	49676642	0.25540609569216016	67.65
chr7	49723626	0.0	67.662
chr7	49736324	0.0	67.662
chr7	49765616	0.19260994175457843	67.662
chr7	49830514	0.0	67.6745
chr7	49873075	11.313971521218031	67.6745
chr7	49887261	0.0	67.835
chr7	49935044	3.7772204551017574	67.835
chr7	49967740	27.51131916199772	67.9585
chr7	49980771	0.0	68.317
chr7	49998682	0.5245268767572843	68.317
chr7	50022513	0.0	68.3295
chr7	50034185	1.0300782859499662	68.3295
chr7	50046320	11.872806111914064	68.342
chr7	50060849	0.0	68.5145
chr7	50081648	0.0	68.5145
chr7	50093535	0.29260369516670404	68.5145
chr7	50177266	35.2223253158231	68.539
chr7	50205288	3.006795743043942	69.526
chr7	50283278	0.0	69.7605
chr7	50389852	0.0	69.7605
chr7	50429944	0.0	69.7605
chr7	50450038	0.0	69.7605
chr7	50479394	0.0	69.7605
chr7	50493398	0.0	69.7605
chr7	50556511	0.0	69.7605
chr7	50570020	0.0	69.7605
chr7	50666427	0.0	69.7605
chr7	50682388	0.0	69.7605
chr7	50728560	0.0	69.7605
chr7	50959932	0.0	69.7605
chr7	51034118	0.0	69.7605
chr7	51118650	0.0	69.7605
chr7	51134093	0.0	69.7605
chr7	51170020	0.0	69.7605
chr7	51234822	0.0	69.7605
chr7	51295249	0.0	69.7605
chr7	51308240	0.0	69.7605
chr7	51328973	0.0	69.7605
chr7	51358814	0.0	69.7605
chr7	51376032	0.0	69.7605
chr7	51426274	0.0	69.7605
chr7	51570545	0.0	69.7605
chr7	51610272	0.0	69.7605
chr7	51847198	0.0	69.7605
chr7	51896813	0.0	69.7605
chr7	51910404	0.0	69.7605
chr7	51936026	0.0	69.7605
chr7	51954294	0.0	69.7605
chr7	52033313	0.0	69.7605
chr7	52073535	0.0	69.7605
chr7	52151658	0.0	69.7605
chr7	52220780	0.0	69.7605
chr7	52278594	0.0	69.7605
chr7	53103003	0.027868845100096084	69.7605
chr7	55776239	0.0	69.835
chr7	56195090	0.0	69.835
chr7	56326780	0.0	69.835
chr7	56418902	0.08107724634645966	69.835
chr7	56566909	0.42609862716890085	69.847
chr7	56856748	0.0	69.9705
chr7	56993585	0.0	69.9705
chr7	57114557	0.0	69.9705
chr7	57228769	0.0	69.9705
chr7	57274445	0.0922924711493945	69.9705
chr7	57409884	0.13429808693739564	69.983
chr7	57592314	0.0	70.0075
chr7	57618063	0.38562393953425395	70.0075
chr7	57650478	0.0	70.02
chr7	57663756	0.0	70.02
chr7	57679366	0.33402811180596553	70.02
chr7	57716788	0.4364588637521079	70.0325
chr7	57744282	0.96268807353691	70.0445
chr7	57808685	0.0	70.1065
chr7	57887198	3.4823529411765133	70.1065
chr7	57940323	0.0	70.2915
chr7	57980919	0.6931308104541853	70.2915
chr7	58265858	0.028646318231950324	70.489
chr7	58684760	0.0	70.501
chr7	58726346	0.0	70.501
chr7	58783932	0.0	70.501
chr7	58880936	0.0	70.501
chr7	58928696	0.0	70.501
chr7	58993481	0.0	70.501
chr7	59025161	0.0	70.501
chr7	59224418	1.3706749648066952	70.501
chr7	59251412	0.8393768466292534	70.538
chr7	59296088	2.6262971345601582	70.5755
chr7	59342922	0.1965346166512952	70.6985
chr7	59531184	0.0	70.7355
chr7	59598263	0.0	70.7355
chr7	59854561	0.4926496669689371	70.7355
chr7	59879934	0.5997698842075986	70.748
chr7	59961632	0.0	70.797
chr7	59970542	0.196218477501634	70.797
chr7	60097951	0.08608815426998404	70.822
chr7	60382543	1.5737649135492242	70.8465
chr7	60429564	0.0	70.9205
chr7	60442074	0.0	70.9205
chr7	60624441	0.0	70.9205
chr7	60635852	0.0	70.9205
chr7	60756180	0.0	70.9205
chr7	60891730	0.0	70.9205
chr7	61028363	0.0	70.9205
chr7	61141098	0.0	70.9205
chr7	61170828	0.06718082390563965	70.9205
chr7	61356893	0.0	70.933
chr7	61362990	0.0	70.933
chr7	61386873	0.0	70.933
chr7	61410123	0.251818126875816	70.933
chr7	61459762	0.2803943708935952	70.9455
chr7	61591719	0.22769238446953133	70.9825
chr7	61752023	0.3284633172166212	71.019
chr7	61828135	0.0	71.044
chr7	61987072	0.0	71.044
chr7	62093765	0.3584646088861065	71.044
chr7	62196983	0.0	71.081
chr7	62321157	0.6161581308228344	71.081
chr7	62341444	0.572950540431711	71.0935
chr7	62470600	0.0	71.1675
chr7	62700518	0.0	71.1675
chr7	62803950	0.0	71.1675
chr7	62881772	2.2263269734717532	71.1675
chr7	63014951	0.0	71.464
chr7	63161680	11.123936477202848	71.464
chr7	63215393	0.0	72.0615
chr7	63241479	0.0	72.0615
chr7	63388096	0.16405769362226338	72.0615
chr7	63461241	1.8027789177466564	72.0735
chr7	63495355	0.0	72.135
chr7	63522660	0.0	72.135
chr7	63556593	0.7964630538665546	72.135
chr7	63587354	0.15171007597644054	72.1595
chr7	63669748	0.0	72.172
chr7	63774205	0.06160218970811574	72.172
chr7	64374833	0.4930079480875827	72.209
chr7	64524932	0.26497085320620756	72.283
chr7	64572107	0.0	72.2955
chr7	64651602	0.030716681615458704	72.2955
chr7	65058547	0.0	72.308
chr7	65104047	0.11307100859326703	72.308
chr7	65210175	0.0	72.32
chr7	65277772	0.0	72.32
chr7	65296564	0.0	72.32
chr7	65303736	0.47149350281963837	72.32
chr7	65356759	0.0	72.345
chr7	65487054	0.29361360449652213	72.345
chr7	65570497	0.0	72.3695
chr7	65595702	0.0	72.3695
chr7	65625413	0.5207465422430779	72.3695
chr7	65649417	0.5832037325039101	72.382
chr7	65690569	0.0	72.406
chr7	65718809	3.8725439234847934	72.406
chr7	65738047	0.8390434904209519	72.4805
chr7	65752349	1.6611295681061369	72.4925
chr7	65782148	1.3481815989651935	72.542
chr7	65827765	0.839264133208194	72.6035
chr7	65842659	10.064145100641309	72.616
chr7	65883348	0.0	73.0255
chr7	65923622	0.0	73.0255
chr7	65989486	1.6513936617029574	73.0255
chr7	66041866	0.0	73.112
chr7	66235835	0.6662678124660963	73.112
chr7	66272607	0.7312012120813162	73.1365
chr7	66424412	0.4541074828614827	73.2475
chr7	66641321	0.0	73.346
chr7	66653130	0.0	73.346
chr7	66676229	1.8819907529648026	73.346
chr7	66854232	0.0	73.681
chr7	66900189	0.1655864124521205	73.681
chr7	67048148	0.0	73.7055
chr7	67122199	0.12111229532024846	73.7055
chr7	67225409	0.06450169152395988	73.718
chr7	67605244	0.0	73.7425
chr7	67635210	0.0	73.7425
chr7	67678461	0.7987737743138518	73.7425
chr7	67724782	0.0	73.7795
chr7	67757162	0.0	73.7795
chr7	67867876	0.0	73.7795
chr7	68027578	0.2368635476475251	73.7795
chr7	68080351	0.0	73.792
chr7	68130279	0.0	73.792
chr7	68167118	0.0	73.792
chr7	68213062	0.0	73.792
chr7	68247564	0.0	73.792
chr7	68344393	0.10780229920746201	73.792
chr7	68460346	0.20660118711924816	73.8045
chr7	68818524	0.0	73.8785
chr7	68834101	0.0	73.8785
chr7	68912428	0.0	73.8785
chr7	69111380	0.0	73.8785
chr7	69149848	0.0	73.8785
chr7	69357960	0.0	73.8785
chr7	69383998	0.0	73.8785
chr7	69416439	0.0	73.8785
chr7	69538336	0.0	73.8785
chr7	69618394	0.0	73.8785
chr7	69663668	0.0	73.8785
chr7	69719859	0.0	73.8785
chr7	69747753	0.28636200930677613	73.8785
chr7	69789658	0.29476521048637694	73.8905
chr7	69955892	0.15388971647362137	73.9395
chr7	70118346	0.0	73.9645
chr7	70133127	0.16345656141880915	73.9645
chr7	70206541	0.0	73.9765
chr7	70311551	0.0	73.9765
chr7	70379763	0.0	73.9765
chr7	70471588	5.760674679593738	73.9765
chr7	70501706	0.24233911650071305	74.15
chr7	70602804	0.0	74.1745
chr7	70706457	0.4786473204098475	74.1745
chr7	70886130	0.0	74.2605
chr7	71040247	0.05951587407394653	74.2605
chr7	71250275	0.0	74.273
chr7	71987007	2.604357347782382	74.273
chr7	72287465	0.0	75.0555
chr7	73038837	0.0	75.0555
chr7	73319024	0.0842948566650449	75.0555
chr7	73467313	0.08722651404084136	75.068
chr7	74034801	0.0	75.1175
chr7	74098996	0.03915695084819256	75.1175
chr7	74405455	0.0	75.1295
chr7	74432514	0.0	75.1295
chr7	74510002	0.3252914068853471	75.1295
chr7	74546892	0.0	75.1415
chr7	74580370	1.0151902541736468	75.1415
chr7	74726648	1.021247110775532	75.29
chr7	74920039	0.13183150878528174	75.4875
chr7	75014857	0.11201448720701636	75.5
chr7	75229115	1.5777143858865743	75.524
chr7	75354613	0.0	75.722
chr7	75514787	0.0	75.722
chr7	75551903	0.0	75.722
chr7	75613704	0.13626800100296346	75.722
chr7	75705435	0.1381819856751394	75.7345
chr7	75792277	0.0	75.7465
chr7	76020228	0.02934527177243761	75.7465
chr7	76446191	0.547381327728273	75.759
chr7	76469027	0.5802707930367724	75.7715
chr7	76489707	0.0	75.7835
chr7	76504054	0.0	75.7835
chr7	76719457	0.0	75.7835
chr7	76746126	0.0	75.7835
chr7	76806231	0.02152930396621939	75.7835
chr7	77386835	0.0	75.796
chr7	77439937	0.0	75.796
chr7	77471432	0.0	75.796
chr7	77511979	0.0	75.796
chr7	77641998	0.0	75.796
chr7	77652005	0.18396420792353907	75.796
chr7	77719953	0.9191078809516317	75.8085
chr7	77814066	0.0	75.895
chr7	78321329	0.0	75.895
chr7	78350071	0.0	75.895
chr7	78406441	2.1107952097874816	75.895
chr7	78429655	0.0	75.944
chr7	78482827	0.05788739936034643	75.944
chr7	78690126	0.0	75.956
chr7	78733016	0.0	75.956
chr7	78784488	0.0	75.956
chr7	78805489	0.0	75.956
chr7	78822465	0.0	75.956
chr7	78845496	0.0	75.956
chr7	78864967	0.0	75.956
chr7	78954512	0.0	75.956
chr7	78976340	3.0824342899986696	75.956
chr7	79000347	0.015157063555389781	76.03
chr7	79825045	0.0	76.0425
chr7	80121154	0.0	76.0425
chr7	80206464	0.0	76.0425
chr7	80260731	0.0	76.0425
chr7	80350424	0.1597811637182079	76.0425
chr7	80428656	0.7069890921679773	76.055
chr7	80463310	0.0	76.0795
chr7	80520779	0.6067059581002252	76.0795
chr7	80561161	0.0	76.104
chr7	80592971	0.4963573773116453	76.104
chr7	80717881	0.0	76.166
chr7	80755021	0.5538725866980896	76.166
chr7	80799255	2.0865269971046922	76.1905
chr7	80810997	1.3450055977111721	76.215
chr7	80875309	1.9079541059687526	76.3015
chr7	80914094	0.5287770883638531	76.3755
chr7	81077679	4.945320038597236	76.462
chr7	81102551	0.23608960072532093	76.585
chr7	81155497	2.3271903893326016	76.5975
chr7	81187295	0.0	76.6715
chr7	81209085	3.748686444103239	76.6715
chr7	81258569	0.9524364880363596	76.857
chr7	81310016	0.5124298871268185	76.906
chr7	81382221	0.4186941269662344	76.943
chr7	81470591	1.202572031609929	76.98
chr7	81490964	1.2531117540200576	77.0045
chr7	81550416	0.20421091236437308	77.079
chr7	81670390	1.0880581887558503	77.1035
chr7	81703936	0.7740517865614325	77.14
chr7	81784034	4.08376466118992	77.202
chr7	81805093	0.6502631601916788	77.288
chr7	81919662	0.0	77.3625
chr7	82044932	0.5872342465425876	77.3625
chr7	82128374	0.0	77.4115
chr7	82214664	0.0	77.4115
chr7	82317566	2.4417514839600525	77.4115
chr7	82378383	0.0	77.56
chr7	82417648	0.0	77.56
chr7	82449863	13.959053443232767	77.56
chr7	82464907	0.7644628099174822	77.77
chr7	82513307	0.7869137314665923	77.807
chr7	82653729	0.0	77.9175
chr7	82675974	0.0	77.9175
chr7	82693733	0.0	77.9175
chr7	82765858	0.0	77.9175
chr7	82803625	0.9994003597837886	77.9175
chr7	82828640	2.369394359685985	77.9425
chr7	82854596	0.4729660865798613	78.004
chr7	83168572	0.0	78.1525
chr7	83272241	0.0	78.1525
chr7	83303344	6.182415476570392	78.1525
chr7	83325261	0.0	78.288
chr7	83340408	0.0	78.288
chr7	83373090	0.0	78.288
chr7	83446123	14.790683741481697	78.288
chr7	83459476	0.0	78.4855
chr7	83487467	1.1240473013725298	78.4855
chr7	83542180	0.0	78.547
chr7	83572870	0.0	78.547
chr7	83607573	0.0	78.547
chr7	83676351	0.0	78.547
chr7	83703046	0.0	78.547
chr7	83764881	0.0	78.547
chr7	83810365	3.4590493193482263	78.547
chr7	83828289	0.0	78.609
chr7	83867778	0.0	78.609
chr7	83922253	0.0	78.609
chr7	83969054	0.0	78.609
chr7	84006617	0.41367898510757223	78.609
chr7	84035625	3.0779469262129724	78.621
chr7	84047646	0.0	78.658
chr7	84120439	0.0	78.658
chr7	84146529	0.0	78.658
chr7	84210718	0.0	78.658
chr7	84244610	0.0	78.658
chr7	84302643	0.0	78.658
chr7	84324359	0.07454364381259634	78.658
chr7	84492046	0.2763713546618949	78.6705
chr7	84537275	0.31925931838098925	78.683
chr7	84574862	0.3604486865250683	78.695
chr7	84609541	0.0	78.7075
chr7	84615628	0.951040933844127	78.7075
chr7	84654007	12.239557121288456	78.744
chr7	84703682	0.0	79.352
chr7	84737446	0.5252632982269103	79.352
chr7	84924971	0.0	79.4505
chr7	84947738	0.0	79.4505
chr7	84975915	0.0	79.4505
chr7	84999259	0.0	79.4505
chr7	85068542	0.0	79.4505
chr7	85076650	0.0	79.4505
chr7	85109359	0.0	79.4505
chr7	85125859	1.0599058803574626	79.4505
chr7	85149446	0.0	79.4755
chr7	85187780	0.36142623216845854	79.4755
chr7	85255567	0.5075167343356488	79.5
chr7	85328471	0.0	79.537
chr7	85352910	0.0	79.537
chr7	85406359	2.3271276595741064	79.537
chr7	85427415	0.07790346202987031	79.586
chr7	85587870	2.8321148653098374	79.5985
chr7	85618236	1.146841598238712	79.6845
chr7	85640035	0.0	79.7095
chr7	85668323	2.0901593040329867	79.7095
chr7	85686025	9.199318568995027	79.7465
chr7	85753530	0.917546505781537	80.3675
chr7	85793310	0.0	80.404
chr7	85832373	3.8922719568081874	80.404
chr7	85848302	4.844467108618328	80.466
chr7	85873795	0.916100465684438	80.5895
chr7	85886894	0.0	80.6015
chr7	85931614	0.5671888892294191	80.6015
chr7	85996848	0.39055177154292453	80.6385
chr7	86028854	0.2860411899314152	80.651
chr7	86072554	0.28883647041834243	80.6635
chr7	86114100	0.0	80.6755
chr7	86157562	0.0	80.6755
chr7	86197502	0.0	80.6755
chr7	86219715	0.4886220857183402	80.6755
chr7	86269856	0.0	80.7
chr7	86288971	0.6222620469933713	80.7
chr7	86309059	6.574744463372702	80.7125
chr7	86327843	1.2081964044077753	80.836
chr7	86348535	2.710225607969284	80.861
chr7	86389491	0.0	80.972
chr7	86401730	0.0	80.972
chr7	86424284	1.4599692222706917	80.972
chr7	86449627	0.23045014595176783	81.009
chr7	86501699	0.25550354638928197	81.021
chr7	86550622	0.0	81.0335
chr7	86594793	0.0	81.0335
chr7	86623642	0.0	81.0335
chr7	86656051	0.0	81.0335
chr7	86686989	0.4131813275769579	81.0335
chr7	86746285	0.0	81.058
chr7	86773429	1.097047483766065	81.058
chr7	86852277	3.931282097895783	81.1445
chr7	86874280	0.0	81.231
chr7	87016772	0.0	81.231
chr7	87123480	0.23108920043137526	81.231
chr7	87175408	0.0	81.243
chr7	87207538	0.0	81.243
chr7	87230029	0.0	81.243
chr7	87247821	0.9942607711585069	81.243
chr7	87309676	2.78088839119076	81.3045
chr7	87336466	0.3122641754924785	81.379
chr7	87374895	4.100998673636478	81.391
chr7	87477431	0.0	81.8115
chr7	87492471	0.0	81.8115
chr7	87516359	0.0	81.8115
chr7	87543394	1.4586709886550457	81.8115
chr7	87577329	0.0	81.861
chr7	87622018	0.1236641693374739	81.861
chr7	87719055	1.7882170992214939	81.873
chr7	87739746	0.0	81.91
chr7	87757639	0.0	81.91
chr7	87777195	0.0	81.91
chr7	87795030	0.0	81.91
chr7	87906463	0.0	81.91
chr7	87932451	0.0	81.91
chr7	87935023	0.2541205649608256	81.91
chr7	88131780	0.0	81.96
chr7	88149419	0.5155082051722852	81.96
chr7	88172697	0.0	81.972
chr7	88213055	0.0	81.972
chr7	88236293	0.33439375316323966	81.972
chr7	88346941	0.0	82.009
chr7	88367188	0.0	82.009
chr7	88404444	0.0	82.009
chr7	88448973	1.69074099411663	82.009
chr7	88500134	0.0	82.0955
chr7	88541245	0.0	82.0955
chr7	88600626	0.0	82.0955
chr7	88650428	0.5884372088461951	82.0955
chr7	88670821	0.9462886558912704	82.1075
chr7	88697240	0.0	82.1325
chr7	88712393	0.0	82.1325
chr7	88729368	0.0	82.1325
chr7	88763189	0.4757562542124432	82.1325
chr7	88788412	4.871173532466315	82.1445
chr7	88808633	0.7095821980019779	82.243
chr7	88843865	4.647095136840432	82.268
chr7	88873023	0.0	82.4035
chr7	88887668	4.026496947656308	82.4035
chr7	88903066	0.7219471947193596	82.4655
chr7	88970938	0.0	82.5145
chr7	89023135	1.8916464891045464	82.5145
chr7	89029743	0.17766028510926596	82.527
chr7	89100102	0.0	82.5395
chr7	89149630	0.0	82.5395
chr7	89173247	0.0	82.5395
chr7	89189893	0.48778545403844714	82.5395
chr7	89240120	0.08624717001473715	82.564
chr7	89379255	0.0	82.576
chr7	89387380	0.0	82.576
chr7	89414419	0.0	82.576
chr7	89430641	0.0	82.576
chr7	89503337	0.0	82.576
chr7	89580377	0.0	82.576
chr7	89602163	0.9399909760868433	82.576
chr7	89628759	0.0	82.601
chr7	89702244	0.3082310006411906	82.601
chr7	89742798	0.0	82.6135
chr7	89796741	0.0	82.6135
chr7	89821399	0.0	82.6135
chr7	89880696	0.0	82.6135
chr7	89984760	0.0	82.6135
chr7	90101221	0.0	82.6135
chr7	90190394	0.0	82.6135
chr7	90222187	0.0	82.6135
chr7	90234247	0.0	82.6135
chr7	90262587	0.28857252789535526	82.6135
chr7	90304171	0.0	82.6255
chr7	90355670	0.0	82.6255
chr7	90380506	0.0	82.6255
chr7	90571584	0.0	82.6255
chr7	90619800	0.0	82.6255
chr7	90664159	0.37790609789288154	82.6255
chr7	90697236	0.0	82.638
chr7	90742917	0.0	82.638
chr7	90822613	2.1582733812950456	82.638
chr7	90828173	0.0	82.65
chr7	90898040	0.9457516834371363	82.65
chr7	90911257	0.33860656625860985	82.6625
chr7	90948173	0.5088411143620597	82.675
chr7	90971756	0.0	82.687
chr7	91120337	0.0	82.687
chr7	91170054	0.0	82.687
chr7	91190908	1.0190427174474312	82.687
chr7	91239483	0.0	82.7365
chr7	91264670	0.0	82.7365
chr7	91301927	0.0	82.7365
chr7	91315832	0.0	82.7365
chr7	91380836	0.4969191015698124	82.7365
chr7	91405991	0.0	82.749
chr7	91556115	0.0	82.749
chr7	91609377	0.0	82.749
chr7	91652130	0.0	82.749
chr7	91725783	0.5486546986789643	82.749
chr7	91748566	0.0	82.7615
chr7	91773245	0.0	82.7615
chr7	91800016	0.0	82.7615
chr7	91818818	0.5840837186663643	82.7615
chr7	91839363	0.0	82.7735
chr7	91850884	0.0	82.7735
chr7	91867076	0.44729120446585713	82.7735
chr7	91895022	0.0	82.786
chr7	91928400	0.0	82.786
chr7	91951832	0.0	82.786
chr7	91973666	1.2383594214387599	82.786
chr7	91993854	5.300581771169595	82.811
chr7	92017059	0.0	82.934
chr7	92044120	0.36377674501482277	82.934
chr7	92111469	0.0	82.9585
chr7	92137968	1.9827484848809247	82.9585
chr7	92231525	0.8031354407599994	83.144
chr7	92247089	4.2492217994966515	83.1565
chr7	92267328	0.0	83.2425
chr7	92317461	2.625044341964663	83.2425
chr7	92331556	1.5228844254200748	83.2795
chr7	92355852	0.9867312721612659	83.3165
chr7	92418179	0.0	83.378
chr7	92434378	4.666215097463507	83.378
chr7	92447665	1.3152243933864771	83.44
chr7	92466293	3.9759106589485964	83.4645
chr7	92500499	0.5932203389831306	83.6005
chr7	92541799	0.0	83.625
chr7	92558557	1.0495524549909172	83.625
chr7	92735299	0.0	83.8105
chr7	92749261	0.0	83.8105
chr7	92797478	0.0	83.8105
chr7	92809230	0.6380706826051277	83.8105
chr7	92847627	0.4590507953758276	83.835
chr7	92900998	0.5678624281569019	83.8595
chr7	92988167	1.2128112469674317	83.909
chr7	93008368	0.3137008862050154	83.9335
chr7	93046621	0.0	83.9455
chr7	93068810	0.2022882850808804	83.9455
chr7	93130603	0.0	83.958
chr7	93137553	1.1563861928825554	83.958
chr7	93212355	0.4960711167554108	84.0445
chr7	93237553	0.3106956994537052	84.057
chr7	93276176	0.8338892595065271	84.069
chr7	93291166	0.8380900607047188	84.0815
chr7	93335314	0.7931120717373742	84.1185
chr7	93475269	1.7860704636530376	84.2295
chr7	93530418	0.9337601951369501	84.328
chr7	93556656	0.42787704525188713	84.3525
chr7	93585870	0.39200728921668615	84.365
chr7	93680256	0.5633168093737198	84.402
chr7	93702446	0.0	84.4145
chr7	93726127	0.0	84.4145
chr7	93744623	0.0	84.4145
chr7	93791234	0.33950446205849294	84.4145
chr7	93863398	0.5839700228721814	84.439
chr7	93883947	0.7421921387010356	84.451
chr7	93900789	0.0	84.4635
chr7	93930203	0.2969050616375583	84.4635
chr7	93972304	0.3573291097676988	84.476
chr7	94075850	0.0	84.513
chr7	94104886	0.0	84.513
chr7	94172852	48999.99999999238	84.513
chr7	94172853	0.9504619244955208	84.562
chr7	94199156	0.28499122227041884	84.587
chr7	94243017	2.976992294843138	84.5995
chr7	94280135	0.22806435561457114	84.71
chr7	94497179	0.0	84.7595
chr7	94503795	9.235074626866021	84.7595
chr7	94514515	0.0	84.8585
chr7	94531890	0.0	84.8585
chr7	94570643	0.9341728091725415	84.8585
chr7	94609715	2.631817769307659	84.895
chr7	94642772	3.0822203093326603	84.982
chr7	94714798	0.0	85.204
chr7	94732750	0.0	85.204
chr7	94775706	0.0	85.204
chr7	94822144	1.1431043005439367	85.204
chr7	94854512	0.5459123420754317	85.241
chr7	94899391	8.837315278953296	85.2655
chr7	94930113	1.9342359767885087	85.537
chr7	94943038	0.7235041063747779	85.562
chr7	94994178	0.40567293025680207	85.599
chr7	95024991	0.0	85.6115
chr7	95042865	1.4883768948842284	85.6115
chr7	95100982	0.34099627745731736	85.698
chr7	95136173	0.0	85.71
chr7	95149542	1.6281628162818982	85.71
chr7	95172267	0.49888250319296146	85.747
chr7	95197323	3.5024410953084817	85.7595
chr7	95211456	1.5082704423518722	85.809
chr7	95301294	1.0310384285305725	85.9445
chr7	95385190	1.7205301092765368	86.031
chr7	95406695	0.0	86.068
chr7	95447119	0.0	86.068
chr7	95472971	17.396151138230984	86.068
chr7	95490015	0.6836566956402197	86.3645
chr7	96014401	0.0	86.723
chr7	96031942	2.936584256186018	86.723
chr7	96128653	0.0	87.007
chr7	96153879	0.0	87.007
chr7	96226558	0.4463648050274472	87.007
chr7	96254562	0.5196640891329027	87.0195
chr7	96278616	0.4377501429388811	87.032
chr7	96334584	0.0	87.0565
chr7	96355214	0.0	87.0565
chr7	96457373	0.0	87.0565
chr7	96549424	0.382064370205179	87.0565
chr7	96582141	0.9785322016973017	87.069
chr7	96632216	0.4363915654239227	87.118
chr7	96660860	0.0	87.1305
chr7	96727496	0.0	87.1305
chr7	96731837	0.0	87.1305
chr7	96743524	0.28942554817205407	87.1305
chr7	96786713	0.0	87.143
chr7	96806774	0.20476629753575043	87.143
chr7	97048513	0.7556199231786698	87.1925
chr7	97064394	22.02304737515967	87.2045
chr7	97068299	0.9042245370372426	87.2905
chr7	97109771	0.7435607637857856	87.328
chr7	97126582	9.573330741568109	87.3405
chr7	97147160	0.06246221036274475	87.5375
chr7	97347281	0.0	87.55
chr7	97394295	0.0	87.55
chr7	97427848	0.8398280032251305	87.55
chr7	97442732	0.0	87.5625
chr7	97482100	0.42931900722887506	87.5625
chr7	97568283	0.0	87.5995
chr7	97575067	0.0	87.5995
chr7	97584286	0.0	87.5995
chr7	97617906	0.7055435565151644	87.5995
chr7	97652631	10.244201565487359	87.624
chr7	97680354	0.0	87.908
chr7	97732108	0.0	87.908
chr7	97752475	0.0	87.908
chr7	97779062	0.5289422224121344	87.908
chr7	97872645	0.0	87.9575
chr7	97881095	0.0	87.9575
chr7	97946665	0.0	87.9575
chr7	97954257	0.0	87.9575
chr7	97973859	0.0	87.9575
chr7	97991040	0.8031612426512573	87.9575
chr7	98022167	0.0	87.9825
chr7	98066910	0.0	87.9825
chr7	98089285	2.3788475448042457	87.9825
chr7	98151500	0.3596294378273445	88.1305
chr7	98186258	0.0	88.143
chr7	98280201	0.0	88.143
chr7	98344090	0.79421680497936	88.143
chr7	98374938	2.0922496715961576	88.1675
chr7	98469334	3.4634760705295955	88.365
chr7	98483626	0.9916218075844532	88.4145
chr7	98508333	0.22273132238770976	88.439
chr7	98618331	4.53439135798386	88.4635
chr7	98648324	0.9946736828594882	88.5995
chr7	98710656	0.0	88.6615
chr7	98713973	0.5466431647293178	88.6615
chr7	98758792	0.0	88.686
chr7	98763632	0.46145020079309484	88.686
chr7	98843814	0.0	88.723
chr7	98890102	0.0	88.723
chr7	98919192	5.410160545414764	88.723
chr7	98941927	0.0	88.846
chr7	99049197	0.0	88.846
chr7	99073235	0.0	88.846
chr7	99085707	6.416696373594105	88.846
chr7	99116564	0.0	89.044
chr7	99138051	0.5722395165721865	89.044
chr7	99159895	0.15288088744301018	89.0565
chr7	99241658	3.064096625930756	89.069
chr7	99269725	0.0	89.155
chr7	99303782	2.5809516692111005	89.155
chr7	99491116	0.5487490760858131	89.6385
chr7	99535763	5.157866491756412	89.663
chr7	99569304	3.6870409820191914	89.836
chr7	99636431	0.0	90.0835
chr7	99664550	0.0	90.0835
chr7	99716431	0.4798464491362946	90.0835
chr7	99741439	0.7494417423756783	90.0955
chr7	99774130	0.9753028157935758	90.12
chr7	99837700	0.0	90.182
chr7	99949766	4.163855624894394	90.182
chr7	99997198	0.1580965179241987	90.3795
chr7	100073101	2.145738563213946	90.3915
chr7	100084752	0.0	90.4165
chr7	100110223	0.749992347016968	90.4165
chr7	100142890	5.163811451100664	90.441
chr7	100171551	0.0	90.589
chr7	100187738	9.009828904259534	90.589
chr7	100209714	0.0	90.787
chr7	100276799	0.6514571367791184	90.787
chr7	100314407	0.9275738288439177	90.8115
chr7	100380709	0.10205164629706524	90.873
chr7	100503196	0.0	90.8855
chr7	100545565	1.1957411957413187	90.8855
chr7	100576090	0.5511342342542203	90.922
chr7	100621451	0.0	90.947
chr7	100825955	6.197304892988291	90.947
chr7	100839832	0.0	91.033
chr7	100890615	0.0	91.033
chr7	100905777	0.3970144513261185	91.033
chr7	100937262	0.0	91.0455
chr7	100991654	0.46392517814711015	91.0455
chr7	101045542	0.0	91.0705
chr7	101088179	2.320652465525592	91.0705
chr7	101125453	0.8210180623974038	91.157
chr7	101154685	0.0	91.181
chr7	101155360	0.0	91.181
chr7	101182907	3.110185858687437	91.181
chr7	101222776	2.597928132081563	91.305
chr7	101284556	5.803226996745752	91.4655
chr7	101314367	0.6542372656203389	91.6385
chr7	101464924	0.0	91.737
chr7	101500821	0.8991835413446636	91.737
chr7	101528624	3.40370728117373	91.762
chr7	101550365	0.7998097749725718	91.836
chr7	101596626	0.3021604471974733	91.873
chr7	101636340	2.0762711864403554	91.885
chr7	101659940	3.320142195989602	91.934
chr7	101674849	1.7523364485979458	91.9835
chr7	101703097	0.4957005563986504	92.033
chr7	101752522	0.0	92.0575
chr7	101770369	0.0	92.0575
chr7	101808110	10.942351007487582	92.0575
chr7	101840964	0.8317036437609173	92.417
chr7	101885451	1.4102359147693042	92.454
chr7	101973025	0.6343437114251498	92.5775
chr7	102031353	1.7256657805139235	92.6145
chr7	102117117	2.0725195115576422	92.7625
chr7	102170675	0.0	92.8735
chr7	102177110	2.2990619827089627	92.8735
chr7	102182547	1.7777618158311261	92.886
chr7	102238235	1.9391455147405083	92.985
chr7	102269950	1.2771109240968082	93.0465
chr7	102337681	6.562127151866485	93.133
chr7	102390484	0.2953773445576836	93.4795
chr7	102431110	0.0	93.4915
chr7	102455791	0.5222913968162304	93.4915
chr7	102479724	0.0	93.504
chr7	102513442	0.0	93.504
chr7	102519855	0.0	93.504
chr7	102552104	1.1265032729484525	93.504
chr7	102584949	0.0	93.541
chr7	102658821	2.8320132621109932	93.541
chr7	102702253	0.9121027993507684	93.664
chr7	102851359	1.2989292610147847	93.8
chr7	102879844	0.0	93.837
chr7	102920232	0.0	93.837
chr7	102962348	0.0	93.837
chr7	103002982	4.071607543188475	93.837
chr7	103033314	0.0	93.9605
chr7	103061456	0.0	93.9605
chr7	103081536	0.0	93.9605
chr7	103109677	0.0	93.9605
chr7	103132433	0.0	93.9605
chr7	103151322	0.0	93.9605
chr7	103164947	2.6200770749132105	93.9605
chr7	103207503	0.21302021094194845	94.072
chr7	103496208	0.0	94.1335
chr7	103561165	0.0	94.1335
chr7	103591578	0.0	94.1335
chr7	103683265	2.783633870274386	94.1335
chr7	103732122	0.6367961022524458	94.2695
chr7	103984165	0.28491327239962233	94.43
chr7	104028038	0.4097606663210734	94.4425
chr7	104087829	2.2618168389958733	94.467
chr7	104098661	2.5005068594986417	94.4915
chr7	104143052	0.3379334910355554	94.6025
chr7	104252541	0.0	94.6395
chr7	104267090	0.9181532004198507	94.6395
chr7	104293774	0.0	94.664
chr7	104336603	0.3103508205676402	94.664
chr7	104376880	0.9025270758118723	94.6765
chr7	104404026	0.0	94.701
chr7	104433151	0.49033067901003574	94.701
chr7	104458644	0.0	94.7135
chr7	104480446	0.5536240228537256	94.7135
chr7	104525603	3.8226062094043773	94.7385
chr7	104557780	0.9132086499120206	94.8615
chr7	104585156	0.9435405722447631	94.8865
chr7	104624370	0.0	94.9235
chr7	104677814	0.5131275121867979	94.9235
chr7	104701200	8.141592920353691	94.9355
chr7	104740750	0.9830562659848057	95.2575
chr7	104803310	1.4103797427076177	95.319
chr7	104864641	0.0	95.4055
chr7	104876972	0.0	95.4055
chr7	104909924	0.0	95.4055
chr7	104934041	0.0	95.4055
chr7	104935372	0.0	95.4055
chr7	104976536	6.546753074989389	95.4055
chr7	104984097	3.0990442005091725	95.455
chr7	105032015	0.384217294483005	95.6035
chr7	105095781	0.5873468702803274	95.628
chr7	105137494	0.0	95.6525
chr7	105158065	0.0	95.6525
chr7	105165334	0.0	95.6525
chr7	105167271	3.007518796992595	95.6525
chr7	105171261	0.0	95.6645
chr7	105184963	0.0	95.6645
chr7	105240489	3.1527919521796512	95.6645
chr7	105267925	0.0	95.751
chr7	105297075	0.28320909894167323	95.751
chr7	105341212	0.16671556990054204	95.7635
chr7	105416190	0.5437984320478748	95.776
chr7	105438257	0.0	95.788
chr7	105450258	0.0	95.788
chr7	105473026	0.0	95.788
chr7	105490952	0.0	95.788
chr7	105535836	0.5669705628885038	95.788
chr7	105557883	0.10302640051513591	95.8005
chr7	105674358	0.0	95.8125
chr7	105696561	0.3040105066031773	95.8125
chr7	105778795	0.0	95.8375
chr7	105789902	0.0	95.8375
chr7	105810037	0.2031935248996809	95.8375
chr7	105869094	0.19623850042369667	95.8495
chr7	105932792	1.6870326463617609	95.862
chr7	105954724	0.0	95.899
chr7	105990031	0.4125276393519303	95.899
chr7	106020332	9.435760579488138	95.9115
chr7	106025578	0.0	95.961
chr7	106180156	0.0	95.961
chr7	106194466	0.0	95.961
chr7	106207251	0.0	95.961
chr7	106227188	0.0	95.961
chr7	106265565	0.0	95.961
chr7	106291676	0.0	95.961
chr7	106301844	0.0	95.961
chr7	106345967	2.2557763521619183	95.961
chr7	106422659	0.0	96.134
chr7	106433543	0.0	96.134
chr7	106465659	0.35855145213339473	96.134
chr7	106499127	1.1998041136142652	96.146
chr7	106519547	1.2407563650797298	96.1705
chr7	106539696	0.0	96.1955
chr7	106555322	0.0	96.1955
chr7	106648049	0.4526689360470356	96.1955
chr7	106703277	4.273716642647643	96.2205
chr7	106723400	0.0	96.3065
chr7	106750827	0.2372266283684972	96.3065
chr7	106906796	0.0	96.3435
chr7	106910886	6.12104801494981	96.3435
chr7	106937107	17.529346884109085	96.504
chr7	106949800	2.009995654063012	96.7265
chr7	106968208	0.0	96.7635
chr7	106992266	0.9928514694204006	96.7635
chr7	107004856	0.0	96.776
chr7	107017793	0.0	96.776
chr7	107059626	0.6993535704836151	96.776
chr7	107112532	2.8823529411768583	96.813
chr7	107121032	0.45954192860514803	96.8375
chr7	107148233	0.8785416209093239	96.85
chr7	107161892	2.2005630590500527	96.862
chr7	107218014	0.0	96.9855
chr7	107256823	0.0	96.9855
chr7	107284750	1.4259737773949748	96.9855
chr7	107336995	0.0	97.06
chr7	107365205	0.0	97.06
chr7	107401243	1.4221277329271345	97.06
chr7	107436050	0.6456820016142295	97.1095
chr7	107454635	0.0	97.1215
chr7	107510797	2.2726218635502335	97.1215
chr7	107532358	0.0	97.1705
chr7	107552864	5.082888066858212	97.1705
chr7	107589359	0.0	97.356
chr7	107611783	1.4393983902240348	97.356
chr7	107628804	0.0	97.3805
chr7	107661516	0.4488652686010788	97.3805
chr7	107689364	0.0	97.393
chr7	107716424	0.8858337467226166	97.393
chr7	107730535	0.0	97.4055
chr7	107768079	0.6508721687062141	97.4055
chr7	107787284	1.4616394225026301	97.418
chr7	107804046	7.852238046795971	97.4425
chr7	107819774	5.624475071941011	97.566
chr7	107892403	13.145602562389852	97.9745
chr7	107899896	4.009052699645123	98.073
chr7	107915361	3.8095238095236885	98.135
chr7	107951061	2.375754462565905	98.271
chr7	107997783	3.4815337567630236	98.382
chr7	108019038	10.686274509803676	98.456
chr7	108044538	0.0	98.7285
chr7	108082624	0.0	98.7285
chr7	108092797	0.0	98.7285
chr7	108135347	6.36704119850186	98.7285
chr7	108182072	0.0	99.026
chr7	108190680	0.0	99.026
chr7	108236300	0.0	99.026
chr7	108239978	0.6235683379995749	99.026
chr7	108279268	3.01794453507391	99.0505
chr7	108291528	2.2473440479431024	99.0875
chr7	108313554	1.4412997903563798	99.137
chr7	108416586	2.0368841178093113	99.2855
chr7	108434751	0.8962500896247033	99.3225
chr7	108462645	0.0	99.3475
chr7	108500204	0.0	99.3475
chr7	108516874	0.0	99.3475
chr7	108542993	0.0	99.3475
chr7	108566265	0.0	99.3475
chr7	108575926	4.1359662049319255	99.3475
chr7	108626821	0.0	99.558
chr7	108641022	0.0	99.558
chr7	108689671	0.0	99.558
chr7	108750675	0.4161811220239265	99.558
chr7	108780710	0.0	99.5705
chr7	108789168	0.0	99.5705
chr7	108809749	0.0	99.5705
chr7	108821113	5.4504205400620505	99.5705
chr7	108839185	0.0	99.669
chr7	108885090	8.125157708806528	99.669
chr7	108904905	9.202682563338826	99.83
chr7	108918325	0.0	99.9535
chr7	108942875	4.592795342255881	99.9535
chr7	108985986	10.85487077534776	100.1515
chr7	109011136	0.6659267480577389	100.4245
chr7	109029156	0.0	100.4365
chr7	109047373	1.6097815163583746	100.4365
chr7	109101107	11.300121506683295	100.523
chr7	109117567	5.863904701665523	100.709
chr7	109155511	2.384196185286424	100.9315
chr7	109165787	7.232098876002138	100.956
chr7	109188118	0.8785371335171981	101.1175
chr7	109286008	0.0	101.2035
chr7	109297218	1.4254008341943225	101.2035
chr7	109349484	0.318066157760525	101.278
chr7	109388784	0.0	101.2905
chr7	109405586	1.9670558132099611	101.2905
chr7	109436851	1.1009667024703762	101.352
chr7	109492711	3.2130338829024256	101.4135
chr7	109508117	5.220799032114092	101.463
chr7	109546138	0.620058905596055	101.6615
chr7	109565491	0.5262493158757099	101.6735
chr7	109612997	2.9159114193395093	101.6985
chr7	109638375	1.9219569015728588	101.7725
chr7	109664130	2.0497613534332526	101.822
chr7	109748774	0.0	101.9955
chr7	109779088	2.029468543237422	101.9955
chr7	109839695	0.0	102.1185
chr7	109877372	0.0	102.1185
chr7	109893279	0.47401452380511716	102.1185
chr7	109946020	0.7142857142858767	102.1435
chr7	109963520	3.4114403859406965	102.156
chr7	110007050	0.0	102.3045
chr7	110009580	0.0	102.3045
chr7	110017501	0.2983219390926154	102.3045
chr7	110057726	0.0	102.3165
chr7	110077552	6.5471482555585245	102.3165
chr7	110088931	2.4029131754982322	102.391
chr7	110176533	4.855455741191733	102.6015
chr7	110212266	15.008726003490334	102.775
chr7	110249511	0.0	103.334
chr7	110263228	1.0262304503098632	103.334
chr7	110311950	0.5490125295188808	103.384
chr7	110378433	0.3657751506994453	103.4205
chr7	110412607	0.0	103.433
chr7	110435269	0.0	103.433
chr7	110469470	0.0	103.433
chr7	110508841	0.0	103.433
chr7	110525737	0.0	103.433
chr7	110575706	2.2191567204457465	103.433
chr7	110592379	0.0	103.47
chr7	110654512	0.0	103.47
chr7	110664164	0.0	103.47
chr7	110697418	0.0	103.47
chr7	110714270	0.0	103.47
chr7	110734473	5.272086459293084	103.47
chr7	110802852	2.9673590504450265	103.8305
chr7	110827790	3.8065210704394628	103.9045
chr7	110840794	0.0	103.954
chr7	110865871	1.25352554058299	103.954
chr7	110955219	2.006562000054179	104.066
chr7	110992098	2.2220223101833905	104.14
chr7	111047678	7.809847198641831	104.2635
chr7	111068293	5.626482313165797	104.4245
chr7	111088110	0.6356042131480127	104.536
chr7	111126656	1.9898581423710642	104.5605
chr7	111157814	0.8087474120084654	104.6225
chr7	111173270	2.161406185435868	104.635
chr7	111236192	10.742643624474637	104.771
chr7	111251179	0.0	104.932
chr7	111273103	17.66330222814746	104.932
chr7	111283605	2.6009489447931116	105.1175
chr7	111364537	10.911581934726183	105.328
chr7	111384974	7.352456313880612	105.551
chr7	111415304	12.955182072829622	105.774
chr7	111423872	4.48704142436643	105.885
chr7	111437801	1.484144987692341	105.9475
chr7	111479239	0.0	106.009
chr7	111538300	0.6637961966273078	106.009
chr7	111594040	1.1571323780102982	106.046
chr7	111690831	0.0	106.158
chr7	111715244	3.645185672835523	106.158
chr7	111756257	0.7100255609195474	106.3075
chr7	111773862	0.7742367490427953	106.32
chr7	111821651	44.42835516356198	106.357
chr7	111836844	0.0	107.032
chr7	111911270	0.6593465740891139	107.032
chr7	111948428	0.0	107.0565
chr7	111991772	1.1314777098893725	107.0565
chr7	112013867	0.0	107.0815
chr7	112083643	0.0	107.0815
chr7	112154365	4.869275311457712	107.0815
chr7	112177161	6.354496159060742	107.1925
chr7	112194865	0.0	107.305
chr7	112233651	0.2284974389242768	107.305
chr7	112286168	1.7635440180590918	107.317
chr7	112300344	0.0	107.342
chr7	112324138	6.349502777907264	107.342
chr7	112345557	0.0	107.478
chr7	112377472	0.8003585606353465	107.478
chr7	112408708	0.0	107.503
chr7	112457426	0.6610608704851046	107.503
chr7	112495244	1.015841638524886	107.528
chr7	112531667	0.618078805047667	107.565
chr7	112551082	0.0	107.577
chr7	112575005	0.0	107.577
chr7	112583529	0.8930166101091511	107.577
chr7	112611524	2.1615720524015183	107.602
chr7	112657324	0.0	107.701
chr7	112674679	23.66791342203752	107.701
chr7	112690988	0.37958154929992216	108.087
chr7	112756850	3.5289597152566126	108.112
chr7	112806298	0.0	108.2865
chr7	112829923	1.4927173486925838	108.2865
chr7	112863084	12.037937743190541	108.336
chr7	112875420	3.595040402466526	108.4845
chr7	112920343	5.893111156269274	108.646
chr7	112935106	2.289845943888864	108.733
chr7	113011312	1.463822668339804	108.9075
chr7	113028049	0.548682795502285	108.932
chr7	113164740	0.0	109.007
chr7	113184189	0.49124599634496224	109.007
chr7	113235080	1.2004295004042387	109.032
chr7	113317967	0.0	109.1315
chr7	113326065	0.0	109.1315
chr7	113335065	0.0	109.1315
chr7	113366505	0.0	109.1315
chr7	113393993	5.10613986538361	109.1315
chr7	113450004	4.300234558248177	109.4175
chr7	113461515	2.1735312198121486	109.467
chr7	113507063	8.62735995047914	109.566
chr7	113519987	1.2386181039102215	109.6775
chr7	113549859	0.0	109.7145
chr7	113553260	4.155774515718052	109.7145
chr7	113583098	0.8258612553092192	109.8385
chr7	113612764	0.9721385102948915	109.863
chr7	113664197	0.0	109.913
chr7	113712031	1.2956793061506846	109.913
chr7	113730940	12.678925641988238	109.9375
chr7	113749593	1.0171205493625264	110.174
chr7	113834637	11.600747430707015	110.2605
chr7	113847481	1.745387190995462	110.4095
chr7	113861518	141.659908083266	110.434
chr7	113865217	4.7173393067315965	110.958
chr7	113917895	1.6528259292105465	111.2065
chr7	113955104	1.0310117481074614	111.268
chr7	113991961	0.0	111.306
chr7	114011047	3.291814946619131	111.306
chr7	114033527	0.514360957945965	111.38
chr7	114082131	2.99231702385701	111.405
chr7	114094496	0.0	111.442
chr7	114112033	1.0560867703726597	111.442
chr7	114147068	2.6324548397834517	111.479
chr7	114180117	3.0745716926139517	111.566
chr7	114208251	0.4059583865589269	111.6525
chr7	114300625	6.174698795180244	111.69
chr7	114310585	1.3448452083168285	111.7515
chr7	114347764	3.532024476102466	111.8015
chr7	114390091	20.836593125749925	111.951
chr7	114409264	0.8723547951372919	112.3505
chr7	114480336	0.6276991061566155	112.4125
chr7	114500250	0.5150413084152136	112.425
chr7	114547819	0.0	112.4495
chr7	114585093	0.0	112.4495
chr7	114724623	0.0	112.4495
chr7	114734587	0.6193801926486213	112.4495
chr7	114875050	5.261891875638859	112.5365
chr7	114908308	0.953364582505796	112.7115
chr7	114920895	1.4405900656912345	112.7235
chr7	114938249	1.0161435712529314	112.7485
chr7	114999264	1.2002496519275327	112.8105
chr7	115040922	5.335132151836836	112.8605
chr7	115057229	0.0	112.9475
chr7	115072392	4.165972337942255	112.9475
chr7	115078393	0.0	112.9725
chr7	115096692	1.4280818005258589	112.9725
chr7	115114198	0.0	112.9975
chr7	115114487	1.7441049253517142	112.9975
chr7	115128821	1.4619883040938997	113.0225
chr7	115145921	3.155618754504668	113.0475
chr7	115197258	16.641015775298367	113.2095
chr7	115202456	9.560229445503431	113.296
chr7	115205071	2.20969894705622	113.321
chr7	115238786	1.608136300417513	113.3955
chr7	115261794	0.0	113.4325
chr7	115273907	1.2174929385405413	113.4325
chr7	115294441	0.0	113.4575
chr7	115310786	1.8626906109972647	113.4575
chr7	115425942	1.6078824830850762	113.672
chr7	115464813	0.4125918118908106	113.7345
chr7	115587210	1.554498902707149	113.785
chr7	115603614	0.9622046031859466	113.8105
chr7	115616605	2.270938048810545	113.823
chr7	115633118	12.278260869565518	113.8605
chr7	115647493	15.795109762626495	114.037
chr7	115653096	0.0	114.1255
chr7	115657352	0.9566257201869101	114.1255
chr7	115749342	4.2556065928129145	114.2135
chr7	115778950	1.5647519044676428	114.3395
chr7	115803235	7.245585787189994	114.3775
chr7	115839878	0.9470693465221868	114.643
chr7	115906399	3.7744046487630216	114.706
chr7	115980053	0.0	114.984
chr7	116000135	3.802540478657046	114.984
chr7	116036821	1.7169071241465403	115.1235
chr7	116110500	3.184912258789854	115.25
chr7	116126513	0.7391638578441749	115.301
chr7	116143424	0.48294247189230893	115.3135
chr7	116169307	0.0	115.326
chr7	116180644	1.9866497139228927	115.326
chr7	116193228	0.0	115.351
chr7	116204636	4.184253991558243	115.351
chr7	116231881	7.7209797657083135	115.465
chr7	116245027	0.0	115.5665
chr7	116255474	3.0826640707387605	115.5665
chr7	116267801	5.322027782788878	115.6045
chr7	116284430	0.6337371854613474	115.693
chr7	116364905	0.0	115.744
chr7	116379096	7.424090757423977	115.744
chr7	116391084	0.0	115.833
chr7	116412447	6.076851825862305	115.833
chr7	116448074	10.655877827796726	116.0495
chr7	116483172	0.0	116.4235
chr7	116501528	3.4010018455046316	116.4235
chr7	116520493	5.87760544599635	116.488
chr7	116548991	2.7158406425024304	116.6555
chr7	116596306	7.352005092297726	116.784
chr7	116612016	2.7135935898630867	116.8995
chr7	116654948	28.127068166776915	117.016
chr7	116665525	2.790744032292765	117.3135
chr7	116725724	19.019479098270953	117.4815
chr7	116748569	0.0	117.916
chr7	116762704	1.2641503278635138	117.916
chr7	116824010	0.6685816164821522	117.9935
chr7	116844202	0.783560023654602	118.007
chr7	116878022	5.234551688918183	118.0335
chr7	116905436	0.0	118.177
chr7	116931642	0.814707781227861	118.177
chr7	116996696	0.0	118.23
chr7	117014715	0.0	118.23
chr7	117040228	0.0	118.23
chr7	117058267	4.373558983622864	118.23
chr7	117100338	1.75393010263715	118.414
chr7	117123429	0.2812058957734078	118.4545
chr7	117217666	10.557302262499265	118.481
chr7	117250108	3.7151527183006787	118.8235
chr7	117285369	0.26898406786685763	118.9545
chr7	117333699	0.5329017487069595	118.9675
chr7	117359032	1.531304516379293	118.981
chr7	117384827	1.5500023664158293	119.0205
chr7	117427085	0.7801248199715092	119.086
chr7	117443749	0.0	119.099
chr7	117450276	0.0	119.099
chr7	117463408	4.009815069722489	119.099
chr7	117480117	2.4690032741130037	119.166
chr7	117517379	0.0	119.258
chr7	117551871	2.4150920469047366	119.258
chr7	117584789	3.2984474976435036	119.3375
chr7	117604950	0.49957233580345994	119.404
chr7	117737063	1.0671936758899303	119.47
chr7	117749713	4.699470815891311	119.4835
chr7	117775035	4.040058429509376	119.6025
chr7	117851024	2.009442137030548	119.9095
chr7	117917958	1.5485913554191442	120.044
chr7	117961546	0.0	120.1115
chr7	117974466	1.0658836779019643	120.1115
chr7	117999328	1.0759500035194558	120.138
chr7	118098775	1.4777268637666543	120.245
chr7	118289947	4.218919337358518	120.5275
chr7	118315783	7.87747920665398	120.6365
chr7	118353295	2.7645344987419147	120.932
chr7	118383499	2.41817082649613	121.0155
chr7	118429815	0.0	121.1275
chr7	118451280	0.2295938563850555	121.1275
chr7	118514435	0.0	121.142
chr7	118540663	0.0	121.142
chr7	118571003	2.178723404255321	121.142
chr7	118629753	10.280057534478571	121.27
chr7	118665210	0.5553026854802644	121.6345
chr7	118720135	0.0	121.665
chr7	118747849	2.220442632497766	121.665
chr7	118761585	0.0	121.6955
chr7	118773384	0.550176056338049	121.6955
chr7	118800648	4.226407019045995	121.7105
chr7	118819340	8.533354114712987	121.7895
chr7	118832172	0.5878783281500021	121.899
chr7	118858538	0.0	121.9145
chr7	118897309	0.43452535039381907	121.9145
chr7	119005473	0.6447972918515895	121.9615
chr7	119030287	0.0	121.9775
chr7	119057512	1.3414553691199798	121.9775
chr7	119102985	0.0	122.0385
chr7	119132018	0.5149496314893419	122.0385
chr7	119163089	4.620870324552297	122.0545
chr7	119190573	11.7841488826616	122.1815
chr7	119204490	0.4668674698796071	122.3455
chr7	119237690	0.502393758496244	122.361
chr7	119271528	2.423356541139454	122.378
chr7	119297525	0.2831387957933224	122.441
chr7	119470585	0.0	122.49
chr7	119487209	1.3711525867715963	122.49
chr7	119511641	8.342235108601733	122.5235
chr7	119531300	0.0	122.6875
chr7	119557068	0.0	122.6875
chr7	119590213	0.0	122.6875
chr7	119602427	0.22292120860109552	122.6875
chr7	119846908	1.488948014735964	122.742
chr7	119944628	0.0	122.8875
chr7	119954523	0.0	122.8875
chr7	119962849	1.362760893002037	122.8875
chr7	120045402	0.36539601027065116	123.0
chr7	120096032	0.5797809038476471	123.0185
chr7	120128803	0.0	123.0375
chr7	120141152	1.822121540431422	123.0375
chr7	120191917	3.144072498613028	123.13
chr7	120256801	2.70413829735851	123.334
chr7	120277510	0.5103166721836884	123.39
chr7	120313762	0.5760184325898646	123.4085
chr7	120345011	2.0429193860394403	123.4265
chr7	120400324	0.7237496019377464	123.5395
chr7	120503951	1.2482640037033101	123.6145
chr7	120564435	1.6563819421889314	123.69
chr7	120610620	4.986160859654928	123.7665
chr7	120659756	7.399235069138193	124.0115
chr7	120693746	1.849666741078315	124.263
chr7	120725103	0.0	124.321
chr7	120743090	1.5816687006230548	124.321
chr7	120805366	0.0	124.4195
chr7	120821720	0.5819431358421768	124.4195
chr7	121074322	0.0	124.5665
chr7	121101533	0.41452004500504913	124.5665
chr7	121152194	0.0	124.5875
chr7	121209922	0.0	124.5875
chr7	121255221	1.239681474783122	124.5875
chr7	121289504	0.8653987516874091	124.63
chr7	121439146	1.0097215047200105	124.7595
chr7	121460439	1.1868795856706604	124.781
chr7	121478975	0.0	124.803
chr7	121498497	1.8240493896449481	124.803
chr7	121534132	0.0	124.868
chr7	121575665	0.0	124.868
chr7	121596448	0.0	124.868
chr7	121619841	2.6647813791606807	124.868
chr7	121629035	0.0	124.8925
chr7	121644041	2.7270763581380035	124.8925
chr7	121662559	0.0	124.943
chr7	121679392	1.0122037394243286	124.943
chr7	121731753	0.0	124.996
chr7	121751490	0.0	124.996
chr7	121764796	2.5913802509554635	124.996
chr7	121779460	0.0	125.034
