Chromosome	Position(bp)	Rate(cM/Mb)	Map(cM)
chr8	0	0.0	0.0
chr8	75255	0.0	0.0
chr8	144351	4.624564893088016	0.0
chr8	164461	9.767772818422925	0.093
chr8	226297	0.0	0.697
chr8	233562	0.0	0.697
chr8	244326	0.0	0.697
chr8	245037	15.087016401652692	0.697
chr8	253024	4.550970873786412	0.8175
chr8	259616	0.0	0.8475
chr8	800886	0.0	0.8475
chr8	816083	0.0	0.8475
chr8	848650	8.88669464329795	0.8475
chr8	860803	0.0	0.9555
chr8	954003	0.0	0.9555
chr8	1017484	0.23413397972675157	0.9555
chr8	1126396	0.0	0.981
chr8	1167356	0.0	0.981
chr8	1231820	0.0	0.981
chr8	1239731	0.0	0.981
chr8	1245328	0.6267627702914423	0.981
chr8	1283620	9.055540649315809	1.005
chr8	1305982	0.0	1.2075
chr8	1359731	0.0	1.2075
chr8	1382034	0.0	1.2075
chr8	1437642	0.0	1.2075
chr8	1475308	0.16443284092968294	1.2075
chr8	1624305	0.0	1.232
chr8	1624495	0.0	1.232
chr8	1647010	0.0	1.232
chr8	1699214	0.0	1.232
chr8	1761564	0.0	1.232
chr8	1814438	0.0	1.232
chr8	1828960	0.0	1.232
chr8	1876228	0.0	1.232
chr8	1903172	0.0	1.232
chr8	1940779	0.0	1.232
chr8	1959551	0.0	1.232
chr8	1981858	0.0	1.232
chr8	1983591	0.0	1.232
chr8	2002062	0.0	1.232
chr8	2064814	0.0	1.232
chr8	2081117	1.1160031798446761	1.232
chr8	2113823	4.5581901058001915	1.2685
chr8	2137736	0.0	1.3775
chr8	2159935	2.062164466256541	1.3775
chr8	2203336	0.0	1.467
chr8	2219784	0.5375541287143502	1.467
chr8	2253269	0.0	1.485
chr8	2278508	17.193364814142136	1.485
chr8	2295026	0.0	1.769
chr8	2312932	0.0	1.769
chr8	2342127	2.886655305533342	1.769
chr8	2370880	3.656914893617012	1.852
chr8	2375392	0.0	1.8685
chr8	2411834	0.9736505811476915	1.8685
chr8	2428267	0.0	1.8845
chr8	2436859	0.0	1.8845
chr8	2452973	6.142841541989737	1.8845
chr8	2471287	1.6997523817517888	1.997
chr8	2518941	3.2001209494532246	2.078
chr8	2538784	1.6412757703448735	2.1415
chr8	2733145	0.0	2.4605
chr8	2751641	0.0	2.4605
chr8	2786779	0.0	2.4605
chr8	2807216	9.294274300932072	2.4605
chr8	2825991	0.0	2.635
chr8	2843233	1.601586333129973	2.635
chr8	2862901	10.231001866031775	2.6665
chr8	2878442	1.0289431757833438	2.8255
chr8	2893506	0.0	2.841
chr8	2906016	0.0	2.841
chr8	2922147	0.0	2.841
chr8	2933517	12.49741788886589	2.841
chr8	2938358	8.901211148402151	2.9015
chr8	2945211	4.620227457351756	2.9625
chr8	2955059	0.0	3.008
chr8	2980554	10.292041316786806	3.008
chr8	3020925	1.1019186347994119	3.4235
chr8	3105777	1.9884604100792105	3.517
chr8	3136454	0.0	3.578
chr8	3186463	2.803856089723408	3.578
chr8	3202334	0.0	3.6225
chr8	3215396	2.195978918602378	3.6225
chr8	3235888	0.0	3.6675
chr8	3249648	1.8522006655365155	3.6675
chr8	3265575	0.0	3.697
chr8	3274057	0.0	3.697
chr8	3281445	0.0	3.697
chr8	3288992	2.801120448179267	3.697
chr8	3305057	0.0	3.742
chr8	3315620	0.38392945605865625	3.742
chr8	3396364	2.4522712310730745	3.773
chr8	3426744	2.1242774566473894	3.8475
chr8	3461344	1.45447493454864	3.921
chr8	3492283	0.0	3.966
chr8	3506313	0.0	3.966
chr8	3519101	7.3262132284054715	3.966
chr8	3545786	0.0	4.1615
chr8	3546103	0.0	4.1615
chr8	3565094	3.9876511448417795	4.1615
chr8	3576755	3.3376399655468134	4.208
chr8	3581399	0.46202456182187585	4.2235
chr8	3614947	10.040805098344887	4.239
chr8	3636758	0.5484596649748096	4.458
chr8	3744332	0.0	4.517
chr8	3800474	1.6231040465662907	4.517
chr8	3818341	0.4023964946794235	4.546
chr8	3930171	0.0	4.591
chr8	3943969	0.0	4.591
chr8	3963040	0.0	4.591
chr8	3963689	0.0	4.591
chr8	4020005	0.0	4.591
chr8	4028215	0.0	4.591
chr8	4046114	23.914238592633247	4.591
chr8	4047933	5.468700750173352	4.6345
chr8	4079659	0.0	4.808
chr8	4079871	0.0	4.808
chr8	4082534	0.0	4.808
chr8	4098531	0.0	4.808
chr8	4116675	0.5090642526355004	4.808
chr8	4288559	0.0	4.8955
chr8	4310835	2.9662711638448345	4.8955
chr8	4325837	2.599012851999332	4.94
chr8	4409715	2.752205369805053	5.158
chr8	4451318	0.3018066772125543	5.2725
chr8	4499362	0.0	5.287
chr8	4502415	2.198734763153849	5.287
chr8	4515377	13.008672448298851	5.3155
chr8	4536363	0.0	5.5885
chr8	4563043	0.0	5.5885
chr8	4574697	0.47179019977874526	5.5885
chr8	4605431	4.117172991345198	5.603
chr8	4633970	18.465873977208116	5.7205
chr8	4674423	204.14847161572035	6.4675
chr8	4676255	2.013931668483174	6.8415
chr8	4697358	0.48965706824272054	6.884
chr8	4755562	3.9627770807193787	6.9125
chr8	4803382	3.5421027209788996	7.102
chr8	4859281	0.0	7.3
chr8	4896259	4.415920866698062	7.3
chr8	4921735	0.0	7.4125
chr8	4928193	0.0	7.4125
chr8	4938841	10.759771629336928	7.4125
chr8	4947949	0.0	7.5105
chr8	4955454	1.2229810506643923	7.5105
chr8	5173773	0.0	7.7775
chr8	5181590	5.956813104988836	7.7775
chr8	5200392	0.0	7.8895
chr8	5217363	3.576783037052898	7.8895
chr8	5264053	2.9074419845292545	8.0565
chr8	5282798	0.5775672865888754	8.111
chr8	5352054	0.0	8.151
chr8	5386531	1.5555683585873725	8.151
chr8	5403888	7.557492581602221	8.178
chr8	5414672	7.688959814304487	8.2595
chr8	5421565	8.452673502245592	8.3125
chr8	5445167	10.628282109755824	8.512
chr8	5492964	0.0	9.02
chr8	5609148	0.9037819799777461	9.02
chr8	5623532	16.05515307314796	9.033
chr8	5644927	0.0	9.3765
chr8	5676338	43.93756741323525	9.3765
chr8	5692099	0.9699321047526402	10.069
chr8	5719936	0.0	10.096
chr8	5733500	0.4185582278888535	10.096
chr8	5764559	5.834430798444155	10.109
chr8	5797210	0.7458539296264644	10.2995
chr8	5831399	2.376708259061255	10.325
chr8	5848229	11.061946902654794	10.365
chr8	5859077	0.2946309181152664	10.485
chr8	5903200	5.1875498802874125	10.498
chr8	5915730	0.0	10.563
chr8	6074584	0.0	10.563
chr8	6098539	0.8654262224145326	10.563
chr8	6128582	3.7793265927161177	10.589
chr8	6138769	1.0061950045377803	10.6275
chr8	6164112	0.7367242293864142	10.653
chr8	6181079	14.620074739395578	10.6655
chr8	6196332	1.2288758096258832	10.8885
chr8	6521019	0.0	11.2875
chr8	6524730	0.0	11.2875
chr8	6548220	13.174066676908893	11.2875
chr8	6561238	0.0	11.459
chr8	6609852	1.0196649672250717	11.459
chr8	6637312	0.7019059446034178	11.487
chr8	6655833	0.0	11.5
chr8	6676589	1.4911096106234758	11.5
chr8	6694361	0.0	11.5265
chr8	6710407	1.9140791152700445	11.5265
chr8	6724513	0.0	11.5535
chr8	6744236	0.0	11.5535
chr8	6764824	2.1502073414222447	11.5535
chr8	6777846	7.5790385448246305	11.5815
chr8	6794009	1.6768103341199383	11.704
chr8	6810111	6.199833933019657	11.731
chr8	6828176	0.0	11.843
chr8	6883841	0.0	11.843
chr8	6900447	0.0	11.843
chr8	6929676	2.567229317758754	11.843
chr8	6945257	6.425541138946563	11.883
chr8	6977550	0.284936364211966	12.0905
chr8	7024929	1.1971951428083738	12.104
chr8	7036623	8.537297928974814	12.118
chr8	7052026	25.786125045882784	12.2495
chr8	7068372	12.541698742622588	12.671
chr8	7083960	1.1086474501108563	12.8665
chr8	7107412	1.8284106891701688	12.8925
chr8	7121632	3.560021293585285	12.9185
chr8	7136660	0.0	12.972
chr8	7154883	3.8109756097560976	12.972
chr8	7171283	0.0	13.0345
chr8	7186405	0.0	13.0345
chr8	7201483	10.165221467072923	13.0345
chr8	7218551	5.819809736989323	13.208
chr8	7236421	0.0	13.312
chr8	7246910	4.860109604845684	13.312
chr8	7281580	1.3036229484935986	13.4805
chr8	7450724	0.0	13.701
chr8	7459613	11.48131472309774	13.701
chr8	7468497	0.0	13.803
chr8	7472929	0.0	13.803
chr8	7513417	1.2357884330201967	13.803
chr8	7523532	0.0	13.8155
chr8	7544422	0.20133363399154863	13.8155
chr8	7606508	0.0	13.828
chr8	7609534	8.668607728957134	13.828
chr8	7617090	0.0	13.8935
chr8	7625085	6.471654154802059	13.8935
chr8	7632811	0.2543959622272731	13.9435
chr8	7681947	4.819982956966364	13.956
chr8	7700723	0.0	14.0465
chr8	7753342	0.0	14.0465
chr8	7756563	0.0	14.0465
chr8	7781137	0.0	14.0465
chr8	7798519	1.567650132647307	14.0465
chr8	7823397	0.0	14.0855
chr8	7841393	1.7284169473497475	14.0855
chr8	7863957	0.0	14.1245
chr8	7891396	7.270233196159236	14.1245
chr8	7898686	2.0086695711189484	14.1775
chr8	7990040	0.0	14.361
chr8	7994851	0.0	14.361
chr8	8020738	0.0	14.361
chr8	8029195	0.0	14.361
chr8	8044370	0.7066369516768984	14.361
chr8	8062767	0.0	14.374
chr8	8079566	0.0	14.374
chr8	8102003	0.0	14.374
chr8	8114859	0.6856620447965227	14.374
chr8	8134548	5.17211654502614	14.3875
chr8	8151949	0.0	14.4775
chr8	8169718	0.0	14.4775
chr8	8175647	0.0	14.4775
chr8	8211364	0.0	14.4775
chr8	8225136	5.032712632108798	14.4775
chr8	8243019	4.193208377251268	14.5675
chr8	8264840	10.203358605540936	14.659
chr8	8293066	0.0	14.947
chr8	8320572	0.6501625406352426	14.947
chr8	8340567	6.91278129136635	14.96
chr8	8401758	0.0	15.383
chr8	8409221	1.651038691429938	15.383
chr8	8480994	0.0	15.5015
chr8	8491371	0.0	15.5015
chr8	8511327	0.0	15.5015
chr8	8529837	7.586660635716925	15.5015
chr8	8554156	0.0	15.686
chr8	8567347	0.0	15.686
chr8	8590693	1.1540510149730632	15.686
chr8	8624487	7.909989771564928	15.725
chr8	8639152	0.8899785061794873	15.841
chr8	8668928	10.68288693518706	15.8675
chr8	8678710	1.654183380071696	15.972
chr8	8819565	1.1213663417581021	16.205
chr8	8831158	0.0	16.218
chr8	8856983	9.073247354497356	16.218
chr8	8881175	0.7447722715555243	16.4375
chr8	8898630	0.0	16.4505
chr8	8927782	3.1906310359159393	16.4505
chr8	8968683	0.31721243472748223	16.581
chr8	9009665	0.3733272069381397	16.594
chr8	9079309	0.0	16.62
chr8	9104666	2.2814601344860863	16.62
chr8	9121322	0.8287292817679086	16.658
chr8	9166572	0.560700174342711	16.6955
chr8	9280715	0.5960328056455889	16.7595
chr8	9301687	0.0	16.772
chr8	9320535	1.1960621952343065	16.772
chr8	9331404	4.986789960369757	16.785
chr8	9346544	0.36327309054583157	16.8605
chr8	9379577	1.5834811249051262	16.8725
chr8	9395365	1.137164820669124	16.8975
chr8	9439334	2.064353688086308	16.9475
chr8	9513207	0.0	17.1
chr8	9541315	2.3788378584114356	17.1
chr8	9557079	0.45061761119653937	17.1375
chr8	9613668	1.8227377101386213	17.163
chr8	9732994	0.0	17.3805
chr8	9748887	1.4877337867379006	17.3805
chr8	9765355	0.3487311551048373	17.405
chr8	9802633	14.202840568113746	17.418
chr8	9822629	1.665188358743478	17.702
chr8	9882382	0.0	17.8015
chr8	9900983	0.0	17.8015
chr8	9920746	0.0	17.8015
chr8	9927930	0.0	17.8015
chr8	9968999	0.0	17.8015
chr8	9979610	3.0974505599235904	17.8015
chr8	9992201	0.0	17.8405
chr8	10016710	0.15015826681323394	17.8405
chr8	10183201	0.0	17.8655
chr8	10196995	0.0	17.8655
chr8	10209424	16.60528738655779	17.8655
chr8	10224630	0.0	18.118
chr8	10249281	1.4206683727231988	18.118
chr8	10302425	29.122840266590877	18.1935
chr8	10334084	0.0	19.1155
chr8	10346772	0.7239113487024236	19.1155
chr8	10364730	0.0	19.1285
chr8	10406320	0.0	19.1285
chr8	10467358	14.53920549916076	19.1285
chr8	10529913	1.9095136899812488	20.038
chr8	10562382	6.4267352185086315	20.1
chr8	10564327	0.0	20.1125
chr8	10578335	0.43230597090836753	20.1125
chr8	10637321	0.38055370564161045	20.138
chr8	10668854	3.8005472788090127	20.15
chr8	10672143	0.0	20.1625
chr8	10697468	0.0	20.1625
chr8	10707546	43.66847826086955	20.1625
chr8	10725946	0.0	20.966
chr8	10755992	1.6836173721825003	20.966
chr8	10770544	0.4866464221754765	20.9905
chr8	10796230	0.0	21.003
chr8	10803306	0.40217496219553067	21.003
chr8	10834387	0.0	21.0155
chr8	10871767	0.0	21.0155
chr8	10962544	0.0	21.0155
chr8	10990019	0.400256163944902	21.0155
chr8	11021249	0.6303183107469511	21.028
chr8	11040287	0.0	21.04
chr8	11058644	2.178891043764777	21.04
chr8	11144238	0.0	21.2265
chr8	11164657	0.13145498762128807	21.2265
chr8	11255943	12.165988320651463	21.2385
chr8	11267245	11.584486124077047	21.376
chr8	11290811	0.0	21.649
chr8	11311367	0.0	21.649
chr8	11334940	0.0	21.649
chr8	11342417	0.0	21.649
chr8	11352000	0.0	21.649
chr8	11366011	0.0	21.649
chr8	11370307	0.0	21.649
chr8	11377088	0.0	21.649
chr8	11385044	0.0	21.649
chr8	11393762	3.655186984998832	21.649
chr8	11417427	0.2734691198670468	21.7355
chr8	11463136	1.3677217663149526	21.748
chr8	11481049	1.1081634709023158	21.7725
chr8	11570386	4.780979454709787	21.8715
chr8	11585864	7.696024295969164	21.9455
chr8	11614840	5.481093555831704	22.1685
chr8	11637372	4.48857453754076	22.292
chr8	11670456	2.758620689655224	22.4405
chr8	11692931	0.0	22.5025
chr8	11694235	0.0	22.5025
chr8	11700516	0.46680110538499103	22.5025
chr8	11727294	6.704236300038843	22.515
chr8	11753024	0.4179623499514926	22.6875
chr8	11782931	10.551540215668831	22.7
chr8	11834677	3.614773136183775	23.246
chr8	11865246	2.4088248536695027	23.3565
chr8	11931876	0.0	23.517
chr8	11956426	0.6684491978609246	23.517
chr8	11975126	0.0	23.5295
chr8	11985853	0.6114412894074432	23.5295
chr8	12026740	0.9431358115568454	23.5545
chr8	12157156	0.0	23.6775
chr8	12188771	1.2819180265392573	23.6775
chr8	12217634	0.0	23.7145
chr8	12230107	0.0	23.7145
chr8	12262686	0.0	23.7145
chr8	12279650	2.766874718486536	23.7145
chr8	12310732	2.6599015990160177	23.8005
chr8	12343252	27.293915603532895	23.887
chr8	12351404	2.2817894761103603	24.1095
chr8	12394791	2.130968150665152	24.2085
chr8	12429517	1.1042122983907452	24.2825
chr8	12484760	1.7391304347827303	24.3435
chr8	12506035	0.5581229209920876	24.3805
chr8	12550828	0.0	24.4055
chr8	12588089	0.0	24.4055
chr8	12592572	1.0424811050300107	24.4055
chr8	12604083	0.0	24.4175
chr8	12627355	0.0	24.4175
chr8	12644259	0.0	24.4175
chr8	12677645	0.5862031232902075	24.4175
chr8	12741616	0.4297519218855043	24.455
chr8	12970818	1.1296114920013176	24.5535
chr8	13047393	0.0	24.64
chr8	13109291	0.0	24.64
chr8	13253757	0.24528079745691472	24.64
chr8	13304719	0.0	24.6525
chr8	13322031	0.0	24.6525
chr8	13338550	0.0	24.6525
chr8	13372673	2.399044724272727	24.6525
chr8	13418733	0.43476728199944814	24.763
chr8	13503836	0.0	24.8
chr8	13557903	0.15393140816451314	24.8
chr8	13639108	1.2626005498421986	24.8125
chr8	13688213	2.983728272560057	24.8745
chr8	13717036	0.0	24.9605
chr8	13742207	0.0	24.9605
chr8	13787595	15.129759625611642	24.9605
chr8	13806399	0.824973600844726	25.245
chr8	13836703	2.8769375293564754	25.27
chr8	13862251	0.6911805363562533	25.3435
chr8	13880336	0.7175248263589512	25.356
chr8	13897757	0.4964848870000115	25.3685
chr8	13922934	0.0	25.381
chr8	13937738	1.7980804276515143	25.381
chr8	13978893	0.0	25.455
chr8	13982059	0.0	25.455
chr8	14002259	0.0	25.455
chr8	14003410	2.559501322251613	25.455
chr8	14056350	0.0	25.5905
chr8	14101302	0.0	25.5905
chr8	14128689	3.7960398071202226	25.5905
chr8	14148183	0.4993965624870138	25.6645
chr8	14172212	1.7995663156953234	25.6765
chr8	14261678	0.0	25.8375
chr8	14286476	0.6725621892808276	25.8375
chr8	14396503	1.3703819243281514	25.9115
chr8	14441381	0.0	25.973
chr8	14461460	0.0	25.973
chr8	14465435	0.580936004089839	25.973
chr8	14508469	0.0	25.998
chr8	14556706	0.6189682178768062	25.998
chr8	14596288	0.0	26.0225
chr8	14613956	0.7039477389198227	26.0225
chr8	14631713	0.8564699164942156	26.035
chr8	14645724	0.4936613877808653	26.047
chr8	14671045	14.666919000756941	26.0595
chr8	14692181	6.802248906781601	26.3695
chr8	14706588	1.126503272948669	26.4675
chr8	14772278	0.0	26.5415
chr8	14772329	11.883327331652886	26.5415
chr8	14788991	4.876526993300942	26.7395
chr8	14849895	0.0	27.0365
chr8	14919139	6.8341337273734615	27.0365
chr8	14940795	3.0371824763774757	27.1845
chr8	14973391	2.8229255774164996	27.2835
chr8	14990926	1.353030512218778	27.333
chr8	15027141	2.132653937537483	27.382
chr8	15062074	0.29750836742284503	27.4565
chr8	15102409	0.0	27.4685
chr8	15130738	1.230413820811558	27.4685
chr8	15150650	1.71041608489247	27.493
chr8	15164974	0.5284741893207138	27.5175
chr8	15188627	0.7312079555425147	27.53
chr8	15205722	0.0	27.5425
chr8	15262623	0.0	27.5425
chr8	15277270	0.0	27.5425
chr8	15309115	0.0	27.5425
chr8	15328423	0.0	27.5425
chr8	15341292	0.0	27.5425
chr8	15359553	0.0	27.5425
chr8	15374752	0.0	27.5425
chr8	15397127	0.0	27.5425
chr8	15413271	0.0	27.5425
chr8	15438371	0.0	27.5425
chr8	15452315	0.0	27.5425
chr8	15474370	1.239710403649637	27.5425
chr8	15484453	0.0	27.555
chr8	15500459	2.2028453419000376	27.555
chr8	15511354	0.4753845861301523	27.579
chr8	15563943	1.4726672950046287	27.604
chr8	15572431	0.0	27.6165
chr8	15589213	0.0	27.6165
chr8	15614721	0.0	27.6165
chr8	15645625	0.6819344206399077	27.6165
chr8	15663222	3.3999587883784512	27.6285
chr8	15677781	0.0	27.678
chr8	15715800	0.0	27.678
chr8	15770740	0.5559395378188995	27.678
chr8	15837294	0.0	27.715
chr8	15845486	0.0	27.715
chr8	15849870	0.0	27.715
chr8	15864778	1.8910157456004741	27.715
chr8	15877734	0.0	27.7395
chr8	15910981	1.4652444027665064	27.7395
chr8	15928043	13.402551574375543	27.7645
chr8	15942779	0.7363770250367769	27.962
chr8	15959754	0.4526593738212167	27.9745
chr8	15986264	12.264618434093187	27.9865
chr8	16002408	0.0	28.1845
chr8	16044015	0.0	28.1845
chr8	16055067	0.0	28.1845
chr8	16066198	0.7871949619522733	28.1845
chr8	16081442	1.6633399866931855	28.1965
chr8	16096472	0.5817617685557984	28.2215
chr8	16117099	1.384298104359112	28.2335
chr8	16152496	1.6832749798008437	28.2825
chr8	16167348	1.163121914166338	28.3075
chr8	16188412	0.0	28.332
chr8	16207147	0.0	28.332
chr8	16220354	0.0	28.332
chr8	16233693	0.0	28.332
chr8	16246388	11.86943620178035	28.332
chr8	16257846	5.682343158089141	28.468
chr8	16268669	2.048323718752591	28.5295
chr8	16280630	0.828088771116452	28.554
chr8	16295725	0.0	28.5665
chr8	16314429	30.81747404844292	28.5665
chr8	16332925	2.106192886503299	29.1365
chr8	16362362	1.3727997592899128	29.1985
chr8	16388950	1.0825322594612705	29.235
chr8	16400497	0.0	29.2475
chr8	16413689	0.0	29.2475
chr8	16427523	1.1395219566426225	29.2475
chr8	16481493	1.2718710254030123	29.309
chr8	16510584	0.8918617614270126	29.346
chr8	16524039	0.3393972305185797	29.358
chr8	16560869	0.9643201542911698	29.3705
chr8	16586794	0.0	29.3955
chr8	16632350	5.133040016761141	29.3955
chr8	16646669	24.88414265565181	29.469
chr8	16651632	0.0	29.5925
chr8	16665465	0.2931738045243773	29.5925
chr8	16791670	0.0	29.6295
chr8	16806434	1.5991812192156707	29.6295
chr8	16822067	0.0	29.6545
chr8	16824131	0.0	29.6545
chr8	16827350	0.3865421485559664	29.6545
chr8	16859688	6.465193204029358	29.667
chr8	16872990	0.0	29.753
chr8	16895593	0.0	29.753
chr8	16913591	2.951381964663248	29.753
chr8	16938664	1.4567283250556666	29.827
chr8	16989806	0.9571247192109198	29.9015
chr8	17041001	2.7532730235432648	29.9505
chr8	17058798	0.6296277640658484	29.9995
chr8	17098504	9.160907277703119	30.0245
chr8	17120063	1.12339150761406	30.222
chr8	17164126	0.838380727509145	30.2715
chr8	17193349	3.880782365724709	30.296
chr8	17196570	1.325040562466184	30.3085
chr8	17215060	0.6567540587402324	30.333
chr8	17234093	0.0	30.3455
chr8	17252945	0.0	30.3455
chr8	17273203	0.0	30.3455
chr8	17349704	0.0	30.3455
chr8	17358875	0.0	30.3455
chr8	17374764	0.0	30.3455
chr8	17393271	0.0	30.3455
chr8	17423202	0.0	30.3455
chr8	17436480	0.0	30.3455
chr8	17457189	0.0	30.3455
chr8	17479754	0.0	30.3455
chr8	17491611	0.8657109218089404	30.3455
chr8	17506050	0.6468134537198306	30.358
chr8	17543928	0.0	30.3825
chr8	17561665	0.9214683315781459	30.3825
chr8	17588253	2.926341834792481	30.407
chr8	17609269	0.0	30.4685
chr8	17612552	3.2255252375558006	30.4685
chr8	17624023	0.4275940706954426	30.5055
chr8	17652087	0.0	30.5175
chr8	17665484	0.0	30.5175
chr8	17689120	5.658084605453061	30.5175
chr8	17702287	0.0	30.592
chr8	17713963	1.7658930373360058	30.592
chr8	17727837	10.453982934931448	30.6165
chr8	17743190	4.870664121634836	30.777
chr8	17758383	0.0	30.851
chr8	17783560	0.0	30.851
chr8	17798066	1.2754725883983737	30.851
chr8	17865884	0.24436221461983965	30.9375
chr8	17966145	8.922129767687995	30.962
chr8	17986936	26.153846153846146	31.1475
chr8	18010661	27.037984157674934	31.768
chr8	18026694	0.0	32.2015
chr8	18050230	1.2386248736095142	32.2015
chr8	18070010	0.3520093869169978	32.226
chr8	18104100	2.1188612829362503	32.238
chr8	18133361	36.0236636382845	32.3
chr8	18152293	1.915219611848898	32.982
chr8	18171873	2.8293951212050956	33.0195
chr8	18184950	0.0	33.0565
chr8	18203713	0.0	33.0565
chr8	18221723	1.154136046730888	33.0565
chr8	18242951	0.0	33.081
chr8	18248189	9.077598828696873	33.081
chr8	18295999	0.6324461993401883	33.515
chr8	18354502	3.2952707433068116	33.552
chr8	18395925	1.4813471189312108	33.6885
chr8	18412464	0.23601604909134716	33.713
chr8	18463308	0.0	33.725
chr8	18477550	0.4416244569821041	33.725
chr8	18533027	5.264277358289981	33.7495
chr8	18589445	0.0	34.0465
chr8	18598507	0.3020345044216821	34.0465
chr8	18639893	3.5470058158113584	34.059
chr8	18702481	2.9630390847121197	34.281
chr8	18731674	0.20977187308802472	34.3675
chr8	18788879	4.837797877891733	34.3795
chr8	18834871	0.0	34.602
chr8	18845790	17.0434932688993	34.602
chr8	18857378	0.0	34.7995
chr8	18863901	8.338528678304186	34.7995
chr8	18883149	10.49472720490997	34.96
chr8	18912640	14.531023194045561	35.2695
chr8	18945019	9.944311853616338	35.74
chr8	18946276	118.44405594405629	35.7525
chr8	18947420	7.322234762979761	35.888
chr8	18982860	1.1962914963613254	36.1475
chr8	18992891	1.9985513855728856	36.1595
chr8	19030168	0.0	36.234
chr8	19032194	0.0	36.234
chr8	19041749	1.663407287522154	36.234
chr8	19086236	7.9869600651995905	36.308
chr8	19092371	0.0	36.357
chr8	19120813	1.1175209157630566	36.357
chr8	19153922	0.0	36.394
chr8	19236425	0.0	36.394
chr8	19253280	8.351208695861727	36.394
chr8	19294771	1.2260765550239698	36.7405
chr8	19344931	28.981264637002607	36.802
chr8	19353471	0.0	37.0495
chr8	19392243	0.0	37.0495
chr8	19409112	0.0	37.0495
chr8	19432580	0.0	37.0495
chr8	19441722	83.90243902438881	37.0495
chr8	19442747	0.0	37.1355
chr8	19493763	10.575378474419509	37.1355
chr8	19534849	2.0782643957827225	37.57
chr8	19564441	0.0	37.6315
chr8	19579423	0.7836495981823585	37.6315
chr8	19674491	2.3459851230211246	37.706
chr8	19726921	7.574598316756216	37.829
chr8	19733456	2.8953651842098904	37.8785
chr8	19823082	0.0	38.138
chr8	19865053	0.22189086519691203	38.138
chr8	19921387	0.0	38.1505
chr8	19921688	1.0920298451202493	38.1505
chr8	20011887	32.10480852289072	38.249
chr8	20015360	0.8731622662926435	38.3605
chr8	20198602	146.24505928853372	38.5205
chr8	20199108	12500.000000002841	38.5945
chr8	20199109	0.0	38.607
chr8	20199110	0.0	38.607
chr8	20199111	0.0	38.607
chr8	20300861	0.8889529575704924	38.607
chr8	20342483	1.433608431167385	38.644
chr8	20368292	0.5021102199786419	38.681
chr8	20441981	0.0	38.718
chr8	20447316	0.0	38.718
chr8	20539847	0.0	38.718
chr8	20545608	0.0	38.718
chr8	20575999	1.5693980146475928	38.718
chr8	20615186	0.3827311696265414	38.7795
chr8	20647846	4.342273307790524	38.792
chr8	20710486	2.962713170825818	39.064
chr8	20731244	2.8503196980201086	39.1255
chr8	20770187	0.0	39.2365
chr8	20778695	0.9360491238582328	39.2365
chr8	20792049	0.0	39.249
chr8	20805859	0.4670532829953861	39.249
chr8	20831552	3.8291090032652093	39.261
chr8	20857276	0.0	39.3595
chr8	20875962	2.939677145284653	39.3595
chr8	20905387	2.402155204669595	39.446
chr8	20972202	4.21052631578956	39.6065
chr8	21004502	1.7661940904099973	39.7425
chr8	21025451	0.0	39.7795
chr8	21155814	0.0	39.7795
chr8	21163106	0.0	39.7795
chr8	21193132	2.420426318525775	39.7795
chr8	21279687	0.3395309041029686	39.989
chr8	21353318	0.0	40.014
chr8	21365377	0.0	40.014
chr8	21383256	0.32560032560033797	40.014
chr8	21420111	0.0	40.026
chr8	21435989	10.480221865420951	40.026
chr8	21470244	0.0	40.385
chr8	21738226	3.340535622903273	40.385
chr8	21808574	0.4524969884491288	40.62
chr8	21972111	0.9568692799395374	40.694
chr8	22048924	0.6290456768329044	40.7675
chr8	22147486	0.9504307846849095	40.8295
chr8	22276901	0.7086971311941741	40.9525
chr8	22294539	0.0	40.965
chr8	22376701	0.0	40.965
chr8	22399177	1.0632416110236285	40.965
chr8	22422690	0.0	40.99
chr8	22446464	0.0	40.99
chr8	22460252	0.0	40.99
chr8	22479342	0.0	40.99
chr8	22513474	0.41230029204605584	40.99
chr8	22542579	0.0	41.002
chr8	22572371	0.13205126823113927	41.002
chr8	22757905	0.7567044009929682	41.0265
chr8	22774424	0.0	41.039
chr8	22905248	0.3660103379245898	41.039
chr8	22972186	0.0	41.0635
chr8	23092517	0.6563057859919585	41.0635
chr8	23111563	0.2625487590552123	41.076
chr8	23204879	1.2606540120208294	41.1005
chr8	23322675	0.5343744547198611	41.249
chr8	23368523	0.1376509859251919	41.2735
chr8	23455700	0.7378588677220564	41.2855
chr8	23522786	0.0	41.335
chr8	23568143	1.0922330097087793	41.335
chr8	23613463	0.13177979596095424	41.3845
chr8	23704524	4.62566844919753	41.3965
chr8	23723224	0.0	41.483
chr8	23739712	0.7583312557135325	41.483
chr8	23787844	13.40058884655351	41.5195
chr8	23810940	1.2443268048133282	41.829
chr8	23949971	1.6736023159037015	42.002
chr8	24038403	0.0	42.15
chr8	24043162	0.18109643022720853	42.15
chr8	24112186	1.435541688794492	42.1625
chr8	24172442	0.0	42.249
chr8	24219778	0.0	42.249
chr8	24321534	1.0040512299627393	42.249
chr8	24407187	3.691175109758498	42.335
chr8	24504446	5.489821531466785	42.694
chr8	24631135	0.0	43.3895
chr8	24701822	0.0	43.3895
chr8	24709454	1.4041745730549917	43.3895
chr8	24735804	0.0	43.4265
chr8	24800282	0.0	43.4265
chr8	24854374	0.0	43.4265
chr8	24908304	0.0	43.4265
chr8	24927279	0.0	43.4265
chr8	24950901	0.4292729832756222	43.4265
chr8	24980020	1.1114557485525036	43.439
chr8	25057396	0.0	43.525
chr8	25084596	0.9476157986508106	43.525
chr8	25097787	1.073102360825027	43.5375
chr8	25120618	3.5623262279890135	43.562
chr8	25155146	0.11041329906103903	43.685
chr8	25381568	0.0	43.71
chr8	25453817	0.0	43.71
chr8	25474860	0.0	43.71
chr8	25497444	0.0	43.71
chr8	25499218	0.0	43.71
chr8	25502129	0.0	43.71
chr8	25533609	0.0	43.71
chr8	25573221	0.0	43.71
chr8	25587557	0.0	43.71
chr8	25616363	0.0	43.71
chr8	25779520	0.0	43.71
chr8	25828851	0.0	43.71
chr8	25858797	1.3425253991291375	43.71
chr8	25886357	0.0	43.747
chr8	25922766	0.10463665966301004	43.747
chr8	26042227	0.0	43.7595
chr8	26067829	0.0	43.7595
chr8	26133825	0.0	43.7595
chr8	26184777	0.0	43.7595
chr8	26245307	0.0	43.7595
chr8	26332187	0.0	43.7595
chr8	26357041	0.0	43.7595
chr8	26395003	0.0	43.7595
chr8	26417313	0.0	43.7595
chr8	26444386	4.213207916911548	43.7595
chr8	26464798	0.0	43.8455
chr8	26499959	0.0	43.8455
chr8	26543149	0.0	43.8455
chr8	26635415	0.0	43.8455
chr8	26668179	0.0	43.8455
chr8	26794395	0.0	43.8455
chr8	26897968	0.0	43.8455
chr8	26919143	0.96553966189856	43.8455
chr8	27072943	0.0	43.994
chr8	27154057	0.0	43.994
chr8	27199733	0.06846110838534736	43.994
chr8	27375015	0.0	44.006
chr8	27396259	0.0	44.006
chr8	27420027	0.0	44.006
chr8	27476812	0.0	44.006
chr8	27515271	0.0	44.006
chr8	27594962	0.28584762571465755	44.006
chr8	27680672	0.0	44.0305
chr8	27728218	0.2558225205680434	44.0305
chr8	27777080	0.0	44.043
chr8	27791609	8.352315869400469	44.043
chr8	27803462	0.43658332251706844	44.142
chr8	27888211	16.71895052046179	44.179
chr8	27902237	0.0	44.4135
chr8	27929050	0.0	44.4135
chr8	27948375	18.08602837202952	44.4135
chr8	27970298	1.980957249664439	44.81
chr8	28001596	0.0	44.872
chr8	28030514	1.6369008011498851	44.872
chr8	28068085	7.047615961635026	44.9335
chr8	28191531	2.157287648070601	45.8035
chr8	28294438	0.0	46.0255
chr8	28359118	0.3740275284260709	46.0255
chr8	28425958	0.0	46.0505
chr8	28444873	0.0	46.0505
chr8	28507735	1.0571953355260748	46.0505
chr8	28554557	0.0	46.1
chr8	28624734	0.0	46.1
chr8	28641730	0.0	46.1
chr8	28653330	0.0	46.1
chr8	28666949	0.0	46.1
chr8	28694130	0.0	46.1
chr8	28696095	1.1656125198249658	46.1
chr8	28748428	0.0	46.161
chr8	28782167	0.20274763596249554	46.161
chr8	28843820	0.12882348091354234	46.1735
chr8	28940852	0.11981557985950753	46.186
chr8	29045179	0.25937376797451367	46.1985
chr8	29093372	0.28143909188987415	46.211
chr8	29136010	0.0	46.223
chr8	29154398	2.6064597935964944	46.223
chr8	29182789	0.1374305975482694	46.297
chr8	29273744	0.3416759203895235	46.3095
chr8	29308865	0.0	46.3215
chr8	29331006	0.6973106424680845	46.3215
chr8	29384067	0.0	46.3585
chr8	29408980	1.604764201699397	46.3585
chr8	29462882	0.0	46.445
chr8	29509069	0.5415561450043367	46.445
chr8	29554309	0.0	46.4695
chr8	29562865	49.05025246453489	46.4695
chr8	29571183	1.4668492079014834	46.8775
chr8	29596748	20.382412889449757	46.915
chr8	29607051	0.4544593826926891	47.125
chr8	29633456	6.3868318080392585	47.137
chr8	29664379	3.931670281995811	47.3345
chr8	29686507	29.17482427704846	47.4215
chr8	29717664	1.3001844856364415	48.3305
chr8	29774579	6.14767680784797	48.4045
chr8	29804753	2.286876656598626	48.59
chr8	29966983	3.303423954287669	48.961
chr8	29989384	0.46306586648895465	49.035
chr8	30016378	9.373043850690255	49.0475
chr8	30046731	1.0356892932120092	49.332
chr8	30082456	0.3845207333580301	49.369
chr8	30114964	0.12843290451014036	49.3815
chr8	30208398	3.427740461186782	49.3935
chr8	30237280	2.5221330039118532	49.4925
chr8	30256708	24.11149326454578	49.5415
chr8	30298576	0.0	50.551
chr8	30323535	0.0	50.551
chr8	30394980	0.0	50.551
chr8	30417551	0.0	50.551
chr8	30453880	0.0	50.551
chr8	30482548	0.0	50.551
chr8	30488089	8.185985592662565	50.551
chr8	30489616	0.0	50.5635
chr8	30492361	1.348406428766055	50.5635
chr8	30529071	1.1242018167103915	50.613
chr8	30540190	0.0	50.6255
chr8	30542107	0.0	50.6255
chr8	30554956	0.0	50.6255
chr8	30585906	0.0	50.6255
chr8	30627594	0.0	50.6255
chr8	30669422	0.0	50.6255
chr8	30678681	1.1122801743574036	50.6255
chr8	30711946	0.0	50.6625
chr8	30720807	0.0	50.6625
chr8	30772021	0.0	50.6625
chr8	30877083	0.0	50.6625
chr8	30991203	0.0	50.6625
chr8	30999750	0.0	50.6625
chr8	31060349	0.0	50.6625
chr8	31119823	0.4599642110038139	50.6625
chr8	31199177	0.0	50.699
chr8	31235038	1.090338150205025	50.699
chr8	31269431	0.5132609879750973	50.7365
chr8	31317165	1.0214609987617576	50.761
chr8	31365625	0.0	50.8105
chr8	31423449	1.807184480342502	50.8105
chr8	31437006	12.973702629736806	50.835
chr8	31457008	0.24219537752825573	51.0945
chr8	31558166	0.0	51.119
chr8	31602433	0.12258868065161124	51.119
chr8	31704400	0.26606071937065157	51.1315
chr8	31982532	19.47796432318973	51.2055
chr8	31997780	8.29235515103397	51.5025
chr8	32030521	0.0	51.774
chr8	32064792	0.0	51.774
chr8	32086488	2.42460082791257	51.774
chr8	32111853	1.392547986450848	51.8355
chr8	32138423	0.7636852394914306	51.8725
chr8	32154791	1.2864151365517793	51.885
chr8	32279945	0.5650515609549586	52.046
chr8	32301182	0.11408232180343929	52.058
chr8	32410752	0.35048962338293127	52.0705
chr8	32551983	0.8312410938454144	52.12
chr8	32610931	4.341110669069403	52.169
chr8	32653662	0.40598146018000053	52.3545
chr8	32683220	0.3976433544868159	52.3665
chr8	32744833	2.163110201695562	52.391
chr8	32779043	0.3677335843726682	52.465
chr8	32813035	0.12692030420261396	52.4775
chr8	32911522	5.453074136060079	52.49
chr8	32965895	0.0	52.7865
chr8	33073689	0.0	52.7865
chr8	33092177	0.0	52.7865
chr8	33141031	0.0	52.7865
chr8	33156670	0.0	52.7865
chr8	33194280	0.0	52.7865
chr8	33224213	1.4967032077992857	52.7865
chr8	33248934	4.72961224134918	52.8235
chr8	33277689	3.917118172499609	52.9595
chr8	33318663	0.0	53.12
chr8	33430376	0.0	53.12
chr8	33455955	0.0	53.12
chr8	33470823	0.0	53.12
chr8	33472404	3.15864113968926	53.12
chr8	33487917	0.0	53.169
chr8	33489734	0.0	53.169
chr8	33502424	0.0	53.169
chr8	33543821	1.7099202956508652	53.169
chr8	33580080	0.0	53.231
chr8	33613426	2.4661219609407072	53.231
chr8	33633498	0.0	53.2805
chr8	33665096	0.8118222439294676	53.2805
chr8	33816607	0.0	53.4035
chr8	33874263	0.1631121804020777	53.4035
chr8	33947832	0.7194872018488914	53.4155
chr8	34016631	0.24229501841433873	53.465
chr8	34068221	0.0	53.4775
chr8	34125252	0.0	53.4775
chr8	34144869	0.0	53.4775
chr8	34151599	1.1892463301540463	53.4775
chr8	34193222	0.0	53.527
chr8	34262414	0.0	53.527
chr8	34348038	0.0	53.527
chr8	34380372	0.04657800698295892	53.527
chr8	34648739	0.0	53.5395
chr8	34694654	0.0	53.5395
chr8	34749920	0.0	53.5395
chr8	34803808	0.0	53.5395
chr8	34885026	0.0	53.5395
chr8	34944337	0.0	53.5395
chr8	34955604	0.0	53.5395
chr8	34975148	0.548920703212019	53.5395
chr8	35042553	0.0	53.5765
chr8	35103133	0.0	53.5765
chr8	35181509	0.7855126000466855	53.5765
chr8	35322818	0.20526139410190428	53.6875
chr8	35442178	0.0	53.712
chr8	35505541	0.0	53.712
chr8	35556363	0.0	53.712
chr8	35661717	0.10912994481141094	53.712
chr8	35886220	0.36262988070221863	53.7365
chr8	35953782	0.8466540232996299	53.761
chr8	35968546	0.0	53.7735
chr8	36060976	0.6137783950005192	53.7735
chr8	36222272	0.0	53.8725
chr8	36311098	0.0	53.8725
chr8	36340374	0.14495554696560273	53.8725
chr8	36423158	0.0	53.8845
chr8	36529931	0.0	53.8845
chr8	36568833	0.0	53.8845
chr8	36603744	0.5117707267142574	53.8845
chr8	36628169	0.0	53.897
chr8	36640392	0.0	53.897
chr8	36664812	0.0	53.897
chr8	36694975	0.0	53.897
chr8	36736688	0.0	53.897
chr8	36778647	0.0	53.897
chr8	36823061	0.0	53.897
chr8	36837932	0.0	53.897
chr8	36873733	0.0	53.897
chr8	36902682	3.746076743950494	53.897
chr8	36912559	0.0	53.934
chr8	36946121	0.0	53.934
chr8	37024884	4.7528822377084445	53.934
chr8	37056023	0.1917778195253005	54.082
chr8	37183775	0.0	54.1065
chr8	37231379	0.3545124368751291	54.1065
chr8	37300488	1.585362306193099	54.131
chr8	37472373	0.8354289379081926	54.4035
chr8	37590875	0.9590942407560833	54.5025
chr8	37719121	0.13758034692255589	54.6255
chr8	37809977	0.0	54.638
chr8	37854265	0.0	54.638
chr8	37868899	0.0	54.638
chr8	37881066	0.0	54.638
chr8	37953469	4.791212215643684	54.638
chr8	37966305	0.6737062090963041	54.6995
chr8	38002671	1.4653207424292316	54.724
chr8	38036452	0.7534604494027577	54.7735
chr8	38118739	0.3361062095620354	54.8355
chr8	38154442	0.0	54.8475
chr8	38170182	11.038141881864297	54.8475
chr8	38197134	0.0	55.145
chr8	38247868	0.0	55.145
chr8	38285708	3.8996333041713687	55.145
chr8	38339431	0.4313560902816526	55.3545
chr8	38425207	1.8453795610233505	55.3915
chr8	38532502	0.0	55.5895
chr8	38554054	0.0	55.5895
chr8	38636404	0.5922452136916504	55.5895
chr8	38677772	0.0	55.614
chr8	38710936	0.0	55.614
chr8	38728306	0.0	55.614
chr8	38743306	0.10963587464817309	55.614
chr8	38966773	0.0	55.6385
chr8	39096197	0.12900695605509982	55.6385
chr8	39193091	0.0	55.651
chr8	39196517	0.0	55.651
chr8	39218856	1.4669452507256346	55.651
chr8	39378712	12.813878416007569	55.8855
chr8	39419293	0.0	56.4055
chr8	39471995	0.0	56.4055
chr8	39509139	0.0	56.4055
chr8	39520976	0.0	56.4055
chr8	39555765	0.0	56.4055
chr8	39607528	0.0	56.4055
chr8	39642692	0.5359406119862254	56.4055
chr8	39780767	0.7529052689863768	56.4795
chr8	39928860	0.0	56.591
chr8	39965305	0.20866023436710407	56.591
chr8	40025211	0.0	56.6035
chr8	40066598	0.0	56.6035
chr8	40086375	0.17348340804689386	56.6035
chr8	40158428	0.0	56.616
chr8	40167844	0.13226055328998626	56.616
chr8	40258574	1.1696948105925824	56.628
chr8	40342784	0.9010307792111105	56.7265
chr8	40356657	3.4213597899037667	56.739
chr8	40425197	0.0	56.9735
chr8	40498538	0.2142394935203151	56.9735
chr8	40612896	1.09092148774418	56.998
chr8	40964892	1.2183214039362782	57.382
chr8	41188150	0.8774365852649653	57.654
chr8	41526636	0.0	57.951
chr8	41526637	0.0	57.951
chr8	41527873	0.0	57.951
chr8	41527874	0.0	57.951
chr8	41529090	0.0	57.951
chr8	41529091	3.5991937805939656	57.951
chr8	41532564	4.831870624198746	57.9635
chr8	41542705	0.0	58.0125
chr8	41806440	0.09546340456421126	58.0125
chr8	42838249	0.0	58.111
chr8	43231858	0.03519837805874706	58.111
chr8	43586988	0.6428329026026665	58.1235
chr8	43740216	0.08113669260874418	58.222
chr8	43894277	0.0	58.2345
chr8	44439764	0.0	58.2345
chr8	44711399	0.05678699199303628	58.2345
chr8	44922715	0.0	58.2465
chr8	44999261	0.035780428391921186	58.2465
chr8	45348614	0.0	58.259
chr8	45378963	0.0	58.259
chr8	45427314	5.316042597045687	58.259
chr8	45485534	0.0	58.5685
chr8	45847491	0.0	58.5685
chr8	46353930	0.0	58.5685
chr8	46632464	0.0	58.5685
chr8	47858190	0.0	58.5685
chr8	47868596	0.0	58.5685
chr8	48005001	0.0	58.5685
chr8	48096550	0.0	58.5685
chr8	48130140	0.12097932765739113	58.5685
chr8	48328521	0.05566441040254603	58.5925
chr8	48553081	0.0	58.605
chr8	48773980	0.0	58.605
chr8	48938526	0.05777514836659414	58.605
chr8	49154882	0.0	58.6175
chr8	49328662	0.261579753609511	58.6175
chr8	50179263	0.0	58.84
chr8	51402408	0.0	58.84
chr8	51566848	0.0	58.84
chr8	51789907	0.0	58.84
chr8	51979670	0.0	58.84
chr8	52127965	0.0	58.84
chr8	52458797	0.0	58.84
chr8	52480706	0.0	58.84
chr8	52886451	0.0	58.84
chr8	53050719	0.0	58.84
chr8	53269160	0.0	58.84
chr8	53332017	0.0	58.84
chr8	53380918	0.0	58.84
chr8	53739799	0.0	58.84
chr8	54998593	0.0	58.84
chr8	55134552	0.0	58.84
chr8	55147327	0.0	58.84
chr8	55180913	0.0	58.84
chr8	55258261	0.0	58.84
chr8	55450941	0.0	58.84
chr8	55494828	0.0	58.84
chr8	55526189	0.0	58.84
chr8	55761880	0.0	58.84
chr8	55875500	0.0	58.84
chr8	55912642	0.0	58.84
chr8	56225010	0.0	58.84
chr8	56299365	0.0	58.84
chr8	57012928	0.0	58.84
chr8	57598764	0.0	58.84
chr8	57766669	0.18472859975718514	58.84
chr8	57899296	0.0	58.8645
chr8	58272179	0.0	58.8645
chr8	58525988	0.0	58.8645
chr8	58586020	0.0	58.8645
chr8	58755489	0.2111950259347972	58.8645
chr8	58814676	0.1110079064814852	58.877
chr8	59035381	0.0	58.9015
chr8	59232141	0.0	58.9015
chr8	59394119	0.0	58.9015
chr8	59455985	0.0	58.9015
chr8	59512954	0.0	58.9015
chr8	59670277	0.0	58.9015
chr8	59749729	0.0	58.9015
chr8	59780415	0.15166260126638845	58.9015
chr8	59859538	0.0	58.9135
chr8	59995148	0.0	58.9135
chr8	60060726	0.0	58.9135
chr8	60107433	0.0	58.9135
chr8	60232131	0.0	58.9135
chr8	60389845	0.09663105490192213	58.9135
chr8	60519203	0.0	58.926
chr8	60556629	0.0	58.926
chr8	60610125	1.0149656062262178	58.926
chr8	60731804	0.0	59.0495
chr8	61064093	0.0	59.0495
chr8	61143345	0.06696452487328029	59.0495
chr8	61330011	0.0	59.062
chr8	61500358	0.0	59.062
chr8	61673434	0.0	59.062
chr8	61792935	0.0	59.062
chr8	61935009	0.0	59.062
chr8	62048821	0.274580441086083	59.062
chr8	62094345	0.0	59.0745
chr8	62154662	0.5269166593483997	59.0745
chr8	62200210	0.077328516282288	59.0985
chr8	62523506	0.5269651945915272	59.1235
chr8	62756918	0.0	59.2465
chr8	62927340	0.0	59.2465
chr8	63005340	0.03735937929633711	59.2465
chr8	63339928	0.0	59.259
chr8	63495577	0.0	59.259
chr8	63661983	0.0	59.259
chr8	63733340	0.0	59.259
chr8	63797831	0.0	59.259
chr8	63820246	0.0	59.259
chr8	63883202	0.0	59.259
chr8	63983447	0.21821420619012416	59.259
chr8	64095722	0.0	59.2835
chr8	64124521	0.0	59.2835
chr8	64237552	0.5388047156189936	59.2835
chr8	64283951	0.0	59.3085
chr8	64388530	0.6972975010365051	59.3085
chr8	64494654	0.0	59.3825
chr8	64540715	0.0	59.3825
chr8	64579363	0.0	59.3825
chr8	64609770	0.07824775115964946	59.3825
chr8	64769519	0.0	59.395
chr8	65241368	0.0	59.395
chr8	65439824	0.0	59.395
chr8	65489708	0.09928514694196244	59.395
chr8	65610572	0.3653140562834156	59.407
chr8	66049920	0.0676187385047914	59.5675
chr8	66234780	0.0	59.58
chr8	66655592	0.0	59.58
chr8	66787263	0.0	59.58
chr8	66846243	0.0	59.58
chr8	66860694	0.0	59.58
chr8	66878135	0.0	59.58
chr8	66908767	0.6087662337662568	59.58
chr8	66928479	0.0	59.592
chr8	66955204	0.0	59.592
chr8	66971344	0.0	59.592
chr8	67001983	0.4831478045764858	59.592
chr8	67027855	0.0	59.6045
chr8	67067455	0.0	59.6045
chr8	67092009	0.0	59.6045
chr8	67092679	0.0	59.6045
chr8	67093186	75.08680555555635	59.6045
chr8	67094338	6.8681318681295265	59.691
chr8	67096158	96.00000000000364	59.7035
chr8	67096283	0.0	59.7155
chr8	67104637	0.0	59.7155
chr8	67118702	0.0	59.7155
chr8	67497386	0.0	59.7155
chr8	67665664	0.0	59.7155
chr8	67695279	0.0591853258270692	59.7155
chr8	67906480	0.0	59.728
chr8	67975237	0.0	59.728
chr8	68132566	0.0	59.728
chr8	68262873	0.0	59.728
chr8	68331188	0.17384290164658067	59.728
chr8	68403092	0.0	59.7405
chr8	68488406	0.3384842812044479	59.7405
chr8	68633169	1.4275109918349618	59.7895
chr8	68650682	0.08515409342823606	59.8145
chr8	68791603	0.0	59.8265
chr8	68864354	0.15506568582446237	59.8265
chr8	68944965	0.0	59.839
chr8	68978789	0.0	59.839
chr8	69048876	0.0	59.839
chr8	69095632	0.0	59.839
chr8	69115898	0.0	59.839
chr8	69174806	0.27377458495779144	59.839
chr8	69220464	0.26373626373627373	59.8515
chr8	69265964	0.0	59.8635
chr8	69279098	0.0	59.8635
chr8	69286114	0.0	59.8635
chr8	69353715	0.0	59.8635
chr8	69424528	0.0	59.8635
chr8	69428504	0.0	59.8635
chr8	69508881	0.0	59.8635
chr8	69529789	0.0	59.8635
chr8	69661677	0.0	59.8635
chr8	69683270	0.0	59.8635
chr8	69686919	0.0	59.8635
chr8	69763786	0.0	59.8635
chr8	69826721	0.1559028725104319	59.8635
chr8	69903692	0.15203298507639032	59.8755
chr8	69985911	0.9722658705217213	59.888
chr8	70036823	2.661343978709349	59.9375
chr8	70041332	0.1094777037708438	59.9495
chr8	70269689	0.0	59.9745
chr8	70278060	0.42276534238278585	59.9745
chr8	70453098	0.0	60.0485
chr8	70533868	0.2375579047392892	60.0485
chr8	70584382	0.38192428732936673	60.0605
chr8	70617111	0.0	60.073
chr8	70618059	0.20633142722392595	60.073
chr8	70736800	0.1803266075516043	60.0975
chr8	70944756	4.468611483352255	60.135
chr8	71041766	0.7213600561490883	60.5685
chr8	71093058	0.0	60.6055
chr8	71097869	0.08540234753974858	60.6055
chr8	71244235	0.4574259193145214	60.618
chr8	71513131	5.410147682409567	60.741
chr8	71526809	0.0	60.815
chr8	71618759	0.18147722460831855	60.815
chr8	71684883	0.0	60.827
chr8	71696347	0.7276749330540716	60.827
chr8	71713525	0.709541919736376	60.8395
chr8	71731142	0.0	60.852
chr8	71765558	0.3805115939553528	60.852
chr8	71829945	1.7392530613203767	60.8765
chr8	71872492	0.5936204672101959	60.9505
chr8	72018208	0.0	61.037
chr8	72064920	0.25527026739561476	61.037
chr8	72111929	0.0	61.049
chr8	72133694	0.0	61.049
chr8	72170903	2.29514298120458	61.049
chr8	72203145	46.47535870243322	61.123
chr8	72204748	0.3754575889365306	61.1975
chr8	72236709	0.0	61.2095
chr8	72280713	0.0	61.2095
chr8	72314443	0.11176081397638576	61.2095
chr8	72426289	0.0	61.222
chr8	72436167	3.91248802299524	61.222
chr8	72442429	0.8701829160008274	61.2465
chr8	72470584	6.113964294448174	61.271
chr8	72474673	0.0	61.296
chr8	72498285	0.0	61.296
chr8	72516017	1.0835913312694958	61.296
chr8	72538627	0.2561842887298534	61.3205
chr8	72587420	1.5681974653849688	61.333
chr8	72626637	0.3697374863846572	61.3945
chr8	72726708	0.0	61.4315
chr8	72822558	0.2399349727257915	61.4315
chr8	72924669	0.0	61.456
chr8	72983150	0.0	61.456
chr8	73050715	0.0	61.456
chr8	73072568	0.0	61.456
chr8	73123449	0.0	61.456
chr8	73151605	0.0	61.456
chr8	73162780	0.0	61.456
chr8	73206075	0.0	61.456
chr8	73251765	0.0	61.456
chr8	73300101	0.0	61.456
chr8	73399337	0.0	61.456
chr8	73439960	0.0	61.456
chr8	73477409	0.0	61.456
chr8	73490360	0.6055468087682834	61.456
chr8	73531645	0.0	61.481
chr8	73576272	0.5276348766653676	61.481
chr8	73599015	0.0	61.493
chr8	73640193	0.0	61.493
chr8	73645054	0.0	61.493
chr8	73652317	0.0	61.493
chr8	73686649	0.0	61.493
chr8	73719897	0.8116092588383788	61.493
chr8	73750700	0.9699129057797384	61.518
chr8	73775960	0.3266009980927244	61.5425
chr8	73814233	1.7329276401958313	61.555
chr8	73863860	0.0	61.641
chr8	73921889	0.0	61.641
chr8	73962802	0.0	61.641
chr8	73986541	0.6302761755605877	61.641
chr8	74065078	0.0	61.6905
chr8	74078979	0.0	61.6905
chr8	74099614	0.0	61.6905
chr8	74132515	0.0	61.6905
chr8	74229278	0.5122206148031624	61.6905
chr8	74373747	0.8470889901325359	61.7645
chr8	74417426	0.21983046674409698	61.8015
chr8	74474288	0.0	61.814
chr8	74508595	1.8188567186342461	61.814
chr8	74522065	0.0	61.8385
chr8	74546238	0.0	61.8385
chr8	74583633	0.0	61.8385
chr8	74610421	0.0	61.8385
chr8	74629963	0.0	61.8385
chr8	74641550	0.18875047187607508	61.8385
chr8	74705126	1.0318088964856353	61.8505
chr8	74753100	0.8555800635008646	61.9
chr8	74854201	0.8957042026440679	61.9865
chr8	74882112	0.2433336712967749	62.0115
chr8	74931427	0.0	62.0235
chr8	74979112	0.0	62.0235
chr8	74985006	2.4221793067329407	62.0235
chr8	75015557	1.0579302107329531	62.0975
chr8	75074162	0.35294626093050885	62.1595
chr8	75282409	0.7992431656554869	62.233
chr8	75313063	0.9181799632728364	62.2575
chr8	75366974	5.2684038160328965	62.307
chr8	75402089	1.146841951324648	62.492
chr8	75467050	2.372502121749955	62.5665
chr8	75518894	0.3176956475696403	62.6895
chr8	75556666	7.069838540173695	62.7015
chr8	75567133	0.0	62.7755
chr8	75632719	0.0	62.7755
chr8	75717200	0.0	62.7755
chr8	75732459	2.2063739692444093	62.7755
chr8	75777329	0.0	62.8745
chr8	75868469	0.0	62.8745
chr8	75897353	0.0	62.8745
chr8	75909511	0.0	62.8745
chr8	75918757	0.0	62.8745
chr8	75985670	1.5976510212012192	62.8745
chr8	76008829	0.0	62.9115
chr8	76037445	0.0	62.9115
chr8	76109088	3.1179845347974164	62.9115
chr8	76113097	0.0	62.924
chr8	76126156	0.20464196183428188	62.924
chr8	76184795	0.0	62.936
chr8	76189866	0.6695770951066925	62.936
chr8	76227203	0.4221334854534972	62.961
chr8	76402503	0.0	63.035
chr8	76432022	0.0	63.035
chr8	76476345	0.0	63.035
chr8	76503153	0.9434688847813962	63.035
chr8	76555089	0.0	63.084
chr8	76618683	0.1329688214706962	63.084
chr8	76712690	1.3874716906000284	63.0965
chr8	76793052	1.004070556309336	63.208
chr8	76829902	3.7367462282218624	63.245
chr8	76872720	0.2774117483875547	63.405
chr8	76915977	6.676415130642269	63.417
chr8	76967951	12.411499985668009	63.764
chr8	77002838	1.2957478316054682	64.197
chr8	77040654	11.548298757330786	64.246
chr8	77079361	0.0	64.693
chr8	77155009	0.5000625078134957	64.693
chr8	77179006	0.0	64.705
chr8	77207947	0.6262838819581564	64.705
chr8	77227906	0.0	64.7175
chr8	77276188	0.0	64.7175
chr8	77326182	0.8966653741758416	64.7175
chr8	77367446	2.476689976690157	64.7545
chr8	77422358	0.0	64.8905
chr8	77435812	0.0	64.8905
chr8	77474140	0.0	64.8905
chr8	77484168	0.0631785108825009	64.8905
chr8	77674106	1.0004401936848804	64.9025
chr8	77699095	0.0	64.9275
chr8	77891743	0.0	64.9275
chr8	77986581	0.291722377537388	64.9275
chr8	78027716	0.0	64.9395
chr8	78211278	0.0	64.9395
chr8	78318254	0.6998422690520609	64.9395
chr8	78459000	0.0	65.038
chr8	78482418	0.6213545529253534	65.038
chr8	78582200	0.0	65.1
chr8	78595515	0.0	65.1
chr8	78773255	6.408579649490792	65.1
chr8	78777078	136.11111111112942	65.1245
chr8	78777258	1.9424652794160469	65.149
chr8	78840837	0.0	65.2725
chr8	78873726	1.144444105350155	65.2725
chr8	78906493	0.0	65.31
chr8	78937919	0.0	65.31
chr8	78950435	0.0	65.31
chr8	79029302	0.0	65.31
chr8	79049935	0.0	65.31
chr8	79131051	0.8588605782994886	65.31
chr8	79158995	0.15545716844098648	65.334
chr8	79239403	0.0	65.3465
chr8	79246702	0.0	65.3465
chr8	79312595	0.5869922517017436	65.3465
chr8	79333890	2.4857660302317437	65.359
chr8	79418371	2.6124129195690715	65.569
chr8	79437319	0.26843835984163156	65.6185
chr8	79482022	0.5181782533191281	65.6305
chr8	79624830	0.0	65.7045
chr8	79739337	0.8804398605671936	65.7045
chr8	79767164	4.483074107960347	65.729
chr8	79772629	1.3205806670873979	65.7535
chr8	79875614	1.5529518711174999	65.8895
chr8	79915216	0.0	65.951
chr8	79962092	0.4818069688561071	65.951
chr8	79988036	0.21240625948245087	65.9635
chr8	80103381	0.6497725795972488	65.988
chr8	80160324	1.9198327520362395	66.025
chr8	80353570	0.42102007148754633	66.396
chr8	80411762	0.0	66.4205
chr8	80495233	0.268645980926125	66.4205
chr8	80726020	0.5849608453627475	66.4825
chr8	80832010	0.22738038844150554	66.5445
chr8	80884785	0.07505749404045205	66.5565
chr8	81051324	0.4592114059366081	66.569
chr8	81211381	0.12736517122976518	66.6425
chr8	81309524	0.0	66.655
chr8	81336498	0.0	66.655
chr8	81388284	40.97128251390674	66.655
chr8	81394935	0.0	66.9275
chr8	81474625	0.0	66.9275
chr8	81583044	0.0	66.9275
chr8	81596455	0.07193597698049009	66.9275
chr8	81763270	0.09882643607165291	66.9395
chr8	81884695	0.0	66.9515
chr8	81954794	0.0	66.9515
chr8	81966980	0.32553778842655456	66.9515
chr8	82005378	4.61720846072241	66.964
chr8	82021405	0.48822326317881026	67.038
chr8	82097190	0.0	67.075
chr8	82103039	0.0	67.075
chr8	82152704	0.3019031977587393	67.075
chr8	82194108	0.0	67.0875
chr8	82200954	0.0	67.0875
chr8	82319554	0.4046093092506193	67.0875
chr8	82350448	0.0	67.1
chr8	82406042	0.0	67.1
chr8	82441915	0.0	67.1
chr8	82518453	0.0	67.1
chr8	82560421	1.0261801071233492	67.1
chr8	82620352	0.0	67.1615
chr8	82635259	0.17228527628934992	67.1615
chr8	82777465	0.0	67.186
chr8	82803732	0.06211643103828176	67.186
chr8	83004967	5.013232899022871	67.1985
chr8	83024615	0.39121181772667885	67.297
chr8	83056567	11.215842660987096	67.3095
chr8	83078634	1.33891734520712	67.557
chr8	83142865	0.07892310994938087	67.643
chr8	83301247	0.0	67.6555
chr8	83391470	0.0	67.6555
chr8	83596386	0.48367125831925567	67.6555
chr8	83622230	0.10512851961523359	67.668
chr8	83736376	0.10705749205803428	67.68
chr8	83965225	0.11645456408730219	67.7045
chr8	84072563	0.0	67.717
chr8	84101691	0.0	67.717
chr8	84156910	0.0	67.717
chr8	84190978	0.0	67.717
chr8	84241381	0.8920123364945507	67.717
chr8	84379832	0.24430524474491083	67.8405
chr8	84482163	0.0	67.8655
chr8	84569992	0.0	67.8655
chr8	84581787	0.0	67.8655
chr8	84635212	0.0	67.8655
chr8	84645077	0.0	67.8655
chr8	84672441	13.197343719353404	67.8655
chr8	84708130	0.0	68.3365
chr8	84730284	0.046639528679589586	68.3365
chr8	84998297	0.0	68.349
chr8	85010669	0.0	68.349
chr8	85104297	0.0	68.349
chr8	85159742	0.0	68.349
chr8	85227842	1.0820611803237974	68.349
chr8	85262036	0.5201698513801124	68.386
chr8	85356236	0.1550983944214562	68.435
chr8	85436830	0.0	68.4475
chr8	85561490	0.3935416622348053	68.4475
chr8	85655508	1.7403533444668897	68.4845
chr8	85826163	0.0	68.7815
chr8	85916633	0.0	68.7815
chr8	85948579	0.0	68.7815
chr8	86136808	0.37255510710960743	68.7815
chr8	86169018	0.0	68.7935
chr8	86187541	0.0	68.7935
chr8	86202194	0.0	68.7935
chr8	86223849	0.0	68.7935
chr8	86246640	0.10566542803304206	68.7935
chr8	86360206	0.0	68.8055
chr8	86384894	0.0	68.8055
chr8	86414759	0.0	68.8055
chr8	86443806	0.3892383384194695	68.8055
chr8	86475920	0.6172382292671083	68.818
chr8	86516423	0.5249343832021196	68.843
chr8	86539283	0.0	68.855
chr8	86576169	5.644546147977411	68.855
chr8	86582724	1.8152773743832182	68.892
chr8	86589610	1.2051943431469136	68.9045
chr8	86702040	0.2783902362973794	69.04
chr8	86746941	0.16997783489036894	69.0525
chr8	86820480	0.0	69.065
chr8	86848721	0.0	69.065
chr8	86891064	0.0	69.065
chr8	86896408	0.0	69.065
chr8	86922032	0.0	69.065
chr8	86924948	1.9923626099950946	69.065
chr8	86930971	2.115059221658687	69.077
chr8	86936881	0.0	69.0895
chr8	86943095	0.0	69.0895
chr8	86950819	2.0495201990285725	69.0895
chr8	86993024	0.0	69.176
chr8	87021425	0.47890808955583086	69.176
chr8	87046482	0.0	69.188
chr8	87066248	0.7969553054454264	69.188
chr8	87096990	10.593220338973415	69.2125
chr8	87098170	0.0	69.225
chr8	87145030	0.46994247904067227	69.225
chr8	87171629	0.0	69.2375
chr8	87172013	0.0	69.2375
chr8	87255692	0.9903343368723532	69.2375
chr8	87268314	1.5408320493068812	69.25
chr8	87292327	0.0	69.287
chr8	87360805	0.18196154546006632	69.287
chr8	87426753	0.2920151380644917	69.299
chr8	87469559	0.0	69.3115
chr8	87508940	316.23931623936875	69.3115
chr8	87509057	0.1825643721976784	69.3485
chr8	87577526	0.0	69.361
chr8	87676012	0.0	69.361
chr8	87688765	0.0	69.361
chr8	87717829	0.0	69.361
chr8	87787608	0.0	69.361
chr8	87812600	0.0	69.361
chr8	87839863	0.0	69.361
chr8	87895788	0.0	69.361
chr8	87899958	0.0	69.361
chr8	87902024	2.62909941947056	69.361
chr8	87934925	0.0	69.4475
chr8	87941502	0.2977593608099168	69.4475
chr8	87981803	0.8912441286280123	69.4595
chr8	88023318	1.457725947522062	69.4965
chr8	88040125	0.5929439667951604	69.521
chr8	88060363	0.5500713606088239	69.533
chr8	88127627	0.3696803004762323	69.57
chr8	88161440	0.7726064651710762	69.5825
chr8	88177619	0.7951759326751344	69.595
chr8	88192710	2.1157167530227374	69.607
chr8	88204290	1.175474891855909	69.6315
chr8	88225558	0.0	69.6565
chr8	88277244	0.0	69.6565
chr8	88296663	1.4844533600804872	69.6565
chr8	88321588	0.30209272297608897	69.6935
chr8	88526823	0.7670752516477496	69.7555
chr8	88590702	0.0	69.8045
chr8	89027592	0.15123376505526973	69.8045
chr8	89192899	0.0	69.8295
chr8	89447994	0.742559253197651	69.8295
chr8	89480988	0.0	69.854
chr8	89592671	0.0	69.854
chr8	89679242	0.38332975558903504	69.854
chr8	89711851	0.0	69.8665
chr8	89742721	0.0	69.8665
chr8	89864800	0.0	69.8665
chr8	89930890	0.0	69.8665
chr8	89955123	0.0	69.8665
chr8	89959198	0.0	69.8665
chr8	90125665	0.0	69.8665
chr8	90149320	0.0	69.8665
chr8	90164823	0.0	69.8665
chr8	90210016	0.0	69.8665
chr8	90310142	0.0	69.8665
chr8	90358950	0.0	69.8665
chr8	90435180	0.0	69.8665
chr8	90506620	0.0	69.8665
chr8	90793454	0.0	69.8665
chr8	90850588	0.0	69.8665
chr8	90916552	0.0	69.8665
chr8	90943778	0.0	69.8665
chr8	91009578	0.0	69.8665
chr8	91112309	0.0	69.8665
chr8	91305747	0.08295599875566316	69.8665
chr8	91450402	0.0	69.8785
chr8	91823302	0.324675324675337	69.8785
chr8	91860262	0.11367666718202674	69.8905
chr8	91970223	0.0	69.903
chr8	92057230	0.11103412744931186	69.903
chr8	92169808	0.0	69.9155
chr8	92535054	0.0	69.9155
chr8	92548216	0.46647083296569725	69.9155
chr8	92627535	0.08905734580613173	69.9525
chr8	92908253	0.0	69.9775
chr8	93077530	0.18702718382855396	69.9775
chr8	93208527	0.07428272599778248	70.002
chr8	93376803	0.49339455453526854	70.0145
chr8	93426459	0.0	70.039
chr8	93453923	0.4295482777435008	70.039
chr8	93540060	0.0	70.076
chr8	93688525	0.0	70.076
chr8	93716785	0.0	70.076
chr8	93757460	0.0	70.076
chr8	93884865	0.18309036746734625	70.076
chr8	94086951	0.0	70.113
chr8	94200046	0.0	70.113
chr8	94358058	0.0	70.113
chr8	94481195	0.0	70.113
chr8	94513324	0.063082527716888	70.113
chr8	94703551	0.0	70.125
chr8	94896358	0.13313735514658787	70.125
chr8	95084134	0.0	70.15
chr8	95253517	0.34984871406951523	70.15
chr8	95359277	0.3540206632469229	70.187
chr8	95428482	0.0	70.2115
chr8	95543687	0.043239129682807576	70.2115
chr8	95832777	0.0	70.224
chr8	95851049	0.0	70.224
chr8	95866298	0.0	70.224
chr8	95879136	0.0	70.224
chr8	95910011	0.0	70.224
chr8	96008413	0.0	70.224
chr8	96030134	0.0	70.224
chr8	96066246	0.43440486533450823	70.224
chr8	96093870	0.0	70.236
chr8	96219482	0.0	70.236
chr8	96425893	0.0	70.236
chr8	96469705	0.0	70.236
chr8	96490960	0.4118209073239167	70.236
chr8	96521313	0.0	70.2485
chr8	96548367	1.0161337149014593	70.2485
chr8	96572478	0.26958033493984834	70.273
chr8	96663360	2.6104628753635537	70.2975
chr8	96691899	0.0	70.372
chr8	96713191	0.599836260912546	70.372
chr8	96836558	0.0	70.446
chr8	97274156	0.0	70.446
chr8	97366003	0.0	70.446
chr8	97513970	0.24208190437765692	70.446
chr8	97563540	0.0	70.458
chr8	97662134	0.0	70.458
chr8	97865932	0.10001360184987433	70.458
chr8	97990915	0.8129651416409368	70.4705
chr8	98066564	0.15896936156355915	70.532
chr8	98453431	0.1799545075003402	70.5935
chr8	98522893	0.0	70.606
chr8	98611323	0.3849292500039368	70.606
chr8	98676270	0.0	70.631
chr8	98768782	0.0	70.631
chr8	98833372	0.0	70.631
chr8	99083707	0.0	70.631
chr8	99088449	0.23272492388948224	70.631
chr8	99298998	0.0	70.68
chr8	99318027	0.0	70.68
chr8	99341040	0.0	70.68
chr8	99362843	0.0	70.68
chr8	99451668	0.0	70.68
chr8	99466641	0.0	70.68
chr8	99524627	0.0	70.68
chr8	99572700	0.0	70.68
chr8	99618366	0.0	70.68
chr8	99650875	0.0	70.68
chr8	99727289	0.0	70.68
chr8	99790715	0.21274563437265295	70.68
chr8	99905876	0.0	70.7045
chr8	99932101	0.0	70.7045
chr8	99958026	0.0	70.7045
chr8	99997690	0.0	70.7045
chr8	99998480	0.0	70.7045
chr8	100100035	0.0	70.7045
chr8	100180917	0.763406028844495	70.7045
chr8	100229384	0.0	70.7415
chr8	100283688	0.2429790802849816	70.7415
chr8	100538854	2.0740918355113513	70.8035
chr8	100580559	0.24908668216540297	70.89
chr8	100628735	0.39933272789337565	70.902
chr8	100783994	0.0	70.964
chr8	100851738	0.0	70.964
chr8	100873367	0.7930945442472843	70.964
chr8	100981803	0.0	71.05
chr8	101028817	0.0	71.05
chr8	101139900	0.0	71.05
chr8	101175388	0.0	71.05
chr8	101295094	0.0	71.05
chr8	101338942	0.09109392877185593	71.05
chr8	101476163	4.378945714818685	71.0625
chr8	101578014	0.0	71.5085
chr8	101683643	0.0	71.5085
chr8	101743984	0.0	71.5085
chr8	101747118	0.0	71.5085
chr8	101826309	0.0	71.5085
chr8	101910456	0.0	71.5085
chr8	102057439	3.496254013557374	71.5085
chr8	102071454	0.548498845265557	71.5575
chr8	102296614	0.0	71.681
chr8	102393246	8.75714982485723	71.681
chr8	102415799	0.0	71.8785
chr8	102558463	0.20507363251909083	71.8785
chr8	102738886	0.7814942169429723	71.9155
chr8	102786871	0.0	71.953
chr8	102869333	0.0	71.953
chr8	102881473	0.0	71.953
chr8	102881677	0.16222573711319915	71.953
chr8	102955648	0.0	71.965
chr8	102984749	0.0	71.965
chr8	102999434	0.0	71.965
chr8	103075095	0.0	71.965
chr8	103235326	0.0	71.965
chr8	103351950	0.0	71.965
chr8	103422812	0.6278831368529805	71.965
chr8	103461832	2.3520862814087744	71.9895
chr8	103487979	0.16207313440677695	72.051
chr8	103716271	0.0	72.088
chr8	103805684	0.3102522540776428	72.088
chr8	103884652	0.0	72.1125
chr8	103932454	0.6094899228253816	72.1125
chr8	104053867	0.33484235621876834	72.1865
chr8	104091198	0.0	72.199
chr8	104119979	0.07523865702008475	72.199
chr8	104286117	0.0	72.2115
chr8	104450008	0.23339725474368023	72.2115
chr8	104608536	0.0	72.2485
chr8	104775772	0.0	72.2485
chr8	104813511	0.0	72.2485
chr8	104832299	0.0	72.2485
chr8	104924078	0.0	72.2485
chr8	104967234	0.0	72.2485
chr8	105015769	0.3074873161478564	72.2485
chr8	105054795	0.0	72.2605
chr8	105105851	0.0	72.2605
chr8	105141523	0.8331666999935241	72.2605
chr8	105171529	0.19227219590233868	72.2855
chr8	105236541	0.0	72.298
chr8	105364108	0.0	72.298
chr8	105428347	0.21488047273704816	72.298
chr8	105484192	0.0	72.31
chr8	105499512	0.0	72.31
chr8	105564830	0.0	72.31
chr8	105576602	0.32714805412326253	72.31
chr8	105653020	0.0	72.335
chr8	105770141	0.0	72.335
chr8	105782297	0.0	72.335
chr8	105806700	0.0	72.335
chr8	105914371	0.0	72.335
chr8	105985438	0.246305418719245	72.335
chr8	106084908	2.9073389541887553	72.3595
chr8	106157139	5.073514185130709	72.5695
chr8	106166797	0.8708751118016791	72.6185
chr8	106209283	2.935576007616553	72.6555
chr8	106234491	1.4014238466276963	72.7295
chr8	106252330	1.1518386915793155	72.7545
chr8	106369968	5.198004927588541	72.89
chr8	106386609	0.07423170188548804	72.9765
chr8	106548265	0.0	72.9885
chr8	106566710	0.0	72.9885
chr8	106576253	0.0	72.9885
chr8	106616171	0.9124762632863704	72.9885
chr8	106697269	0.38781777313456955	73.0625
chr8	106760443	0.0	73.087
chr8	106921455	0.348516293921656	73.087
chr8	107239948	2.0997816227117156	73.198
chr8	107245901	1.54936645339364	73.2105
chr8	107325611	0.0	73.334
chr8	107684133	1.0365435825374711	73.334
chr8	108029994	0.9781932079797222	73.6925
chr8	108131201	0.3413410088933737	73.7915
chr8	108239597	0.0	73.8285
chr8	108243475	0.9617640159511334	73.8285
chr8	108307420	0.0	73.89
chr8	108382796	0.0	73.89
chr8	108414209	0.0	73.89
chr8	108445463	0.0	73.89
chr8	108626211	0.0	73.89
chr8	108659318	0.0	73.89
chr8	108684853	0.0	73.89
chr8	108767313	0.0	73.89
chr8	108799257	0.0	73.89
chr8	108826796	1.7653061224489983	73.89
chr8	108875796	0.0	73.9765
chr8	108897836	0.0	73.9765
chr8	108957053	0.0	73.9765
chr8	108978682	0.3003371130861575	73.9765
chr8	109060257	0.28140477262468777	74.001
chr8	109104677	0.0	74.0135
chr8	109147568	0.0	74.0135
chr8	109185527	0.2778024713308481	74.0135
chr8	109230523	1.567235557809211	74.026
chr8	109317300	61.0813041683847	74.162
chr8	109319723	0.0	74.31
chr8	109322493	10.724731881703363	74.31
chr8	109331724	0.903176537970059	74.409
chr8	109399817	0.0	74.4705
chr8	109417641	0.41339396444813475	74.4705
chr8	109446669	0.20188968747480968	74.4825
chr8	109508584	1.3020833333331359	74.495
chr8	109537384	0.0	74.5325
chr8	109576849	0.16561546848476275	74.5325
chr8	109649306	0.254618784755522	74.5445
chr8	109698399	3.7518276366243395	74.557
chr8	109734648	1.5639729197019345	74.693
chr8	109757986	2.2458628841606263	74.7295
chr8	109812976	0.5485463521667789	74.853
chr8	109834852	3.742904932956705	74.865
chr8	109871321	1.6410165432211	75.0015
chr8	109893868	1.7024221453285875	75.0385
chr8	109929993	3.174165056582969	75.1
chr8	109980715	0.4661799998327881	75.261
chr8	110219893	0.7058484586575423	75.3725
chr8	110254603	0.09890463120936012	75.397
chr8	110375932	1.9251501617108628	75.409
chr8	110382425	0.21463280619521014	75.4215
chr8	110440664	0.0	75.434
chr8	110483792	0.34484700053491113	75.434
chr8	110554838	0.26268552164967507	75.4585
chr8	110600520	0.5957364590711652	75.4705
chr8	110662628	0.0	75.5075
chr8	110703785	0.0	75.5075
chr8	110720031	0.0	75.5075
chr8	110720580	0.0	75.5075
chr8	110810788	0.2992607450784236	75.5075
chr8	110934426	0.10831138222656005	75.5445
chr8	111049834	0.0	75.557
chr8	111091422	0.0	75.557
chr8	111171987	0.0	75.557
chr8	111201216	0.1878908128908556	75.557
chr8	111267744	0.9629038846848634	75.5695
chr8	111319151	0.8837344438526888	75.619
chr8	111360453	0.679550952730204	75.6555
chr8	111397242	0.23789133123994372	75.6805
chr8	111449787	18.619934282585266	75.693
chr8	111464395	0.0	75.965
chr8	111517850	0.7184884556380358	75.965
chr8	111569347	0.5502002728994605	76.002
chr8	111592066	0.24782895049534387	76.0145
chr8	111739345	0.0	76.051
chr8	111761620	5.394648881426461	76.051
chr8	111825943	0.5010223564300957	76.398
chr8	111899792	0.22748383916893433	76.435
chr8	111952543	1.1584538878841777	76.447
chr8	112005631	2.9128242639569106	76.5085
chr8	112043910	1.5056076202179254	76.62
chr8	112076455	1.5890102004202575	76.669
chr8	112115473	0.7958924446492902	76.731
chr8	112302056	1.328063918431272	76.8795
chr8	112395425	0.45440217458051396	77.0035
chr8	112639702	0.0	77.1145
chr8	112641528	0.9448223733929427	77.1145
chr8	112654758	0.0	77.127
chr8	112681806	2.0217474454947286	77.127
chr8	112718408	0.3318125259228662	77.201
chr8	112754573	0.0	77.213
chr8	112834867	0.4113871976305033	77.213
chr8	112865252	0.3870568199412554	77.2255
chr8	112897547	0.0	77.238
chr8	112921067	1.5207473386921702	77.238
chr8	113132805	1.8602037504420421	77.56
chr8	113339234	2.563617281189259	77.944
chr8	113397355	0.5604022779594076	78.093
chr8	113463379	0.2166339505190664	78.13
chr8	113576473	0.0	78.1545
chr8	113626216	1.1709053440122563	78.1545
chr8	113647567	0.25283171521012604	78.1795
chr8	113697007	0.0	78.192
chr8	113741730	0.0	78.192
chr8	113809915	0.0	78.192
chr8	113852318	0.45890856246894546	78.192
chr8	113904616	1.1792872127340044	78.216
chr8	113988989	13.189996950289862	78.3155
chr8	114002105	9.352327690447487	78.4885
chr8	114028569	6.461103042490489	78.736
chr8	114082275	26.884875846501185	79.083
chr8	114104425	0.12345679012348486	79.6785
chr8	114205675	0.18947815190586886	79.691
chr8	114403587	0.0	79.7285
chr8	114429118	10.154588944011357	79.7285
chr8	114474270	0.0	80.187
chr8	114474923	0.0	80.187
chr8	114475346	0.0	80.187
chr8	114694793	0.0	80.187
chr8	114891218	0.0	80.187
chr8	114943207	0.15089551871106463	80.187
chr8	115105571	1.249053747161229	80.2115
chr8	115224461	0.0	80.36
chr8	115385351	0.6691648822271329	80.36
chr8	115404031	0.0	80.3725
chr8	115409756	0.8936308492200096	80.3725
chr8	115465148	0.0	80.422
chr8	115560042	0.0	80.422
chr8	115578938	0.0	80.422
chr8	115599393	0.30702139124554567	80.422
chr8	115679192	1.491053677932248	80.4465
chr8	115712390	0.23847225136888497	80.496
chr8	115764807	0.0	80.5085
chr8	115799721	0.0	80.5085
chr8	115801846	0.7150620673876118	80.5085
chr8	115836808	0.0	80.5335
chr8	115918805	0.24338302403408288	80.5335
chr8	115968110	0.4368401892974319	80.5455
chr8	115995580	1.4570179698881127	80.5575
chr8	116055291	0.24356975837885506	80.6445
chr8	116106611	0.6389384868536875	80.657
chr8	116163737	0.0	80.6935
chr8	116206306	0.0	80.6935
chr8	116221850	0.0	80.6935
chr8	116245284	2.1532283876974443	80.6935
chr8	116279651	7.497910798848572	80.7675
chr8	116344269	2.491079243250935	81.252
chr8	116359122	1.087192868014415	81.289
chr8	116382117	5.953667026767606	81.314
chr8	116465427	0.0	81.81
chr8	116509091	0.0	81.81
chr8	116540239	0.8180027378051916	81.81
chr8	116570190	0.0	81.8345
chr8	116578119	15.065913370997537	81.8345
chr8	116594580	0.17483495580176292	82.0825
chr8	116666076	0.0	82.095
chr8	116677380	20.467417019141084	82.095
chr8	116691329	34.52830188679242	82.3805
chr8	116723129	3.2965074839634836	83.4785
chr8	116734353	0.0	83.5155
chr8	116743648	3.4948780528298737	83.5155
chr8	116803879	0.5508384986033715	83.726
chr8	116893742	0.15995365667031017	83.7755
chr8	117125059	0.4520305211008875	83.8125
chr8	117152712	0.0	83.825
chr8	117215049	0.0	83.825
chr8	117254731	0.0	83.825
chr8	117294864	2.4499492687273565	83.825
chr8	117335273	3.959112060416333	83.924
chr8	117400818	0.5368262830149384	84.1835
chr8	117447388	1.2149161955768768	84.2085
chr8	117467554	0.0	84.233
chr8	117493032	0.1608471864783679	84.233
chr8	117723064	0.0	84.27
chr8	117738857	0.0	84.27
chr8	117774713	1.752899931766322	84.27
chr8	117817214	0.9718428241228761	84.3445
chr8	117855286	1.172902400303172	84.3815
chr8	117897489	1.2871689578622265	84.431
chr8	117993436	0.8556076525545526	84.5545
chr8	118022655	0.31641397495057233	84.5795
chr8	118060580	0.0	84.5915
chr8	118064384	0.0	84.5915
chr8	118086895	7.773241206030445	84.5915
chr8	118099631	0.9511731135065843	84.6905
chr8	118164288	0.0	84.752
chr8	118189171	0.0	84.752
chr8	118250136	1.5754978573232723	84.752
chr8	118258070	9.067594797581885	84.7645
chr8	118290824	3.047716777834757	85.0615
chr8	118339549	0.25131184784581195	85.21
chr8	118389288	8.733239237827977	85.2225
chr8	118394956	0.4253949274528263	85.272
chr8	118481934	0.0	85.309
chr8	118489047	3.5229509895346514	85.309
chr8	118527651	0.0	85.445
chr8	118581544	7.9009481137738575	85.445
chr8	118606541	0.5392114571651645	85.6425
chr8	118629723	0.5197721318974944	85.655
chr8	118653772	0.0	85.6675
chr8	118683197	0.0	85.6675
chr8	118693612	1.940046310782828	85.6675
chr8	118725570	0.0	85.7295
chr8	118756612	0.0	85.7295
chr8	118789338	0.0	85.7295
chr8	118936800	0.7523039307880669	85.7295
chr8	118952751	4.009571234559763	85.7415
chr8	118968214	1.0322602302862671	85.8035
chr8	119027792	0.0	85.865
chr8	119044776	0.7002271006814182	85.865
chr8	119097616	0.0	85.902
chr8	119106434	0.4187195818061361	85.902
chr8	119372722	0.0	86.0135
chr8	119386445	0.43240625432416085	86.0135
chr8	119415353	0.46373227190170635	86.026
chr8	119441230	0.0	86.038
chr8	119466196	1.6195259205942147	86.038
chr8	119588454	0.0	86.236
chr8	119601861	0.5169347835078302	86.236
chr8	119626042	0.0	86.2485
chr8	119629981	1.0784400035209563	86.2485
chr8	119652699	14.553307356462245	86.273
chr8	119674000	0.0	86.583
chr8	119699033	0.7114399544680047	86.583
chr8	119716603	0.0	86.5955
chr8	119728606	0.8419870895313257	86.5955
chr8	119742858	0.0	86.6075
chr8	119755702	0.4739336492891175	86.6075
chr8	119781022	0.0	86.6195
chr8	119808406	1.0487457001422718	86.6195
chr8	119832244	0.35019891298265377	86.6445
chr8	119867938	1.5518700818259359	86.657
chr8	119931732	0.9978380176285094	86.756
chr8	119943758	0.0	86.768
chr8	119944072	5.402922390410047	86.768
chr8	119966930	0.21355474689496254	86.8915
chr8	120025463	0.0	86.904
chr8	120094715	0.0	86.904
chr8	120112590	0.0	86.904
chr8	120129947	0.0	86.904
chr8	120167200	0.0	86.904
chr8	120227486	0.0	86.904
chr8	120244416	7.75518759169965	86.904
chr8	120253958	0.0	86.978
chr8	120269064	0.5478611500702507	86.978
chr8	120291880	0.0	86.9905
chr8	120309562	0.0	86.9905
chr8	120335532	0.0	86.9905
chr8	120347875	0.0	86.9905
chr8	120374364	2.8066761469956236	86.9905
chr8	120387725	2.196718371737567	87.028
chr8	120398878	0.5551700208188968	87.0525
chr8	120420493	35.175879396987746	87.0645
chr8	120423677	0.0	87.1765
chr8	120439739	0.0	87.1765
chr8	120466137	4.844847200972612	87.1765
chr8	120491628	3.6683451434300474	87.3
chr8	120535517	0.0	87.461
chr8	120559373	0.0	87.461
chr8	120600277	0.0	87.461
chr8	120665526	1.980912663405358	87.461
chr8	120727871	2.85743148658585	87.5845
chr8	120797164	0.0	87.7825
chr8	120821997	0.0	87.7825
chr8	120834246	0.8956669087389528	87.7825
chr8	120875556	0.0	87.8195
chr8	121006535	4.525005231219969	87.8195
chr8	121025651	0.0	87.906
chr8	121049165	0.0	87.906
chr8	121055963	0.2934547844865394	87.906
chr8	121098559	0.0	87.9185
chr8	121112377	0.0	87.9185
chr8	121204138	0.0	87.9185
chr8	121223619	0.0	87.9185
chr8	121231464	0.0	87.9185
chr8	121256623	8.399598339077805	87.9185
chr8	121293470	0.0	88.228
chr8	121356598	0.2862901378773955	88.228
chr8	121400260	0.0	88.2405
chr8	121414738	0.43510042117730663	88.2405
chr8	121443467	0.0	88.253
chr8	121468655	0.3562205004898167	88.253
chr8	121502342	4.547739841857769	88.265
chr8	121524221	0.0	88.3645
chr8	121536376	0.33035099793492756	88.3645
chr8	121572701	0.0	88.3765
chr8	121589038	5.894988066826112	88.3765
chr8	121609988	1.0055440808785232	88.5
chr8	121646784	5.36655141187113	88.537
chr8	121743960	0.0	89.0585
chr8	121759275	1.848105691665994	89.0585
chr8	121799316	0.0	89.1325
chr8	121810396	0.0	89.1325
chr8	121827465	2.9799530431647088	89.1325
chr8	121844076	9.896825045388184	89.182
chr8	121866659	11.496849363928007	89.4055
chr8	121908714	0.0	89.889
chr8	122021103	0.0	89.889
chr8	122083318	0.0	89.889
chr8	122141342	0.0	89.889
chr8	122167379	0.3397108381346571	89.889
chr8	122204175	0.0	89.9015
chr8	122210437	0.0	89.9015
chr8	122222759	0.0	89.9015
chr8	122235170	0.0	89.9015
chr8	122257429	8.66535412672933	89.9015
chr8	122296031	1.8878101402364837	90.236
chr8	122309009	0.5906286914294285	90.2605
chr8	122392818	0.0	90.31
chr8	122431225	1.7852042273630016	90.31
chr8	122445229	0.0	90.335
chr8	122465068	5.457610257544078	90.335
chr8	122501256	21.565694340563677	90.5325
chr8	122505267	0.3522183437840778	90.619
chr8	122821832	7.351691313954334	90.7305
chr8	122833598	3.674309229865621	90.817
chr8	122837000	0.0	90.8295
chr8	122840661	2.827094877304725	90.8295
chr8	122849504	2.5425487754250926	90.8545
chr8	122868776	10.428783442300954	90.9035
chr8	122893707	9.025239489320436	91.1635
chr8	122951434	0.0	91.6845
chr8	122961051	0.0	91.6845
chr8	122965556	0.8881625692768823	91.6845
chr8	122979630	0.0	91.697
chr8	123019880	1.1872455902308245	91.697
chr8	123040516	0.0	91.7215
chr8	123058934	2.2181055915760424	91.7215
chr8	123120473	0.0	91.858
chr8	123151294	0.0	91.858
chr8	123161698	0.0	91.858
chr8	123169533	5.092911218168194	91.858
chr8	123176798	1.6883413187317426	91.895
chr8	123198713	7.789428632569973	91.932
chr8	123268808	0.0	92.478
chr8	123292011	2.565880721220953	92.478
chr8	123320851	0.0	92.552
chr8	123439449	0.647725084466711	92.552
chr8	123496572	5.21051895369985	92.589
chr8	123510870	16.407963556605388	92.6635
chr8	123546432	2.9755761953904685	93.247
chr8	123575502	0.0	93.3335
chr8	123720302	0.0	93.3335
chr8	123727435	1.0380036436047664	93.3335
chr8	123751038	13.30664154498346	93.358
chr8	123789252	3.272690314056334	93.8665
chr8	123838447	0.2891078613246068	94.0275
chr8	123879954	0.0	94.0395
chr8	123903556	1.5139919475592905	94.0395
chr8	123993715	1.9227771137552319	94.176
chr8	124012958	0.0	94.213
chr8	124101236	0.0	94.213
chr8	124114380	2.255022550225912	94.213
chr8	124136331	0.22644927536232742	94.2625
chr8	124189323	0.2696929815099105	94.2745
chr8	124235672	1.749894301686486	94.287
chr8	124278246	0.0	94.3615
chr8	124319769	0.0	94.3615
chr8	124342034	3.6305547487623095	94.3615
chr8	124345477	3.572538055296706	94.374
chr8	124435609	3.405924243988157	94.696
chr8	124464676	9.82026380634826	94.795
chr8	124478474	6.9829243469414815	94.9305
chr8	124496160	0.0	95.054
chr8	124498659	4.962157285349293	95.054
chr8	124518610	1.5373109523016728	95.153
chr8	124590814	0.19959083878050754	95.264
chr8	124650937	0.3371726054002331	95.276
chr8	124688010	2.118788872940934	95.2885
chr8	124717272	0.9815083820818062	95.3505
chr8	124742743	0.0	95.3755
chr8	124801300	1.2701028096733444	95.3755
chr8	124859563	1.177827989039147	95.4495
chr8	124901165	0.0	95.4985
chr8	124919218	0.9244905963430284	95.4985
chr8	124972761	0.5253094072406856	95.548
chr8	125020352	2.2013147578556027	95.573
chr8	125036933	2.076929467475167	95.6095
chr8	125061007	0.0	95.6595
chr8	125074924	0.8823057590504783	95.6595
chr8	125131027	1.1255570358799356	95.709
chr8	125196328	0.5957127895692383	95.7825
chr8	125300405	1.1327929322829606	95.8445
chr8	125388241	0.0	95.944
chr8	125427291	0.0	95.944
chr8	125447285	0.0	95.944
chr8	125530777	0.33298185248905193	95.944
chr8	125566815	5.54083802843172	95.956
chr8	125593616	0.0	96.1045
chr8	125643458	0.0	96.1045
chr8	125670266	3.060415324379066	96.1045
chr8	125710620	1.7874078937771427	96.228
chr8	125724327	0.0	96.2525
chr8	125744456	0.0	96.2525
chr8	125775173	0.9610209886986117	96.2525
chr8	125788180	0.9331840238897232	96.265
chr8	125801575	0.0	96.2775
chr8	125814729	5.230481374382992	96.2775
chr8	125826487	10.038192449386456	96.339
chr8	125856074	1.4838103999042411	96.636
chr8	126014787	7.734113712374874	96.8715
chr8	126029139	1.3970108868813158	96.9825
chr8	126233146	0.0	97.2675
chr8	126247540	0.0	97.2675
chr8	126253856	0.0	97.2675
chr8	126266285	1.6334098534348462	97.2675
chr8	126288937	0.0	97.3045
chr8	126314871	0.0	97.3045
chr8	126327003	0.6007208650380684	97.3045
chr8	126346979	1.4476719551809054	97.3165
chr8	126389461	1.193089624892893	97.378
chr8	126410415	0.0	97.403
chr8	126445034	0.21707041764328613	97.403
chr8	126502619	0.0	97.4155
chr8	126528361	0.0	97.4155
chr8	126537305	1.1181134376907904	97.4155
chr8	126581576	0.7989347536618145	97.465
chr8	126596596	0.6779243189941352	97.477
chr8	126669613	5.429598649937491	97.5265
chr8	126683242	6.310555838857662	97.6005
chr8	126706774	0.33080159843339885	97.749
chr8	126744561	0.0	97.7615
chr8	126760671	2.5123069088439336	97.7615
chr8	126790126	0.0	97.8355
chr8	126807870	4.141983335741393	97.8355
chr8	126828633	6.9172722191167555	97.9215
chr8	126850101	0.0	98.07
chr8	126866037	1.742650941735676	98.07
chr8	126922847	0.0	98.169
chr8	126960674	2.0828020062911925	98.169
chr8	126984200	0.0	98.218
chr8	126997379	2.505671621575799	98.218
chr8	127026912	12.146859449081237	98.292
chr8	127052433	0.0	98.602
chr8	127071928	1.3367554272265787	98.602
chr8	127090630	0.0	98.627
chr8	127107686	0.4278038262775195	98.627
chr8	127136905	0.0	98.6395
chr8	127199385	0.7657906022179037	98.6395
chr8	127215708	0.0	98.652
chr8	127229177	0.0	98.652
chr8	127240853	0.7625099285147231	98.652
chr8	127272328	0.3428414701043017	98.676
chr8	127308788	0.0	98.6885
chr8	127362873	0.0	98.6885
chr8	127382056	0.0	98.6885
chr8	127402185	0.2801120448176724	98.6885
chr8	127446810	4.5119705340705885	98.701
chr8	127452240	0.0	98.7255
chr8	127489825	7.216752878358161	98.7255
chr8	127501811	0.18151982922618595	98.812
chr8	127570674	0.6192717364380897	98.8245
chr8	127611044	0.0	98.8495
chr8	127627446	0.7510166200588019	98.8495
chr8	127709335	2.792256142963091	98.911
chr8	127722765	2.603067398340097	98.9485
chr8	127736979	0.8497331837800032	98.9855
chr8	127766400	1.2126376507605576	99.0105
chr8	127796912	2.1031403053877127	99.0475
chr8	127814267	1.6145698785837945	99.084
chr8	127829751	0.7270612185547677	99.109
chr8	127898521	445.99999999996953	99.159
chr8	127898771	0.6399754249438276	99.2705
chr8	127918303	0.7051788333522985	99.283
chr8	127936029	2.292504912509506	99.2955
chr8	127946716	2.7855348647929428	99.32
chr8	128017977	0.0	99.5185
chr8	128056002	6.009783368273831	99.5185
chr8	128070312	1.3825904214130889	99.6045
chr8	128088394	0.0	99.6295
chr8	128106605	1.400400114318565	99.6295
chr8	128124100	0.8365120792346143	99.654
chr8	128153986	6.7903838043020395	99.679
chr8	128177696	11.69764560099083	99.84
chr8	128197871	0.2472016770162331	100.076
chr8	128248437	0.7831589499406579	100.0885
chr8	128264398	0.0	100.101
chr8	128284283	0.0	100.101
chr8	128308949	4.771213251369754	100.101
chr8	128347828	0.0	100.2865
chr8	128361272	1.4900908955445435	100.2865
chr8	128394827	4.24847858537216	100.3365
chr8	128403536	0.5380972879891791	100.3735
chr8	128426766	0.0	100.386
chr8	128467079	4.108125872977682	100.386
chr8	128479250	0.2679700731019922	100.436
chr8	128525897	0.2345479791346651	100.4485
chr8	128579191	0.0	100.461
chr8	128595415	3.525130770980078	100.461
chr8	128613003	1.2399317541562513	100.523
chr8	128663409	20.874830690781646	100.5855
chr8	128675960	0.0	100.8475
chr8	128686879	5.594800791184162	100.8475
chr8	128704574	2.1908684602581445	100.9465
chr8	128715985	0.0	100.9715
chr8	128731740	0.0	100.9715
chr8	128748111	2.2315451218416023	100.9715
chr8	128759314	0.0	100.9965
chr8	128774946	0.5181132388295964	100.9965
chr8	128799072	0.0	101.009
chr8	128813258	0.9504980609841717	101.009
chr8	128826409	0.0	101.0215
chr8	128867538	0.7511116452351185	101.0215
chr8	128884180	0.0	101.034
chr8	128903763	0.0	101.034
chr8	128914198	1.2923235978284557	101.034
chr8	128933543	0.0	101.059
chr8	128946166	1.6392367713596279	101.059
chr8	128961417	0.8750437521878084	101.084
chr8	128975702	0.7956304833991039	101.0965
chr8	129022206	0.0	101.1335
chr8	129041642	0.8097952837524516	101.1335
chr8	129057078	1.1431184270693042	101.146
chr8	129068013	0.0	101.1585
chr8	129082800	1.5619083680422432	101.1585
chr8	129114492	1.6383773510714057	101.208
chr8	129145010	1.8324415451151275	101.258
chr8	129158653	1.07690927039401	101.283
chr8	129169796	3.803727653099822	101.295
chr8	129182941	3.172588832487129	101.345
chr8	129198701	4.9632717887633415	101.395
chr8	129213812	1.8019316707514548	101.47
chr8	129227686	9.697439875872218	101.495
chr8	129248310	3.131524008351443	101.695
chr8	129260285	0.9500646043927747	101.7325
chr8	129286599	1.0398613518197968	101.7575
chr8	129298139	0.719300264702661	101.7695
chr8	129332895	0.0	101.7945
chr8	129349135	1.6403123154652375	101.7945
chr8	129364376	0.0	101.8195
chr8	129380446	0.9261317329768565	101.8195
chr8	129393943	0.0	101.832
chr8	129411518	0.0	101.832
chr8	129429181	0.0	101.832
chr8	129447873	0.0	101.832
chr8	129461041	0.0	101.832
chr8	129483982	0.45035307681232317	101.832
chr8	129511738	4.336889582790976	101.8445
chr8	129523267	3.387858462802613	101.8945
chr8	129537878	6.176879653112248	101.944
chr8	129550101	4.249532551419505	102.0195
chr8	129567750	4.58299301207002	102.0945
chr8	129578769	1.0140342337959636	102.145
chr8	129591096	20.05518872573157	102.1575
chr8	129611390	0.0	102.5645
chr8	129625242	0.0	102.5645
chr8	129636723	0.0	102.5645
chr8	129693287	2.0209224916791944	102.5645
chr8	129705905	7.7738879736399324	102.59
chr8	129715617	0.8283357078958843	102.6655
chr8	129745798	1.7701588484649324	102.6905
chr8	129767265	1.4348025711665338	102.7285
chr8	129775977	0.8272393368851356	102.741
chr8	129806198	15.796001751057664	102.766
chr8	129819904	0.0	102.9825
chr8	129829105	0.0	102.9825
chr8	129845692	6.3539837806197985	102.9825
chr8	129857653	6.602641056423174	103.0585
chr8	129870981	17.6475837758243	103.1465
chr8	129893392	0.6246815943330379	103.542
chr8	129975834	0.0	103.5935
chr8	129993012	0.0	103.5935
chr8	129994584	0.0	103.5935
chr8	129995442	0.0	103.5935
chr8	130007408	0.0	103.5935
chr8	130009782	9.115247322794536	103.5935
chr8	130025470	0.8058796982779081	103.7365
chr8	130040981	0.0	103.749
chr8	130053457	1.9708914493640433	103.749
chr8	130066649	2.1582432319167384	103.775
chr8	130114373	0.0	103.878
chr8	130116628	8.446738620366345	103.878
chr8	130131545	11.320360999530426	104.004
chr8	130150714	0.0	104.221
chr8	130181793	52.208835341357926	104.221
chr8	130182291	1.424254433765913	104.247
chr8	130263035	9.920708095150488	104.362
chr8	130290150	0.0	104.631
chr8	130298483	0.0	104.631
chr8	130310312	0.0	104.631
chr8	130317959	2.656641604009888	104.631
chr8	130327934	13.686946633091914	104.6575
chr8	130340245	4.7526762643045695	104.826
chr8	130351081	0.0	104.8775
chr8	130360803	3.6410366245450083	104.8775
chr8	130374810	3.66564843099153	104.9285
chr8	130392815	10.062698351265226	104.9945
chr8	130405734	49.982127963779256	105.1245
chr8	130414127	5.497564370216265	105.544
chr8	130428497	9.049010791366983	105.623
chr8	130437393	0.0	105.7035
chr8	130448256	5.746708372735398	105.7035
chr8	130462003	0.0	105.7825
chr8	130472751	2.2896650803634793	105.7825
chr8	130483888	19.532201738000268	105.808
chr8	130496201	0.0	106.0485
chr8	130515652	12.405303030303052	106.0485
chr8	130531492	3.1324885785707766	106.245
chr8	130821517	1.4971616879882896	107.1535
chr8	131004196	1.0635686819922292	107.427
chr8	131016419	25.518782590188316	107.44
chr8	131063404	0.8204605895998518	108.639
chr8	131081077	0.9102056215808907	108.6535
chr8	131187097	0.3969410416939219	108.75
chr8	131286608	0.36986808038467683	108.7895
chr8	131327163	0.41862561988764796	108.8045
chr8	131358217	0.0	108.8175
chr8	131373562	0.0	108.8175
chr8	131397184	0.0	108.8175
chr8	131436361	0.0	108.8175
chr8	131452300	0.0	108.8175
chr8	131473787	0.0	108.8175
chr8	131495871	0.0	108.8175
chr8	131545059	0.0	108.8175
chr8	131563611	0.0	108.8175
chr8	131588517	0.38725052129893445	108.8175
chr8	131622087	0.0	108.8305
chr8	131677526	2.651370741344155	108.8305
chr8	131735232	0.0	108.9835
chr8	131766768	0.7288830211513226	108.9835
chr8	131803125	13.973897389738545	109.01
chr8	131825345	0.0	109.3205
chr8	131939572	2.1874233379671133	109.3205
chr8	131964030	0.0	109.374
chr8	132008265	1.0903296150302129	109.374
chr8	132020188	0.0	109.387
chr8	132027109	2.6574803149607304	109.387
chr8	132037269	0.0	109.414
chr8	132078211	0.0	109.414
chr8	132098656	0.0	109.414
chr8	132162733	0.0	109.414
chr8	132170534	0.0	109.414
chr8	132178062	0.0	109.414
chr8	132191362	0.0	109.414
chr8	132202565	0.0	109.414
chr8	132222120	0.0	109.414
chr8	132240835	0.0	109.414
chr8	132284840	0.0	109.414
chr8	132332556	1.458353256192193	109.414
chr8	132353470	0.0	109.4445
chr8	132375374	3.3770744886141055	109.4445
chr8	132396102	0.0	109.5145
chr8	132414335	0.0	109.5145
chr8	132433356	1.7650193153056237	109.5145
chr8	132448370	0.0	109.541
chr8	132470395	0.0	109.541
chr8	132498228	0.0	109.541
chr8	132553860	0.0	109.541
chr8	132566809	2.7605480199037995	109.541
chr8	132581480	0.0	109.5815
chr8	132593057	0.0	109.5815
chr8	132608525	0.1590199658400778	109.5815
chr8	132693420	0.0	109.595
chr8	132730824	0.0	109.595
chr8	132739502	0.0	109.595
chr8	132770932	0.0	109.595
chr8	132783378	0.0	109.595
chr8	132795642	0.0	109.595
chr8	132888080	0.0	109.595
chr8	132910456	0.0	109.595
chr8	132912673	0.0	109.595
chr8	132934201	0.49937796779452054	109.595
chr8	133048343	5.821991653876928	109.652
chr8	133127182	0.3695896186380871	110.111
chr8	133163709	1.3887981177702104	110.1245
chr8	133194311	0.0	110.167
chr8	133210031	0.3193357815742295	110.167
chr8	133253872	0.10050026800077137	110.181
chr8	133388200	0.9847545408121239	110.1945
chr8	133401909	0.0	110.208
chr8	133414882	1.8847907543677664	110.208
chr8	133459184	0.18509124312773512	110.2915
chr8	133532121	0.9612501543289809	110.305
chr8	133588818	0.0	110.3595
chr8	133600649	0.0	110.3595
chr8	133618212	0.0	110.3595
chr8	133686407	0.0	110.3595
chr8	133707491	6.479324403028734	110.3595
chr8	133755567	0.0	110.671
chr8	133774081	0.6682761768955084	110.671
chr8	133986568	0.0	110.813
chr8	134031953	7.122288347091751	110.813
chr8	134057998	0.3030040689116915	110.9985
chr8	134104202	1.5590056769308211	111.0125
chr8	134150706	6.661494422001911	111.085
chr8	134188085	0.0	111.334
chr8	134210697	0.0	111.334
chr8	134224374	5.693266482357785	111.334
chr8	134267056	1.0308094294656698	111.577
chr8	134615326	1.2785277802945179	111.936
chr8	134714659	0.508611315724795	112.063
chr8	134771677	0.5742473594036022	112.092
chr8	134824790	0.0	112.1225
chr8	134849561	0.0	112.1225
chr8	134882754	0.4480955937266787	112.1225
chr8	134956399	0.0	112.1555
chr8	134978222	0.0	112.1555
chr8	135003044	1.8874465544467618	112.1555
chr8	135029005	1.1280267282058367	112.2045
chr8	135087071	2.334640065919397	112.27
chr8	135127120	0.0	112.3635
chr8	135140346	1.1190952997997834	112.3635
chr8	135242214	0.0	112.4775
chr8	135398501	0.0	112.4775
chr8	135427305	0.0	112.4775
chr8	135476475	0.9308444620958723	112.4775
chr8	135516761	1.7815870570110814	112.515
chr8	135537529	1.2893243940173396	112.552
chr8	135566614	1.1585671342687294	112.5895
chr8	135582582	0.0	112.608
chr8	135591551	2.796212064722565	112.608
chr8	135604962	0.0	112.6455
chr8	135607347	1.841062689349982	112.6455
chr8	135628802	0.0	112.685
chr8	135648559	0.0	112.685
chr8	135668711	0.3668378576669721	112.685
chr8	135719142	0.0	112.7035
chr8	135728718	1.9578617623282277	112.7035
chr8	135768302	0.0	112.781
chr8	135769606	0.0	112.781
chr8	135770072	1.4766260894618173	112.781
chr8	135783955	2.322534540256507	112.8015
chr8	135792351	0.0	112.821
chr8	135809396	0.0	112.821
chr8	135833776	0.0	112.821
chr8	135852699	0.0	112.821
chr8	135880566	0.2907230281711069	112.821
chr8	136018154	9.995869475422975	112.861
chr8	136030259	1.2613490190201329	112.982
chr8	136110332	2.271580010096396	113.083
chr8	136128161	0.0	113.1235
chr8	136153038	0.0	113.1235
chr8	136167979	0.0	113.1235
chr8	136195510	0.0	113.1235
chr8	136212428	2.745616936817678	113.1235
chr8	136227543	0.0	113.165
chr8	136293155	0.0	113.165
chr8	136316130	0.0	113.165
chr8	136335315	0.0	113.165
chr8	136335639	0.0	113.165
chr8	136342680	0.4404704224110475	113.165
chr8	136388086	0.5862973923725724	113.185
chr8	136423904	0.3231122168728557	113.206
chr8	136485802	0.0	113.226
chr8	136490990	10.383189122373693	113.226
chr8	136495035	0.0	113.268
chr8	136537379	0.0	113.268
chr8	136561573	1.0428022941653112	113.268
chr8	136582670	1.7717346518326305	113.29
chr8	136594805	1.9041714639981564	113.3115
chr8	136606096	4.184236133635766	113.333
chr8	136621511	2.176774324187829	113.3975
chr8	136641265	0.0	113.4405
chr8	136664341	0.0	113.4405
chr8	136685713	0.0	113.4405
chr8	136700936	0.0	113.4405
chr8	136748772	0.0	113.4405
chr8	136764437	0.0	113.4405
chr8	136791074	1.2777843813148213	113.4405
chr8	136807900	0.0	113.462
chr8	136825672	0.5451887096372354	113.462
chr8	136866025	0.0	113.484
chr8	136939490	0.0	113.484
chr8	136960048	0.0	113.484
chr8	136971115	0.0	113.484
chr8	136999563	0.0	113.484
chr8	137014603	0.0	113.484
chr8	137028828	1.7916768466488178	113.484
chr8	137065665	0.10065333162530228	113.55
chr8	137284237	0.1303425639566751	113.572
chr8	137453023	0.0	113.594
chr8	137515911	0.0	113.594
chr8	137540515	0.6328673760345517	113.594
chr8	137612410	0.0	113.6395
chr8	137652172	0.0	113.6395
chr8	137680383	0.0	113.6395
chr8	137722287	0.0	113.6395
chr8	137746580	0.0	113.6395
chr8	137795518	0.0	113.6395
chr8	137807290	0.0	113.6395
chr8	137816999	0.5290518470809251	113.6395
chr8	137860473	0.0	113.6625
chr8	137884265	0.31803019166630797	113.6625
chr8	137955013	0.0	113.685
chr8	137959175	0.0	113.685
chr8	138003690	0.0	113.685
chr8	138100453	0.0	113.685
chr8	138130825	0.0	113.685
chr8	138137136	0.8783654764176488	113.685
chr8	138163321	0.0	113.708
chr8	138164225	0.0	113.708
chr8	138289364	0.0	113.708
chr8	138321317	0.0	113.708
chr8	138372845	0.0	113.708
chr8	138386229	0.0	113.708
chr8	138438665	0.0	113.708
chr8	138491002	0.0	113.708
chr8	138513432	0.0	113.708
chr8	138544271	0.0	113.708
chr8	138585734	0.0	113.708
chr8	138608412	0.0	113.708
chr8	138656587	0.0	113.708
chr8	138683058	0.0	113.708
chr8	138702284	0.0	113.708
chr8	138772084	0.0	113.708
chr8	138774135	0.0	113.708
chr8	138824396	0.0	113.708
chr8	138847133	0.0	113.708
chr8	138857742	0.0	113.708
chr8	138876852	0.0	113.708
