Chromosome	Position(bp)	Rate(cM/Mb)	Map(cM)
chr11	0	0.0	0.0
chr11	58340	0.0	0.0
chr11	58361	0.0	0.0
chr11	64513	0.0	0.0
chr11	115522	0.29489035440458955	0.0
chr11	190126	0.0	0.022
chr11	215036	0.0	0.022
chr11	252478	0.0	0.022
chr11	280199	0.0	0.022
chr11	280216	1.7123969575086617	0.022
chr11	305327	0.0	0.065
chr11	369720	1.7090069284064668	0.065
chr11	380545	0.574245106953151	0.0835
chr11	485030	0.0	0.1435
chr11	504716	0.0	0.1435
chr11	521230	0.0	0.1435
chr11	550396	1.4208312810214832	0.1435
chr11	576789	0.22530902476332215	0.181
chr11	818679	0.0	0.2355
chr11	836701	0.0	0.2355
chr11	839990	0.0	0.2355
chr11	841307	0.0	0.2355
chr11	843214	2.806955987807285	0.2355
chr11	888815	0.0	0.3635
chr11	949654	5.534413395672503	0.3635
chr11	995639	0.7605031653374973	0.618
chr11	1019965	0.0	0.6365
chr11	1094384	0.0	0.6365
chr11	1273123	3.0186147912124794	0.6365
chr11	1279086	0.0	0.6545
chr11	1332927	1.325673884224482	0.6545
chr11	1346505	0.0	0.6725
chr11	1447797	0.0	0.6725
chr11	1544563	0.0	0.6725
chr11	1571204	0.0	0.6725
chr11	1596109	2.6569328565752874	0.6725
chr11	1616245	0.0	0.726
chr11	1636829	1.181990107652021	0.726
chr11	1664325	0.0	0.7585
chr11	1700159	0.0	0.7585
chr11	1715502	1.0174089984173664	0.7585
chr11	1746463	0.0	0.79
chr11	1776544	0.0	0.79
chr11	1809894	7.615726251155029	0.79
chr11	1843443	0.0	1.0455
chr11	1854635	0.0	1.0455
chr11	1882390	0.0	1.0455
chr11	1907621	0.8840267418089406	1.0455
chr11	1925720	0.8689802096765066	1.0615
chr11	1943557	0.0	1.077
chr11	1966822	0.7408405172413774	1.077
chr11	1989094	0.0	1.0935
chr11	2030986	2.337340202251486	1.0935
chr11	2051950	0.10239403868512742	1.1425
chr11	2203326	0.7927312641014717	1.158
chr11	2285321	0.0	1.223
chr11	2288735	0.4453041288042166	1.223
chr11	2360596	0.0	1.255
chr11	2402996	5.193758698996412	1.255
chr11	2471251	6.111174177924092	1.6095
chr11	2497678	0.0	1.771
chr11	2538184	0.0	1.771
chr11	2558153	0.0	1.771
chr11	2584791	0.0	1.771
chr11	2593976	0.24938057084017232	1.771
chr11	2656130	0.6979152595794529	1.7865
chr11	2678339	0.0	1.802
chr11	2707383	2.018872064955016	1.802
chr11	2730168	1.4239028944911285	1.848
chr11	2773008	3.1030869670347365	1.909
chr11	2797822	7.631530663731021	1.986
chr11	2885026	15.844425448772748	2.6515
chr11	2901404	1.1539349180706133	2.911
chr11	2927402	7.23249353386343	2.941
chr11	2937841	0.0	3.0165
chr11	2943966	1.6549850248556506	3.0165
chr11	3105901	16.77084400724118	3.2845
chr11	3135178	0.6481844084642087	3.7755
chr11	3283284	1.8715326515607262	3.8715
chr11	3298245	11.244668476153532	3.8995
chr11	3324035	0.0	4.1895
chr11	3356495	0.7325240686479821	4.1895
chr11	3394719	0.0	4.2175
chr11	3399720	0.0	4.2175
chr11	3420337	0.0	4.2175
chr11	3436158	0.0	4.2175
chr11	3463192	0.0	4.2175
chr11	3482161	0.0	4.2175
chr11	3509343	3.504324485535342	4.2175
chr11	3529461	2.368365404948194	4.288
chr11	3553106	0.6478628426957332	4.344
chr11	3616391	0.0	4.385
chr11	3657217	0.6956438303588542	4.385
chr11	3678061	0.0	4.3995
chr11	3713123	4.59216770801325	4.3995
chr11	3742412	4.861111111111126	4.534
chr11	3775532	6.72410170203825	4.695
chr11	3799327	11.451316595223478	4.855
chr11	3807492	17.705283702774263	4.9485
chr11	3821838	44.254207777133	5.2025
chr11	3828730	8.253625424251721	5.5075
chr11	3835212	0.6402258848250001	5.561
chr11	3896128	0.0	5.6
chr11	3919002	0.28027510079124557	5.6
chr11	4011768	0.9036658141517314	5.626
chr11	4041093	2.747136638350044	5.6525
chr11	4064754	0.0	5.7175
chr11	4092099	0.0	5.7175
chr11	4101912	0.0	5.7175
chr11	4136677	0.0	5.7175
chr11	4191012	1.2354478498455597	5.7175
chr11	4212057	0.6973500697350017	5.7435
chr11	4230699	1.2098167991704107	5.7565
chr11	4262522	0.0	5.795
chr11	4274440	0.0	5.795
chr11	4296302	0.0	5.795
chr11	4306449	1.8453676540172093	5.795
chr11	4327583	0.7168100286724085	5.834
chr11	4417565	1.905687168373072	5.8985
chr11	4430946	2.2058937753405847	5.924
chr11	4495319	2.1311413022795618	6.066
chr11	4574150	6.591817640554536	6.234
chr11	4585907	0.0	6.3115
chr11	4665664	1.604935175665172	6.3115
chr11	4705541	1.589362464183385	6.3755
chr11	4794885	0.0	6.5175
chr11	4809384	0.0	6.5175
chr11	4867884	0.0	6.5175
chr11	4895849	0.0	6.5175
chr11	4905568	0.5255073166787897	6.5175
chr11	4930306	0.1792474475163499	6.5305
chr11	5000042	1.6549174690508932	6.543
chr11	5023306	0.7237501391827135	6.5815
chr11	5041268	3.9083251119374576	6.5945
chr11	5054445	1.6769291235425143	6.646
chr11	5092610	17.03258227952383	6.71
chr11	5116887	0.0	7.1235
chr11	5160001	0.0	7.1235
chr11	5165792	0.0	7.1235
chr11	5169306	0.0	7.1235
chr11	5181575	0.0	7.1235
chr11	5188728	0.0	7.1235
chr11	5200309	6.143141153081497	7.1235
chr11	5225459	0.0	7.278
chr11	5237134	2.4782253019585565	7.278
chr11	5257915	1.1640563584688872	7.3295
chr11	5290989	1.5455022882436755	7.368
chr11	5357634	11.770609973082713	7.471
chr11	5379553	8.259475768432972	7.729
chr11	5406068	0.0	7.948
chr11	5454623	0.0	7.948
chr11	5484881	0.26460626587636094	7.948
chr11	5532121	1.1822750501143484	7.9605
chr11	5673797	0.0	8.128
chr11	5814465	1.5572592237661596	8.128
chr11	5881249	0.0	8.232
chr11	6003004	0.0	8.232
chr11	6015694	1.5155140783281589	8.232
chr11	6040768	3.954488691549884	8.27
chr11	6076803	3.60388592917582	8.4125
chr11	6105522	0.7284951777172809	8.516
chr11	6246223	1.1378848728246354	8.6185
chr11	6291043	3.4181710565256234	8.6695
chr11	6324833	13.605621895804727	8.785
chr11	6343759	0.18454575034845278	9.0425
chr11	6549670	0.0	9.0805
chr11	6624501	1.6804550155118796	9.0805
chr11	6655445	1.6918499504112896	9.1325
chr11	6724009	1.5430845447900696	9.2485
chr11	6748635	16.075740246537052	9.2865
chr11	6764373	1.9976459276205605	9.5395
chr11	6885015	0.3864943417228152	9.7805
chr11	6917357	0.0	9.793
chr11	6958906	1.2054873785471636	9.793
chr11	7000383	0.7461594732991716	9.843
chr11	7034558	0.0	9.8685
chr11	7089663	4.010742429061104	9.8685
chr11	7117962	0.24236096869814686	9.982
chr11	7171601	0.25633664178494514	9.995
chr11	7220365	3.809667978605303	10.0075
chr11	7240183	0.0	10.083
chr11	7261994	0.0	10.083
chr11	7326172	18.627691803815537	10.083
chr11	7338385	0.0	10.3105
chr11	7440893	1.02618832608169	10.3105
chr11	7453074	0.0	10.323
chr11	7515664	0.0	10.323
chr11	7556279	1.8645584725537259	10.323
chr11	7569687	3.31209440521181	10.348
chr11	7688494	1.074367734588172	10.7415
chr11	7735033	0.0	10.7915
chr11	7774585	0.0	10.7915
chr11	7781213	6.541557640705989	10.7915
chr11	7841214	0.0	11.184
chr11	7867965	0.0	11.184
chr11	7917554	0.0	11.184
chr11	7959312	0.0	11.184
chr11	8015294	0.0	11.184
chr11	8041890	0.0	11.184
chr11	8067253	0.0	11.184
chr11	8101823	0.0	11.184
chr11	8130086	0.0	11.184
chr11	8150467	0.0	11.184
chr11	8215807	2.004008016032068	11.184
chr11	8322593	0.34929154990724953	11.398
chr11	8575963	3.4029649595688225	11.4865
chr11	8590803	0.0	11.537
chr11	8612175	0.0847394431601663	11.537
chr11	8759686	0.07203572972194153	11.5495
chr11	8940152	0.0	11.5625
chr11	9004016	0.0	11.5625
chr11	9014461	1.6769519720954238	11.5625
chr11	9021915	0.0	11.575
chr11	9103117	0.0	11.575
chr11	9145810	0.0	11.575
chr11	9181134	0.41159038524860647	11.575
chr11	9241874	0.21317234557797102	11.6
chr11	9300512	0.0	11.6125
chr11	9331910	0.0	11.6125
chr11	9378343	0.19299088610386644	11.6125
chr11	9505292	0.9572675754326305	11.637
chr11	9518350	0.6785549493798104	11.6495
chr11	9555193	1.8081874728772136	11.6745
chr11	9569019	0.0	11.6995
chr11	9663070	1.3889652896198785	11.6995
chr11	9699428	0.14129083305074364	11.75
chr11	9787898	4.328485429652161	11.7625
chr11	9825440	0.3667087159327394	11.925
chr11	9859527	4.990160247399475	11.9375
chr11	9902211	0.0	12.1505
chr11	9937523	0.0	12.1505
chr11	10007164	0.0	12.1505
chr11	10029370	0.3587842339956639	12.1505
chr11	10204963	0.31652247309560183	12.2135
chr11	10242875	0.0	12.2255
chr11	10261315	0.0	12.2255
chr11	10294220	1.8316783958353542	12.2255
chr11	10314966	0.0	12.2635
chr11	10319283	0.0	12.2635
chr11	10367679	1.2909222348445915	12.2635
chr11	10387045	2.078829203392531	12.2885
chr11	10399071	1.0823841971907329	12.3135
chr11	10480373	0.6470122821417241	12.4015
chr11	10615610	0.0	12.489
chr11	10626613	0.0	12.489
chr11	10665347	0.0	12.489
chr11	10676693	2.6443833298073383	12.489
chr11	10681420	0.0	12.5015
chr11	10709823	3.2739654269251384	12.5015
chr11	10717459	0.6129704548240862	12.5265
chr11	10758244	0.26955340392036936	12.5515
chr11	10804617	0.0	12.564
chr11	10835034	0.0	12.564
chr11	10889328	0.39314357603394523	12.564
chr11	10921123	0.3745879532514554	12.5765
chr11	10954493	0.0	12.589
chr11	10964435	0.0	12.589
chr11	10993350	0.356877747958639	12.589
chr11	11028376	0.0	12.6015
chr11	11063256	0.0	12.6015
chr11	11094440	0.0	12.6015
chr11	11119698	0.32387195398427737	12.6015
chr11	11196889	0.4190833808294558	12.6265
chr11	11256543	0.0	12.6515
chr11	11306766	0.0	12.6515
chr11	11335613	1.2134351540253574	12.6515
chr11	11428325	0.5783913009948549	12.764
chr11	11493160	0.0	12.8015
chr11	11514663	5.582641706055253	12.8015
chr11	11541532	1.3433926575530908	12.9515
chr11	11588056	0.0	13.014
chr11	11635272	0.0	13.014
chr11	11641411	0.0	13.014
chr11	11642574	0.2702994918369784	13.014
chr11	11688819	0.0	13.0265
chr11	11858775	1.5338694967249413	13.0265
chr11	11882897	0.0	13.0635
chr11	11908766	28.80208333333338	13.0635
chr11	11918366	0.2310194425962922	13.34
chr11	12026582	2.9959255412638526	13.365
chr11	12051616	2.6609898882384155	13.44
chr11	12089196	4.886310835319342	13.54
chr11	12155913	1.362694865365758	13.866
chr11	12256816	0.0	14.0035
chr11	12340542	0.0	14.0035
chr11	12377400	0.0	14.0035
chr11	12404251	6.946649730072997	14.0035
chr11	12429443	0.3031209331274777	14.1785
chr11	12553156	1.3078733978551063	14.216
chr11	12610501	0.31411375943912295	14.291
chr11	12690090	1.0457625700660822	14.316
chr11	12761808	0.0	14.391
chr11	12806464	0.0	14.391
chr11	12922074	0.4698541572695568	14.391
chr11	12948678	0.0	14.4035
chr11	13019591	0.3406644319080224	14.4035
chr11	13056284	0.0	14.416
chr11	13083989	0.0	14.416
chr11	13110739	0.707774191721883	14.416
chr11	13146061	0.28785593386220426	14.441
chr11	13232910	0.0	14.466
chr11	13260196	0.0	14.466
chr11	13345471	2.091233548962778	14.466
chr11	13381335	0.0	14.541
chr11	13387755	0.0	14.541
chr11	13391261	0.7897022822395788	14.541
chr11	13454576	0.0	14.591
chr11	13527421	1.4833821112135994	14.591
chr11	13552364	0.7463354927307029	14.628
chr11	13585861	0.985286389910658	14.653
chr11	13661981	0.0	14.728
chr11	13707941	0.21126998614070694	14.728
chr11	13767107	0.0	14.7405
chr11	13808009	0.7132057170569874	14.7405
chr11	13843062	0.3033759677693415	14.7655
chr11	13925468	0.5883183508259934	14.7905
chr11	13989209	0.0	14.828
chr11	14005287	0.0	14.828
chr11	14039121	0.2725568008373177	14.828
chr11	14084983	0.0	14.8405
chr11	14144610	17.704372623573832	14.8405
chr11	14148818	0.0	14.915
chr11	14162823	0.9353253685182307	14.915
chr11	14202916	9.064539521392227	14.9525
chr11	14207053	0.0	14.99
chr11	14249106	4.12284237915487	14.99
chr11	14276393	0.0	15.1025
chr11	14309353	0.5228375439183611	15.1025
chr11	14357169	4.900634376597224	15.1275
chr11	14390430	1.1199713287340003	15.2905
chr11	14412752	1.0158137491763406	15.3155
chr11	14449176	0.3323230711969074	15.3525
chr11	14562018	1.4098804421384266	15.39
chr11	14570884	1.559459054843056	15.4025
chr11	14610962	0.0	15.465
chr11	14625501	0.7831982055362715	15.465
chr11	14705302	0.0	15.5275
chr11	14843466	0.7690887836091361	15.5275
chr11	14859719	4.280704167239759	15.54
chr11	14888803	7.802371921063987	15.6645
chr11	14909630	1.5090678811070104	15.827
chr11	14983848	21.108381946576493	15.939
chr11	14996876	0.0	16.214
chr11	15025917	0.7281836187814775	16.214
chr11	15043083	3.135975915704789	16.2265
chr11	15047069	1.3176380610353233	16.239
chr11	15407942	4.846984429994567	16.7145
chr11	15441468	0.0	16.877
chr11	15473024	12.758931251876442	16.877
chr11	15489679	0.0	17.0895
chr11	15550669	0.3009437596301832	17.0895
chr11	15592205	2.3028739867354604	17.102
chr11	15641057	12.432559230588772	17.2145
chr11	15658109	1.3089697482546627	17.4265
chr11	15695925	0.715645440622908	17.476
chr11	15765792	1.502262443438928	17.526
chr11	15848667	0.0	17.6505
chr11	15870207	0.0	17.6505
chr11	15906626	0.0	17.6505
chr11	15950271	0.0	17.6505
chr11	16008213	0.0	17.6505
chr11	16032695	0.0	17.6505
chr11	16049726	0.5075317714888664	17.6505
chr11	16074355	0.0	17.663
chr11	16080205	0.0	17.663
chr11	16115050	1.020241593209214	17.663
chr11	16127302	5.427260144241309	17.6755
chr11	16154756	4.478280340349211	17.8245
chr11	16177086	0.46373227190170635	17.9245
chr11	16202963	1.117135367016248	17.9365
chr11	16236531	5.994836564127268	17.974
chr11	16259384	0.0	18.111
chr11	16296293	0.0	18.111
chr11	16317131	0.45812717610406045	18.111
chr11	16344416	2.109343823043202	18.1235
chr11	16379498	0.0	18.1975
chr11	16446146	1.5031265031264178	18.1975
chr11	16479410	0.0	18.2475
chr11	16507450	5.35841098366658	18.2475
chr11	16553919	7.1849821413736485	18.4965
chr11	16565958	0.9205616653574583	18.583
chr11	16606694	26.602809192256665	18.6205
chr11	16631541	0.06826963776129816	19.2815
chr11	16997736	0.7934451713193776	19.3065
chr11	17028614	0.640030038743176	19.331
chr11	17087205	0.5707972749033108	19.3685
chr11	17195825	0.0792769938163975	19.4305
chr11	17347193	0.30234968901174525	19.4425
chr11	17428225	0.08329723786361139	19.467
chr11	17578290	0.0	19.4795
chr11	17611476	0.0	19.4795
chr11	17638189	1.7075336384125797	19.4795
chr11	17652830	0.0	19.5045
chr11	17687331	0.07327252690566771	19.5045
chr11	17857927	0.3812021591290076	19.517
chr11	17890718	3.7585074323638183	19.5295
chr11	17920251	0.6904885206283707	19.6405
chr11	17937630	5.928853754940937	19.6525
chr11	17943955	0.0	19.69
chr11	17972488	1.7334627652197045	19.69
chr11	17979699	0.0	19.7025
chr11	18043222	1.6613090575109748	19.7025
chr11	18080241	0.0	19.764
chr11	18083124	1.3285858532178223	19.764
chr11	18139575	0.0	19.839
chr11	18167787	0.0	19.839
chr11	18185743	0.5680269017541155	19.839
chr11	18229755	0.4751910664079695	19.864
chr11	18255008	0.5780480473536632	19.876
chr11	18298257	0.0	19.901
chr11	18338595	0.0	19.901
chr11	18353951	0.0	19.901
chr11	18375128	5.600849161001855	19.901
chr11	18419407	0.0	20.149
chr11	18545976	0.10128975622932385	20.149
chr11	18664448	0.0	20.161
chr11	18802132	0.8440185513572215	20.161
chr11	18860780	0.0	20.2105
chr11	18883283	0.49432858154416265	20.2105
chr11	18958132	0.0	20.2475
chr11	18975158	0.3048260053162348	20.2475
chr11	19016165	0.5865515461498423	20.26
chr11	19058787	2.8063434663050613	20.285
chr11	19085334	0.2544899294699312	20.3595
chr11	19181605	0.0	20.384
chr11	19204610	0.46950739791385215	20.384
chr11	19283416	0.33419779162097396	20.421
chr11	19320819	0.0	20.4335
chr11	19384332	2.2674347346490125	20.4335
chr11	19400650	0.43258984152439584	20.4705
chr11	19542817	0.0	20.532
chr11	19544323	1.2522540573030745	20.532
chr11	19564287	0.0	20.557
chr11	19587360	0.8029688144274526	20.557
chr11	19633439	0.0	20.594
chr11	19651998	1.4749842668344033	20.594
chr11	19677422	10.142557866230607	20.6315
chr11	19696993	1.8187180495479054	20.83
chr11	19717337	2.438026088658738	20.867
chr11	19773530	0.15510416795919257	21.004
chr11	19854121	1.4882165864796624	21.0165
chr11	19878647	8.354024415476939	21.053
chr11	19917311	1.908916419473031	21.376
chr11	20060586	0.7806401249023996	21.6495
chr11	20107983	0.0	21.6865
chr11	20128767	0.0	21.6865
chr11	20149446	8.522427440633257	21.6865
chr11	20168396	0.16475369322862946	21.848
chr11	20241232	0.0	21.86
chr11	20263442	0.0	21.86
chr11	20292696	0.8783113755489611	21.86
chr11	20363286	7.530364372469633	21.922
chr11	20387986	0.0	22.108
chr11	20397165	0.0	22.108
chr11	20406763	11.092694122147105	22.108
chr11	20414606	0.0	22.195
chr11	20426452	2.258131885344356	22.195
chr11	20464758	5.225653206650842	22.2815
chr11	20483703	0.0	22.3805
chr11	20517172	0.0	22.3805
chr11	20522176	11.83290978398972	22.3805
chr11	20541064	0.0	22.604
chr11	20563278	0.567820477877682	22.604
chr11	20585292	6.039614300135783	22.6165
chr11	20614019	3.693114129139931	22.79
chr11	20630807	5.15839933305545	22.852
chr11	20649999	1.7775677119723996	22.951
chr11	20698661	10.866069377440821	23.0375
chr11	20720426	8.147524152999708	23.274
chr11	20758413	30.051256613756625	23.5835
chr11	20782605	3.9389852898680218	24.3105
chr11	20927947	5.135246980926286	24.883
chr11	20954528	14.061910154775473	25.0195
chr11	20965124	0.0	25.1685
chr11	20987288	0.0	25.1685
chr11	20993399	4.3609495944594325	25.1685
chr11	21047401	1.8314859340144134	25.404
chr11	21162608	0.0	25.615
chr11	21170780	0.0	25.615
chr11	21181920	0.0	25.615
chr11	21204330	0.0	25.615
chr11	21218246	7.066917934859921	25.615
chr11	21274494	0.5239012233801404	26.0125
chr11	21345118	4.8194644175833625	26.0495
chr11	21370847	0.8092734315064732	26.1735
chr11	21477733	14.641030164050026	26.26
chr11	21494740	3.803383817710448	26.509
chr11	21524056	1.9340069466371759	26.6205
chr11	21536724	0.33369817667314366	26.645
chr11	21574183	2.8847653204430523	26.6575
chr11	21587009	0.8372124175345294	26.6945
chr11	21616870	0.341679422698428	26.7195
chr11	21653454	0.4224905819807927	26.732
chr11	21681857	8.18917318950215	26.744
chr11	21697060	7.727733978612146	26.8685
chr11	21709871	17.223382045928435	26.9675
chr11	21712745	15.919811320754794	27.017
chr11	21733097	7.380639114683737	27.341
chr11	21788580	2.5581155787522047	27.7505
chr11	21817703	0.7512510753795633	27.825
chr11	22065290	9.458428680396821	28.011
chr11	22071845	0.0	28.073
chr11	22095648	0.42498937526563446	28.073
chr11	22123884	4.928153657303707	28.085
chr11	22151582	0.20839890101477287	28.2215
chr11	22269145	0.6530687635231658	28.246
chr11	22344941	0.4270299545890012	28.2955
chr11	22488959	0.465549348230886	28.357
chr11	22515809	6.410077367818334	28.3695
chr11	22587415	0.0	28.8285
chr11	22598440	15.807962529274226	28.8285
chr11	22607834	0.34609844162160247	28.977
chr11	22714740	13.500981889592094	29.014
chr11	22733072	0.0	29.2615
chr11	22757388	0.2576204117804516	29.2615
chr11	22805909	0.0	29.274
chr11	22828260	0.9242144177448643	29.274
chr11	22841785	0.0	29.2865
chr11	22854003	0.0	29.2865
chr11	22868977	9.183144486410338	29.2865
chr11	22882480	0.5448655749451432	29.4105
chr11	22949469	0.0	29.447
chr11	22963783	0.0	29.447
chr11	22967788	0.0	29.447
chr11	22978522	0.0	29.447
chr11	23001540	0.4981468935559435	29.447
chr11	23026633	0.0	29.4595
chr11	23041723	0.3854693474775762	29.4595
chr11	23074151	0.0	29.472
chr11	23094437	0.0	29.472
chr11	23109316	1.4625992478060859	29.472
chr11	23126067	1.1586115577414047	29.4965
chr11	23147213	0.0	29.521
chr11	23174167	0.0	29.521
chr11	23208778	1.767034209782201	29.521
chr11	23222926	0.6181812106327007	29.546
chr11	23282779	7.982157530226717	29.583
chr11	23299817	1.4580660212293586	29.719
chr11	23316963	1.190707620528759	29.744
chr11	23337539	6.897645286609033	29.7685
chr11	23350152	0.9847947687701323	29.8555
chr11	23362845	1.4400809559024865	29.868
chr11	23388538	9.71164936562859	29.905
chr11	23410213	0.6681276391041364	30.1155
chr11	23447631	0.0	30.1405
chr11	23468969	14.650934119960759	30.1405
chr11	23484224	0.0	30.364
chr11	23502182	6.068911511354678	30.364
chr11	23522614	2.93635028931685	30.488
chr11	23568930	2.0731403930675953	30.624
chr11	23580989	0.0	30.649
chr11	23596578	0.7675438596491149	30.649
chr11	23628498	0.0	30.6735
chr11	23636352	2.246458205007341	30.6735
chr11	23663951	0.0	30.7355
chr11	23674333	2.138233934350589	30.7355
chr11	23691637	3.2991634264168233	30.7725
chr11	23725585	0.0	30.8845
chr11	23744897	0.4769285799451713	30.8845
chr11	23770058	0.0	30.8965
chr11	23777052	0.8783487044356774	30.8965
chr11	23847639	0.0	30.9585
chr11	23851880	12.642740619901996	30.9585
chr11	23861688	0.0	31.0825
chr11	23878350	0.0	31.0825
chr11	23893467	2.526632067740988	31.0825
chr11	23908111	1.911692155895448	31.1195
chr11	23940543	1.2127680217327341	31.1815
chr11	23961157	0.0	31.2065
chr11	23986813	1.9034943823703094	31.2065
chr11	24019122	17.464044614029905	31.268
chr11	24036157	0.0	31.5655
chr11	24051700	0.0	31.5655
chr11	24068362	1.971802501950158	31.5655
chr11	24137588	0.0	31.702
chr11	24172394	0.47278641400958016	31.702
chr11	24198833	0.0	31.7145
chr11	24221059	5.942982456140368	31.7145
chr11	24243859	0.0	31.85
chr11	24257820	0.0	31.85
chr11	24285409	3.725866546234624	31.85
chr11	24311980	17.618884707492217	31.949
chr11	24332441	0.0	32.3095
chr11	24352264	5.4899351189484085	32.3095
chr11	24370297	1.3869105630109506	32.4085
chr11	24396975	0.11643476742155649	32.4455
chr11	24500037	0.0	32.4575
chr11	24531069	1.0807072148013046	32.4575
chr11	24554202	2.73564343223145	32.4825
chr11	24576683	0.0	32.544
chr11	24590804	1.1133853662925814	32.544
chr11	24635263	2.0759692532120875	32.5935
chr11	24653086	1.2840800020753294	32.6305
chr11	24691635	1.2454976941461282	32.68
chr11	24721342	1.4517663156841374	32.717
chr11	24781269	0.5291229258379503	32.804
chr11	24804893	2.9135005315171925	32.8165
chr11	24830292	3.8373172997017275	32.8905
chr11	24891663	1.6547827256828287	33.126
chr11	24928828	0.0	33.1875
chr11	24979738	8.818970212409537	33.1875
chr11	25003607	2.2292402006303824	33.398
chr11	25008990	1.8706069080191172	33.41
chr11	25035452	0.9287381711388095	33.4595
chr11	25075291	6.274678447163649	33.4965
chr11	25100870	16.389710903710746	33.657
chr11	25122835	5.0077325281683365	34.017
chr11	25149993	0.0	34.153
chr11	25168295	43.67427444350553	34.153
chr11	25175393	0.0	34.463
chr11	25201561	8.49670208867706	34.463
chr11	25223393	1.2098335269069727	34.6485
chr11	25233725	0.0	34.661
chr11	25250599	21.22918707149829	34.661
chr11	25271019	13.396481732070551	35.0945
chr11	25293189	0.0	35.3915
chr11	25306264	22.836538461538414	35.3915
chr11	25337464	1.7485574401118944	36.104
chr11	25486158	0.0	36.364
chr11	25515266	0.7877775125328539	36.364
chr11	25578101	0.0	36.4135
chr11	25604029	1.7149258021986917	36.4135
chr11	25704908	0.7910069582888826	36.5865
chr11	25782657	0.0	36.648
chr11	25812035	0.5330263101784887	36.648
chr11	25835486	1.7096155449921422	36.6605
chr11	25871459	0.0	36.722
chr11	25887942	0.0	36.722
chr11	25887957	17.859851357500517	36.722
chr11	25901143	0.9625009625009078	36.9575
chr11	25927117	0.0	36.9825
chr11	25952678	0.0	36.9825
chr11	25969661	1.809401552662096	36.9825
chr11	26051456	0.998482306893749	37.1305
chr11	26063975	7.047283462692069	37.143
chr11	26084976	14.28406199398565	37.291
chr11	26093622	6.718474256168993	37.4145
chr11	26158220	0.0	37.8485
chr11	26253981	5.868139454608029	37.8485
chr11	26277157	2.059081924006228	37.9845
chr11	26295369	10.210168869310008	38.022
chr11	26317161	0.0	38.2445
chr11	26331596	6.45762991995841	38.2445
chr11	26416302	10.428249844050955	38.7915
chr11	26453173	16.7184544717643	39.176
chr11	26482781	15.653530759270906	39.671
chr11	26512902	12.893544040181505	40.1425
chr11	26529228	0.3249918752031322	40.353
chr11	26566152	6.393825268855704	40.365
chr11	26635985	0.0	40.8115
chr11	26710106	2.2515669689039757	40.8115
chr11	26726539	1.8527283011462556	40.8485
chr11	26813168	2.241386242109908	41.009
chr11	26862914	1.7194189065901675	41.1205
chr11	26877163	11.955400876514407	41.145
chr11	26892679	0.4959292474273858	41.3305
chr11	26916876	0.7113109920493513	41.3425
chr11	27004039	2.3005185014776233	41.4045
chr11	27117057	0.09590817367821536	41.6645
chr11	27247390	3.2902244199315676	41.677
chr11	27352550	1.9317021182112037	42.023
chr11	27397588	4.625433634403326	42.11
chr11	27429585	0.24099773060471263	42.258
chr11	27479378	3.4432099898993953	42.27
chr11	27490269	12.647123327728767	42.3075
chr11	27503948	7.350742549586408	42.4805
chr11	27524014	1.6135958462920132	42.628
chr11	27600861	0.12740747032468153	42.752
chr11	27695047	0.0	42.764
chr11	27701801	0.737257402462819	42.764
chr11	27751987	0.4946636287324097	42.801
chr11	27852055	0.0	42.8505
chr11	27947071	1.7053834808262416	42.8505
chr11	27968767	3.727305518816738	42.8875
chr11	27985401	3.6468472020303113	42.9495
chr11	28025984	0.9522704641472719	43.0975
chr11	28129421	0.2539859406492402	43.196
chr11	28373529	0.7963051441312343	43.258
chr11	28637247	2.405530384417749	43.468
chr11	28765701	0.061487304101428164	43.777
chr11	28968995	5.6848100213397075	43.7895
chr11	29113327	0.2298301095830485	44.61
chr11	29167715	0.5655738776791261	44.6225
chr11	29320657	0.43235516102102695	44.709
chr11	29520724	0.0	44.7955
chr11	29646380	0.0	44.7955
chr11	29676719	0.0	44.7955
chr11	29696231	0.0	44.7955
chr11	29736717	0.0	44.7955
chr11	29822105	1.471210953192695	44.7955
chr11	29914206	0.08577682927668065	44.931
chr11	30059933	0.0	44.9435
chr11	30207012	0.4703491872367114	44.9435
chr11	30233588	0.0	44.956
chr11	30276952	0.0	44.956
chr11	30525950	0.0	44.956
chr11	30594131	0.0	44.956
chr11	30624083	0.052501155025392654	44.956
chr11	30862173	0.0	44.9685
chr11	30899907	0.5502042539080142	44.9685
chr11	30966246	0.0	45.005
chr11	31074034	0.5647420258424025	45.005
chr11	31096168	0.0	45.0175
chr11	31159122	0.0	45.0175
chr11	31222267	0.0	45.0175
chr11	31296556	0.0	45.0175
chr11	31389556	0.051455998946192835	45.0175
chr11	31632482	0.0	45.03
chr11	31932827	0.0	45.03
chr11	32038021	0.2263064051570515	45.03
chr11	32256751	0.0	45.0795
chr11	32274204	0.4703307673109787	45.0795
chr11	32326295	0.0	45.104
chr11	32504245	0.2654934385193409	45.104
chr11	32596526	0.11638761071517194	45.1285
chr11	33021829	0.0	45.178
chr11	33104556	0.0	45.178
chr11	33123528	0.0	45.178
chr11	33132650	0.0	45.178
chr11	33165709	0.0	45.178
chr11	33378114	0.0	45.178
chr11	33410326	0.0	45.178
chr11	33429679	0.0	45.178
chr11	33516187	0.0	45.178
chr11	33564285	0.0	45.178
chr11	33903830	0.0	45.178
chr11	33944419	0.0	45.178
chr11	33974393	0.0	45.178
chr11	34189313	0.0	45.178
chr11	34313793	0.0	45.178
chr11	34527869	0.0	45.178
chr11	34538534	0.0	45.178
chr11	34549889	0.0	45.178
chr11	34733485	0.0	45.178
chr11	34792912	0.0	45.178
chr11	35002875	0.0	45.178
chr11	35023578	1.2238653748088173	45.178
chr11	35033383	0.0	45.19
chr11	35109327	0.0	45.19
chr11	35179420	0.0	45.19
chr11	35247443	0.0	45.19
chr11	35318069	0.0	45.19
chr11	35880351	0.0	45.19
chr11	36104078	0.0	45.19
chr11	36227282	0.0	45.19
chr11	36268105	0.0	45.19
chr11	36276949	0.0	45.19
chr11	36493547	0.0	45.19
chr11	36887896	0.0	45.19
chr11	36913092	0.0	45.19
chr11	37013651	0.0	45.19
chr11	37041030	0.0	45.19
chr11	37063808	0.0	45.19
chr11	37112678	0.0	45.19
chr11	37151116	0.0	45.19
chr11	37174439	0.0	45.19
chr11	37205145	0.0	45.19
chr11	37259573	0.0	45.19
chr11	37350151	0.0	45.19
chr11	37377735	0.0	45.19
chr11	37414878	0.10420400643566313	45.19
chr11	37534835	0.0	45.2025
chr11	37784961	0.0	45.2025
chr11	37818991	0.0	45.2025
chr11	37918840	0.0	45.2025
chr11	38031869	0.0	45.2025
chr11	38170098	0.0	45.2025
chr11	38262393	0.0	45.2025
chr11	38289547	0.19488010975652215	45.2025
chr11	38353689	0.0	45.215
chr11	38489951	0.0	45.215
chr11	38520046	0.0	45.215
chr11	38534392	0.0	45.215
chr11	38562500	0.0	45.215
chr11	38590207	0.0	45.215
chr11	38646483	0.0	45.215
chr11	38684776	0.0	45.215
chr11	38758236	0.0	45.215
chr11	38774091	0.0	45.215
chr11	38778228	0.0	45.215
chr11	38841506	0.0	45.215
chr11	38890020	0.0	45.215
chr11	38975380	0.3457719011921036	45.215
chr11	39011531	0.0	45.2275
chr11	39084966	0.0	45.2275
chr11	39145524	0.5301923021809393	45.2275
chr11	39215310	0.0	45.2645
chr11	39283782	0.0	45.2645
chr11	39317994	0.0	45.2645
chr11	39449592	0.0	45.2645
chr11	39505687	0.0	45.2645
chr11	39559076	0.0	45.2645
chr11	39578554	0.0	45.2645
chr11	39615042	0.0	45.2645
chr11	39922960	0.0	45.2645
chr11	40012793	0.0	45.2645
chr11	40023259	0.0	45.2645
chr11	40076064	0.0	45.2645
chr11	40112999	0.0	45.2645
chr11	40134151	0.0	45.2645
chr11	40271151	0.0	45.2645
chr11	40308945	0.01748340897336032	45.2645
chr11	40995310	0.0	45.2765
chr11	41014425	0.0	45.2765
chr11	41097674	0.0	45.2765
chr11	41123460	0.0	45.2765
chr11	41214128	0.0	45.2765
chr11	41274636	0.0	45.2765
chr11	41306884	0.0	45.2765
chr11	41328253	0.0	45.2765
chr11	41361791	0.151425290547282	45.2765
chr11	41441038	0.0	45.2885
chr11	41458768	0.0	45.2885
chr11	41655690	0.0	45.2885
chr11	41678740	0.13320545609551196	45.2885
chr11	41772580	0.0	45.301
chr11	41799958	0.0	45.301
chr11	41821271	0.0	45.301
chr11	41831776	0.0	45.301
chr11	41867251	0.0	45.301
chr11	41884237	0.0	45.301
chr11	41962602	0.0	45.301
chr11	42016586	0.0	45.301
chr11	42054758	0.0	45.301
chr11	42083791	0.0	45.301
chr11	42138665	0.0	45.301
chr11	42151977	0.0	45.301
chr11	42187346	0.0	45.301
chr11	42196799	0.673527668516393	45.301
chr11	42215358	0.0	45.3135
chr11	42319121	0.0	45.3135
chr11	42337688	0.0	45.3135
chr11	42372347	7.673228956750907	45.3135
chr11	42398151	0.0	45.5115
chr11	42441802	0.0	45.5115
chr11	42710233	0.0	45.5115
chr11	42772352	0.11569945139177237	45.5115
chr11	42876069	0.0	45.5235
chr11	42891296	0.3992462231308199	45.5235
chr11	42922605	0.0	45.536
chr11	42958918	0.0	45.536
chr11	42984528	0.0	45.536
chr11	43146205	0.0	45.536
chr11	43152313	0.0	45.536
chr11	43193062	0.5668398677373857	45.536
chr11	43214232	0.9288155743792343	45.548
chr11	43227690	0.0	45.5605
chr11	43478687	0.0	45.5605
chr11	43522954	0.0	45.5605
chr11	43569996	0.0	45.5605
chr11	43588826	0.0	45.5605
chr11	43676386	0.0	45.5605
chr11	43693450	0.38993043641023306	45.5605
chr11	43725507	0.35478102914889	45.573
chr11	43760740	0.7806147341029046	45.5855
chr11	43791485	0.40247279283929555	45.6095
chr11	43822543	0.9415477008422789	45.622
chr11	43861840	0.43790506218261843	45.659
chr11	43890385	0.0	45.6715
chr11	43949571	0.0	45.6715
chr11	43970222	0.0	45.6715
chr11	44005755	0.0	45.6715
chr11	44036552	0.4077638231934672	45.6715
chr11	44067207	0.0	45.684
chr11	44144283	0.0	45.684
chr11	44162805	0.29290439112500805	45.684
chr11	44203774	0.0	45.696
chr11	44228750	1.4064497797983202	45.696
chr11	44263945	0.0	45.7455
chr11	44322747	0.0	45.7455
chr11	44359764	1.4666243856032595	45.7455
chr11	44410220	0.9177006093534132	45.8195
chr11	44423841	4.102450382525672	45.832
chr11	44450898	2.6883391347588548	45.943
chr11	44483074	3.1139240506330292	46.0295
chr11	44502824	0.5489438320669157	46.091
chr11	44525595	3.9855952091932254	46.1035
chr11	44550309	8.223957468018256	46.202
chr11	44556328	0.5375797288854525	46.2515
chr11	44625155	0.3324114455909702	46.2885
chr11	44662759	0.0	46.301
chr11	44677032	0.8008952472900479	46.301
chr11	44722606	1.3926325247081024	46.3375
chr11	44767126	0.5085392210871446	46.3995
chr11	44790723	0.0	46.4115
chr11	44819502	2.553973983518451	46.4115
chr11	44834185	0.7840478057256476	46.449
chr11	44881376	0.0	46.486
chr11	44908470	0.0	46.486
chr11	44925041	0.0	46.486
chr11	44942479	0.0	46.486
chr11	44959810	0.0	46.486
chr11	44981751	0.5453290894117857	46.486
chr11	45026678	1.0581555402615679	46.5105
chr11	45084798	0.0842539481399811	46.572
chr11	45233159	0.0	46.5845
chr11	45304207	1.0649395809790185	46.5845
chr11	45327213	0.771473978182672	46.609
chr11	45392024	6.991025035427644	46.659
chr11	45413194	1.6293258347122437	46.807
chr11	45511701	6.756551577540815	46.9675
chr11	45544632	1.1304387948139758	47.19
chr11	45566305	3.4595775673707196	47.2145
chr11	45602003	1.0429970200083523	47.338
chr11	45625493	3.0155345720378848	47.3625
chr11	45658323	1.215102839191558	47.4615
chr11	45708936	0.0	47.523
chr11	45716383	0.35497054703838515	47.523
chr11	45820617	0.3650860872993645	47.56
chr11	45889094	9.321006365565676	47.585
chr11	45895692	9.52678145306346	47.6465
chr11	45922931	0.0	47.906
chr11	45930464	0.0	47.906
chr11	45966737	6.49399119205817	47.906
chr11	45980134	6.435427574171066	47.993
chr11	46003054	35.64333564333546	48.1405
chr11	46024699	0.0	48.912
chr11	46044032	0.0	48.912
chr11	46212606	1.624517035475897	48.912
chr11	46235382	0.0	48.949
chr11	46258745	0.0	48.949
chr11	46283833	2.1680121267671	48.949
chr11	46312200	2.714995591889084	49.0105
chr11	46362108	0.0	49.146
chr11	46365750	1.3555596263051488	49.146
chr11	46393045	0.9500285008549716	49.183
chr11	46419360	0.0	49.208
chr11	46443936	1.8275399075040837	49.208
chr11	46470748	0.792820220086848	49.257
chr11	46502281	0.9054462855767212	49.282
chr11	46597814	1.686725018235145	49.3685
chr11	46619750	4.079254079253445	49.4055
chr11	46625756	0.0	49.43
chr11	46652622	8.960191150744585	49.43
chr11	46676059	0.4198505332101533	49.64
chr11	46735604	1.1234931527646748	49.665
chr11	46768537	8.829371237043054	49.702
chr11	46800759	0.47428955377259613	49.9865
chr11	46826060	0.6157862975232725	49.9985
chr11	46907257	0.0	50.0485
chr11	46949258	0.0	50.0485
chr11	47004420	5.692336171788442	50.0485
chr11	47026028	2.6266283320909407	50.1715
chr11	47054201	5.673182284118588	50.2455
chr11	47082492	0.0	50.406
chr11	47131648	0.1325641080026602	50.406
chr11	47225942	4.60473914774978	50.4185
chr11	47266118	0.0	50.6035
chr11	47299754	0.0	50.6035
chr11	47350443	0.0	50.6035
chr11	47372842	0.0	50.6035
chr11	47395723	0.49906176388401174	50.6035
chr11	47420770	3.1667581914699214	50.616
chr11	47448085	0.0	50.7025
chr11	47456342	4.566571639742419	50.7025
chr11	47494226	0.4295683276641335	50.8755
chr11	47551260	6.29122272957896	50.9
chr11	47620245	0.0	51.334
chr11	47646358	38.74762808349122	51.334
chr11	47672708	0.6307952546093685	52.355
chr11	47849469	0.11894083189197102	52.4665
chr11	48051250	0.5628672365506977	52.4905
chr11	48160512	0.0	52.552
chr11	48296256	0.0	52.552
chr11	48331114	0.0	52.552
chr11	48361719	0.0	52.552
chr11	48383305	1.035490605427935	52.552
chr11	48443180	0.7775566061211024	52.614
chr11	48475332	0.0	52.639
chr11	48566290	0.0	52.639
chr11	48592208	0.0	52.639
chr11	48638128	0.5555305316577187	52.639
chr11	48704731	0.0	52.676
chr11	48749390	0.0	52.676
chr11	48770437	0.0	52.676
chr11	48792906	0.0	52.676
chr11	48810587	0.0	52.676
chr11	48837918	1.3199200913241664	52.676
chr11	48865950	0.21534706769076978	52.713
chr11	48921674	1.0675548723203765	52.725
chr11	48945092	3.579952267303009	52.75
chr11	48976098	0.39208829404505396	52.861
chr11	49164831	0.7834757834757007	52.935
chr11	49228011	0.0	52.9845
chr11	49275792	0.0	52.9845
chr11	49300306	0.0	52.9845
chr11	49364105	0.0	52.9845
chr11	49483917	0.0	52.9845
chr11	49536492	0.0	52.9845
chr11	49562496	0.0	52.9845
chr11	49579841	1.4353208540159625	52.9845
chr11	49596562	1.567332169229808	53.0085
chr11	49644095	4.391156140517107	53.083
chr11	49686339	0.2527856983962413	53.2685
chr11	49735788	0.0	53.281
chr11	49759379	0.5069290122547054	53.281
chr11	49929028	0.4840653587023748	53.367
chr11	49979641	0.75919238345369	53.3915
chr11	50028377	0.0	53.4285
chr11	50089825	0.0	53.4285
chr11	50151845	0.0	53.4285
chr11	50163572	0.0	53.4285
chr11	50200941	0.0	53.4285
chr11	50219091	0.14005759168173137	53.4285
chr11	50308340	0.0	53.441
chr11	50354600	0.0	53.441
chr11	50390968	0.0	53.441
chr11	50433969	0.2716038205604195	53.441
chr11	50478151	0.0	53.453
chr11	50520652	1.759749724483443	53.453
chr11	50548781	0.0	53.5025
chr11	50653355	0.45156920298037384	53.5025
chr11	50679929	0.0	53.5145
chr11	50724651	0.30392919665441653	53.5145
chr11	50765779	0.0	53.527
chr11	50782538	1.468778532015364	53.527
chr11	50807729	0.9303276043795404	53.564
chr11	50900707	0.0	53.6505
chr11	50929577	0.6188605810850515	53.6505
chr11	51069350	1.7365749398877897	53.737
chr11	51140467	3.7965591544959163	53.8605
chr11	51169704	0.2712470767629156	53.9715
chr11	51306111	6.9114403752369675	54.0085
chr11	51338304	0.0	54.231
chr11	51373803	1.8285593489060545	54.231
chr11	51421108	1.153760556616193	54.3175
chr11	51506481	0.0	54.416
chr11	51531756	0.0	54.416
chr11	51600955	3.3216212583760885	54.416
chr11	51653038	0.4400168966489314	54.589
chr11	51681446	4.889523205412706	54.6015
chr11	51719282	1.4317323961994555	54.7865
chr11	51788429	0.0	54.8855
chr11	51835853	0.8881323317174595	54.8855
chr11	51862876	0.5340739158297687	54.9095
chr11	51886281	0.0	54.922
chr11	51911192	0.3759737720697459	54.922
chr11	51944439	2.0163779268342656	54.9345
chr11	51968740	2.860989565802819	54.9835
chr11	52016276	0.0	55.1195
chr11	52042501	4.9566708993293815	55.1195
chr11	52087390	1.750650795315187	55.342
chr11	52306737	0.0	55.726
chr11	52354279	0.14979964297752324	55.726
chr11	52434386	0.0	55.738
chr11	52486913	0.7135381980782308	55.738
chr11	52539468	1.2544802867381561	55.7755
chr11	52558998	0.8091322603219212	55.8
chr11	52741910	0.19015455762448036	55.948
chr11	52807646	0.0	55.9605
chr11	52851519	0.0	55.9605
chr11	52921698	0.2261377555826505	55.9605
chr11	52974763	0.0	55.9725
chr11	53006041	0.0	55.9725
chr11	53052609	0.0	55.9725
chr11	53067024	0.0	55.9725
chr11	53145171	0.0	55.9725
chr11	53205597	0.0	55.9725
chr11	53244271	0.5325948018748548	55.9725
chr11	53291211	0.3949924628989181	55.9975
chr11	53415264	0.0	56.0465
chr11	53461646	0.08878912936928278	56.0465
chr11	53602429	0.0	56.059
chr11	53748624	0.1345140679296094	56.059
chr11	53837834	0.0	56.071
chr11	53861211	0.730377777513893	56.071
chr11	53945414	0.5670249233227672	56.1325
chr11	54294605	0.17963383439201622	56.3305
chr11	54364191	0.0	56.343
chr11	54390241	0.0	56.343
chr11	54445815	0.4804258910601706	56.343
chr11	54522830	0.0	56.38
chr11	54603188	0.0	56.38
chr11	54643265	0.0	56.38
chr11	54696698	0.30466255575314377	56.38
chr11	54737727	0.0	56.3925
chr11	54812599	1.1793204564288593	56.3925
chr11	54843973	0.0	56.4295
chr11	54879499	0.3822689613206737	56.4295
chr11	54943590	0.41600845509075207	56.454
chr11	55121471	0.0	56.528
chr11	55152687	0.0	56.528
chr11	55180419	0.4310790771460096	56.528
chr11	55209416	0.11586702327962048	56.5405
chr11	55312983	0.0	56.5525
chr11	55387464	0.24673081667898916	56.5525
chr11	55488789	0.44809422781475866	56.5775
chr11	55598141	0.0	56.6265
chr11	55627813	0.0	56.6265
chr11	55630574	0.0	56.6265
chr11	55688418	0.0	56.6265
chr11	55870400	0.0	56.6265
chr11	56021210	0.0	56.6265
chr11	56042139	0.0	56.6265
chr11	56097740	0.0	56.6265
chr11	56156057	1.3068636782547087	56.6265
chr11	56222246	0.3812161573410748	56.713
chr11	56286514	0.0	56.7375
chr11	56383464	0.0	56.7375
chr11	56512041	0.0	56.7375
chr11	56526561	1.1826193110289687	56.7375
chr11	56578987	0.0	56.7995
chr11	56601741	0.28468072625213375	56.7995
chr11	56775620	0.15896776928478354	56.849
chr11	56851107	0.0	56.861
chr11	56897899	0.0	56.861
chr11	56918190	0.5322546306154073	56.861
chr11	56941675	3.5907958376080527	56.8735
chr11	56955321	0.10901891696246513	56.9225
chr11	57184639	0.0	56.9475
chr11	57273287	1.0121457489878682	56.9475
chr11	57370605	0.34681279045569224	57.046
chr11	57442690	1.106674443297914	57.071
chr11	57576424	1.3448804081681822	57.219
chr11	57742238	8.83476599808955	57.442
chr11	57746426	0.0	57.479
chr11	57796789	0.2640250084488603	57.479
chr11	57844133	0.0	57.4915
chr11	57866347	0.16652789342215452	57.4915
chr11	57938407	0.650592171650013	57.5035
chr11	57976065	0.0	57.528
chr11	57998722	0.0	57.528
chr11	58032017	0.0	57.528
chr11	58112197	0.19900339101782819	57.528
chr11	58175010	0.5183749157113555	57.5405
chr11	58293650	0.5484208921308075	57.602
chr11	58496961	0.0	57.7135
chr11	58502045	0.0	57.7135
chr11	58502326	0.3334384715901323	57.7135
chr11	58613291	0.34136217160947446	57.7505
chr11	58649909	9.592034968431525	57.763
chr11	58670499	0.0	57.9605
chr11	58752587	0.0	57.9605
chr11	58814352	0.28417163967020337	57.9605
chr11	58856580	0.0	57.9725
chr11	58953207	0.4169148302561609	57.9725
chr11	59011972	0.8719534581603543	57.997
chr11	59153608	0.0	58.1205
chr11	59211879	0.0	58.1205
chr11	59306063	2.037262182499182	58.1205
chr11	59336496	1.422516068096477	58.1825
chr11	59423314	0.7581112784420319	58.306
chr11	59520925	0.0	58.38
chr11	59549870	1.2021565960752567	58.38
chr11	59591046	4.319832709663252	58.4295
chr11	59700078	0.0	58.9005
chr11	59717162	61.821219715954946	58.9005
chr11	59718359	0.23529051683571492	58.9745
chr11	59979738	0.4896296441371468	59.036
chr11	60030797	0.2475569380957714	59.061
chr11	60230751	0.0	59.1105
chr11	60291916	4.0503557744936	59.1105
chr11	60310186	1.4261486278137154	59.1845
chr11	60336130	0.35404747068484926	59.2215
chr11	60406742	4.848651407483017	59.2465
chr11	60432213	1.4942581046435983	59.37
chr11	60498132	0.8167923557187493	59.4685
chr11	60542819	0.36399638915569543	59.505
chr11	60577160	1.2695144964830685	59.5175
chr11	60606305	0.0	59.5545
chr11	60638356	0.3514098563437306	59.5545
chr11	60673927	0.0	59.567
chr11	60758219	0.0	59.567
chr11	60779835	0.0	59.567
chr11	60818838	0.6264094211978373	59.567
chr11	60838793	0.0	59.5795
chr11	60861171	1.8387132721665158	59.5795
chr11	60888092	0.0	59.629
chr11	60946367	3.54847990793158	59.629
chr11	60967221	1.9993910484115347	59.703
chr11	61016486	1.574803149606359	59.8015
chr11	61079351	0.0	59.9005
chr11	61087031	0.7207790297430553	59.9005
chr11	61121022	0.0	59.925
chr11	61141064	0.44216809757177694	59.925
chr11	61168203	1.9460910412706252	59.937
chr11	61212908	0.28095148904290257	60.024
chr11	61255620	0.6938740830948538	60.036
chr11	61290929	1.9958743001044945	60.0605
chr11	61328256	0.0	60.135
chr11	61357112	0.8210730922619155	60.135
chr11	61386951	4.48959230873868	60.1595
chr11	61409002	5.556389848325643	60.2585
chr11	61442297	0.3885003885003664	60.4435
chr11	61506647	1.926024920404052	60.4685
chr11	61532088	4.601440855217465	60.5175
chr11	61553603	5.025321995748411	60.6165
chr11	61617579	2.3227707066508754	60.938
chr11	61644056	2.1525570644322585	60.9995
chr11	61678666	0.6096209266238316	61.074
chr11	61759864	0.0	61.1235
chr11	61802276	0.0	61.1235
chr11	61831639	0.0	61.1235
chr11	61867141	0.8724543455396464	61.1235
chr11	61908977	0.22698383875073255	61.16
chr11	61964047	4.055733629881443	61.1725
chr11	61979334	0.0	61.2345
chr11	61993161	0.0	61.2345
chr11	62044633	1.0470018959225258	61.2345
chr11	62079972	0.0	61.2715
chr11	62118623	0.1542752764612428	61.2715
chr11	62199647	8.802816901408487	61.284
chr11	62223503	0.0	61.494
chr11	62244493	5.3193569836117955	61.494
chr11	62270060	0.0	61.63
chr11	62304047	15.320692582777898	61.63
chr11	62342916	0.0	62.2255
chr11	62366772	0.9338010751332847	62.2255
chr11	62406395	0.0	62.2625
chr11	62406801	2.1889695610254867	62.2625
chr11	62508447	0.0	62.485
chr11	62534112	9.077576615758112	62.485
chr11	62573660	0.7561961788942928	62.844
chr11	62606059	1.0085041430442143	62.8685
chr11	62642747	4.318372287922469	62.9055
chr11	62685703	0.0	63.091
chr11	62700076	0.5721740324536786	63.091
chr11	62743769	1.005277707966864	63.116
chr11	62755706	6.925227614882744	63.128
chr11	62825451	1.7055902905480385	63.611
chr11	62934211	3.1936496215617836	63.7965
chr11	62961296	14.007606280829641	63.883
chr11	62987853	5.613407094044889	64.255
chr11	63018583	0.0	64.4275
chr11	63053377	0.0	64.4275
chr11	63070465	6.14871853809903	64.4275
chr11	63096568	0.0	64.588
chr11	63137016	0.0	64.588
chr11	63145325	0.0	64.588
chr11	63145700	0.0	64.588
chr11	63153812	0.0	64.588
chr11	63162936	0.6122948812149323	64.588
chr11	63203766	1.435323455214857	64.613
chr11	63238253	3.947330090016824	64.6625
chr11	63272580	13.642228293867527	64.798
chr11	63298932	2.133824664178635	65.1575
chr11	63362433	0.0	65.293
chr11	63398888	9.022269940774887	65.293
chr11	63427761	5.4880949683966955	65.5535
chr11	63516043	15.959229265568286	66.038
chr11	63551853	0.40537034634851604	66.6095
chr11	63613525	0.0	66.6345
chr11	63626203	0.0	66.6345
chr11	63652035	1.5219773529764686	66.6345
chr11	63668461	0.0	66.6595
chr11	63670617	3.549040562742424	66.6595
chr11	63733310	18.52659670011019	66.882
chr11	63772281	0.0	67.604
chr11	63789923	0.0	67.604
chr11	63802167	0.3469763489591176	67.604
chr11	63872777	0.4156967076819334	67.6285
chr11	63932917	2.8372389658387305	67.6535
chr11	63994068	41.245791245796795	67.827
chr11	63995256	1.480581277921382	67.876
chr11	64053679	2.692558746736008	67.9625
chr11	64090447	0.0	68.0615
chr11	64127006	0.0	68.0615
chr11	64135392	1.0008807750823	68.0615
chr11	64160370	0.0	68.0865
chr11	64163918	0.0	68.0865
chr11	64212090	1.197088680329711	68.0865
chr11	64232974	0.28303889426139717	68.1115
chr11	64275371	3.916199694345085	68.1235
chr11	64291075	3.468761213667848	68.185
chr11	64316156	0.0	68.272
chr11	64362533	0.6848924148165318	68.272
chr11	64380054	0.3884932184402249	68.284
chr11	64921891	0.6088650754994078	68.4945
chr11	64942421	0.5743718965389241	68.507
chr11	65050365	1.4109652153879402	68.569
chr11	65085093	0.0	68.618
chr11	65108230	0.9960159362552065	68.618
chr11	65145880	0.0	68.6555
chr11	65169958	0.0	68.6555
chr11	65191188	0.0	68.6555
chr11	65208286	0.0	68.6555
chr11	65218334	0.6746120980436505	68.6555
chr11	65236122	0.7060950121449948	68.6675
chr11	65253825	0.0	68.68
chr11	65276882	0.0	68.68
chr11	65289957	0.0	68.68
chr11	65303928	0.0	68.68
chr11	65320620	0.0	68.68
chr11	65339356	0.0	68.68
chr11	65356020	0.0	68.68
chr11	65377464	0.0	68.68
chr11	65399099	0.0	68.68
chr11	65411073	0.5450185306295457	68.68
chr11	65434008	0.0	68.6925
chr11	65482444	0.5707632245840434	68.6925
chr11	65526245	3.018170619032484	68.7175
chr11	65542480	1.2243266203589673	68.7665
chr11	65562491	9.822196730714113	68.791
chr11	65576439	0.0	68.928
chr11	65597281	1.853732859319642	68.928
chr11	65616971	0.14192610759137592	68.9645
chr11	65705045	0.0	68.977
chr11	65708802	5.95415302173245	68.977
chr11	65752469	0.0	69.237
chr11	65773309	5.786840766491957	69.237
chr11	65796897	3.1180565842096892	69.3735
chr11	65864407	5.039324206233668	69.584
chr11	65881572	6.718318253236995	69.6705
chr11	65900029	0.0	69.7945
chr11	65923493	0.0	69.7945
chr11	65938393	1.6887009173754273	69.7945
chr11	66004124	7.417003587494826	69.9055
chr11	66039246	0.0	70.166
chr11	66090263	5.669270131968655	70.166
chr11	66127393	1.403535391852141	70.3765
chr11	66153755	1.5864957481917557	70.4135
chr11	66169513	0.6351757751734182	70.4385
chr11	66208085	3.959336543606863	70.463
chr11	66217430	0.0	70.5
chr11	66226838	52.64879005886245	70.5
chr11	66229896	4.1414661704106805	70.661
chr11	66350264	0.0	71.1595
chr11	66354903	1.492121597963096	71.1595
chr11	66380035	0.6572043375486025	71.197
chr11	66474374	2.3463660802718045	71.259
chr11	66516780	3.011902457905884	71.3585
chr11	66558116	1.2407974191414153	71.483
chr11	66618561	65.29343179168164	71.558
chr11	66626280	3.2865866183638386	72.062
chr11	66679831	0.0	72.238
chr11	66705677	0.0	72.238
chr11	66709863	0.0	72.238
chr11	66725201	2.9231303542486424	72.238
chr11	66742477	0.5294366793732673	72.2885
chr11	66766087	10.028593053570008	72.301
chr11	66789869	0.57279017550304	72.5395
chr11	66811692	6.6981174062038304	72.552
chr11	66834161	9.332461511026363	72.7025
chr11	66867807	9.397590361445797	73.0165
chr11	66909307	2.3762752677275536	73.4065
chr11	66925088	8.937262189186717	73.444
chr11	66936389	1.288460547337601	73.545
chr11	66955792	3.931111943092624	73.57
chr11	66971818	0.0	73.633
chr11	66994191	0.0	73.633
chr11	67044286	1.129713730540938	73.633
chr11	67088545	1.3549408387217823	73.683
chr11	67163087	2.3938485346742806	73.784
chr11	67183765	2.11422450245218	73.8335
chr11	67201502	0.0	73.871
chr11	67210457	1.0826260176687028	73.871
chr11	67222003	3.4583886675520144	73.8835
chr11	67240075	0.8837982111926215	73.946
chr11	67268362	0.0	73.971
chr11	67288140	1.3662695376546992	73.971
chr11	67297289	0.0	73.9835
chr11	67312847	0.0	73.9835
chr11	67333709	1.5674963947577574	73.9835
chr11	67349658	0.48549345554832957	74.0085
chr11	67375405	0.0	74.021
chr11	67396250	732.1428571428637	74.021
chr11	67396474	3.8779467292577516	74.185
chr11	67406273	4.791515822649907	74.223
chr11	67429752	0.6312429932027754	74.3355
chr11	67528763	0.0	74.398
chr11	67568965	0.9691425027138194	74.398
chr11	67581863	0.0	74.4105
chr11	67588141	0.0	74.4105
chr11	67588280	0.0	74.4105
chr11	67588689	0.0	74.4105
chr11	67590035	11.643161692357815	74.4105
chr11	67605280	0.0	74.588
chr11	67642198	7.266187050359988	74.588
chr11	67683898	0.0	74.891
chr11	67697288	5.046427129591756	74.891
chr11	67714627	0.0	74.9785
chr11	67741593	17.390094602114637	74.9785
chr11	67745187	5.412252418240569	75.041
chr11	67775581	0.0	75.2055
chr11	67814603	0.0	75.2055
chr11	67830652	19.028035217794564	75.2055
chr11	67847916	0.0	75.534
chr11	67919507	0.39482775639128925	75.534
chr11	67949900	0.0	75.546
chr11	67968074	0.0	75.546
chr11	67991896	0.6640106241693828	75.546
chr11	68010721	0.0	75.5585
chr11	68038848	5.417624819737694	75.5585
chr11	68064505	0.0	75.6975
chr11	68083258	2.078858968004599	75.6975
chr11	68119576	3.859215807348825	75.773
chr11	68122815	0.6406970784214681	75.7855
chr11	68142325	0.0	75.798
chr11	68158919	0.0	75.798
chr11	68174672	43.428571428567665	75.798
chr11	68176422	0.0	75.874
chr11	68196507	0.0	75.874
chr11	68200259	0.0	75.874
chr11	68202575	0.0	75.874
chr11	68227594	0.0	75.874
chr11	68229747	0.0	75.874
chr11	68243121	1.836165107966926	75.874
chr11	68263544	2.6514094334354383	75.9115
chr11	68277876	1.6604439107674862	75.9495
chr11	68331175	3.433594286498912	76.038
chr11	68345737	0.0	76.088
chr11	68361542	1.6626195007766296	76.088
chr11	68452964	0.0	76.24
chr11	68465800	0.0	76.24
chr11	68487592	0.11380292974264918	76.24
chr11	68597431	0.0	76.2525
chr11	68624216	0.0	76.2525
chr11	68644921	0.0	76.2525
chr11	68668412	0.0	76.2525
chr11	68684501	0.0	76.2525
chr11	68707864	0.49520640202847804	76.2525
chr11	68733106	0.39551955448686377	76.265
chr11	68764710	5.131624724573597	76.2775
chr11	68781956	1.451378809869431	76.366
chr11	68825363	0.16114437296234205	76.429
chr11	68906036	2.815695814749741	76.442
chr11	68928233	0.0	76.5045
chr11	68949850	0.5796429399491232	76.5045
chr11	68971415	0.0	76.517
chr11	69005137	0.0	76.517
chr11	69018312	1.0897812054661102	76.517
chr11	69030241	0.6704330103335059	76.53
chr11	69086175	2.315340264221271	76.5675
chr11	69108202	0.32743942370668877	76.6185
chr11	69146377	11.569499341238716	76.631
chr11	69158521	0.0	76.7715
chr11	69180750	2.904469585510438	76.7715
chr11	69220172	2.44929529047792	76.886
chr11	69266716	0.0	77.0
chr11	69280368	1.3625463265754134	77.0
chr11	69298716	0.43238660449332533	77.025
chr11	69357691	0.6416837782342321	77.0505
chr11	69377171	9.387424532469279	77.063
chr11	69404335	5.704788428712395	77.318
chr11	69426597	2.5655059177675668	77.445
chr11	69441214	1.8728735933000604	77.4825
chr11	69502350	0.0	77.597
chr11	69512839	0.5945020450871703	77.597
chr11	69533865	3.652441368704028	77.6095
chr11	69544269	2.200181602291066	77.6475
chr11	69572903	6.000470625147854	77.7105
chr11	69585652	0.0	77.787
chr11	69640051	0.9264062847400952	77.787
chr11	69680530	0.0	77.8245
chr11	69704366	3.172242874844756	77.8245
chr11	69724541	0.0	77.8885
chr11	69737032	0.0	77.8885
chr11	69752160	0.963762528913095	77.8885
chr11	69778100	1.4485196129558888	77.9135
chr11	69795359	2.5224215246635384	77.9385
chr11	69825687	3.3110411749278486	78.015
chr11	69840939	10.416666666666421	78.0655
chr11	69855723	2.2165188987398916	78.2195
chr11	69872867	1.951630185214149	78.2575
chr11	69885933	0.0	78.283
chr11	69898990	0.8466834517946726	78.283
chr11	69943871	1.369172011241504	78.321
chr11	69971625	0.0	78.359
chr11	70005818	0.0	78.359
chr11	70023500	0.0	78.359
chr11	70062851	0.0	78.359
chr11	70075942	0.0	78.359
chr11	70096587	8.429672447013521	78.359
chr11	70113195	0.0	78.499
chr11	70124843	0.5351714689387697	78.499
chr11	70148200	0.31587193288360355	78.5115
chr11	70187773	5.723996064752075	78.524
chr11	70198954	1.876003539011153	78.588
chr11	70259988	0.49182808716726806	78.7025
chr11	70286420	1.159394103652817	78.7155
chr11	70319627	0.0	78.754
chr11	70342617	0.920777063623668	78.754
chr11	70370311	0.0	78.7795
chr11	70410234	0.47700820454122655	78.7795
chr11	70436439	0.7143265329449021	78.792
chr11	70453938	6.76589986468203	78.8045
chr11	70474630	0.6672004270076665	78.9445
chr11	70493365	0.0	78.957
chr11	70535351	0.0	78.957
chr11	70551879	0.0	78.957
chr11	70572910	6.862084456424286	78.957
chr11	70617430	0.0	79.2625
chr11	70642971	1.0040563878063968	79.2625
chr11	70667870	5.127171126537762	79.2875
chr11	70702587	3.0306655501054114	79.4655
chr11	70727664	0.31673634866344463	79.5415
chr11	70767129	0.0	79.554
chr11	70790480	3.083000144515292	79.554
chr11	70811239	12.559912224981298	79.618
chr11	70845873	0.16828043286911962	80.053
chr11	70923125	0.0	80.066
chr11	70950970	0.0	80.066
chr11	70965415	1.157943492357178	80.066
chr11	70987005	1.1045029736622964	80.091
chr11	70998775	0.9219204311754648	80.104
chr11	71012876	0.0	80.117
chr11	71048613	0.0	80.117
chr11	71060568	0.49743324445814124	80.117
chr11	71085697	3.4686798612529373	80.1295
chr11	71100400	23.75659023057927	80.1805
chr11	71116143	0.39858960600922944	80.5545
chr11	71148758	0.0	80.5675
chr11	71224491	0.0	80.5675
chr11	71280436	1.0237674642685468	80.5675
chr11	71330252	4.65650701499747	80.6185
chr11	71363324	1.1213720316626241	80.7725
chr11	71386064	0.0	80.798
chr11	71432780	0.6067111588185574	80.798
chr11	71454207	1.4799074109204746	80.811
chr11	71480560	0.0	80.85
chr11	71599758	0.0	80.85
chr11	71619676	0.3110458606017578	80.85
chr11	71659863	2.004058853374118	80.8625
chr11	71679573	0.6745187568103165	80.902
chr11	71698846	0.0	80.915
chr11	71763166	0.0	80.915
chr11	71780073	0.8677079161654665	80.915
chr11	71795055	0.6268806419259199	80.928
chr11	71834935	0.569226727383791	80.953
chr11	71857773	0.0	80.966
chr11	71905771	0.31132474907232305	80.966
chr11	71945922	0.39996308033120725	80.9785
chr11	71978425	0.0	80.9915
chr11	72009110	0.0	80.9915
chr11	72023209	0.6360908141962662	80.9915
chr11	72084521	0.09910174181223662	81.0305
chr11	72210654	0.5819158460157126	81.043
chr11	72232994	0.7542816576451052	81.056
chr11	72266801	2.9062185625391685	81.0815
chr11	72293640	1.0700469174421952	81.1595
chr11	72305789	0.5177632627050391	81.1725
chr11	72356005	0.3870208681652995	81.1985
chr11	72388303	0.8520120592479505	81.211
chr11	72403561	2.8908185816012915	81.224
chr11	72448358	2.0113452442684534	81.3535
chr11	72511997	0.33218263531567865	81.4815
chr11	72588762	1.4771898860453168	81.507
chr11	72614825	5.5737172328369935	81.5455
chr11	72664074	0.0	81.82
chr11	72680033	155.35658184103116	81.82
chr11	72683216	0.0	82.3145
chr11	72733121	0.0	82.3145
chr11	72740308	0.0	82.3145
chr11	72767492	0.0	82.3145
chr11	72807937	0.7492208103573988	82.3145
chr11	72824621	0.0	82.327
chr11	72841484	0.2935597507001452	82.327
chr11	72885768	2.485659655830023	82.34
chr11	72890998	0.0	82.353
chr11	72902246	0.0	82.353
chr11	72928825	0.0	82.353
chr11	72945875	2.6056394926076414	82.353
chr11	72970629	3.2690766440292136	82.4175
chr11	72994336	1.5839710359581622	82.495
chr11	73018642	0.0	82.5335
chr11	73033180	3.772880089652562	82.5335
chr11	73046565	0.0	82.584
chr11	73070468	11.648703346354887	82.584
chr11	73091715	3.8567493112946747	82.8315
chr11	73111680	6.039344140254238	82.9085
chr11	73165411	6.820653069293671	83.233
chr11	73195760	4.822459761641808	83.44
chr11	73212038	0.4990594648543521	83.5185
chr11	73238087	2.3532606236143687	83.5315
chr11	73260184	6.304813482601379	83.5835
chr11	73284927	0.49950049950015435	83.7395
chr11	73310953	6.355932203389578	83.7525
chr11	73325349	2.612433862434118	83.844
chr11	73340469	2.6594422627628207	83.8835
chr11	73360586	0.0	83.937
chr11	73375279	0.0	83.937
chr11	73389663	0.7171622441664495	83.937
chr11	73407790	1.0393095826975707	83.95
chr11	73445796	0.0	83.9895
chr11	73611633	0.0	83.9895
chr11	73616637	0.9958633369080837	83.9895
chr11	73642745	0.8881993164237444	84.0155
chr11	73731689	3.4000635525897467	84.0945
chr11	73747424	0.0	84.148
chr11	73774394	0.0	84.148
chr11	73794644	0.9739469198930181	84.148
chr11	73835714	0.0	84.188
chr11	73877094	0.0	84.188
chr11	73904444	0.0	84.188
chr11	73916418	0.0	84.188
chr11	73941298	0.0	84.188
chr11	73978756	2.3916967509024043	84.188
chr11	74000916	1.2741350583159976	84.241
chr11	74021322	2.1510516252402194	84.267
chr11	74027598	3.278841372451273	84.2805
chr11	74059774	0.0	84.386
chr11	74108632	0.7612833061451878	84.386
chr11	74127022	0.0	84.4
chr11	74148681	0.4561003420751195	84.4
chr11	74179376	0.45826402797085464	84.414
chr11	74208835	0.7926824207110175	84.4275
chr11	74329312	0.5971601716285937	84.523
chr11	74351919	0.0	84.5365
chr11	74383837	2.833367367775934	84.5365
chr11	74403425	0.0	84.592
chr11	74424925	0.0	84.592
chr11	74441325	2.4213817201007704	84.592
chr11	74457638	5.3446104012956095	84.6315
chr11	74485423	2.4624873423547666	84.78
chr11	74528875	0.7353357090336122	84.887
chr11	74546554	1.1225110677493058	84.9
chr11	74594215	2.5862511551493457	84.9535
chr11	74672127	0.0	85.155
chr11	74705674	3.053607781045128	85.155
chr11	74714516	0.0	85.182
chr11	74725066	0.0	85.182
chr11	74804804	0.7114583602826019	85.182
chr11	74843457	1.073933183241446	85.2095
chr11	74882100	0.0	85.251
chr11	74903773	1.1172292714065752	85.251
chr11	74916304	0.0	85.265
chr11	74974895	0.0	85.265
chr11	74999585	0.0	85.265
chr11	75078573	0.10883846040220316	85.265
chr11	75207204	0.0	85.279
chr11	75237638	0.0	85.279
chr11	75301901	0.6761651774938423	85.279
chr11	75322606	0.0	85.293
chr11	75359557	0.9146507945174611	85.293
chr11	75432809	0.0	85.36
chr11	75464871	0.0	85.36
chr11	75489667	0.0	85.36
chr11	75508410	3.281262581528523	85.36
chr11	75533248	8.227389765046505	85.4415
chr11	75558104	0.36356081853110506	85.646
chr11	75596612	0.0	85.66
chr11	75610257	0.0	85.66
chr11	75635405	0.0	85.66
chr11	75648640	1.2363769575968964	85.66
chr11	75670478	1.4506250223862436	85.687
chr11	75726316	0.0	85.768
chr11	75739176	26.58356652251376	85.768
chr11	75750969	5.54275450405492	86.0815
chr11	75806086	1.7687318006806614	86.387
chr11	75940363	3.7356321839082924	86.6245
chr11	75962983	0.0	86.709
chr11	75987784	0.6891885118541279	86.709
chr11	76027686	5.395532415182578	86.7365
chr11	76051502	0.6882481626233513	86.865
chr11	76092185	0.20069526574207644	86.893
chr11	76231700	11.195761466470325	86.921
chr11	76257558	4.418595868424202	87.2105
chr11	76284037	0.0	87.3275
chr11	76296870	0.0	87.3275
chr11	76306365	0.0	87.3275
chr11	76337417	1.8379981942469994	87.3275
chr11	76352923	0.0	87.356
chr11	76377745	1.7853892755306597	87.356
chr11	76493126	0.0	87.562
chr11	76520152	1.1501087517798627	87.562
chr11	76584059	0.0	87.6355
chr11	76606087	0.2578557075029323	87.6355
chr11	76662320	4.133766836971604	87.65
chr11	76673085	0.0	87.6945
chr11	76711055	1.3344008540165972	87.6945
chr11	76722296	4.050256240700704	87.7095
chr11	76740443	0.0	87.783
chr11	76743577	0.0	87.783
chr11	76778540	0.0	87.783
chr11	76803906	1.4420638945234563	87.783
chr11	76835458	0.6933049848628674	87.8285
chr11	76878729	5.433606096029275	87.8585
chr11	76901826	4.422920807323049	87.984
chr11	76937549	0.8854397249929953	88.142
chr11	76975948	3.6822137915645223	88.176
chr11	77002834	1.0438413361168737	88.275
chr11	77033969	0.0	88.3075
chr11	77085642	0.2890320825610947	88.3075
chr11	77144459	2.289202594429694	88.3245
chr11	77173290	0.0	88.3905
chr11	77179635	1.556261200364535	88.3905
chr11	77211442	0.0	88.44
chr11	77241740	0.2693077584751846	88.44
chr11	77366133	0.30601991413175883	88.4735
chr11	77475603	0.0	88.507
chr11	77501645	0.29962810864155504	88.507
chr11	77558382	1.7997790370291011	88.524
chr11	77586441	0.7262474367735777	88.5745
chr11	77609849	0.0	88.5915
chr11	77641337	0.0	88.5915
chr11	77653683	0.0	88.5915
chr11	77661681	0.0	88.5915
chr11	77675894	0.0	88.5915
chr11	77700867	0.0	88.5915
chr11	77748552	0.6931074316519323	88.5915
chr11	77774522	0.5957108816521275	88.6095
chr11	77804738	0.28867897294437606	88.6275
chr11	77867091	0.0	88.6455
chr11	77869055	0.6336234973648328	88.6455
chr11	77953490	0.468657712950409	88.699
chr11	78031372	0.0	88.7355
chr11	78062253	0.3121694039298778	88.7355
chr11	78119914	0.3441748408191492	88.7535
chr11	78172213	0.3053258734796103	88.7715
chr11	78232804	5.303030303030056	88.79
chr11	78243364	1.118568232661677	88.846
chr11	78260350	0.0	88.865
chr11	78298872	1.190545327835438	88.865
chr11	78316091	0.0	88.8855
chr11	78484222	0.0	88.8855
chr11	78514805	0.0	88.8855
chr11	78538288	0.0	88.8855
chr11	78559900	0.0	88.8855
chr11	78659086	2.552974214961735	88.8855
chr11	78666920	0.0	88.9055
chr11	78692292	0.0	88.9055
chr11	78751362	0.0	88.9055
chr11	78780051	0.0	88.9055
chr11	78818687	0.0	88.9055
chr11	78818925	0.0	88.9055
chr11	78901652	0.0	88.9055
chr11	78962568	0.0	88.9055
chr11	79005903	0.0	88.9055
chr11	79036959	0.0	88.9055
