Chromosome	Position(bp)	Rate(cM/Mb)	Map(cM)
chr2	0	0.0	0.0
chr2	27458	0.0	0.0
chr2	44047	0.0	0.0
chr2	70113	0.0	0.0
chr2	90566	0.0	0.0
chr2	119612	0.0	0.0
chr2	141796	0.5340979366953393	0.0
chr2	212944	0.0	0.038
chr2	236156	0.0	0.038
chr2	310817	0.0	0.038
chr2	371858	0.0	0.038
chr2	404056	0.0	0.038
chr2	554999	1.1618450098756825	0.038
chr2	589427	0.0	0.078
chr2	677648	0.0	0.078
chr2	680575	0.0	0.078
chr2	689917	20.566649598907663	0.078
chr2	695776	3.4224219930246003	0.1985
chr2	2036201	0.0	4.786
chr2	2047144	0.0	4.786
chr2	2055698	0.0	4.786
chr2	2096545	0.0	4.786
chr2	2119792	0.0	4.786
chr2	2135798	0.4937458854509587	4.786
chr2	2196558	0.0	4.816
chr2	2215903	1.0637698312057922	4.816
chr2	2357851	0.0	4.967
chr2	2380017	4.1518834453084175	4.967
chr2	2393264	0.0	5.022
chr2	2407983	2.179589428718139	5.022
chr2	2591045	0.0	5.421
chr2	2594103	1.2511212879467222	5.421
chr2	2615284	0.0	5.4475
chr2	2636399	0.0	5.4475
chr2	2653479	2.3587087225973615	5.4475
chr2	2675101	0.0	5.4985
chr2	2694448	0.0	5.4985
chr2	2697633	5.167222719505239	5.4985
chr2	2722211	0.0	5.6255
chr2	2742478	3.6676724586411407	5.6255
chr2	2761700	7.491541807636537	5.696
chr2	2805149	10.408483896307965	6.0215
chr2	2825517	0.0	6.2335
chr2	2850535	0.0	6.2335
chr2	2851950	0.8985928418476372	6.2335
chr2	2878102	0.0	6.257
chr2	2984594	1.5127367027742524	6.257
chr2	3058632	3.213510656056979	6.369
chr2	3094574	0.0	6.4845
chr2	3115688	0.0	6.4845
chr2	3127460	7.074081351935553	6.4845
chr2	3147816	0.0	6.6285
chr2	3161777	0.0	6.6285
chr2	3163482	0.0	6.6285
chr2	3170893	0.0	6.6285
chr2	3184640	0.0	6.6285
chr2	3195266	11.449325492909011	6.6285
chr2	3209721	0.0	6.794
chr2	3235503	34.54200198932997	6.794
chr2	3257621	1.4227056620083673	7.558
chr2	3285385	5.824111822946877	7.5975
chr2	3288819	0.0	7.6175
chr2	3301614	2.966841186736469	7.6175
chr2	3321669	2.7387527788600456	7.677
chr2	3365302	0.0	7.7965
chr2	3390490	0.0	7.7965
chr2	3407986	0.0	7.7965
chr2	3435983	2.2688544678243896	7.7965
chr2	3488212	35.82742495097297	7.915
chr2	3494841	0.0	8.1525
chr2	3556589	0.0	8.1525
chr2	3634720	18.254909713984514	8.1525
chr2	3642307	1.7631091605570834	8.291
chr2	3681726	2.170080021700802	8.3605
chr2	3689099	22.131030883818013	8.3765
chr2	3710178	5.755785920925716	8.843
chr2	3726770	0.7353638865168032	8.9385
chr2	3747848	0.7014654528264387	8.954
chr2	3813425	2.907573373469277	9.0
chr2	3828042	0.0	9.0425
chr2	3831752	0.0	9.0425
chr2	3837568	0.0	9.0425
chr2	3857992	0.0	9.0425
chr2	3859972	1.292480802858656	9.0425
chr2	3912584	0.0	9.1105
chr2	3923482	0.0	9.1105
chr2	3945247	0.0	9.1105
chr2	3946740	7.817613264489849	9.1105
chr2	3960491	2.213477619281836	9.218
chr2	3978788	0.0	9.2585
chr2	3985547	1.1721802552748168	9.2585
chr2	4031615	2.238249191743334	9.3125
chr2	4067804	2.558619109447803	9.3935
chr2	4093990	0.27882480508081814	9.4605
chr2	4190825	0.0	9.4875
chr2	4209350	0.0	9.4875
chr2	4226814	1.9725074122172677	9.4875
chr2	4267625	3.4977264777895174	9.568
chr2	4279061	0.0	9.608
chr2	4301716	0.0	9.608
chr2	4341270	0.5399792315680125	9.608
chr2	4365345	8.841441044830862	9.621
chr2	4378974	10.324922637467203	9.7415
chr2	4395778	0.0	9.915
chr2	4412669	0.0	9.915
chr2	4424055	0.0	9.915
chr2	4444552	0.0	9.915
chr2	4457239	0.7640766427648805	9.915
chr2	4474253	3.4936868465754634	9.928
chr2	4531356	16.379171800503595	10.1275
chr2	4568690	5.0166319604078025	10.739
chr2	4605667	1.187469937469947	10.9245
chr2	4638931	3.307773267177815	10.964
chr2	4658884	31.30040709731935	11.03
chr2	4671903	1.0589094449853913	11.4375
chr2	4795143	0.0	11.568
chr2	4820506	0.0	11.568
chr2	4839069	0.3233589533119394	11.568
chr2	4879272	6.822757437924086	11.581
chr2	4892683	15.038160273147223	11.6725
chr2	4912599	6.340481114618497	11.972
chr2	4930973	0.3647126485151959	12.0885
chr2	5002262	0.4568617114742541	12.1145
chr2	5030717	2.0074636468923224	12.1275
chr2	5069572	7.813111418360162	12.2055
chr2	5107905	0.0	12.505
chr2	5147672	0.9347138337647326	12.505
chr2	5189396	0.0	12.544
chr2	5216081	0.0	12.544
chr2	5238241	0.0	12.544
chr2	5304658	0.0	12.544
chr2	5313410	0.0	12.544
chr2	5327199	0.20102056595020723	12.544
chr2	5391869	0.5097839300419552	12.557
chr2	5417370	0.44925244393326946	12.57
chr2	5445194	0.0	12.5825
chr2	5454469	0.36724547063919266	12.5825
chr2	5560665	0.0	12.6215
chr2	5565633	0.0	12.6215
chr2	5569631	0.0	12.6215
chr2	5592137	0.5415240653295095	12.6215
chr2	5615220	1.1525163273146282	12.634
chr2	5649059	0.2179562410931327	12.673
chr2	5827994	0.0	12.712
chr2	5830741	0.0	12.712
chr2	5840753	0.0	12.712
chr2	5854818	0.0	12.712
chr2	5900257	11.159263271939494	12.712
chr2	5904872	0.0	12.7635
chr2	5928280	6.506355434819032	12.7635
chr2	5958097	0.504638795077827	12.9575
chr2	5983858	13.220825362120815	12.9705
chr2	5998494	6.750439433037897	13.164
chr2	6025233	0.0	13.3445
chr2	6052159	0.08151901274204813	13.3445
chr2	6211631	0.0	13.3575
chr2	6232389	0.41947662224516474	13.3575
chr2	6263380	0.0	13.3705
chr2	6285300	0.0	13.3705
chr2	6306764	1.1068451454463708	13.3705
chr2	6364586	0.0	13.4345
chr2	6375849	0.0	13.4345
chr2	6382991	3.2643481971410004	13.4345
chr2	6406426	0.0	13.511
chr2	6433743	1.6539221582610564	13.511
chr2	6457021	0.0	13.5495
chr2	6479555	9.341998375304636	13.5495
chr2	6493096	0.0	13.676
chr2	6511746	0.0	13.676
chr2	6525910	0.0	13.676
chr2	6537998	0.0	13.676
chr2	6586763	0.0	13.676
chr2	6614551	1.9690359445581314	13.676
chr2	6640452	5.559511420277137	13.727
chr2	6658709	2.4509803921568794	13.8285
chr2	6689717	0.219083006169365	13.9045
chr2	6746773	0.0	13.917
chr2	6774199	0.0	13.917
chr2	6789881	0.0	13.917
chr2	6806375	0.0	13.917
chr2	6823766	0.0	13.917
chr2	6851448	0.7799357699954417	13.917
chr2	6884143	2.8999423852506205	13.9425
chr2	6910178	0.0	14.018
chr2	6922799	0.0	14.018
chr2	6949634	8.128772635814817	14.018
chr2	6962059	0.5940058341959107	14.119
chr2	7047075	9.51894914351651	14.1695
chr2	7069609	7.935905944818429	14.384
chr2	7122344	0.5875993042823903	14.8025
chr2	7143617	6.946653265308734	14.815
chr2	7222216	0.5562998115392418	15.361
chr2	7266257	0.728608067148478	15.3855
chr2	7283413	0.3049449879242045	15.398
chr2	7324404	4.88776249094859	15.4105
chr2	7363072	1.3513513513512747	15.5995
chr2	7381572	2.834252890938056	15.6245
chr2	7394803	1.3784737538597134	15.662
chr2	7476415	0.7323646590110772	15.7745
chr2	7493483	3.611933829372169	15.787
chr2	7507326	8.837725758571475	15.837
chr2	7551455	0.0	16.227
chr2	7571698	4.617358448003617	16.227
chr2	7642626	2.63483782573177	16.5545
chr2	7680579	0.49555978433249454	16.6545
chr2	7705803	2.0704217627378902	16.667
chr2	7778735	2.656559931991915	16.818
chr2	7792851	0.7006841975105368	16.8555
chr2	7829244	4.310344827586165	16.881
chr2	7852328	0.5935479731138655	16.9805
chr2	7914665	0.0	17.0175
chr2	7925283	17.455588036878854	17.0175
chr2	7943071	0.0	17.328
chr2	7960261	2.7659966808039567	17.328
chr2	7987376	0.0	17.403
chr2	8057148	0.0	17.403
chr2	8060704	0.0	17.403
chr2	8073827	1.9620153822006707	17.403
chr2	8092940	1.0075769788811293	17.4405
chr2	8105346	0.9691191492705161	17.453
chr2	8143525	4.646125899531905	17.49
chr2	8186464	2.936272022040212	17.6895
chr2	8241636	1.9140504770698492	17.8515
chr2	8293620	0.0	17.951
chr2	8368987	0.0	17.951
chr2	8374644	0.0	17.951
chr2	8393234	0.0	17.951
chr2	8401365	3.290435799941524	17.951
chr2	8435555	0.41290919301024975	18.0635
chr2	8465828	0.8575740944017076	18.076
chr2	8494980	6.693440428380124	18.101
chr2	8506185	3.985559566787052	18.176
chr2	8540810	4.991467576791796	18.314
chr2	8611130	0.0	18.665
chr2	8615767	0.0	18.665
chr2	8627088	4.271844660194222	18.665
chr2	8647688	11.194409148665823	18.753
chr2	8687038	3.6985345429169323	19.1935
chr2	8751523	41.96872778962347	19.432
chr2	8765593	0.0	20.0225
chr2	8819978	2.649507948523806	20.0225
chr2	8862250	6.174669037739577	20.1345
chr2	8882494	0.0	20.2595
chr2	8894946	0.0	20.2595
chr2	8919610	0.0	20.2595
chr2	8936149	0.0	20.2595
chr2	8963107	13.222913616398229	20.2595
chr2	9006819	2.2367361546033937	20.8375
chr2	9017996	0.3539371973836761	20.8625
chr2	9053313	11.736630022299625	20.875
chr2	9078874	0.0	21.175
chr2	9105713	2.8924928941648855	21.175
chr2	9135618	0.0	21.2615
chr2	9150133	0.0	21.2615
chr2	9167872	0.0	21.2615
chr2	9193740	0.0	21.2615
chr2	9224163	23.312196941439762	21.2615
chr2	9226844	2.407318247472179	21.324
chr2	9237229	0.0	21.349
chr2	9278345	0.0	21.349
chr2	9287547	0.0	21.349
chr2	9288561	0.7821298961331609	21.349
chr2	9352489	3.8521543173019372	21.399
chr2	9404408	1.9628328109665738	21.599
chr2	9435995	0.4203305479428784	21.661
chr2	9495472	4.465246395524035	21.686
chr2	9523354	3.916193459956838	21.8105
chr2	9548889	6.279530559365989	21.9105
chr2	9614499	2.518752757758437	22.3225
chr2	9668891	0.48851023917465475	22.4595
chr2	9720067	0.0	22.4845
chr2	9757050	0.0	22.4845
chr2	9766369	0.0	22.4845
chr2	9787053	6.011863410463352	22.4845
chr2	9805766	2.3772809046516987	22.597
chr2	9821330	0.3216095916844441	22.634
chr2	9860197	2.201594668570691	22.6465
chr2	9877003	2.054507337526184	22.6835
chr2	9888928	0.38190095016965087	22.708
chr2	9921659	0.0	22.7205
chr2	9961638	0.0	22.7205
chr2	9965881	1.344230562425991	22.7205
chr2	9984479	1.8907404139460835	22.7455
chr2	10024146	0.0	22.8205
chr2	10031527	7.047241306041688	22.8205
chr2	10045646	2.990722656249969	22.92
chr2	10062030	3.620899149453242	22.969
chr2	10082605	0.0	23.0435
chr2	10099015	0.0	23.0435
chr2	10122446	0.0	23.0435
chr2	10135130	0.0	23.0435
chr2	10162516	1.01042761296575	23.0435
chr2	10174887	0.0	23.056
chr2	10186354	0.0	23.056
chr2	10188935	0.0	23.056
chr2	10200649	7.832178841309748	23.056
chr2	10213353	0.0	23.1555
chr2	10230000	1.0208248264597215	23.1555
chr2	10242245	0.04295394263501124	23.168
chr2	10521614	2.7966980919302253	23.18
chr2	10543783	2.4517694841377993	23.242
chr2	10584162	1.3075313807530637	23.341
chr2	10603282	0.0	23.366
chr2	10612107	1.7037552155771727	23.366
chr2	10626487	15.878729701623808	23.3905
chr2	10638988	2.1820086116607365	23.589
chr2	10656174	3.1278632586648194	23.6265
chr2	10687825	1.829714564528003	23.7255
chr2	10708320	7.7922897343680955	23.763
chr2	10724169	0.0	23.8865
chr2	10739144	3.092911047878197	23.8865
chr2	10771476	0.6538340830630447	23.9865
chr2	10790594	0.20439865914484248	23.999
chr2	10851749	0.2963841138114232	24.0115
chr2	10892237	1.3336178384723212	24.0235
chr2	10910983	1.474317391047861	24.0485
chr2	10927940	0.0	24.0735
chr2	10942412	6.443163960188825	24.0735
chr2	10951957	0.9543441746831035	24.135
chr2	10965055	0.0	24.1475
chr2	11001982	0.0	24.1475
chr2	11035803	0.5748447919061526	24.1475
chr2	11057548	0.0	24.16
chr2	11078949	0.0	24.16
chr2	11120516	0.0	24.16
chr2	11132584	2.867373078714525	24.16
chr2	11166936	0.0	24.2585
chr2	11177937	1.9382248961111457	24.2585
chr2	11210183	0.6673711139534454	24.321
chr2	11228164	4.83035331697255	24.333
chr2	11253835	4.242842359434204	24.457
chr2	11268330	0.0	24.5185
chr2	11287501	0.5541885571147199	24.5185
chr2	11332612	6.365551135033898	24.5435
chr2	11353977	4.419276038196715	24.6795
chr2	11376492	1.7360025023459595	24.779
chr2	11440432	0.12151849511494958	24.89
chr2	11646162	1.038905968408767	24.915
chr2	11693327	0.0	24.964
chr2	11711273	0.0	24.964
chr2	11716315	6.377858002406777	24.964
chr2	11745400	0.3104706217174317	25.1495
chr2	11784051	3.7269779723902627	25.1615
chr2	11813968	1.6102530397633745	25.273
chr2	11829183	1.6070969400873347	25.2975
chr2	11836961	0.0	25.31
chr2	11873533	0.0	25.31
chr2	11900967	0.0	25.31
chr2	11923141	6.440804169769241	25.31
chr2	11936571	1.2667297899020364	25.3965
chr2	11975648	0.44873756893178335	25.446
chr2	12168411	0.0	25.5325
chr2	12189989	10.221947577115339	25.5325
chr2	12209408	1.1362589442004434	25.731
chr2	12241971	1.9033561218147719	25.768
chr2	12254843	0.6187506187505836	25.7925
chr2	12275045	2.522160018661095	25.805
chr2	12309341	0.0	25.8915
chr2	12331152	0.31023143264873837	25.8915
chr2	12411737	0.0	25.9165
chr2	12438090	5.416999927288625	25.9165
chr2	12451843	0.0	25.991
chr2	12505214	0.0	25.991
chr2	12521314	0.0	25.991
chr2	12535659	0.5223568742164351	25.991
chr2	12583519	3.1059012123034346	26.016
chr2	12623443	0.0	26.14
chr2	12643351	0.94652153336492	26.14
chr2	12656029	0.0	26.152
chr2	12677852	0.9147680148313868	26.152
chr2	12718846	12.864622288706368	26.1895
chr2	12725531	0.0	26.2755
chr2	12776097	0.0	26.2755
chr2	12796099	0.0	26.2755
chr2	12798009	0.0	26.2755
chr2	12799158	0.0	26.2755
chr2	12814085	0.0	26.2755
chr2	12817789	0.0	26.2755
chr2	12842136	0.5601864300438868	26.2755
chr2	12864450	10.25478637891556	26.288
chr2	12884977	0.0	26.4985
chr2	12914724	0.6047704291450621	26.4985
chr2	12935393	3.798093357134772	26.511
chr2	12961722	2.895785209735225	26.611
chr2	12991593	0.0	26.6975
chr2	12997556	0.0	26.6975
chr2	13017562	3.984063745019816	26.6975
chr2	13026849	14.391500321957361	26.7345
chr2	13042379	11.567749811079556	26.958
chr2	13076785	2.5554831406715226	27.356
chr2	13105938	0.33023354116038367	27.4305
chr2	13143790	0.0	27.443
chr2	13156927	1.1621420602453785	27.443
chr2	13167683	0.0	27.4555
chr2	13179580	0.0	27.4555
chr2	13192804	0.0	27.4555
chr2	13206111	0.0	27.4555
chr2	13218266	0.0	27.4555
chr2	13250464	0.0	27.4555
chr2	13265215	4.58188212220608	27.4555
chr2	13294788	17.62896355892079	27.591
chr2	13307466	8.381883104679666	27.8145
chr2	13334071	14.577530176415863	28.0375
chr2	13350226	8.58127153147513	28.273
chr2	13366191	0.0	28.41
chr2	13371348	1.4614722037871244	28.41
chr2	13583805	9.32777950104133	28.7205
chr2	13606372	42.01562390034469	28.931
chr2	13620581	3.847000108267825	29.528
chr2	13906908	3.1157059906528883	30.6295
chr2	13970457	10.82061966529994	30.8275
chr2	13985336	1.669777262814156	30.9885
chr2	14417729	15.069199951438662	31.7105
chr2	14450677	0.0	32.207
chr2	14467326	1.9761632973696328	32.207
chr2	14548797	0.0	32.368
chr2	14587143	0.0	32.368
chr2	14596158	10.973519818674093	32.368
chr2	14614247	0.0	32.5665
chr2	14632820	6.532513285961714	32.5665
chr2	14716555	0.0	33.1135
chr2	14726015	7.626945126945174	33.1135
chr2	14735783	11.473152822394942	33.188
chr2	14740141	4.955285638013833	33.238
chr2	14770109	0.36715212336312736	33.3865
chr2	14802793	2.361199744735101	33.3985
chr2	14818463	0.0	33.4355
chr2	14866488	0.0	33.4355
chr2	14905790	0.0	33.4355
chr2	14910922	0.5133891900773305	33.4355
chr2	14935270	0.19120458891012296	33.448
chr2	15066020	0.0	33.473
chr2	15113219	0.0	33.473
chr2	15204063	0.0	33.473
chr2	15224719	0.0	33.473
chr2	15240263	0.0	33.473
chr2	15257267	1.9973676310989197	33.473
chr2	15300574	0.0	33.5595
chr2	15369210	0.0	33.5595
chr2	15395241	0.0	33.5595
chr2	15408725	0.0	33.5595
chr2	15422370	0.2854337451191479	33.5595
chr2	15466163	0.0	33.572
chr2	15485288	0.0	33.572
chr2	15559418	0.0	33.572
chr2	15581651	0.35159221043864636	33.572
chr2	15651334	0.5902630212022142	33.5965
chr2	15693688	0.0	33.6215
chr2	15714734	0.0	33.6215
chr2	15737457	0.0	33.6215
chr2	15759683	1.4825796886583216	33.6215
chr2	15767777	0.0	33.6335
chr2	15776249	0.0	33.6335
chr2	15792366	0.289546223159131	33.6335
chr2	15835537	0.0	33.646
chr2	15884935	0.0	33.646
chr2	15964516	0.0	33.646
chr2	15979112	0.24922739507525252	33.646
chr2	16079422	1.1808367071526555	33.671
chr2	16100170	0.9888458191598203	33.6955
chr2	16125452	0.17690765420451196	33.7205
chr2	16193284	0.5425347222220371	33.7325
chr2	16216324	0.0	33.745
chr2	16266326	8.234754232102986	33.745
chr2	16285938	0.6645401382241222	33.9065
chr2	16304748	0.20614646293903577	33.919
chr2	16426021	0.0	33.944
chr2	16448561	0.0	33.944
chr2	16479420	0.6730984967467161	33.944
chr2	16497248	1.6365688487583934	33.956
chr2	16550408	0.0	34.043
chr2	16589732	2.431834929992723	34.043
chr2	16610087	0.0	34.0925
chr2	16614285	2.221826011822295	34.0925
chr2	16687198	0.0	34.2545
chr2	16755190	2.7688393324851477	34.2545
chr2	16768553	1.597239969333053	34.2915
chr2	16792031	0.0	34.329
chr2	16807023	0.0	34.329
chr2	16821261	0.0	34.329
chr2	16828022	0.0	34.329
chr2	16831552	0.0	34.329
chr2	16844145	17.990848585690706	34.329
chr2	16848953	1.0654619843160362	34.4155
chr2	16860685	820.3592814371285	34.428
chr2	16860852	0.0	34.565
chr2	16902049	170.09966777408656	34.565
chr2	16905059	0.0	35.077
chr2	16933957	2.8089887640455826	35.077
chr2	16938407	12.84035540269399	35.0895
chr2	16955852	0.7749535027900087	35.3135
chr2	16971982	1.1321626617373473	35.326
chr2	16993622	4.423868312757491	35.3505
chr2	17013062	60.90521005142126	35.4365
chr2	17033676	0.0	36.692
chr2	17135291	0.0	36.692
chr2	17192361	0.0	36.692
chr2	17214829	0.0	36.692
chr2	17231639	0.0	36.692
chr2	17243871	8.115126595975205	36.692
chr2	17248492	0.0	36.7295
chr2	17253916	0.2617691405594684	36.7295
chr2	17301668	20.141700404858586	36.742
chr2	17316488	2.3411794482408905	37.0405
chr2	17332292	0.0	37.0775
chr2	17354965	2.83636030925466	37.0775
chr2	17376824	11.445810879277783	37.1395
chr2	17398535	0.0	37.388
chr2	17431735	0.9309600059583557	37.388
chr2	17445162	1.5503555482057807	37.4005
chr2	17469350	0.573894678848342	37.438
chr2	17491131	0.0	37.4505
chr2	17563397	6.064306064306101	37.4505
chr2	17575682	0.6501950585177032	37.525
chr2	17594907	20.19002375296904	37.5375
chr2	17620167	0.0	38.0475
chr2	17633329	0.0	38.0475
chr2	17658860	0.24437927663739673	38.0475
chr2	17710010	0.0	38.06
chr2	17723936	23.716879748008175	38.06
chr2	17745524	0.0	38.572
chr2	17781693	0.0	38.572
chr2	17792132	0.0	38.572
chr2	17845892	8.306999904241938	38.572
chr2	17866778	10.544253914154885	38.7455
chr2	17885556	2.5222680234066064	38.9435
chr2	17920247	1.2586452400325945	39.031
chr2	17998903	12.160540953211854	39.13
chr2	18017241	0.0	39.353
chr2	18048766	0.4185781736595699	39.353
chr2	18078629	0.0	39.3655
chr2	18084183	0.6454111268879743	39.3655
chr2	18122918	0.0	39.3905
chr2	18149129	0.0	39.3905
chr2	18171687	0.0	39.3905
chr2	18199196	0.6546559128519817	39.3905
chr2	18218290	0.0	39.403
chr2	18263509	0.35247508001182315	39.403
chr2	18334436	0.3138008325328633	39.428
chr2	18412511	2.323894471011792	39.4525
chr2	18449733	0.0	39.539
chr2	18451515	0.0	39.539
chr2	18481563	1.764355907514895	39.539
chr2	18530306	0.0	39.625
chr2	18586628	0.0	39.625
chr2	18611606	0.33542639403216984	39.625
chr2	18648872	4.404973357015816	39.6375
chr2	18662947	0.21911804984936464	39.6995
chr2	18717712	0.0	39.7115
chr2	18792837	0.0	39.7115
chr2	18892394	0.0	39.7115
chr2	18913943	0.0	39.7115
chr2	19019515	0.0	39.7115
chr2	19062192	3.22791427077888	39.7115
chr2	19100452	0.0	39.835
chr2	19138047	2.1380632790028664	39.835
chr2	19190197	0.0	39.9465
chr2	19238784	0.41904123365736806	39.9465
chr2	19298444	0.0	39.9715
chr2	19324212	0.0	39.9715
chr2	19367562	0.0	39.9715
chr2	19419331	0.09996834335794044	39.9715
chr2	19539369	0.0	39.9835
chr2	19794489	1.252030319436892	39.9835
chr2	19824041	0.28002419409043305	40.0205
chr2	19868680	0.16563342955844285	40.033
chr2	20016597	0.1237164419151352	40.0575
chr2	20113593	2.6969890099641574	40.0695
chr2	20177924	1.217263002582061	40.243
chr2	20299919	1.6567487151742082	40.3915
chr2	20314707	1.5950338405829456	40.416
chr2	20361101	7.840201717752662	40.49
chr2	20373792	1.2192643771591603	40.5895
chr2	20383634	1.7732345885052112	40.6015
chr2	20460330	3.5937862276840202	40.7375
chr2	20477582	0.30332136899045686	40.7995
chr2	20517144	1.0636469122006698	40.8115
chr2	20563682	1.9976783737819606	40.861
chr2	20600725	0.33933273610760206	40.935
chr2	20637562	0.0	40.9475
chr2	20665891	0.967099093466745	40.9475
chr2	20717075	0.6671204901294294	40.997
chr2	20753800	0.509207299330677	41.0215
chr2	20801914	3.403480775943701	41.046
chr2	20842020	4.0307548928239	41.1825
chr2	20863480	14.225123903926832	41.269
chr2	20905448	2.3289817232375873	41.866
chr2	20953323	5.165942448172418	41.9775
chr2	21027656	0.0	42.3615
chr2	21054635	1.0931643762271683	42.3615
chr2	21077047	0.44643654350968015	42.386
chr2	21133046	1.218323586744224	42.411
chr2	21143306	0.5627914455701031	42.4235
chr2	21186839	0.0	42.448
chr2	21237315	0.0	42.448
chr2	21286524	3.3128714800741204	42.448
chr2	21327576	0.0	42.584
chr2	21353490	0.8492617084879589	42.584
chr2	21397646	0.570336344298163	42.6215
chr2	21462520	1.946721311475409	42.6585
chr2	21525960	0.8341369334619181	42.782
chr2	21629660	0.14516990685902076	42.8685
chr2	21715766	0.3499636037852859	42.881
chr2	21751484	0.6820712694876445	42.8935
chr2	21787404	0.40081499048065916	42.918
chr2	21817343	0.53182314724313	42.93
chr2	21886915	0.0	42.967
chr2	21923548	0.7868199627465893	42.967
chr2	21954686	0.0	42.9915
chr2	22021757	0.5074905606753983	42.9915
chr2	22046388	0.0	43.004
chr2	22095760	0.0	43.004
chr2	22116907	0.0	43.004
chr2	22147008	0.0	43.004
chr2	22171038	0.0	43.004
chr2	22192854	0.0	43.004
chr2	22212229	0.0	43.004
chr2	22243024	0.0	43.004
chr2	22270861	0.822699798522609	43.004
chr2	22300641	0.0	43.0285
chr2	22333027	0.8093758093755333	43.0285
chr2	22348471	0.4081099611480245	43.041
chr2	22379100	0.0	43.0535
chr2	22408386	0.0	43.0535
chr2	22428807	0.9961963412425664	43.0535
chr2	22478496	0.0	43.103
chr2	22504468	0.0	43.103
chr2	22529206	0.0	43.103
chr2	22563185	0.0	43.103
chr2	22588835	0.0	43.103
chr2	22638670	0.0	43.103
chr2	22670785	0.0	43.103
chr2	22706184	0.0	43.103
chr2	22742059	0.0	43.103
chr2	22773623	0.0	43.103
chr2	22816983	0.0	43.103
chr2	22843459	0.0	43.103
chr2	22857645	0.0	43.103
chr2	22890354	0.0	43.103
chr2	22941681	0.4763537974923111	43.103
chr2	22967922	0.5596753882748219	43.1155
chr2	22989363	0.0	43.1275
chr2	23050339	0.0	43.1275
chr2	23124579	0.0	43.1275
chr2	23186162	5.3980514350919275	43.1275
chr2	23197555	1.4270220903018767	43.189
chr2	23215074	0.0	43.214
chr2	23221340	0.0	43.214
chr2	23268492	0.0	43.214
chr2	23289053	0.9769129550621356	43.214
chr2	23314132	3.339404978748888	43.2385
chr2	23328955	0.0	43.288
chr2	23346808	0.0	43.288
chr2	23364941	0.0	43.288
chr2	23388641	0.0	43.288
chr2	23395976	0.7282684688883986	43.288
chr2	23447468	0.0	43.3255
chr2	23498065	0.0	43.3255
chr2	23523747	2.2978367839570084	43.3255
chr2	23545289	0.0	43.375
chr2	23567003	71.36963696369712	43.375
chr2	23569427	0.0	43.548
chr2	23597998	0.0	43.548
chr2	23601257	25.01732938433414	43.548
chr2	23617126	5.006047574250803	43.945
chr2	23632008	4.122595152827674	44.0195
chr2	23644015	10.41563948328566	44.069
chr2	23684579	1.9496279791508966	44.4915
chr2	23709712	0.0	44.5405
chr2	23734383	3.018638573743941	44.5405
chr2	23759063	6.343340769374779	44.615
chr2	23817786	0.0	44.9875
chr2	23839964	0.47065025038604025	44.9875
chr2	23866523	1.4652671869860199	45.0
chr2	23899964	1.101517646535268	45.049
chr2	23989840	1.7343142465522845	45.148
chr2	24025589	2.9384635656871656	45.21
chr2	24063534	0.0	45.3215
chr2	24096038	2.4145257871359553	45.3215
chr2	24101215	0.0	45.334
chr2	24110239	0.0	45.334
chr2	24283743	0.6730199752326353	45.334
chr2	24302316	0.0	45.3465
chr2	24320774	1.3486208577228829	45.3465
chr2	24532101	0.0	45.6315
chr2	24542216	0.5256960215323297	45.6315
chr2	24565994	0.0	45.644
chr2	24568675	356.57894736842206	45.644
chr2	24569055	0.0	45.7795
chr2	24658798	0.0	45.7795
chr2	24665977	0.0	45.7795
chr2	24685970	2.0470549702495453	45.7795
chr2	24704289	0.0	45.817
chr2	24724472	0.0	45.817
chr2	24771140	0.0	45.817
chr2	24813824	0.0	45.817
chr2	24817188	0.6141600746820047	45.817
chr2	24837541	1.262626262625832	45.8295
chr2	24847441	6.50289017341034	45.842
chr2	24870277	0.0	45.9905
chr2	24878654	0.0	45.9905
chr2	24882433	0.0	45.9905
chr2	24891158	20.674241013224847	45.9905
chr2	24896527	0.0	46.1015
chr2	24908324	0.0	46.1015
chr2	24914866	1.2634558043158932	46.1015
chr2	24934653	1.2541592014334937	46.1265
chr2	24954188	0.0	46.151
chr2	24964647	0.0	46.151
chr2	25001177	0.0	46.151
chr2	25019809	5.346596207646784	46.151
chr2	25035894	8.659047286686254	46.237
chr2	25058818	0.0	46.4355
chr2	25084727	4.536371362289665	46.4355
chr2	25128264	0.0	46.633
chr2	25148792	0.7137147424914775	46.633
chr2	25166306	0.0	46.6455
chr2	25184395	0.40439987059213334	46.6455
chr2	25215305	0.6194507536651072	46.658
chr2	25234677	0.0	46.67
chr2	25250943	2.478437592941269	46.67
chr2	25261030	0.0	46.695
chr2	25261091	1.2177543615485955	46.695
chr2	25281210	0.0	46.7195
chr2	25310071	0.0	46.7195
chr2	25340498	0.0	46.7195
chr2	25362218	0.0	46.7195
chr2	25377401	1.6681123640492217	46.7195
chr2	25392388	1.6087037381439633	46.7445
chr2	25446158	5.560498220640253	46.831
chr2	25450654	1.1089485357351283	46.856
chr2	25472747	0.0	46.8805
chr2	25494955	0.0	46.8805
chr2	25510901	0.0	46.8805
chr2	25527647	1.6780775943080244	46.8805
chr2	25549994	6.17559523809512	46.918
chr2	25570154	0.0	47.0425
chr2	25591008	1.0615347738246876	47.0425
chr2	25649414	1.2656911020180541	47.1045
chr2	25678252	2.012921658387868	47.141
chr2	25709053	0.0	47.203
chr2	25749440	0.0	47.203
chr2	25756567	0.0	47.203
chr2	25770914	1.7195130339086993	47.203
chr2	25785453	4.2662916080637	47.228
chr2	25817448	0.770682604592743	47.3645
chr2	25849238	0.0	47.389
chr2	25854739	0.851440637558459	47.389
chr2	25869420	0.0	47.4015
chr2	25879408	2.607671601615272	47.4015
chr2	25903184	0.7412562023477003	47.4635
chr2	25936236	1.5866549454318932	47.488
chr2	25982875	3.5182626883400365	47.562
chr2	26060328	0.0	47.8345
chr2	26138843	2.2162987810356127	47.8345
chr2	26172232	7.35961917885461	47.9085
chr2	26204163	0.18342969506641235	48.1435
chr2	26272309	6.758099781355734	48.156
chr2	26292433	0.0	48.292
chr2	26312860	1.2140131807143446	48.292
chr2	26333041	0.0	48.3165
chr2	26342230	0.0	48.3165
chr2	26373815	0.23906515959995492	48.3165
chr2	26426102	19.343229869545326	48.329
chr2	26430548	1.1145290000445178	48.415
chr2	26452979	0.0	48.44
chr2	26475887	0.0	48.44
chr2	26526471	1.4934379242721942	48.44
chr2	26559616	3.613485454345404	48.4895
chr2	26586875	2.618692782627308	48.588
chr2	26610360	2.8609010194013873	48.6495
chr2	26640770	2.1710876115083235	48.7365
chr2	26674624	0.42569132270793275	48.81
chr2	26703988	0.560500414770275	48.8225
chr2	26748591	4.8079124502037835	48.8475
chr2	26792269	1.159532969610865	49.0575
chr2	26941467	8.435162231533745	49.2305
chr2	26987050	1.2191683115762217	49.615
chr2	27047337	1.190131557785681	49.6885
chr2	27078426	0.0	49.7255
chr2	27110324	2.1136286777140794	49.7255
chr2	27133980	1.5879426504874141	49.7755
chr2	27188453	0.0	49.862
chr2	27235650	0.0	49.862
chr2	27247113	0.37147102526004383	49.862
chr2	27279417	0.5202264025302038	49.874
chr2	27303445	0.0	49.8865
chr2	27361408	0.11745079051574463	49.8865
chr2	27570006	1.122562258711252	49.911
chr2	27690712	0.11052361668640727	50.0465
chr2	27916908	0.19408919710019742	50.0715
chr2	28107542	0.0	50.1085
chr2	28160204	0.0	50.1085
chr2	28291545	1.0952205086407616	50.1085
chr2	28370068	0.3610421119520202	50.1945
chr2	28404690	2.4750566718583586	50.207
chr2	28469537	1.6893820057986455	50.3675
chr2	28513340	2.041281877822025	50.4415
chr2	28640466	0.310898870815313	50.701
chr2	28761084	15.45767586180787	50.7385
chr2	28787511	0.0	51.147
chr2	28898143	0.0	51.147
chr2	28941303	0.26574824074670667	51.147
chr2	28988340	0.0	51.1595
chr2	28999308	0.3961703532519133	51.1595
chr2	29029598	0.13573825321152078	51.1715
chr2	29121687	0.0	51.184
chr2	29174135	0.3219760958016035	51.184
chr2	29520434	0.0	51.2955
chr2	29616474	0.0	51.2955
chr2	29640492	0.31954837163476835	51.2955
chr2	29678045	0.0	51.3075
chr2	29789340	0.0	51.3075
chr2	29812962	0.0	51.3075
chr2	29818901	0.0	51.3075
chr2	29833496	0.5494668686328527	51.3075
chr2	29900834	2.0246193715586074	51.3445
chr2	29907008	0.17510256007092223	51.357
chr2	30046926	0.0	51.3815
chr2	30091384	0.0	51.3815
chr2	30133987	1.4886490509861827	51.3815
chr2	30225345	0.0	51.5175
chr2	30346391	0.0	51.5175
chr2	30388130	0.7274562783931618	51.5175
chr2	30421809	0.5135157341219184	51.542
chr2	30446151	0.0	51.5545
chr2	30480321	0.0	51.5545
chr2	30527741	0.0	51.5545
chr2	30544296	0.33432292920385254	51.5545
chr2	30581685	0.2137894174238456	51.567
chr2	30637815	0.0	51.579
chr2	30689910	0.44324648098231845	51.579
chr2	30773385	0.2694294561835959	51.616
chr2	30912568	0.0	51.6535
chr2	30934322	0.0	51.6535
chr2	30983589	0.38714878180715373	51.6535
chr2	31077868	0.0	51.69
chr2	31109959	0.0	51.69
chr2	31141065	0.0	51.69
chr2	31158754	0.4808817031010246	51.69
chr2	31235696	1.9465964056786298	51.727
chr2	31286554	0.0	51.826
chr2	31316068	0.0594913725611478	51.826
chr2	31736297	0.8855064139383265	51.851
chr2	31778081	0.46929471708239084	51.888
chr2	31830287	0.0	51.9125
chr2	31909932	0.6939223963453683	51.9125
chr2	31927225	0.153017505202543	51.9245
chr2	32008915	0.06456055780322185	51.937
chr2	32194787	0.0	51.949
chr2	32309813	1.6176052332196291	51.949
chr2	32394197	1.2809675531568276	52.0855
chr2	32471092	0.0	52.184
chr2	32484907	0.0	52.184
chr2	32486227	0.0	52.184
chr2	32505996	0.0	52.184
chr2	32517693	0.6059018111551279	52.184
chr2	32578759	0.0	52.221
chr2	32591016	0.30277489096017396	52.221
chr2	32713219	0.1393161897022169	52.258
chr2	32799354	2.1568218186877344	52.27
chr2	32828100	4.769475357710527	52.332
chr2	32851373	0.4543994124937061	52.443
chr2	32960308	0.0	52.4925
chr2	33120819	0.5660018055633885	52.4925
chr2	33404387	0.42152412906304026	52.653
chr2	33521818	0.2689386604703811	52.7025
chr2	33568297	0.0	52.715
chr2	33589667	0.5262271617410009	52.715
chr2	33613421	0.0	52.7275
chr2	33673991	0.0	52.7275
chr2	33713461	0.2210596124088213	52.7275
chr2	33822029	0.0	52.7515
chr2	33924891	0.0	52.7515
chr2	33974777	0.0	52.7515
chr2	34014086	0.45777484801876783	52.7515
chr2	34096004	0.0	52.789
chr2	34285013	0.30188028290494767	52.789
chr2	34447329	0.0	52.838
chr2	34639879	0.0	52.838
chr2	34643627	9.397356614526563	52.838
chr2	34676615	0.0	53.148
chr2	34698011	0.17724297340868173	53.148
chr2	34903943	0.0	53.1845
chr2	34929586	0.0	53.1845
chr2	35017834	0.0	53.1845
chr2	35031949	0.0	53.1845
chr2	35120507	0.0	53.1845
chr2	35151039	0.0	53.1845
chr2	35209261	0.0566980849654951	53.1845
chr2	35429727	0.0	53.197
chr2	35466009	0.11335405193505242	53.197
chr2	35571872	0.16376046429365906	53.209
chr2	35724534	0.0	53.234
chr2	35775179	0.0	53.234
chr2	35987539	0.0	53.234
chr2	36040991	0.0	53.234
chr2	36053950	0.0	53.234
chr2	36066102	0.0	53.234
chr2	36098406	0.0	53.234
chr2	36143066	1.1899464040399206	53.234
chr2	36194749	0.0	53.2955
chr2	36235391	0.3370771367320464	53.2955
chr2	36309558	0.0	53.3205
chr2	36371886	0.4812194360628321	53.3205
chr2	36448774	0.0	53.3575
chr2	36484823	0.0	53.3575
chr2	36623484	0.0	53.3575
chr2	36663995	0.0	53.3575
chr2	36668182	0.0	53.3575
chr2	36749926	0.0	53.3575
chr2	36821203	0.0	53.3575
chr2	36882118	0.0	53.3575
chr2	36897739	3.0685022391772296	53.3575
chr2	36921855	0.0	53.4315
chr2	36990236	0.2627315321627283	53.4315
chr2	37035910	0.0	53.4435
chr2	37086399	3.1622320886701583	53.4435
chr2	37117706	0.0	53.5425
chr2	37186142	0.24867703815706127	53.5425
chr2	37286674	0.0	53.5675
chr2	37474606	0.0	53.5675
chr2	37497172	0.32755096693034264	53.5675
chr2	37535334	0.0	53.58
chr2	37603937	0.0	53.58
chr2	37699852	0.7857774285433948	53.58
chr2	37730395	0.0	53.604
chr2	37748511	0.0	53.604
chr2	37783290	0.0	53.604
chr2	37795667	0.19570697186521022	53.604
chr2	37859538	0.431338028168947	53.6165
chr2	37916338	3.940141685903198	53.641
chr2	37928901	2.1928179244961314	53.6905
chr2	38075516	0.37157040516045425	54.012
chr2	38109157	0.0	54.0245
chr2	38128486	0.0	54.0245
chr2	38192987	0.0	54.0245
chr2	38236736	0.0	54.0245
chr2	38280603	1.0078182262398152	54.0245
chr2	38329719	0.382238644326956	54.074
chr2	38361113	1.9799604007920593	54.086
chr2	38411114	2.1921632620962095	54.185
chr2	38461977	9.264323806919212	54.2965
chr2	38476603	1.2119951169255667	54.432
chr2	38875532	0.08820084390564441	54.9155
chr2	39017254	0.0	54.928
chr2	39035907	0.9188808971844333	54.928
chr2	39237783	2.122774336091474	55.1135
chr2	39260866	0.18154091932315355	55.1625
chr2	39329721	0.0	55.175
chr2	39343222	10.098062106000572	55.175
chr2	39360354	0.18644750384086095	55.348
chr2	39427397	0.2698563197432648	55.3605
chr2	39564507	0.7920471995473933	55.3975
chr2	39626372	0.0	55.4465
chr2	39631489	1.8339201877938442	55.4465
chr2	39638305	0.0	55.459
chr2	39650632	1.5772870662460157	55.459
chr2	39674090	2.2055659159372842	55.496
chr2	39701974	0.0	55.5575
chr2	39715380	0.0	55.5575
chr2	39740681	3.165135936185038	55.5575
chr2	39768010	0.0	55.644
chr2	39768973	0.0	55.644
chr2	39820059	0.0	55.644
chr2	39837400	1.795661096452895	55.644
chr2	39851044	3.5955545870561396	55.6685
chr2	39864811	1.5053371042786476	55.718
chr2	39897694	0.0	55.7675
chr2	39898921	0.0	55.7675
chr2	39924203	3.597645177702004	55.7675
chr2	39951721	1.0482625756094524	55.8665
chr2	40022314	0.29462312791555256	55.9405
chr2	40063044	0.0	55.9525
chr2	40084033	0.4705439488047916	55.9525
chr2	40137163	0.0	55.9775
chr2	40170597	0.43221310752409453	55.9775
chr2	40227282	0.0	56.002
chr2	40240208	0.0	56.002
chr2	40277394	0.0	56.002
chr2	40280816	0.0	56.002
chr2	40310648	0.36082325433697243	56.002
chr2	40345291	0.21125606822280443	56.0145
chr2	40461264	1.826334857753615	56.039
chr2	40494938	0.22204064231922058	56.1005
chr2	40607530	0.0	56.1255
chr2	40629868	0.2056097184860349	56.1255
chr2	40688231	0.0	56.1375
chr2	40749717	0.0	56.1375
chr2	40802299	4.812628336754917	56.1375
chr2	40810091	0.18221574344024014	56.175
chr2	40875947	0.0	56.187
chr2	40908105	0.0	56.187
chr2	41023008	0.0	56.187
chr2	41055664	0.18845452215475647	56.187
chr2	41121993	0.0	56.1995
chr2	41319834	2.3458263274936515	56.1995
chr2	41356708	0.0	56.286
chr2	41403376	0.6019563581640559	56.286
chr2	41423311	0.2241067106512673	56.298
chr2	41479088	0.0	56.3105
chr2	41570651	0.7036792371543584	56.3105
chr2	41605468	0.5354946088718291	56.335
chr2	41674563	0.5158681028434845	56.372
chr2	41747256	1.06731640001729	56.4095
chr2	41793634	0.0	56.459
chr2	41830636	0.0	56.459
chr2	41860910	0.0	56.459
chr2	41880099	1.213711808385748	56.459
chr2	41991740	0.0	56.5945
chr2	42031933	0.0	56.5945
chr2	42078427	10.342517377104684	56.5945
chr2	42090368	2.8022267358757746	56.718
chr2	42116954	0.7681615333967663	56.7925
chr2	42212637	0.19661198232069524	56.866
chr2	42276214	0.9391339661911526	56.8785
chr2	42315612	0.0	56.9155
chr2	42362843	0.057351507388788046	56.9155
chr2	42572079	0.0	56.9275
chr2	42733037	0.0	56.9275
chr2	42756442	0.3093293739172417	56.9275
chr2	42796852	0.0	56.94
chr2	42812065	0.0	56.94
chr2	42837436	0.0	56.94
chr2	42872041	0.0	56.94
chr2	42889591	0.15323697792165106	56.94
chr2	42971164	0.0	56.9525
chr2	43009606	0.40019209220434904	56.9525
chr2	43040841	1.3295483129109573	56.965
chr2	43124328	4.988035455495135	57.076
chr2	43153999	0.6584839066534711	57.224
chr2	43191965	11.473890766379576	57.249
chr2	43228657	4.419043129861115	57.67
chr2	43237143	0.0	57.7075
chr2	43266252	0.0	57.7075
chr2	43307331	0.2586541363105865	57.7075
chr2	43353725	0.5023952582007336	57.7195
chr2	43452253	8.988287988378906	57.769
chr2	43485296	4.680996496881345	58.066
chr2	43567223	0.0	58.4495
chr2	43603655	0.0	58.4495
chr2	43614372	0.07564433847514837	58.4495
chr2	43779619	0.18070634496112264	58.462
chr2	43848792	2.193905637770804	58.4745
chr2	43910554	0.0	58.61
chr2	44147013	0.0	58.61
chr2	44209215	0.0	58.61
chr2	44244395	0.0	58.61
chr2	44279927	0.06520945276228725	58.61
chr2	44471617	0.08961986836630677	58.6225
chr2	44611095	0.0	58.635
chr2	44638258	1.0321004296907803	58.635
chr2	44685734	1.6936651460103578	58.684
chr2	44758948	0.05104478465227411	58.808
chr2	45003831	1.4176053078227835	58.8205
chr2	45055679	0.7176484096912873	58.894
chr2	45073097	0.0	58.9065
chr2	45084174	0.0	58.9065
chr2	45201440	0.12380527905705677	58.9065
chr2	45302405	0.2743935901657961	58.919
chr2	45347960	0.25103126356925093	58.9315
chr2	45495352	0.0	58.9685
chr2	45621155	0.0	58.9685
chr2	45628432	0.0	58.9685
chr2	45677744	0.139783568441535	58.9685
chr2	45763591	0.0	58.9805
chr2	45836641	0.0	58.9805
chr2	45905451	0.3326768510140747	58.9805
chr2	45943025	0.5260158681453756	58.993
chr2	45965838	0.0	59.005
chr2	46004848	0.0	59.005
chr2	46014238	0.1524409608861959	59.005
chr2	46092957	0.0	59.017
chr2	46105856	5.568925952873959	59.017
chr2	46123723	0.0	59.1165
chr2	46162208	0.0	59.1165
chr2	46178278	1.1083651613869252	59.1165
chr2	46245043	0.05894530347401381	59.1905
chr2	46457104	1.0793212661677007	59.203
chr2	46513621	0.1358872896464293	59.264
chr2	46605609	0.0	59.2765
chr2	46761172	0.0	59.2765
chr2	46800326	1.4645784612478379	59.2765
chr2	46842659	0.0	59.3385
chr2	46844297	0.0	59.3385
chr2	46866496	0.5825828942340802	59.3385
chr2	47290470	0.8112668743507099	59.5855
chr2	47305878	0.0	59.598
chr2	47326957	1.0111849436626892	59.598
chr2	47351186	0.0	59.6225
chr2	47362845	1.1927788523532894	59.6225
chr2	47393865	0.39735958609721833	59.6595
chr2	47455522	0.0	59.684
chr2	47511985	0.0	59.684
chr2	47713672	0.0	59.684
chr2	47721569	0.08875697629835723	59.684
chr2	47862403	0.0	59.6965
chr2	47904448	0.0	59.6965
chr2	47915657	0.23496682268469035	59.6965
chr2	47968856	8.224547649879236	59.709
chr2	47997429	0.0	59.944
chr2	48041247	6.617555250343276	59.944
chr2	48097310	0.0	60.315
chr2	48116996	0.0	60.315
chr2	48237666	0.0	60.315
chr2	48237999	0.0	60.315
chr2	48390176	0.0	60.315
chr2	48528982	25.918715015818925	60.315
chr2	48557745	0.0	61.0605
chr2	48623420	0.17325977878195384	61.0605
chr2	48695566	0.3792820948509525	61.073
chr2	48728523	5.928624297926019	61.0855
chr2	48797426	0.05638807886966827	61.494
chr2	49231915	0.0	61.5185
chr2	49246141	0.0	61.5185
chr2	49270029	0.3464523281595271	61.5185
chr2	49306109	0.0	61.531
chr2	49471634	0.0	61.531
chr2	49637537	0.0	61.531
chr2	49801247	0.15838435033325196	61.531
chr2	50110621	0.0	61.58
chr2	50350621	0.0	61.58
chr2	50750724	0.0	61.58
chr2	50934473	0.0	61.58
chr2	50948035	0.0	61.58
chr2	51204494	0.0	61.58
chr2	51235274	0.0	61.58
chr2	51326068	0.0	61.58
chr2	51334561	0.0	61.58
chr2	51343290	0.0	61.58
chr2	51451750	0.0	61.58
chr2	51527378	0.0	61.58
chr2	51785253	0.0	61.58
chr2	51834327	0.0	61.58
chr2	51936300	0.0	61.58
chr2	52112889	1.7243757759694913	61.58
chr2	52120138	0.0	61.5925
chr2	52300307	0.0	61.5925
chr2	52404336	0.0	61.5925
chr2	52906889	0.0	61.5925
chr2	52954739	0.0	61.5925
chr2	52964373	0.0	61.5925
chr2	53228151	0.06763764260269906	61.5925
chr2	53405567	0.0	61.6045
chr2	53429485	0.0	61.6045
chr2	53572583	0.0	61.6045
chr2	53688338	0.0	61.6045
chr2	53881360	0.0	61.6045
chr2	53952425	0.0	61.6045
chr2	54037614	0.0	61.6045
chr2	54076638	0.0	61.6045
chr2	54110829	0.0	61.6045
chr2	54206608	0.0	61.6045
chr2	54248245	0.0	61.6045
chr2	54926561	0.0	61.6045
chr2	55466546	0.8530343650987156	61.6045
chr2	55655284	0.0	61.7655
chr2	56401507	0.0	61.7655
chr2	56595122	0.0	61.7655
chr2	56615659	0.0	61.7655
chr2	56638981	0.0	61.7655
chr2	56661113	0.0	61.7655
chr2	56671195	0.0	61.7655
chr2	57207849	0.0	61.7655
chr2	57704045	0.0	61.7655
chr2	57747403	0.0	61.7655
chr2	57790965	0.0	61.7655
chr2	57824218	0.0	61.7655
chr2	57930892	0.0	61.7655
chr2	57950977	0.0	61.7655
chr2	58090755	0.0	61.7655
chr2	58101728	0.0	61.7655
chr2	58118833	0.0	61.7655
chr2	58131697	0.06364157067396664	61.7655
chr2	58320253	0.027148299213341623	61.7775
chr2	58780687	0.0	61.79
chr2	58809507	0.0	61.79
chr2	59069895	0.06193054860558585	61.79
chr2	59271734	0.0	61.8025
chr2	59675575	0.10010746229624531	61.8025
chr2	59920312	0.0	61.827
chr2	60015959	0.0	61.827
chr2	60177753	0.0	61.827
chr2	60199307	0.26474637297475045	61.827
chr2	60246522	0.0	61.8395
chr2	60455289	0.0	61.8395
chr2	60483848	0.0	61.8395
chr2	60582815	0.0	61.8395
chr2	60663361	0.0	61.8395
chr2	60697442	0.0	61.8395
chr2	60754593	0.0	61.8395
chr2	60895073	0.048855757447451374	61.8395
chr2	61140694	0.0	61.8515
chr2	61222442	0.4764809026453949	61.8515
chr2	61274910	0.43470700747705937	61.8765
chr2	61303665	0.0	61.889
chr2	61421579	0.0	61.889
chr2	61466080	0.3002929388260353	61.889
chr2	61629254	0.0	61.938
chr2	62128286	0.07661285379815448	61.938
chr2	62454602	0.0	61.963
chr2	62588094	0.042193852241689846	61.963
chr2	63464999	0.0	62.0
chr2	63584960	0.0	62.0
chr2	64009031	0.0	62.0
chr2	64625238	0.0	62.0
chr2	64657539	0.0	62.0
chr2	64683709	0.0	62.0
chr2	64724766	0.0	62.0
chr2	64802738	0.0	62.0
chr2	64814334	0.08514000422293937	62.0
chr2	65107968	0.0	62.025
chr2	65239164	0.0	62.025
chr2	65266822	0.24798891183826877	62.025
chr2	65414006	0.1596097859951445	62.0615
chr2	65492322	0.21221071950904208	62.074
chr2	65666677	0.0	62.111
chr2	65720177	0.0	62.111
chr2	65790681	0.0	62.111
chr2	65809936	0.10151707111070106	62.111
chr2	65933068	0.2777419300539317	62.1235
chr2	66111291	2.494315675161899	62.173
chr2	66140758	0.0	62.2465
chr2	66272458	1.959542377578103	62.2465
chr2	66398763	0.056001577004421176	62.494
chr2	66621971	0.0	62.5065
chr2	66703117	0.0	62.5065
chr2	66999588	0.0	62.5065
chr2	67065302	0.0	62.5065
chr2	67265694	0.0	62.5065
chr2	67269054	1.2171695426091425	62.5065
chr2	67329440	0.0	62.58
chr2	67373063	0.1522392135445105	62.58
chr2	68105463	1.4504052069547264	62.6915
chr2	68215777	0.0	62.8515
chr2	68662814	0.0	62.8515
chr2	68692549	0.0	62.8515
chr2	68737701	0.0	62.8515
chr2	68819486	0.0	62.8515
chr2	69046937	0.0	62.8515
chr2	69124102	0.0	62.8515
chr2	69257673	0.0	62.8515
chr2	69438704	0.0	62.8515
chr2	69626666	0.0	62.8515
chr2	69788795	0.11254214703405786	62.8515
chr2	70010934	2.6636430718284334	62.8765
chr2	70066497	0.0	63.0245
chr2	70066498	0.0	63.0245
chr2	70066499	0.0	63.0245
chr2	70066500	0.0	63.0245
chr2	70717425	0.0	63.0245
chr2	70853098	1.0284859440254215	63.0245
chr2	70997485	0.0	63.173
chr2	71160201	0.0	63.173
chr2	71325640	0.0	63.173
chr2	71338591	0.31425441017843736	63.173
chr2	71456330	0.0	63.21
chr2	71588074	0.4026602900194889	63.21
chr2	72356712	0.0	63.5195
chr2	72541299	7.092668699456477	63.5195
chr2	72639358	0.0	64.215
chr2	72741445	0.0	64.215
chr2	73162423	3.304690825032205	64.215
chr2	73521912	0.0	65.403
chr2	73750280	0.0	65.403
chr2	73837975	0.0	65.403
chr2	73887386	0.0	65.403
chr2	73920994	0.0	65.403
chr2	74335624	0.0	65.403
chr2	74381085	0.0	65.403
chr2	74424764	0.0	65.403
chr2	74553970	0.0	65.403
chr2	74636204	0.0	65.403
chr2	74768505	0.0	65.403
chr2	74851905	0.0	65.403
chr2	75003176	0.0	65.403
chr2	75013263	0.0	65.403
chr2	75205449	0.0	65.403
chr2	75331700	0.0	65.403
chr2	75381518	0.0889986741013462	65.403
chr2	75656803	0.0	65.4275
chr2	75838875	0.0	65.4275
chr2	76013399	0.0	65.4275
chr2	76223778	0.0	65.4275
chr2	76387302	0.0	65.4275
chr2	76416245	0.0	65.4275
chr2	76440899	0.0	65.4275
chr2	76535012	0.0	65.4275
chr2	76599982	0.0	65.4275
chr2	76915079	0.0	65.4275
chr2	77289094	0.0	65.4275
chr2	77301579	0.0	65.4275
chr2	77362554	0.10560509607954043	65.4275
chr2	77599285	0.0	65.4525
chr2	77997389	0.0	65.4525
chr2	78070429	0.0	65.4525
chr2	78124515	0.0	65.4525
chr2	78275713	22.57015046767064	65.4525
chr2	78280631	0.023343849181573305	65.5635
chr2	79330158	0.0	65.588
chr2	79370920	0.0	65.588
chr2	79435373	0.0	65.588
chr2	79894539	0.0	65.588
chr2	79937325	0.0	65.588
chr2	79949295	0.15716474794704144	65.588
chr2	80025648	0.0	65.6
chr2	80062231	0.0	65.6
chr2	80188734	0.0	65.6
chr2	80229064	0.0	65.6
chr2	80261795	0.0	65.6
chr2	80285165	0.21694232805156013	65.6
chr2	80342784	0.04151789421241499	65.6125
chr2	80643859	0.0	65.625
chr2	80757262	0.0	65.625
chr2	81089941	0.0	65.625
chr2	81160370	0.15371608638844636	65.625
chr2	81238436	0.0	65.637
chr2	81244060	0.0	65.637
chr2	81259420	0.0	65.637
chr2	81306157	0.10142810775724474	65.637
chr2	81429397	0.14794825361884792	65.6495
chr2	81513886	0.19199078444235404	65.662
chr2	81576389	0.0	65.674
chr2	81863226	0.0	65.674
chr2	81908518	0.08676940163812738	65.674
chr2	82052578	0.48333790544873534	65.6865
chr2	82129129	0.1687683957551757	65.7235
chr2	82277261	0.13512600499950728	65.7485
chr2	82366067	1.0677538342071438	65.7605
chr2	82412426	0.0	65.81
chr2	82436102	0.044713553795996105	65.81
chr2	82704477	0.0	65.822
chr2	82710912	2.393617021276343	65.822
chr2	82731592	0.0	65.8715
chr2	82752536	0.11462526707689835	65.8715
chr2	82861587	0.0	65.884
chr2	82875946	0.542452479676665	65.884
chr2	82943233	3.0740723511806993	65.9205
chr2	83072215	0.10964970929456803	66.317
chr2	83633092	1.5630207674891183	66.3785
chr2	83720103	0.0	66.5145
chr2	83726939	0.0	66.5145
chr2	83784501	0.8938997117091462	66.5145
chr2	83936084	0.0	66.65
chr2	83953043	0.0	66.65
chr2	84009621	0.26281485219268813	66.65
chr2	84057183	0.0	66.6625
chr2	84070992	0.0	66.6625
chr2	84091039	0.0	66.6625
chr2	84242965	0.0	66.6625
chr2	84343374	0.13032731857605695	66.6625
chr2	85003251	0.2246726519460379	66.7485
chr2	85114524	1.6168368052824003	66.7735
chr2	85483145	0.24309348109867432	67.3695
chr2	85633293	1.5927879592967595	67.406
chr2	85710830	0.0	67.5295
chr2	85890627	0.0	67.5295
chr2	85954905	0.13019413000413854	67.5295
chr2	86239096	0.29442830541140774	67.5665
chr2	88939244	0.22570121263103676	68.3615
chr2	89377877	0.12769535832565312	68.4605
chr2	89859492	0.8706987231429083	68.522
chr2	90058183	0.0	68.695
chr2	90080205	0.0	68.695
chr2	90234447	0.0	68.695
chr2	90336720	0.0	68.695
chr2	90362906	0.0	68.695
chr2	90510148	0.0	68.695
chr2	90528946	2.3163606010017572	68.695
chr2	90576866	0.0	68.806
chr2	90641593	0.0	68.806
chr2	90665765	0.0	68.806
chr2	90786264	0.0	68.806
chr2	90814780	0.0	68.806
chr2	90853125	0.0	68.806
chr2	90875350	0.0	68.806
chr2	91070075	0.0	68.806
chr2	91224156	0.0	68.806
chr2	91235780	0.0	68.806
chr2	91295003	0.0	68.806
chr2	91358117	0.0	68.806
chr2	91504716	0.0	68.806
chr2	91596460	0.0	68.806
chr2	91623377	0.0	68.806
chr2	91670203	0.0	68.806
chr2	91685560	0.0	68.806
chr2	91698857	0.0	68.806
chr2	91722609	0.13512198813091528	68.806
chr2	91815118	0.0	68.8185
chr2	91853147	0.0	68.8185
chr2	91908741	0.0	68.8185
chr2	92001579	0.1526853536574562	68.8185
chr2	92080172	0.0	68.8305
chr2	92135429	0.0	68.8305
chr2	92174745	0.0	68.8305
chr2	92232633	0.0	68.8305
chr2	92259075	0.24557956778001658	68.8305
chr2	92309975	0.0	68.843
chr2	92359283	0.0	68.843
chr2	92431130	0.0	68.843
chr2	92461183	0.0	68.843
chr2	92482456	0.0	68.843
chr2	92530969	0.055283560438212184	68.843
chr2	92757076	0.1504211793019787	68.8555
chr2	92919952	0.0	68.88
chr2	92958394	0.0	68.88
chr2	93018301	0.0	68.88
chr2	93178824	0.0	68.88
chr2	93266279	0.0	68.88
chr2	93308723	0.0	68.88
chr2	93463907	0.0	68.88
chr2	93633942	0.0	68.88
chr2	93817551	0.0	68.88
chr2	93873539	0.0	68.88
chr2	93899137	0.20859059506729705	68.88
chr2	93959063	1.2497372047933766	68.8925
chr2	94087490	0.0	69.053
chr2	94198323	0.0	69.053
chr2	94253940	0.0	69.053
chr2	94345388	0.0	69.053
chr2	94373096	0.0	69.053
chr2	94473403	0.0	69.053
chr2	94486659	0.0	69.053
chr2	94561115	1.7938920164515775	69.053
chr2	94595398	0.0	69.1145
chr2	94725568	0.07137432694003204	69.1145
chr2	94900701	0.0	69.127
chr2	95058843	0.0	69.127
chr2	95214327	0.0	69.127
chr2	95220922	0.0	69.127
chr2	95234925	0.0	69.127
chr2	95260761	0.0	69.127
chr2	95283546	0.0	69.127
chr2	95295990	0.0	69.127
chr2	95336872	0.14694990771549135	69.127
chr2	95421935	0.0	69.1395
chr2	95482794	0.0	69.1395
chr2	95595644	0.0	69.1395
chr2	95652686	0.0	69.1395
chr2	95673705	0.0	69.1395
chr2	95702077	0.06083804405688588	69.1395
chr2	95899322	0.0	69.1515
chr2	95911616	0.0	69.1515
chr2	95961442	0.0	69.1515
chr2	96004481	0.0	69.1515
chr2	96104512	0.0	69.1515
chr2	96132652	0.0	69.1515
chr2	96161652	0.0	69.1515
chr2	96288157	0.0	69.1515
chr2	96335499	0.26847079037806787	69.1515
chr2	96382059	0.0	69.164
chr2	96507328	4.316684507802191	69.164
chr2	96622231	0.0	69.66
chr2	96652511	0.0	69.66
chr2	96768652	0.0	69.66
chr2	96805001	0.0	69.66
chr2	96841353	0.0	69.66
chr2	96883903	0.032965312250185994	69.66
chr2	97247922	0.0	69.672
chr2	97288849	0.0	69.672
chr2	97301852	0.0	69.672
chr2	97375239	0.3412084237536432	69.672
chr2	97448508	0.0	69.697
chr2	97525795	0.0	69.697
chr2	97542951	0.0	69.697
chr2	97603921	0.0	69.697
chr2	97649366	0.0	69.697
chr2	97702586	0.0	69.697
chr2	97731637	0.0	69.697
chr2	97761884	0.0	69.697
chr2	97794066	0.0	69.697
chr2	97873900	0.0	69.697
chr2	97953666	0.0	69.697
chr2	98041220	0.0	69.697
chr2	98072766	0.4561350159647429	69.697
chr2	98099074	0.0	69.709
chr2	98126022	0.0	69.709
chr2	98154108	0.16353336734821797	69.709
chr2	98306982	0.12414649286158136	69.734
chr2	98403642	0.0	69.746
chr2	98421878	0.0	69.746
chr2	98507217	0.0	69.746
chr2	98534515	0.0	69.746
chr2	98569350	0.0	69.746
chr2	98588225	0.6995137251362892	69.746
chr2	98765491	0.2828520919269406	69.87
chr2	98807916	0.0	69.882
chr2	98943444	0.2401729245056532	69.882
chr2	98993408	1.1146424859539694	69.894
chr2	99059797	0.0	69.968
chr2	99155738	0.0	69.968
chr2	99287737	0.0	69.968
chr2	99356151	0.0	69.968
chr2	99414165	0.0	69.968
chr2	99417727	0.18166756289335156	69.968
chr2	99486534	0.0	69.9805
chr2	99569183	0.0	69.9805
chr2	99630417	0.0	69.9805
chr2	99680210	0.0	69.9805
chr2	99738390	0.34582051209650627	69.9805
chr2	99809236	0.0	70.005
chr2	99837331	0.0	70.005
chr2	99903640	0.0	70.005
chr2	99920376	0.0	70.005
chr2	99940237	0.981238715754992	70.005
chr2	99965715	0.0	70.03
chr2	99987827	0.0	70.03
chr2	100023119	0.0	70.03
chr2	100066502	0.0	70.03
chr2	100084181	0.0	70.03
chr2	100145510	0.826366868453911	70.03
chr2	100249580	0.48880633493021186	70.116
chr2	100300725	0.0	70.141
chr2	100349848	0.5165071467721273	70.141
chr2	100397282	0.0	70.1655
chr2	100475602	1.057150179395374	70.1655
chr2	100522426	0.0	70.215
chr2	100608679	0.0	70.215
chr2	100801150	0.0	70.215
chr2	100836192	0.0	70.215
chr2	101025510	0.0	70.215
chr2	101211528	0.0	70.215
chr2	101273077	0.11194497680502626	70.215
chr2	101384739	0.6724918797748816	70.2275
chr2	101494034	0.5553414783417571	70.301
chr2	101538151	0.5282731806266855	70.3255
chr2	101561813	6.1692813410397545	70.338
chr2	101626002	0.0	70.734
chr2	101636480	0.1900851581508948	70.734
chr2	101702240	0.0	70.7465
chr2	101759270	0.06636397321107866	70.7465
chr2	101940091	0.0	70.7585
chr2	101956407	0.0	70.7585
chr2	102007279	0.05568176756204215	70.7585
chr2	102231769	0.0	70.771
chr2	102293099	0.13847960472384777	70.771
chr2	102383365	0.0	70.7835
chr2	102418487	0.0	70.7835
chr2	102423907	0.0	70.7835
chr2	102514479	0.0	70.7835
chr2	102528478	0.3169164882226289	70.7835
chr2	102645228	0.0	70.8205
chr2	102793108	0.037767084097855945	70.8205
chr2	103110845	0.0	70.8325
chr2	103188414	0.718638611015456	70.8325
chr2	103205808	0.0	70.845
chr2	103243084	0.0	70.845
chr2	103263822	12500.000000002841	70.845
chr2	103263823	0.0	70.8575
chr2	103263824	0.0	70.8575
chr2	103263825	0.0	70.8575
chr2	103298787	0.0	70.8575
chr2	103298788	0.0	70.8575
chr2	103298789	0.0	70.8575
chr2	103298790	0.0	70.8575
chr2	103299001	0.0	70.8575
chr2	103299002	0.0	70.8575
chr2	103299003	0.0	70.8575
chr2	103299004	0.0	70.8575
chr2	103299525	0.0	70.8575
chr2	103299526	0.0	70.8575
chr2	103299527	0.0	70.8575
chr2	103299528	0.0	70.8575
chr2	103299529	0.0	70.8575
chr2	103299530	0.0	70.8575
chr2	103299531	0.0	70.8575
chr2	103299532	0.0	70.8575
chr2	103299830	12500.000000002841	70.8575
chr2	103299831	0.0	70.87
chr2	103299832	0.0	70.87
chr2	103299833	0.0	70.87
chr2	103300111	0.0	70.87
chr2	103300112	0.0	70.87
chr2	103300113	0.0	70.87
chr2	103300114	0.0	70.87
chr2	103337398	0.0	70.87
chr2	103337399	0.0	70.87
chr2	103337550	0.0	70.87
chr2	103337551	0.0	70.87
chr2	103337552	0.0	70.87
chr2	103337553	0.0	70.87
chr2	103337647	0.0	70.87
chr2	103350664	0.0	70.87
chr2	103364744	0.0	70.87
chr2	103364745	0.0	70.87
chr2	103364746	0.0	70.87
chr2	103364747	0.0	70.87
chr2	103368745	0.0	70.87
chr2	103377567	0.0	70.87
chr2	103404541	0.0	70.87
chr2	103427711	0.0	70.87
chr2	103452107	0.0	70.87
chr2	103480561	0.0	70.87
chr2	103531101	0.0	70.87
chr2	103570941	0.0	70.87
chr2	103610288	0.0	70.87
chr2	103708900	0.0	70.87
chr2	103729507	0.0	70.87
chr2	103759081	2.2964041671332374	70.87
chr2	103785862	2.411800998373395	70.9315
chr2	103821520	0.0	71.0175
chr2	103918862	1.047690889280265	71.0175
chr2	103930793	0.0	71.03
chr2	104207921	0.409259077366429	71.03
chr2	104238464	0.0	71.0425
chr2	104286180	0.0	71.0425
chr2	104311554	0.0	71.0425
chr2	104400617	0.0	71.0425
chr2	104421857	0.0	71.0425
chr2	104494688	0.0	71.0425
chr2	104593569	0.0	71.0425
chr2	104606715	0.0	71.0425
chr2	104651554	0.0	71.0425
chr2	104690332	4.904904904904143	71.0425
chr2	104700322	0.27991445814165555	71.0915
chr2	104789635	0.0	71.1165
chr2	104843977	0.0	71.1165
chr2	104894180	0.19267822736026624	71.1165
chr2	105086210	0.0	71.1535
chr2	105100151	0.0	71.1535
chr2	105190611	0.0	71.1535
chr2	105272848	0.461612319509688	71.1535
chr2	105327006	0.0	71.1785
chr2	105359327	0.15271061338763622	71.1785
chr2	105437907	0.3034093301465442	71.1905
chr2	105518656	0.09820713062336263	71.215
chr2	105645938	0.3359754257972777	71.2275
chr2	105718860	0.0	71.252
chr2	105739780	0.48672221789591313	71.252
chr2	105765462	0.0	71.2645
chr2	105790234	0.0	71.2645
chr2	105811070	0.2510245901639682	71.2645
chr2	105908670	1.3276400301407272	71.289
chr2	105936539	0.0	71.326
chr2	105950050	0.39360161219229306	71.326
chr2	105981808	0.3453379378392177	71.3385
chr2	106052753	0.0	71.363
chr2	106135464	0.24143083659051465	71.363
chr2	106288717	0.0	71.4
chr2	106309025	0.24367421731819233	71.4
chr2	106360323	0.0	71.4125
chr2	106390623	0.0	71.4125
chr2	106408225	0.0	71.4125
chr2	106420353	1.1106577814045648	71.4125
chr2	106442412	0.0	71.437
chr2	106594431	0.0	71.437
chr2	106659772	0.0	71.437
chr2	106682768	0.0	71.437
chr2	106707785	0.7393994265882993	71.437
chr2	106740920	0.0	71.4615
chr2	106764367	0.0	71.4615
chr2	106795520	0.2600753178120975	71.4615
chr2	106843583	0.0	71.474
chr2	106871532	0.5000753538202954	71.474
chr2	106944521	0.0	71.5105
chr2	107039073	0.0	71.5105
chr2	107059390	0.2866556081303826	71.5105
chr2	107190209	0.0	71.548
chr2	107314954	0.435919790758517	71.548
chr2	107342482	0.0	71.56
chr2	107394629	0.0	71.56
chr2	107412215	0.0	71.56
chr2	107463113	0.0	71.56
chr2	107486565	0.0	71.56
chr2	107513119	0.0	71.56
chr2	107544493	1.7109674743353072	71.56
chr2	107573424	0.0	71.6095
chr2	107609030	2.60234000168352	71.6095
chr2	107680312	0.0	71.795
chr2	107703783	0.227671583740463	71.795
chr2	107809198	0.0	71.819
chr2	107819784	0.0	71.819
chr2	107853101	0.0	71.819
chr2	107984867	0.0	71.819
chr2	108025813	0.0	71.819
chr2	108070962	0.19621077746562926	71.819
chr2	108134669	0.0	71.8315
chr2	108176641	0.0	71.8315
chr2	108384255	1.4058106841610511	71.8315
chr2	108419466	3.829105473965356	71.881
chr2	108513091	1.293842011399515	72.2395
chr2	108541688	0.05726720879625629	72.2765
chr2	108759963	0.0	72.289
chr2	108840568	0.16514140232574767	72.289
chr2	108913233	3.107925209283554	72.301
chr2	108933182	0.0	72.363
chr2	108998866	0.0	72.363
chr2	109052956	0.0	72.363
chr2	109070421	0.4038772213247716	72.363
chr2	109131083	0.0	72.3875
chr2	109177855	0.14780305538479452	72.3875
chr2	109262427	0.0	72.4
chr2	109310732	0.0	72.4
chr2	109339806	0.0	72.4
chr2	109401458	0.0	72.4
chr2	109429723	0.2665912231639382	72.4
chr2	109521624	0.0	72.4245
chr2	109582507	0.0	72.4245
chr2	109619222	0.0	72.4245
chr2	109661035	0.0	72.4245
chr2	109694703	0.0	72.4245
chr2	109714981	0.0	72.4245
chr2	109775520	0.0	72.4245
chr2	109953370	0.0	72.4245
chr2	109999432	0.0	72.4245
chr2	110173913	0.0	72.4245
chr2	110216638	0.0	72.4245
chr2	110273167	0.0	72.4245
chr2	110358069	0.21538355503485496	72.4245
chr2	110474141	0.0	72.4495
chr2	110482101	0.0	72.4495
chr2	110522108	3.500417393943991	72.4495
chr2	110574816	0.06366458441034037	72.634
chr2	110967499	0.0	72.659
chr2	111068634	0.0	72.659
chr2	111121194	0.0	72.659
chr2	111210379	0.0	72.659
chr2	111323944	0.0	72.659
chr2	111391300	0.0	72.659
chr2	111404415	0.06411867597493028	72.659
chr2	111599366	0.0	72.6715
chr2	111641376	0.0	72.6715
chr2	111790037	0.0	72.6715
chr2	112028406	0.0	72.6715
chr2	112065643	0.0	72.6715
chr2	112115879	0.0	72.6715
chr2	112139075	0.15805578737074633	72.6715
chr2	112218161	0.0	72.684
chr2	112270438	0.0	72.684
chr2	112282003	0.10057579643459183	72.684
chr2	112401316	0.0	72.696
chr2	112423954	0.20637350164239696	72.696
chr2	112482101	0.305660838733411	72.708
chr2	112522996	0.0	72.7205
chr2	112554181	0.6221072015131062	72.7205
chr2	112594367	4.1037230879029245	72.7455
chr2	112636402	1.172667342798933	72.918
chr2	112667954	0.06880342586019607	72.955
chr2	112849631	0.8349317386887494	72.9675
chr2	112893946	0.43386206657189413	73.0045
chr2	112922757	0.0	73.017
chr2	112937492	0.16468360163037388	73.017
chr2	113010359	0.0	73.029
chr2	113022675	0.0	73.029
chr2	113054513	0.0	73.029
chr2	113091326	0.45118209709448986	73.029
chr2	113119031	0.0	73.0415
chr2	113122872	0.0	73.0415
chr2	113242542	0.0	73.0415
chr2	113265480	0.0	73.0415
chr2	113288675	0.0	73.0415
chr2	113312642	0.609013398294901	73.0415
chr2	113333167	0.0	73.054
chr2	113472948	0.20111309944019387	73.054
chr2	113594770	0.24164803963028766	73.0785
chr2	113644429	0.31038164527074297	73.0905
chr2	113684702	1.1585567692818506	73.103
chr2	113705849	0.301502689404058	73.1275
chr2	113747308	0.0	73.14
chr2	113769390	0.0	73.14
chr2	113840536	0.0	73.14
chr2	113925434	0.0	73.14
chr2	114001747	0.0	73.14
chr2	114024983	1.5296906750958827	73.14
chr2	114113563	0.28712530148163184	73.2755
chr2	114157098	0.24708928818523476	73.288
chr2	114207687	0.0	73.3005
chr2	114238657	2.2704666349521445	73.3005
chr2	114331149	0.0	73.5105
chr2	114368658	0.0	73.5105
chr2	114418495	0.0	73.5105
chr2	114436437	0.11332514873926201	73.5105
chr2	114542327	0.0	73.5225
chr2	114582083	3.7734410733350345	73.5225
chr2	114595201	0.0	73.572
chr2	114613135	0.7924549757643273	73.572
chr2	114753837	0.7449587721447414	73.6835
chr2	114802833	0.17833195423292783	73.72
chr2	114872927	1.288343558282133	73.7325
chr2	114929977	0.30221341102239624	73.806
chr2	115012700	3.4324412078481408	73.831
chr2	115034259	0.21843790684065115	73.905
chr2	115148708	0.0	73.93
chr2	115149805	1.2303520313362406	73.93
chr2	115209544	0.0	74.0035
chr2	115226553	0.08218385514604297	74.0035
chr2	115378651	1.0883685005090338	74.016
chr2	115435617	0.0	74.078
chr2	115449912	0.0	74.078
chr2	115479046	1.4953179389124096	74.078
chr2	115519840	0.06531030230834217	74.139
chr2	115711234	0.7979572294923782	74.1515
chr2	115758229	1.1413060242452309	74.189
chr2	115790648	0.0	74.226
chr2	115834405	0.0	74.226
chr2	115869851	0.6249785966234676	74.226
chr2	115928253	0.0	74.2625
chr2	115978935	0.0	74.2625
chr2	116012516	0.0	74.2625
chr2	116050153	0.0	74.2625
chr2	116080957	0.2631357359380861	74.2625
chr2	116128461	0.0	74.275
chr2	116153146	0.0	74.275
chr2	116174128	0.0	74.275
chr2	116267026	1.8385093167701385	74.275
chr2	116307276	0.5531218195496634	74.349
chr2	116329875	0.0	74.3615
chr2	116386625	0.0	74.3615
chr2	116444037	0.0	74.3615
chr2	116468228	0.0	74.3615
chr2	116497890	0.0	74.3615
chr2	116503595	0.0	74.3615
chr2	116546879	0.46347092429323683	74.3615
chr2	116599741	0.9319195023047664	74.386
chr2	116639444	13.020833333336293	74.423
chr2	116640404	1.4474772539286418	74.4355
chr2	116674256	0.0	74.4845
chr2	116732426	1.0272641457050957	74.4845
chr2	116768444	0.0	74.5215
chr2	116807643	2.5283481458781223	74.5215
chr2	116846799	0.6277409923465395	74.6205
chr2	116904944	0.0	74.657
chr2	116921195	0.1687023415885396	74.657
chr2	116995290	0.0	74.6695
chr2	117024095	0.0	74.6695
chr2	117043811	0.563926734638764	74.6695
chr2	117065977	0.0	74.682
chr2	117072432	0.0	74.682
chr2	117100148	0.2132491095408339	74.682
chr2	117273654	0.44038895152208435	74.719
chr2	117302038	5.893127339332489	74.7315
chr2	117314595	3.13134732566004	74.8055
chr2	117338227	0.0	74.8795
chr2	117351181	0.0	74.8795
chr2	117436160	0.4599470591548857	74.8795
chr2	117542694	0.0	74.9285
chr2	117569858	0.0	74.9285
chr2	117589176	0.7347538574577795	74.9285
chr2	117605508	1.4108558650131904	74.9405
chr2	117851458	0.0	75.2875
chr2	117861917	0.7427581084427121	75.2875
chr2	117878073	0.0	75.2995
chr2	117920693	0.6017716156365706	75.2995
chr2	117941465	0.0	75.312
chr2	117965824	0.0	75.312
chr2	117984240	1.9665683382498287	75.312
chr2	117990342	0.34454244762962627	75.324
chr2	118026622	0.0	75.3365
chr2	118044694	0.8982466225929033	75.3365
chr2	118058610	0.0	75.349
chr2	118094454	1.4674493062965366	75.349
chr2	118128186	0.0	75.3985
chr2	118141169	0.7603736693461809	75.3985
chr2	118173390	0.0	75.423
chr2	118199738	0.0	75.423
chr2	118226699	2.6158603744809126	75.423
chr2	118273911	0.39765858624428463	75.5465
chr2	118305345	1.9943493435267499	75.559
chr2	118317379	0.0	75.583
chr2	118360009	0.0	75.583
chr2	118398514	0.0	75.583
chr2	118440948	0.7408724513989356	75.583
chr2	118474692	1.170737881280595	75.608
chr2	118506296	0.0	75.645
chr2	118550431	0.5412391061823489	75.645
chr2	118640964	0.2240303964442405	75.694
chr2	118696760	9.43653520973041	75.7065
chr2	118715093	3.86489665602423	75.8795
chr2	118756750	0.7538635506973108	76.0405
chr2	118870829	1.4707632666247414	76.1265
chr2	118929642	8.960573476702944	76.213
chr2	118954473	0.3646197320045108	76.4355
chr2	118987384	0.4694835680746904	76.4475
chr2	119014009	0.14152946171628597	76.46
chr2	119098797	1.408386715733311	76.472
chr2	119142819	0.6409479099899861	76.534
chr2	119200546	1.6240811120025125	76.571
chr2	119276589	0.41442188147535763	76.6945
chr2	119305545	0.5524373536035988	76.7065
chr2	119328172	0.0	76.719
chr2	119349449	1.138370039959265	76.719
chr2	119370971	0.3357770440427683	76.7435
chr2	119406709	1.3708965111143907	76.7555
chr2	119461053	1.8593820595697237	76.83
chr2	119547372	2.9664608306094316	76.9905
chr2	119563890	2.6496705814946955	77.0395
chr2	119577854	0.0	77.0765
chr2	119598506	0.6757125696189934	77.0765
chr2	119671762	0.6975446428565084	77.126
chr2	119689682	0.0	77.1385
chr2	119728255	0.0	77.1385
chr2	119739128	0.0	77.1385
chr2	119740602	1.9372183126435754	77.1385
chr2	119753249	0.0	77.163
chr2	119786464	0.6656232572365146	77.163
chr2	119842051	0.0	77.2
chr2	119928514	2.5983667409060662	77.2
chr2	119937943	7.836809957358285	77.2245
chr2	119972651	0.0	77.4965
chr2	120045560	0.0	77.4965
chr2	120074988	0.0	77.4965
chr2	120077652	2.280684691694194	77.4965
chr2	120180472	0.4648568240982835	77.731
chr2	120207362	0.30662369763152963	77.7435
chr2	120367167	0.7112886538681856	77.7925
chr2	120436759	0.0	77.842
chr2	120448744	0.0	77.842
chr2	120472016	0.0	77.842
chr2	120479237	0.0	77.842
chr2	120479521	16.803718269574503	77.842
chr2	120493506	0.0	78.077
chr2	120518576	1.559654817512491	78.077
chr2	120581731	5.088072731029565	78.1755
chr2	120601090	7.896543831540371	78.274
chr2	120622935	0.37154279429913184	78.4465
chr2	120690222	0.0	78.4715
chr2	120707863	0.0	78.4715
chr2	120714225	22.079007041411632	78.4715
chr2	120722604	12.339503084877819	78.6565
chr2	120728601	1.649520559912015	78.7305
chr2	120825902	0.0	78.891
chr2	120843600	0.6350873033345356	78.891
chr2	120902647	1.4998256016741982	78.9285
chr2	120959987	2.609542127978943	79.0145
chr2	121045251	1.1655256415641586	79.237
chr2	121140487	0.0	79.348
chr2	121157401	0.0	79.348
chr2	121253652	0.6426900434459931	79.348
chr2	121292551	0.0	79.373
chr2	121326565	0.16841821611410177	79.373
chr2	121400785	0.1914822320445588	79.3855
chr2	121463454	1.938076104939804	79.3975
chr2	121526919	0.0	79.5205
chr2	121624313	0.0	79.5205
chr2	121660705	0.1292844879300296	79.5205
chr2	121757391	0.0	79.533
chr2	121764485	0.0	79.533
chr2	121831122	0.0	79.533
chr2	121888605	0.0	79.533
chr2	121996521	0.0	79.533
chr2	122053060	0.4729026766292573	79.533
chr2	122105925	0.0	79.558
chr2	122214474	0.0	79.558
chr2	122234830	0.7787656564336585	79.558
chr2	122250239	0.0	79.57
chr2	122266538	0.0	79.57
chr2	122299108	0.27424910594797697	79.57
chr2	122344687	0.0	79.5825
chr2	122368912	0.0	79.5825
chr2	122400585	0.7262271757174322	79.5825
chr2	122434321	0.0	79.607
chr2	122460460	0.7661756887764111	79.607
chr2	122492437	0.0	79.6315
chr2	122538391	0.1403311815885011	79.6315
chr2	122716541	0.0	79.6565
chr2	122730913	1.158885577787394	79.6565
chr2	122752054	0.0	79.681
chr2	122799601	0.10150395019539894	79.681
chr2	122917823	0.0	79.693
chr2	122988584	0.42964185055347637	79.693
chr2	123017678	0.4653990084152365	79.7055
chr2	123070321	0.0	79.73
chr2	123086482	0.0	79.73
chr2	123116830	2.6531318491175675	79.73
chr2	123177513	0.0	79.891
chr2	123198992	1.2711864406780142	79.891
chr2	123208432	6.905899057699711	79.903
chr2	123231673	0.3103421522228374	80.0635
chr2	123270340	0.0	80.0755
chr2	123277008	3.440663471291379	80.0755
chr2	123327289	1.0461356383539695	80.2485
chr2	123374606	0.0	80.298
chr2	123427352	0.3188775510204807	80.298
chr2	123466552	1.3832913361099026	80.3105
chr2	123600291	17.17334112832501	80.4955
chr2	123627659	0.0	80.9655
chr2	123733563	0.30896238074024	80.9655
chr2	123774021	0.8063813093890275	80.978
chr2	123819905	0.0	81.015
chr2	123832775	0.0	81.015
chr2	123927240	0.0	81.015
chr2	123948256	0.0	81.015
chr2	123998373	0.0	81.015
chr2	124020441	0.0	81.015
chr2	124080373	0.0	81.015
chr2	124094003	0.0	81.015
chr2	124139288	0.0	81.015
chr2	124163900	0.0	81.015
chr2	124185561	0.0	81.015
chr2	124194009	0.9046675957848881	81.015
chr2	124234908	0.0	81.052
chr2	124323681	0.0	81.052
chr2	124339661	0.8596678243523769	81.052
chr2	124368742	0.0	81.077
chr2	124421940	0.0	81.077
chr2	124449998	0.0	81.077
chr2	124491845	0.0	81.077
chr2	124507387	0.0	81.077
chr2	124524956	0.27555167742084674	81.077
chr2	124568505	0.0	81.089
chr2	124588348	0.8343902276218439	81.089
chr2	124603329	0.45766590389017753	81.1015
chr2	124629549	0.0	81.1135
chr2	124640799	0.0	81.1135
chr2	124758534	0.0	81.1135
chr2	124772702	0.0	81.1135
chr2	124786855	1.089324618736012	81.1135
chr2	124809805	0.0	81.1385
chr2	124836846	0.33899262691037757	81.1385
chr2	124872245	1.6201102720220497	81.1505
chr2	124910514	0.0	81.2125
chr2	124966024	0.0	81.2125
chr2	124988769	6.193505189152438	81.2125
chr2	125006691	0.20371041021930344	81.3235
chr2	125249683	0.7680019660843347	81.373
chr2	125265959	5.816152827690782	81.3855
chr2	125287107	0.0	81.5085
chr2	125308634	3.229521627109051	81.5085
chr2	125392857	1.3382859015678865	81.7805
chr2	125411164	0.0	81.805
chr2	125428158	0.0	81.805
chr2	125470839	0.0	81.805
chr2	125491521	0.5969436485190368	81.805
chr2	125512461	0.0	81.8175
chr2	125533751	0.0	81.8175
chr2	125556286	0.0	81.8175
chr2	125597119	3.2549178665584866	81.8175
chr2	125646429	0.0	81.978
chr2	125660327	0.5013159543802671	81.978
chr2	125684264	11.380263371809894	81.99
chr2	125702717	0.7767421216157282	82.2
chr2	125734259	4.613333333333382	82.2245
chr2	125753009	1.3413209556200496	82.311
chr2	125946475	24.621082230300313	82.5705
chr2	125961056	0.4568817818389665	82.9295
chr2	125987321	0.0	82.9415
chr2	126025630	0.264354446441699	82.9415
chr2	126120200	0.546782730414367	82.9665
chr2	126143061	1.076118944085883	82.979
chr2	126165828	1.7994358525431344	83.0035
chr2	126186390	0.9140316205535114	83.0405
chr2	126226870	0.09832197168327589	83.0775
chr2	126348918	3.032115954640426	83.0895
chr2	126385691	4.191943289482811	83.201
chr2	126415033	0.22012080229635025	83.324
chr2	126471820	0.6498908183426662	83.3365
chr2	126491054	5.621282436760476	83.349
chr2	126506353	11.53289201489371	83.435
chr2	126516021	11.856501460267886	83.5465
chr2	126538962	2.113982484145416	83.8185
chr2	126562141	0.0	83.8675
chr2	126617844	0.4983970473341406	83.8675
chr2	126692082	42.87079054215365	83.9045
chr2	126700456	4.348901707009064	84.2635
chr2	126777257	0.0	84.5975
chr2	126816816	0.0	84.5975
chr2	126819577	0.0	84.5975
chr2	126823339	2.5544104184508436	84.5975
chr2	126857202	0.0	84.684
chr2	126878975	0.0	84.684
chr2	126916149	6.673972405863709	84.684
chr2	126971813	0.0	85.0555
chr2	126985539	0.0	85.0555
chr2	127000237	0.0	85.0555
chr2	127021149	0.0	85.0555
chr2	127025086	0.6734006734007851	85.0555
chr2	127080031	0.0	85.0925
chr2	127096116	0.0	85.0925
chr2	127110010	0.0	85.0925
chr2	127125527	0.0	85.0925
chr2	127150043	0.0	85.0925
chr2	127171889	0.0	85.0925
chr2	127217327	0.0	85.0925
chr2	127256046	0.23566416413764893	85.0925
chr2	127463969	2.170716336391423	85.1415
chr2	127492531	0.0	85.2035
chr2	127512035	2.795934560018063	85.2035
chr2	127538502	1.143885727557791	85.2775
chr2	127624612	6.029586300440704	85.376
chr2	127671796	0.0	85.6605
chr2	127690069	0.0	85.6605
chr2	127734220	9.117082533589773	85.6605
chr2	127747766	1.4465371671482015	85.784
chr2	127764703	0.0	85.8085
chr2	127788284	3.347961815138129	85.8085
chr2	127810387	4.082983888766954	85.8825
chr2	127828511	10.313301371389679	85.9565
chr2	127846449	0.0	86.1415
chr2	127852083	7.139755897535354	86.1415
chr2	127872812	16.84341859014331	86.2895
chr2	127890445	7.510907383884839	86.5865
chr2	127926659	9.80121479845361	86.8585
chr2	127955635	0.0	87.1425
chr2	127970630	14.89528165623509	87.1425
chr2	127987246	5.436368943374231	87.39
chr2	128000950	1.5304979717789917	87.4645
chr2	128041133	14.203706741020401	87.526
chr2	128071618	0.0	87.959
chr2	128074208	7.083490744237687	87.959
chr2	128079502	14.156691276611362	87.9965
chr2	128093453	16.250096726765747	88.194
chr2	128106376	11.787602008094328	88.404
chr2	128151593	8.090858837127563	88.937
chr2	128171492	13.963700867458378	89.098
chr2	128217719	0.0	89.7435
chr2	128276679	0.0	89.7435
chr2	128278997	3.935336670262944	89.7435
chr2	128335536	9.025868636348845	89.966
chr2	128365727	0.0	90.2385
chr2	128383149	41.44444444444417	90.2385
chr2	128401149	1.194015302890165	90.9845
chr2	128421668	0.0	91.009
chr2	128443741	0.6353240152479208	91.009
chr2	128463416	0.0	91.0215
chr2	128477737	0.0	91.0215
chr2	128500539	1.253068739771036	91.0215
chr2	128520091	0.0	91.046
chr2	128537288	0.0	91.046
chr2	128552941	0.0	91.046
chr2	128602117	1.1952000764923973	91.046
chr2	128623034	5.723156772788686	91.071
chr2	128644613	0.0	91.1945
chr2	128672907	0.0	91.1945
chr2	128688766	7.21672661870499	91.1945
chr2	128711006	0.4144974632753834	91.355
chr2	128771320	0.0	91.38
chr2	128792189	1.192098092643212	91.38
chr2	128812741	0.0	91.4045
chr2	128820959	0.5478611500702507	91.4045
chr2	128843775	1.5019958026420208	91.417
chr2	128868076	0.0	91.4535
chr2	128879702	0.0	91.4535
chr2	128908495	0.0	91.4535
chr2	128970467	0.0	91.4535
chr2	128998294	0.0	91.4535
chr2	129038260	1.37282037088287	91.4535
chr2	129128585	9.619805481874645	91.5775
chr2	129156860	14.326246103190718	91.8495
chr2	129185409	0.36331708498593523	92.2585
chr2	129218438	3.4747588273860575	92.2705
chr2	129271823	2.722979393286156	92.456
chr2	129412845	0.0	92.84
chr2	129443958	1.4499193190055801	92.84
chr2	129486719	0.4758279406167812	92.902
chr2	129512989	0.40565976504195633	92.9145
chr2	129543803	0.0	92.927
chr2	129575525	0.0	92.927
chr2	129584866	1.116545669882133	92.927
chr2	129695475	0.9488386215274665	93.0505
chr2	129708649	6.659491457016262	93.063
chr2	129723515	3.431558657749473	93.162
chr2	129791997	0.5745200363862908	93.397
chr2	129812884	0.6013084471805191	93.409
chr2	129833672	0.14186006922774605	93.4215
chr2	129921787	1.25664817659085	93.434
chr2	130000568	3.5793750604616354	93.533
chr2	130010905	0.47132923298039264	93.57
chr2	130247470	0.0	93.6815
chr2	130287045	0.0	93.6815
chr2	130287401	0.5695842035314436	93.6815
chr2	130308469	4.5073660646761935	93.6935
chr2	130341526	4.173697828777245	93.8425
chr2	130385971	0.9672085114348634	94.028
chr2	130450073	1.6213519580941937	94.09
chr2	130526244	1.063286832256111	94.2135
chr2	130538000	0.6486493605700302	94.226
chr2	130689854	3.1167635861607517	94.3245
chr2	130713757	3.1220674222190468	94.399
chr2	130796875	0.3536468058621299	94.6585
chr2	130832221	0.0	94.671
chr2	130868744	0.5253293957290993	94.671
chr2	130939176	0.512287988923588	94.708
chr2	131011401	0.3499930001396789	94.745
chr2	131047116	2.7748192163242886	94.7575
chr2	131064955	0.0	94.807
chr2	131109565	12.97648012976439	94.807
chr2	131130526	0.0	95.079
chr2	131132193	0.0	95.079
chr2	131156104	0.0	95.079
chr2	131175398	0.0	95.079
chr2	131191970	0.0	95.079
chr2	131204839	0.0	95.079
chr2	131206219	0.0	95.079
chr2	131351941	0.0	95.079
chr2	131378212	3.36679911431964	95.079
chr2	131411181	2.0192773679397193	95.19
chr2	131429752	0.8392675483213763	95.2275
chr2	131488732	1.9189347953785933	95.277
chr2	131514267	0.0	95.326
chr2	131582507	0.0	95.326
chr2	131607258	3.335511933470292	95.326
chr2	131651629	1.747758922027333	95.474
chr2	131722577	4.433084388354335	95.598
chr2	131747616	0.0	95.709
chr2	131780588	4.677675933641119	95.709
chr2	131806990	0.0	95.8325
chr2	131823980	2.2408558623679924	95.8325
chr2	131851648	5.821702995139279	95.8945
chr2	131877156	1.6148298898371694	96.043
chr2	131899759	5.263405235208843	96.0795
chr2	131921038	2.0815704856996184	96.1915
chr2	131950583	0.0	96.253
chr2	131966593	0.8646330497338897	96.253
chr2	131995507	0.2505863721105112	96.278
chr2	132045390	0.0	96.2905
chr2	132061771	0.0	96.2905
chr2	132089547	0.0	96.2905
chr2	132119810	0.0	96.2905
chr2	132144545	0.7765943958413623	96.2905
chr2	132176093	0.43765974580731914	96.315
chr2	132204654	0.0	96.3275
chr2	132265906	0.8204205316854033	96.3275
chr2	132341477	2.260686883448793	96.3895
chr2	132363373	2.304254724886369	96.439
chr2	132384855	2.826225334182157	96.4885
chr2	132424130	0.22712647159027247	96.5995
chr2	132476964	0.0	96.6115
chr2	132498583	4.214714410951514	96.6115
chr2	132513412	0.0	96.674
chr2	132541271	0.6344356112590074	96.674
chr2	132579888	2.236006924408454	96.6985
chr2	132607616	2.0693135935400213	96.7605
chr2	132637336	1.8864452010673054	96.822
chr2	132669937	0.4969388566431916	96.8835
chr2	132695091	16.86909581646807	96.896
chr2	132695832	0.0	96.9085
chr2	132711981	4.3844109831708	96.9085
chr2	132757141	1.0758068551413376	97.1065
chr2	132837081	4.443137639256751	97.1925
chr2	132867690	0.6306535864440663	97.3285
chr2	132946180	0.0	97.378
chr2	132970276	0.3769073797703132	97.378
chr2	133101608	0.0	97.4275
chr2	133113458	0.0	97.4275
chr2	133150589	0.8299176857153653	97.4275
chr2	133180110	0.0	97.452
chr2	133223825	4.589920719551381	97.452
chr2	133245394	4.697858539609928	97.551
chr2	133266361	0.0	97.6495
chr2	133286444	0.4361936001673496	97.6495
chr2	133343758	2.6078376092476843	97.6745
chr2	133372134	1.5697078421315407	97.7485
chr2	133387742	4.2178565362622695	97.773
chr2	133405405	0.0	97.8475
chr2	133427185	0.0	97.8475
chr2	133439071	0.7347754526218458	97.8475
chr2	133473095	0.0	97.8725
chr2	133481161	1.5985080591448586	97.8725
chr2	133488668	0.0	97.8845
chr2	133536319	0.0	97.8845
chr2	133570131	0.0	97.8845
chr2	133590609	0.0	97.8845
chr2	133606415	0.0	97.8845
chr2	133641487	0.6854401096704436	97.8845
chr2	133658994	0.4884148009222382	97.8965
chr2	133684587	0.1636404100172625	97.909
chr2	133760974	0.0	97.9215
chr2	133780840	0.0	97.9215
chr2	133808836	0.0	97.9215
chr2	133827558	0.0	97.9215
chr2	133876363	0.0	97.9215
chr2	133907697	0.0	97.9215
chr2	133954271	0.0	97.9215
chr2	133980759	0.0	97.9215
chr2	134024056	0.0	97.9215
chr2	134044108	0.0	97.9215
chr2	134055066	0.0	97.9215
chr2	134118258	0.0	97.9215
chr2	134168777	0.0	97.9215
chr2	134197004	3.975075204126143	97.9215
chr2	134215620	2.3824421235016975	97.9955
chr2	134236397	0.9797690922569623	98.045
chr2	134274161	0.0	98.082
chr2	134324732	0.0	98.082
chr2	134349208	0.6025874366669117	98.082
chr2	134389866	0.0	98.1065
chr2	134454156	11.166741674167973	98.1065
chr2	134471932	0.4975536943356101	98.305
chr2	134496050	0.665815901903149	98.317
chr2	134514073	5.583816396545704	98.329
chr2	134598603	0.0	98.801
chr2	134613839	0.0	98.801
chr2	134631276	1.2941735777294487	98.801
chr2	134669138	5.210843373494031	98.85
chr2	134685738	0.0	98.9365
chr2	134712710	0.0	98.9365
chr2	134720138	1.0820168794635656	98.9365
chr2	134743243	0.0	98.9615
chr2	134763263	0.0	98.9615
chr2	134784024	0.0	98.9615
chr2	134792961	0.0	98.9615
chr2	134810477	23.98537214972075	98.9615
chr2	134824423	20.44381264456407	99.296
chr2	134865927	0.0	100.1445
chr2	134890881	0.0	100.1445
chr2	134914847	0.0	100.1445
chr2	134938032	0.6082416746921007	100.1445
chr2	134957761	6.02637552697003	100.1565
chr2	134994765	0.0	100.3795
chr2	135023626	0.0	100.3795
chr2	135054434	0.0	100.3795
chr2	135068797	0.0	100.3795
chr2	135089714	0.0	100.3795
chr2	135112288	0.3224142378128151	100.3795
chr2	135151058	0.0	100.392
chr2	135171070	0.0	100.392
chr2	135190625	0.6661160107645862	100.392
chr2	135228156	0.09095112135153711	100.417
chr2	135360095	0.0	100.429
chr2	135375967	0.0	100.429
chr2	135397634	0.0	100.429
chr2	135398415	7.543103448275926	100.429
chr2	135419759	0.8214018591729247	100.59
chr2	135494631	0.0	100.6515
chr2	135536231	0.0	100.6515
chr2	135551878	1.725089704664381	100.6515
chr2	135573616	0.5831187132513949	100.689
chr2	135594195	2.1844236034256728	100.701
chr2	135611362	1.8942263979395124	100.7385
chr2	135617961	0.0	100.751
chr2	135632601	0.0	100.751
chr2	135636175	0.0	100.751
chr2	135647127	1.2771724964806905	100.751
chr2	135666310	3.5221323179444206	100.7755
chr2	135687320	2.8265329382264697	100.8495
chr2	135709255	0.0	100.9115
chr2	135727034	0.0	100.9115
chr2	135745869	0.3131769188610918	100.9115
chr2	135784186	0.0	100.9235
chr2	135838949	3.197467863832748	100.9235
chr2	135854430	0.0	100.973
chr2	135906323	0.0	100.973
chr2	135923416	0.0	100.973
chr2	135931748	1.8265507415800164	100.973
chr2	135945435	25.641025641026612	100.998
chr2	135945903	0.0	101.01
chr2	135957603	0.0	101.01
chr2	135961466	0.645961449020135	101.01
chr2	135980817	0.0	101.0225
chr2	136007599	0.0	101.0225
chr2	136019824	1.048401188188053	101.0225
chr2	136031270	166.1073825503657	101.0345
chr2	136031568	0.0	101.084
chr2	136031787	0.0	101.084
chr2	136051928	766.8539325842588	101.084
chr2	136052106	0.0	101.2205
chr2	136056963	0.7847815168258941	101.2205
chr2	136072891	3.8633079967331634	101.233
chr2	136088810	1.2074824963726372	101.2945
chr2	136191503	0.0	101.4185
chr2	136199308	0.0	101.4185
chr2	136207826	7.878088568814209	101.4185
chr2	136232959	1.947778479679508	101.6165
chr2	136251955	2.1791336831809387	101.6535
chr2	136263198	1.7288103915524782	101.678
chr2	136284600	1.217848791893583	101.715
chr2	136305128	3.7741622889783275	101.74
chr2	136324735	0.0	101.814
chr2	136345378	0.0	101.814
chr2	136350967	0.0	101.814
chr2	136351700	0.7395136957938143	101.814
chr2	136368603	4.20977119987943	101.8265
chr2	136395089	84.48753462602886	101.938
chr2	136395811	8.604628829348075	101.999
chr2	136447876	0.0	102.447
chr2	136455842	0.0	102.447
chr2	136520963	0.0	102.447
chr2	136666644	8.847184986595087	102.447
chr2	136683429	0.0	102.5955
chr2	136705203	0.0	102.5955
chr2	136734876	0.0	102.5955
chr2	136757140	1.142567940617147	102.5955
chr2	136822344	0.0	102.67
chr2	136836596	0.0	102.67
chr2	136842447	0.0	102.67
chr2	136932944	0.0	102.67
chr2	136952777	0.0	102.67
chr2	136977079	0.0	102.67
chr2	137000412	0.5240211285320215	102.67
chr2	137024266	0.0	102.6825
chr2	137044559	0.0	102.6825
chr2	137078631	0.0	102.6825
chr2	137079699	3.2932799287938614	102.6825
chr2	137102169	0.0	102.7565
chr2	137106144	0.7781091946569536	102.7565
chr2	137345185	0.0	102.9425
chr2	137357777	0.874737578726581	102.9425
chr2	137372067	4.059040590405475	102.955
chr2	137384262	1.6226390601678253	103.0045
chr2	137399669	0.7133515634288702	103.0295
chr2	137416491	0.0	103.0415
chr2	137462543	0.0	103.0415
chr2	137475640	0.0	103.0415
chr2	137504765	0.0	103.0415
chr2	137513117	12.51020506171097	103.0415
chr2	137533940	0.0	103.302
chr2	137536442	0.0	103.302
chr2	137553654	0.0	103.302
chr2	137555945	1.9405255152877707	103.302
chr2	137575012	0.0	103.339
chr2	137591601	0.0	103.339
chr2	137609823	0.0	103.339
chr2	137650459	9.711106773374881	103.339
chr2	137670951	0.48451568619535895	103.538
chr2	137695718	1.977911113471047	103.55
chr2	137733384	0.0	103.6245
chr2	137759378	1.0747141260427169	103.6245
chr2	137771009	1.2962770921915214	103.637
chr2	137780652	9.17042141531947	103.6495
chr2	137799517	0.0	103.8225
chr2	137834497	5.034856700232086	103.8225
chr2	137859026	0.7939532520327008	103.946
chr2	137874770	17.140329536658314	103.9585
chr2	137892856	0.0	104.2685
chr2	137928247	0.0	104.2685
chr2	137956133	0.0	104.2685
chr2	137964905	4.447497830488518	104.2685
chr2	137978733	2.4220112381326957	104.33
chr2	137983894	0.0	104.3425
chr2	137999502	0.0	104.3425
chr2	138048505	0.0	104.3425
chr2	138071449	0.0	104.3425
chr2	138092328	0.0	104.3425
chr2	138098291	1.23019387855554	104.3425
chr2	138118613	0.0	104.3675
chr2	138137423	0.0	104.3675
chr2	138165412	1.2453404209081163	104.3675
chr2	138225235	3.33103472457615	104.442
chr2	138310794	3.7576877464904404	104.727
chr2	138383312	0.0	104.9995
chr2	138402310	2.264202726191976	104.9995
chr2	138424172	0.0	105.049
chr2	138480011	0.6273853714644458	105.049
chr2	138499138	0.0	105.061
chr2	138522113	5.489614243323299	105.061
chr2	138535593	0.0	105.135
chr2	138553515	0.34421038138478954	105.135
chr2	138589830	0.0	105.1475
chr2	138611464	4.0652459347541	105.1475
chr2	138651068	0.9431693020547222	105.3085
chr2	138730057	1.9680793702148038	105.383
chr2	138748603	0.0	105.4195
chr2	138749134	5.658265627590701	105.4195
chr2	138773258	2.3996082272285304	105.556
chr2	138793678	0.0	105.605
chr2	138796840	0.0	105.605
chr2	138802465	0.0	105.605
chr2	138804711	9.462037390308678	105.605
chr2	138817816	0.0	105.729
chr2	138853862	4.175306843019697	105.729
chr2	138871705	2.915304506083412	105.8035
chr2	138901376	6.07544112985593	105.89
chr2	138929769	0.8286248164790725	106.0625
chr2	139019677	0.0	106.137
chr2	139031380	8.25976457998882	106.137
chr2	139046332	5.820804072206582	106.2605
chr2	139067549	2.224419179436245	106.384
chr2	139089802	2.0257130509944106	106.4335
chr2	139108314	0.0	106.471
chr2	139112601	0.0	106.471
chr2	139115730	60.46747967479663	106.471
chr2	139120650	0.0	106.7685
chr2	139163735	0.6356794141579964	106.7685
chr2	139183399	0.0	106.781
chr2	139183597	2.7104768226569522	106.781
chr2	139201675	82.13891951488473	106.83
chr2	139202582	0.9716662132226548	106.9045
chr2	139228311	0.0	106.9295
chr2	139274286	0.0	106.9295
chr2	139289856	0.0	106.9295
chr2	139297437	3.82453949422357	106.9295
chr2	139310249	0.0	106.9785
chr2	139320248	0.0	106.9785
chr2	139333677	0.0	106.9785
chr2	139348003	1.6914285714288522	106.9785
chr2	139369878	5.508380508380388	107.0155
chr2	139405914	3.3528352835283735	107.214
chr2	139428134	1.8425377222252943	107.2885
chr2	139448215	0.0	107.3255
chr2	139463024	0.0	107.3255
chr2	139480047	0.5223068552774953	107.3255
chr2	139503022	0.5011024253352829	107.3375
chr2	139527967	6.277274799713534	107.35
chr2	139589379	0.0	107.7355
chr2	139615375	0.0	107.7355
chr2	139630261	0.5529260848411042	107.7355
chr2	139652868	0.7207839011940064	107.748
chr2	139704201	0.0	107.785
chr2	139720521	0.0	107.785
chr2	139741257	0.0	107.785
chr2	139826282	0.0	107.785
chr2	139850101	0.0	107.785
chr2	139877859	0.5804672761573286	107.785
chr2	139898532	0.7745693394474434	107.797
chr2	139930808	0.0	107.822
chr2	139965364	0.0	107.822
chr2	139983680	0.11223646877135045	107.822
chr2	140095052	0.40799223712058846	107.8345
chr2	140185740	0.0	107.8715
chr2	140186586	0.0	107.8715
chr2	140212005	0.5062223159671148	107.8715
chr2	140235710	0.4271167908153777	107.8835
chr2	140264976	0.0	107.896
chr2	140288906	0.0	107.896
chr2	140390428	0.0	107.896
chr2	140497688	0.14550279947389497	107.896
chr2	140583597	4.532949037075903	107.9085
chr2	140621762	1.044961590600766	108.0815
chr2	140657170	0.5183710707474016	108.1185
chr2	140681284	0.0	108.131
chr2	140718183	0.0	108.131
chr2	140729493	0.5536479246590845	108.131
chr2	140818900	0.41046859094351434	108.1805
chr2	140849353	0.0	108.193
chr2	140859680	0.0	108.193
chr2	140868877	1.1122801743576174	108.193
chr2	140902142	0.0	108.23
chr2	140914536	0.0	108.23
chr2	140946763	0.0	108.23
chr2	141009507	1.8391548715534238	108.23
chr2	141043490	1.0262111429426994	108.2925
chr2	141066877	0.0	108.3165
chr2	141089278	0.0	108.3165
chr2	141103137	0.38344734501045236	108.3165
chr2	141168335	3.751134415650036	108.3415
chr2	141217920	0.0	108.5275
chr2	141236965	0.0	108.5275
chr2	141253440	0.0	108.5275
chr2	141272395	0.0	108.5275
chr2	141298177	0.0	108.5275
chr2	141327166	0.0	108.5275
chr2	141341427	3.459603019289542	108.5275
chr2	141355735	2.010309278350487	108.577
chr2	141423635	1.7260682963242273	108.7135
chr2	141445071	0.0	108.7505
chr2	141510099	1.6158417559536817	108.7505
chr2	141556205	0.0	108.825
chr2	141595967	0.835803597298556	108.825
chr2	141640834	0.0	108.8625
chr2	141679642	1.219672995780793	108.8625
chr2	141709978	0.0	108.8995
chr2	141750398	0.17299840841468192	108.8995
chr2	141822653	0.0	108.912
chr2	141877565	0.3974957766073886	108.912
chr2	141907754	0.0	108.924
chr2	141912335	0.0	108.924
chr2	141916569	1.0096115014938807	108.924
chr2	141941331	0.0	108.949
chr2	141960850	27.73008241758306	108.949
chr2	141966674	0.0	109.1105
chr2	141984561	0.9896678674633417	109.1105
chr2	142009822	0.5110981308411903	109.1355
chr2	142057758	3.3760915183104387	109.16
chr2	142116850	0.0	109.3595
chr2	142288076	0.0	109.3595
chr2	142317180	0.0	109.3595
chr2	142339762	0.0	109.3595
chr2	142361386	2.948294079552845	109.3595
chr2	142390725	0.0	109.446
chr2	142401363	0.0	109.446
chr2	142421583	0.0	109.446
chr2	142443442	1.8677511673444078	109.446
chr2	142476637	42.73968352466661	109.508
chr2	142489529	0.6576079604383478	110.059
chr2	142622587	0.0	110.1465
chr2	142647819	0.0	110.1465
chr2	142671796	0.0	110.1465
chr2	142674547	0.0	110.1465
chr2	142675692	4.2053155188153735	110.1465
chr2	142696499	0.0	110.234
chr2	142717511	0.0	110.234
chr2	142738267	0.0	110.234
chr2	142777566	0.0	110.234
chr2	142801027	0.24269199908869946	110.234
chr2	142901978	1.0421877605471772	110.2585
chr2	142913972	0.98285894008477	110.271
chr2	142952126	0.0	110.3085
chr2	142989883	0.18164644336268027	110.3085
chr2	143058698	0.8616017454383414	110.321
chr2	143130657	0.0	110.383
chr2	143162848	0.5031193399075405	110.383
chr2	143187693	0.2671796515977951	110.3955
chr2	143281263	0.0	110.4205
chr2	143321655	0.0	110.4205
chr2	143335999	3.1555695803090664	110.4205
chr2	143351844	1.1763028445140271	110.4705
chr2	143393925	0.0	110.52
chr2	143434855	0.4234991191219285	110.52
chr2	143464371	0.0	110.5325
chr2	143485660	0.0	110.5325
chr2	143496943	0.535308980343576	110.5325
chr2	143520294	0.42686883174547835	110.545
chr2	143549577	9.781864423358536	110.5575
chr2	143559800	8.680960149149435	110.6575
chr2	143568382	5.2077908551189624	110.732
chr2	143577983	0.0	110.782
chr2	143608083	10.411418975650312	110.782
chr2	143614038	13.542107490478719	110.844
chr2	143635305	13.04137819996772	111.132
chr2	143660149	1.6956049918605178	111.456
chr2	143674893	94.2702552719207	111.481
chr2	143682101	6.073530878978403	112.1605
chr2	143802377	0.9792504763919101	112.891
chr2	143840161	0.5198585984613368	112.928
chr2	143864206	0.7113184999717089	112.9405
chr2	143881779	6.309944472488283	112.953
chr2	143889703	0.0	113.003
chr2	143919086	0.7581731060837534	113.003
chr2	143952060	0.0	113.028
chr2	143955273	0.6316321374425786	113.028
chr2	143975063	0.0	113.0405
chr2	143979197	0.0	113.0405
chr2	143986268	0.0	113.0405
chr2	143987648	0.4462532576488823	113.0405
chr2	144015659	0.0	113.053
chr2	144031168	0.0	113.053
chr2	144059291	2.813504823151232	113.053
chr2	144081683	10.34180062544603	113.116
chr2	144099910	0.0	113.3045
chr2	144123444	0.0	113.3045
chr2	144137237	0.0	113.3045
chr2	144155235	0.0	113.3045
chr2	144187425	2.1483375959080098	113.3045
chr2	144216750	0.0	113.3675
chr2	144243483	0.0	113.3675
chr2	144256920	0.0	113.3675
chr2	144277820	1.7387070974022727	113.3675
chr2	144306577	0.0	113.4175
chr2	144330779	2.707205331111901	113.4175
chr2	144400408	1.1001100110015427	113.606
chr2	144412225	7.465218866644126	113.619
chr2	144459377	5.746252444058184	113.971
chr2	144505407	8.70922048603433	114.2355
chr2	144550589	7.75888717156032	114.629
chr2	144566764	2.2482546444214244	114.7545
chr2	144583666	0.0	114.7925
chr2	144602294	0.0	114.7925
chr2	144602805	0.0	114.7925
chr2	144606716	6.295559973491833	114.7925
chr2	144612752	1.4998052201012502	114.8305
chr2	144638422	0.8298215070209722	114.869
chr2	144699881	1.1935967047366534	114.92
chr2	144721245	7.88528454372	114.9455
chr2	144739063	2.861952861953768	115.086
chr2	144747973	2.5789597079411255	115.1115
chr2	144777830	0.9559526435760731	115.1885
chr2	144791429	0.26138008685871866	115.2015
chr2	144841165	0.0	115.2145
chr2	144842461	0.0	115.2145
chr2	144844612	0.0	115.2145
chr2	144872677	2.860539416004093	115.2145
chr2	144899595	0.2677118135869708	115.2915
chr2	144946287	2.8794010845742903	115.304
chr2	145008800	0.0	115.484
chr2	145019987	0.0	115.484
chr2	145072904	0.0	115.484
chr2	145084702	0.5287384921623968	115.484
chr2	145132930	0.0	115.5095
chr2	145167271	0.0	115.5095
chr2	145230600	0.23550055411889415	115.5095
chr2	145338880	1.1114016736402095	115.535
chr2	145384768	0.36844939489287276	115.586
chr2	145420051	1.6261718002679018	115.599
chr2	145451413	2.760945175517164	115.65
chr2	145479302	0.2935067280771024	115.727
chr2	145523594	0.5814733640472884	115.74
chr2	145545951	0.0	115.753
chr2	145602469	0.0	115.753
chr2	145766428	0.0	115.753
chr2	145777684	0.7506482871570725	115.753
chr2	145828973	0.2723939235202772	115.7915
chr2	145876698	0.5442354580280665	115.8045
chr2	145899666	0.8581813286666543	115.817
chr2	145959094	4.572009144018462	115.868
chr2	145978779	5.6408012750396885	115.958
chr2	146010778	0.0	116.1385
chr2	146011320	1.5187975857041027	116.1385
chr2	146036669	0.8076330716351169	116.177
chr2	146116532	0.0	116.2415
chr2	146118711	0.0	116.2415
chr2	146177918	0.4004451702151908	116.2415
chr2	146274061	10.106549670949928	116.28
chr2	146286825	0.0	116.409
chr2	146307817	0.6444257175428056	116.409
chr2	146327990	0.0	116.422
chr2	146349760	0.44542694998045457	116.422
chr2	146380068	1.7745163442292375	116.4355
chr2	146417543	0.0	116.502
chr2	146441685	0.3863872789420487	116.502
chr2	146475330	0.7785416299429648	116.515
chr2	146509368	0.0	116.5415
chr2	146572439	0.0	116.5415
chr2	146596831	0.0	116.5415
chr2	146660527	0.0	116.5415
chr2	146715516	0.0	116.5415
chr2	146737277	1.2747158648606591	116.5415
chr2	146788661	2.0802995631374173	116.607
chr2	146807889	0.2535595865027916	116.647
chr2	146910429	2.060439560439639	116.673
chr2	146949741	0.0	116.754
chr2	146989431	1.3696422816628633	116.754
chr2	147039079	9.657900861065675	116.822
chr2	147043376	7.071104983258005	116.8635
chr2	147068761	0.0	117.043
chr2	147084226	0.0	117.043
chr2	147112979	0.0	117.043
chr2	147176473	4.8777056023262535	117.043
chr2	147219116	31.12313937753519	117.251
chr2	147223550	17.228511008832893	117.389
chr2	147231589	0.2439066882697572	117.5275
chr2	147288988	8.933112919633963	117.5415
chr2	147304716	0.0	117.682
chr2	147354566	1.2318521777383014	117.682
chr2	147365931	0.0	117.696
chr2	147400782	1.0519197535499132	117.696
chr2	147414091	0.0	117.71
chr2	147415413	0.0	117.71
chr2	147420701	0.0	117.71
chr2	147421493	0.0	117.71
chr2	147528474	0.0	117.71
chr2	147530239	0.180386800840216	117.71
chr2	147607850	3.830107379796005	117.724
chr2	147622471	0.0	117.78
chr2	147654918	0.0	117.78
chr2	147685181	0.0	117.78
chr2	147686011	1.3254751591753033	117.78
chr2	147728260	0.0	117.836
chr2	147753858	0.0	117.836
chr2	147780034	0.0	117.836
chr2	147799016	0.0	117.836
chr2	147836122	4.905310425614833	117.836
chr2	147856610	0.7333974002325719	117.9365
chr2	147876381	0.0	117.951
chr2	147923566	0.0	117.951
chr2	147934065	0.0	117.951
chr2	147968628	1.9655345796958614	117.951
chr2	147990505	0.0	117.994
chr2	147992001	4.941960694173815	117.994
chr2	148000702	8.656716417909362	118.037
chr2	148002377	0.0	118.0515
chr2	148016839	0.0	118.0515
chr2	148019986	0.0	118.0515
chr2	148038106	0.41612339445725216	118.0515
chr2	148074153	1.1940082495114845	118.0665
chr2	148212343	1.7994858611826812	118.2315
chr2	148262913	4.674395658608667	118.3225
chr2	148303453	0.0	118.512
chr2	148384812	0.0	118.512
chr2	148447820	0.6237644665374136	118.512
chr2	148499923	0.0	118.5445
chr2	148520446	0.0	118.5445
chr2	148536881	0.20843333922851534	118.5445
chr2	148616043	0.0	118.561
chr2	148631404	2.8790786948165277	118.561
chr2	148637135	0.0	118.5775
chr2	148668027	0.0	118.5775
chr2	148668760	0.0	118.5775
chr2	148679861	0.4039859951520094	118.5775
chr2	148720704	3.83518076797193	118.594
chr2	148742085	9.113924050633257	118.676
chr2	148751960	0.0	118.766
chr2	148788255	0.0	118.766
chr2	148806517	8.498583569403744	118.766
chr2	148814989	14.905427631579999	118.838
chr2	148824717	0.7289784792873802	118.983
chr2	148856268	0.0	119.006
chr2	148901944	0.0	119.006
chr2	148905197	2.078005115088836	119.006
chr2	148914581	0.3878342518882518	119.0255
chr2	148963571	0.0	119.0445
chr2	149020770	0.0	119.0445
chr2	149023361	0.0	119.0445
chr2	149044817	5.448177454923024	119.0445
chr2	149052526	0.0	119.0865
chr2	149082502	1.4579107505068545	119.0865
chr2	149114054	1.6646020439767097	119.1325
chr2	149165718	1.659781646502932	119.2185
chr2	149192830	0.8668641190493719	119.2635
chr2	149220516	0.0	119.2875
chr2	149234785	0.0	119.2875
chr2	149255071	4.46439344578784	119.2875
chr2	149296510	0.0	119.4725
chr2	149334904	0.0	119.4725
chr2	149352123	0.0	119.4725
chr2	149395784	0.0	119.4725
chr2	149455508	1.8721699756185288	119.4725
chr2	149466992	0.0	119.494
chr2	149478173	0.0	119.494
chr2	149501822	0.7567950534586668	119.494
chr2	149532874	0.0	119.5175
chr2	149618325	0.0	119.5175
chr2	149629405	0.0	119.5175
chr2	149644357	0.0	119.5175
chr2	149666659	0.0	119.5175
chr2	149715902	0.0	119.5175
chr2	149745904	0.0	119.5175
chr2	149771431	0.0	119.5175
chr2	149814993	0.0	119.5175
chr2	149817033	0.0	119.5175
chr2	149826563	0.0	119.5175
chr2	149849104	0.0	119.5175
chr2	149873386	0.0	119.5175
chr2	149896378	0.0	119.5175
chr2	149925822	0.0	119.5175
chr2	149950728	0.0	119.5175
chr2	149975296	0.0	119.5175
chr2	150034850	0.0	119.5175
chr2	150057123	0.7567219449363556	119.5175
chr2	150088178	0.0	119.541
chr2	150121657	0.5422743215801764	119.541
chr2	150164993	0.0	119.5645
chr2	150209554	0.0	119.5645
chr2	150209674	19.596199524944176	119.5645
chr2	150212200	1.1665141811525097	119.614
chr2	150234060	0.0	119.6395
chr2	150264451	0.0	119.6395
chr2	150277664	2.0292853732299916	119.6395
chr2	150290230	0.9522742549852066	119.665
chr2	150317008	0.0	119.6905
chr2	150344879	0.8149829013389326	119.6905
chr2	150376168	0.0	119.716
chr2	150382203	0.0	119.716
chr2	150411744	0.0	119.716
chr2	150435539	0.5171313513635264	119.716
chr2	150480982	0.0	119.7395
chr2	150520846	0.0	119.7395
chr2	150546024	0.9944064636414625	119.7395
chr2	150570159	0.0	119.7635
chr2	150625621	0.0	119.7635
chr2	150646044	0.0	119.7635
chr2	150665833	0.0	119.7635
chr2	150688148	0.0	119.7635
chr2	150706069	0.0	119.7635
chr2	150724206	0.0	119.7635
chr2	150726473	1.5382601296074314	119.7635
chr2	150741750	1.4833049296218217	119.787
chr2	150757593	0.0	119.8105
chr2	150774120	0.0	119.8105
chr2	150797340	1.8471260177419713	119.8105
chr2	150838485	1.5366648226692288	119.8865
chr2	150854754	0.0	119.9115
chr2	150874927	1.4545768765481752	119.9115
chr2	150909645	0.0	119.962
chr2	150934464	0.0	119.962
chr2	150955855	0.7356061677746852	119.962
chr2	150991200	0.0	119.988
chr2	151024832	0.0	119.988
chr2	151064111	0.9718522784537118	119.988
chr2	151091893	1.1215507025562315	120.015
chr2	151115521	0.0	120.0415
chr2	151120298	0.0	120.0415
chr2	151136313	0.0	120.0415
chr2	151143302	1.3829133374309068	120.0415
chr2	151162826	0.0	120.0685
chr2	151172289	0.0	120.0685
chr2	151188708	0.0	120.0685
chr2	151201720	0.0	120.0685
chr2	151206575	0.0	120.0685
chr2	151251113	0.0	120.0685
chr2	151287050	0.0	120.0685
chr2	151305432	0.0	120.0685
chr2	151328029	0.0	120.0685
chr2	151333465	0.0	120.0685
chr2	151354952	0.0	120.0685
chr2	151366080	0.0	120.0685
chr2	151385318	0.0	120.0685
