Chromosome	Position(bp)	Rate(cM/Mb)	Map(cM)
chr16	0	0.0	0.0
chr16	112291	14.635931211123307	0.0
chr16	115024	2588.2352941176473	0.04
chr16	115041	0.4835478597250683	0.084
chr16	158470	0.0	0.105
chr16	182172	1.6489405556929677	0.105
chr16	194301	0.6332196785192398	0.125
chr16	225096	2.444610844381801	0.1445
chr16	247799	0.0	0.2
chr16	267508	0.45115043360569423	0.2
chr16	307406	0.0	0.218
chr16	323176	0.0	0.218
chr16	346455	0.0	0.218
chr16	376290	0.0	0.218
chr16	425083	1.5170670037926663	0.218
chr16	436948	0.0	0.236
chr16	510573	4.120555686366851	0.236
chr16	514820	2.3181049069373945	0.2535
chr16	544370	1.5562065177590614	0.322
chr16	566218	1.7433046993431027	0.356
chr16	605798	2.1806325951645005	0.425
chr16	700266	1.2011661807580174	0.631
chr16	743141	9.146030775501888	0.6825
chr16	782393	7.787448465414549	1.0415
chr16	791125	0.0	1.1095
chr16	801976	0.0	1.1095
chr16	816548	0.0	1.1095
chr16	818582	0.0	1.1095
chr16	832219	22.538664654847224	1.1095
chr16	853427	5.250588851086106	1.5875
chr16	883995	0.0	1.748
chr16	888705	0.0	1.748
chr16	911164	0.7040334302325613	1.748
chr16	933180	0.0	1.7635
chr16	964598	0.0	1.7635
chr16	985738	0.0	1.7635
chr16	1006686	5.28665908420742	1.7635
chr16	1030425	8.542141230068335	1.889
chr16	1078715	1.246279761904765	2.3015
chr16	1105595	5.924923799123081	2.335
chr16	1166946	1.8043921545615882	2.6985
chr16	1235113	3.089996137504831	2.8215
chr16	1305016	0.0	3.0375
chr16	1348121	2.358336062888964	3.0375
chr16	1409181	3.3856597369537473	3.1815
chr16	1468106	6.130498156563521	3.381
chr16	1479769	18.03659817009149	3.4525
chr16	1493103	6.474306688417608	3.693
chr16	1512719	0.564817965294319	3.82
chr16	1586194	0.0	3.8615
chr16	1629718	0.9915751276389261	3.8615
chr16	1700817	0.0	3.932
chr16	1727075	0.0	3.932
chr16	1747296	0.5877290569047674	3.932
chr16	1794937	0.0	3.96
chr16	1901711	0.25572540773995694	3.96
chr16	1954502	0.2805161497154723	3.9735
chr16	2004410	0.0	3.9875
chr16	2019610	0.0	3.9875
chr16	2036591	0.2489488824961369	3.9875
chr16	2090819	1.655426118945386	4.001
chr16	2107129	1.0018655427348058	4.028
chr16	2121602	1.1005234196751976	4.0425
chr16	2158857	0.0	4.0835
chr16	2207783	0.3980836115262692	4.0835
chr16	2279376	0.0	4.112
chr16	2316743	4.815394698514418	4.112
chr16	2371671	2.2683793386171134	4.3765
chr16	2389966	4.239097285757833	4.418
chr16	2406361	0.0	4.4875
chr16	2421633	0.0	4.4875
chr16	2458685	0.3445625381006626	4.4875
chr16	2496414	0.0	4.5005
chr16	2514757	0.7585925191106904	4.5005
chr16	2531894	0.0	4.5135
chr16	2559364	0.0	4.5135
chr16	2576920	0.0	4.5135
chr16	2609931	0.0	4.5135
chr16	2648154	0.0	4.5135
chr16	2685197	2.048722342248435	4.5135
chr16	2698620	0.0	4.541
chr16	2743821	0.6218607988519445	4.541
chr16	2764726	16.168561508611873	4.554
chr16	2779415	3.4445463309115687	4.7915
chr16	2907008	0.0	5.231
chr16	2923404	3.5627489152701997	5.231
chr16	3001995	23.298217179902757	5.511
chr16	3024207	0.9479956663055413	6.0285
chr16	3038975	2.6110066363085225	6.0425
chr16	3103318	0.0	6.2105
chr16	3124462	0.0	6.2105
chr16	3127842	3.0849549121974134	6.2105
chr16	3132056	4.01667069340423	6.2235
chr16	3148612	2.0094443886265467	6.29
chr16	3248142	10.052143684820381	6.49
chr16	3265402	0.22232469286254772	6.6635
chr16	3326124	0.688793081456163	6.677
chr16	3365323	0.7179207560887008	6.704
chr16	3420343	1.1236440641341372	6.7435
chr16	3443482	0.4940335942844076	6.7695
chr16	3496110	0.0	6.7955
chr16	3556809	1.4480835240274832	6.7955
chr16	3584777	0.0	6.836
chr16	3602593	0.0	6.836
chr16	3652093	0.0	6.836
chr16	3671886	3.915618422984684	6.836
chr16	3692317	11.870883811692	6.916
chr16	3716915	9.78533215954492	7.208
chr16	3731682	2.1764080170193703	7.3525
chr16	3803130	1.3306334972519474	7.508
chr16	3872270	8.36800881165097	7.6
chr16	3937638	14.474069733372392	8.147
chr16	3954703	12.736187514948583	8.394
chr16	3988151	0.0	8.82
chr16	4046475	9.09556751217009	8.82
chr16	4062087	6.411382399437913	8.962
chr16	4124710	4.363591666154491	9.3635
chr16	4157252	0.5473453749315896	9.5055
chr16	4202927	6.31650678827907	9.5305
chr16	4241081	1.593745155789803	9.7715
chr16	4344297	1.2880455752513693	9.936
chr16	4432415	0.45888399412629144	10.0495
chr16	4486895	2.1791887474617204	10.0745
chr16	4527277	2.8413770383791777	10.1625
chr16	4575845	1.6026436528929198	10.3005
chr16	4716862	0.0	10.5265
chr16	4768650	6.4749536178107645	10.5265
chr16	4795600	4.6865236409081	10.701
chr16	4819605	0.0	10.8135
chr16	4846543	0.3643518181155776	10.8135
chr16	4915158	3.274642093138088	10.8385
chr16	4945543	1.1322948863114433	10.938
chr16	4978220	1.0922534027894388	10.975
chr16	4990122	2.037622664884426	10.988
chr16	5020795	10.466089868824907	11.0505
chr16	5024378	6.906107726482945	11.088
chr16	5069845	0.0	11.402
chr16	5076688	2.8203971119133975	11.402
chr16	5085552	2.0274434748759202	11.427
chr16	5116379	13.712782943552194	11.4895
chr16	5148320	3.0855055292259084	11.9275
chr16	5188832	0.0	12.0525
chr16	5202266	0.0	12.0525
chr16	5258474	6.051007147498413	12.0525
chr16	5270786	1.8556341536315304	12.127
chr16	5310934	3.2653921103913817	12.2015
chr16	5329921	4.757253225417687	12.2635
chr16	5408748	0.0	12.6385
chr16	5424886	4.162761206373705	12.6385
chr16	5443023	12.444389136048295	12.714
chr16	5475166	11.792660388981762	13.114
chr16	5509255	0.0	13.516
chr16	5537819	0.8969146137287645	13.516
chr16	5579629	3.5917390002994476	13.5535
chr16	5582970	0.0	13.5655
chr16	5599228	0.0	13.5655
chr16	5606170	2.345651924061468	13.5655
chr16	5701879	5.554317134789772	13.79
chr16	5728795	6.285269507686328	13.9395
chr16	5754490	0.8176525739702951	14.101
chr16	5800353	5.314154003756164	14.1385
chr16	5823781	1.162696919189216	14.263
chr16	5898177	4.408023193893775	14.3495
chr16	5915078	20.125713626665142	14.424
chr16	5932419	2.5782841934545333	14.773
chr16	5956466	23.985157367668027	14.835
chr16	5978834	11.99931493652461	15.3715
chr16	6025545	0.0	15.932
chr16	6105917	5.227487653672418	15.932
chr16	6124951	2.801041195110815	16.0315
chr16	6142623	0.0	16.081
chr16	6167080	0.9252405625462095	16.081
chr16	6180590	0.0	16.0935
chr16	6198169	6.426568902307566	16.0935
chr16	6221354	0.0	16.2425
chr16	6260898	0.0	16.2425
chr16	6281135	5.336589557470109	16.2425
chr16	6325358	1.0983217643440197	16.4785
chr16	6348120	1.7885500713815865	16.5035
chr16	6410461	6.99025191922378	16.615
chr16	6454880	0.9181791231595201	16.9255
chr16	6576316	0.5122321026103057	17.037
chr16	6600719	2.8278610742076467	17.0495
chr16	6627064	4.271387891543964	17.124
chr16	6667449	1.2606179566143845	17.2965
chr16	6726547	0.0	17.371
chr16	6775709	3.3790344506156305	17.371
chr16	6878697	26.05257533661026	17.719
chr16	6902092	1.2465021622998371	18.3285
chr16	6921747	6.1109370103415	18.353
chr16	6944084	0.8963818767882705	18.4895
chr16	6999306	0.625837610943919	18.539
chr16	7078400	0.7054673721340655	18.5885
chr16	7095410	0.0	18.6005
chr16	7136914	0.0	18.6005
chr16	7161908	1.4890093747495992	18.6005
chr16	7236790	0.3928470410760643	18.712
chr16	7268609	3.2877306228624117	18.7245
chr16	7310127	1.576094542409161	18.861
chr16	7396099	2.3299103015765783	18.9965
chr16	7476145	0.2741197399778438	19.183
chr16	7565522	2.0985377068463285	19.2075
chr16	7677743	0.0	19.443
chr16	7678936	0.0	19.443
chr16	7684897	0.16884761502739415	19.443
chr16	7755967	0.3649848166316592	19.455
chr16	7824463	1.4017275344748839	19.48
chr16	7850859	50.64485687323101	19.517
chr16	7854038	3.1548757170172146	19.678
chr16	7885418	6.401221517500524	19.777
chr16	7927988	2.6969029114951852	20.0495
chr16	7996956	0.8486627826965133	20.2355
chr16	8040554	0.6640373470701801	20.2725
chr16	8264186	0.0	20.421
chr16	8271650	0.0	20.421
chr16	8290017	0.0	20.421
chr16	8353697	0.0	20.421
chr16	8366998	0.5644530074056449	20.421
chr16	8433434	1.9860492152683193	20.4585
chr16	8464400	1.3523616852845188	20.52
chr16	8509876	1.7899416825452152	20.5815
chr16	8579152	0.0	20.7055
chr16	8635273	1.6321551041940887	20.7055
chr16	8665601	2.3068857042992006	20.755
chr16	8708516	0.2236503386705105	20.854
chr16	8818062	0.5265374894692203	20.8785
chr16	8841802	0.5165721944545638	20.891
chr16	8913428	0.0	20.928
chr16	8936372	0.40443912382305913	20.928
chr16	8967279	0.0	20.9405
chr16	9009965	0.2630540576088486	20.9405
chr16	9055583	0.9200196270853256	20.9525
chr16	9096343	1.8130589244150832	20.99
chr16	9137158	0.0	21.064
chr16	9161757	0.38369451777270824	21.064
chr16	9194335	1.069576490924846	21.0765
chr16	9240615	0.0	21.126
chr16	9287982	0.0	21.126
chr16	9311240	0.0	21.126
chr16	9325203	0.09930568773326869	21.126
chr16	9446042	0.46067664185152535	21.138
chr16	9500310	0.0	21.163
chr16	9541781	0.0	21.163
chr16	9592141	0.17785998861695063	21.163
chr16	9662421	0.26355183537496657	21.1755
chr16	9709850	0.0	21.188
chr16	9819335	1.6746735232425018	21.188
chr16	9848893	3.327306996961223	21.2375
chr16	9874890	1.2218722190046665	21.324
chr16	9945683	1.2272682102752654	21.4105
chr16	10046313	0.5121901249744342	21.534
chr16	10095123	0.1318217769575584	21.559
chr16	10186155	2.3759070185576983	21.571
chr16	10201728	1.3408712038848676	21.608
chr16	10229322	0.0	21.645
chr16	10256264	0.9803152693907196	21.645
chr16	10281766	2.034493442115002	21.67
chr16	10330181	1.8145161290323268	21.7685
chr16	10357461	0.23783867742279705	21.818
chr16	10460472	0.26996841739336397	21.8425
chr16	10595673	3.374394513887628	21.879
chr16	10650794	4.35555555555551	22.065
chr16	10667669	3.053453988033426	22.1385
chr16	10708115	0.0	22.262
chr16	10759592	0.8927296100556555	22.262
chr16	10787596	0.28176289652258696	22.287
chr16	10872774	0.5675368898978111	22.311
chr16	10894799	1.2124355236600262	22.3235
chr16	10966143	1.3143497638173702	22.41
chr16	11041085	1.040017516084481	22.5085
chr16	11159833	2.0265888456548784	22.632
chr16	11166001	6.369756602796352	22.6445
chr16	11175656	3.551013337952467	22.706
chr16	11192975	0.0	22.7675
chr16	11267934	0.09314683893500586	22.7675
chr16	11799353	0.20898950408267677	22.817
chr16	12036207	6.3025210084036	22.8665
chr16	12038111	0.2028002660739664	22.8785
chr16	12161385	0.5321214387413031	22.9035
chr16	12230918	0.0	22.9405
chr16	12268643	1.1144468704512258	22.9405
chr16	12290627	0.46155005463245063	22.965
chr16	12343709	0.3543736799580724	22.9895
chr16	12414256	0.5980667895128023	23.0145
chr16	12476122	0.0	23.0515
chr16	12481436	0.3036975172728078	23.0515
chr16	12520949	0.0	23.0635
chr16	12594871	0.8583690987124238	23.0635
chr16	12637976	1.2894082661524597	23.1005
chr16	12724062	0.3065831769449347	23.2115
chr16	12885519	0.1931506417331505	23.261
chr16	13012363	0.0	23.2855
chr16	13165498	0.0	23.2855
chr16	13220574	0.15261956216499137	23.2855
chr16	13302477	1.8750956681465862	23.298
chr16	13315543	0.0	23.3225
chr16	13336121	0.0	23.3225
chr16	13344615	0.0	23.3225
chr16	13388446	0.0	23.3225
chr16	13395963	0.3709253846496028	23.3225
chr16	13463362	0.0	23.3475
chr16	13506336	0.28809449499436907	23.3475
chr16	13547989	0.0	23.3595
chr16	13576668	0.1914740437786145	23.3595
chr16	13641951	0.0	23.372
chr16	13681713	0.0	23.372
chr16	13722002	0.0	23.372
chr16	13764454	0.4067245119306011	23.372
chr16	13793958	0.6804965562749801	23.384
chr16	13866699	0.0	23.4335
chr16	13875767	0.0	23.4335
chr16	13942733	0.2737617828551326	23.4335
chr16	14077887	0.0	23.4705
chr16	14136561	0.0	23.4705
chr16	14177396	2.5778582874659675	23.4705
chr16	14220455	0.7956989247312385	23.5815
chr16	14266955	0.3562826889366897	23.6185
chr16	14337124	0.237548115613211	23.6435
chr16	14440261	5.113296869972885	23.668
chr16	14483775	0.0	23.8905
chr16	14549469	0.44104410441043645	23.8905
chr16	14605019	0.039687789390132476	23.915
chr16	14907379	0.0	23.927
chr16	14938502	0.2315200681594949	23.927
chr16	14992493	0.3080638801262092	23.9395
chr16	15073645	7.947873406845242	23.9645
chr16	15087611	0.017376991750793488	24.0755
chr16	15806953	0.0	24.088
chr16	15883587	0.0	24.088
chr16	15933002	0.0	24.088
chr16	15940215	0.0	24.088
chr16	15946281	0.0	24.088
chr16	15956970	0.0	24.088
chr16	16010532	0.0	24.088
chr16	16124193	0.13982754602657252	24.088
chr16	16210013	0.0	24.1
chr16	16286185	1.054531635949051	24.1
chr16	16391445	0.0	24.211
chr16	16394772	0.0	24.211
chr16	16420455	0.0	24.211
chr16	16461772	5.661672194898787	24.211
chr16	16496744	0.0	24.409
chr16	16604913	0.0	24.409
chr16	16628108	1.0984576757532167	24.409
chr16	16650412	0.6709279659096208	24.4335
chr16	16760707	1.4007435722888322	24.5075
chr16	16875289	0.0	24.668
chr16	16896473	0.0	24.668
chr16	16914409	4.477250726040541	24.668
chr16	16922673	1.151748777736146	24.705
chr16	16943945	0.0	24.7295
chr16	16966716	0.9227135159075286	24.7295
chr16	16980263	0.0	24.742
chr16	17004685	0.0	24.742
chr16	17029905	0.744431952842507	24.742
chr16	17062816	0.24686786397581634	24.7665
chr16	17111425	0.0	24.7785
chr16	17132912	0.23065283979775048	24.7785
chr16	17187106	0.0	24.791
chr16	17188921	0.0	24.791
chr16	17220510	0.0	24.791
chr16	17229002	0.0	24.791
chr16	17253377	9.158655213607222	24.791
chr16	17270956	3.9680397343842375	24.952
chr16	17289479	0.0	25.0255
chr16	17361330	0.0	25.0255
chr16	17389075	0.0	25.0255
chr16	17416207	0.45008634309438483	25.0255
chr16	17470641	0.0	25.05
chr16	17498980	5.554213957981088	25.05
chr16	17527967	1.334631894095249	25.211
chr16	17555690	0.0	25.248
chr16	17557115	3.954561085221648	25.248
chr16	17641448	0.0	25.5815
chr16	17679433	2.7253668763102716	25.5815
chr16	17724748	0.0	25.705
chr16	17728502	0.41406438701219606	25.705
chr16	17757483	0.5846312146298613	25.717
chr16	17800245	0.6024902932119223	25.742
chr16	17882404	0.6323444169257763	25.7915
chr16	17901381	15.758667266996913	25.8035
chr16	17914707	0.8774728781110105	26.0135
chr16	17971119	1.6915832304669038	26.063
chr16	17992992	1.7062493536933687	26.1
chr16	18022003	0.7636385851303861	26.1495
chr16	18038372	2.8589896579156626	26.162
chr16	18098708	7.2518443997318	26.3345
chr16	18110636	1.5676637573087369	26.421
chr16	18157840	10.705198982285967	26.495
chr16	18178671	1.847232901374667	26.718
chr16	18231994	1.1906497545803443	26.8165
chr16	18273148	0.5008012820512535	26.8655
chr16	18298108	2.167566132885052	26.878
chr16	18320714	0.5828592744568248	26.927
chr16	18363606	2.721574664613939	26.952
chr16	18381794	0.0	27.0015
chr16	18388161	0.543201117442293	27.0015
chr16	18478367	2.4092831153505503	27.0505
chr16	18488536	0.0	27.075
chr16	18490089	0.7506127450980313	27.075
chr16	18522729	2.810909367165601	27.0995
chr16	18549055	0.2606175593686652	27.1735
chr16	18597018	1.075039061978336	27.186
chr16	18896542	0.0	27.508
chr16	18942719	0.0	27.508
chr16	18982385	0.37364739642492045	27.508
chr16	19015839	0.0	27.5205
chr16	19065197	0.0	27.5205
chr16	19088028	0.0	27.5205
chr16	19137958	0.0	27.5205
chr16	19189082	0.0	27.5205
chr16	19220545	0.0	27.5205
chr16	19235198	0.0	27.5205
chr16	19252486	0.0	27.5205
chr16	19287857	0.0	27.5205
chr16	19319755	0.0	27.5205
chr16	19329235	0.0	27.5205
chr16	19331832	0.0	27.5205
chr16	19357237	0.17702122838574827	27.5205
chr16	19427850	0.22360959553495088	27.533
chr16	19483751	1.929869537970723	27.5455
chr16	19553963	1.2837979459232731	27.681
chr16	19573047	3.664788374359155	27.7055
chr16	19620253	10.766768514476917	27.8785
chr16	19633999	0.354932136975491	28.0265
chr16	19669217	3.6447485867301017	28.039
chr16	19682661	0.0	28.088
chr16	19698476	1.2413001363277227	28.088
chr16	19768161	4.611085235211934	28.1745
chr16	19789631	0.0	28.2735
chr16	19807871	1.1990855571825787	28.2735
chr16	19941723	1.0490427484920408	28.434
chr16	19953162	0.0	28.446
chr16	19997820	2.145673857573593	28.446
chr16	20015064	2.101792472070533	28.483
chr16	20103322	168.3368664482559	28.6685
chr16	20108511	1.2673287812952485	29.542
chr16	20147175	0.0	29.591
chr16	20195623	1.502945773716399	29.591
chr16	20220574	0.8358523403865576	29.6285
chr16	20264242	0.0	29.665
chr16	20305897	0.0	29.665
chr16	20326494	5.892175572519081	29.665
chr16	20347454	10.704599226729824	29.7885
chr16	20364783	2.195998402910178	29.974
chr16	20387324	3.156809689473202	30.0235
chr16	20402846	0.46236360273716626	30.0725
chr16	20429881	0.0	30.085
chr16	20525462	0.0	30.085
chr16	20542196	0.0	30.085
chr16	20559235	1.3860013860013498	30.085
chr16	20612626	5.173754411149047	30.159
chr16	20646064	3.6135597614726302	30.332
chr16	20676920	0.0	30.4435
chr16	20694213	3.9870340356563228	30.4435
chr16	20709638	0.0	30.505
chr16	20733340	0.0	30.505
chr16	20738189	0.0	30.505
chr16	20754358	3.516496083252463	30.505
chr16	20771847	2.476485891534837	30.5665
chr16	20791835	1.4206176099185477	30.616
chr16	20826679	0.0	30.6655
chr16	20871839	1.8337101230846622	30.6655
chr16	20891744	1.1738330407562985	30.702
chr16	20986306	0.0	30.813
chr16	20997039	0.0	30.813
chr16	21045106	4.322622557593369	30.813
chr16	21065117	0.0	30.8995
chr16	21086511	0.0	30.8995
chr16	21114783	0.0	30.8995
chr16	21132482	0.0	30.8995
chr16	21165260	0.973330737784644	30.8995
chr16	21190945	0.0	30.9245
chr16	21238716	5.929962336725829	30.9245
chr16	21263674	3.21215919774359	31.0725
chr16	21282820	0.46811000585139284	31.134
chr16	21308455	0.9443940767602969	31.146
chr16	21321691	3.659715508907631	31.1585
chr16	21372378	7.286333202048035	31.344
chr16	21392690	0.22754992445341216	31.492
chr16	21447623	10.523631417885069	31.5045
chr16	21477033	0.0	31.814
chr16	21525946	0.0	31.814
chr16	21544004	0.0	31.814
chr16	21587563	1.8435886859899864	31.814
chr16	21667570	0.0	31.9615
chr16	21672619	0.9806260104423162	31.9615
chr16	21710350	5.346115956654331	31.9985
chr16	21751969	6.737008966166482	32.221
chr16	21772156	2.948933109566163	32.357
chr16	21793011	1.7642027229311381	32.4185
chr16	21821069	5.088597190997562	32.468
chr16	21862436	0.0	32.6785
chr16	21884753	6.8953205543033835	32.6785
chr16	21929566	0.0	32.9875
chr16	21944806	0.0	32.9875
chr16	21976237	0.0	32.9875
chr16	21997956	0.529043403152738	32.9875
chr16	22044266	0.17870705446098162	33.012
chr16	22111415	0.0	33.024
chr16	22118990	5.976949879388877	33.024
chr16	22137645	0.0	33.1355
chr16	22166324	66.63400293973504	33.1355
chr16	22170406	0.0	33.4075
chr16	22180841	0.0	33.4075
chr16	22204967	0.0	33.4075
chr16	22270588	0.13687829876703142	33.4075
chr16	22361910	0.0	33.42
chr16	22442204	0.0	33.42
chr16	22477452	0.42150111356036335	33.42
chr16	22653015	0.0	33.494
chr16	22672765	0.6520513182010262	33.494
chr16	22729509	1.608636007316458	33.531
chr16	22790741	0.5665593980872632	33.6295
chr16	22834867	4.128468216866091	33.6545
chr16	22867809	0.0	33.7905
chr16	22953008	4.338988351184313	33.7905
chr16	22978590	3.1161329550061985	33.9015
chr16	22998326	0.0	33.963
chr16	23020258	7.93359625791075	33.963
chr16	23031161	7.396576933000647	34.0495
chr16	23042788	0.0	34.1355
chr16	23046287	26.770867974725867	34.1355
chr16	23052301	0.0	34.2965
chr16	23067644	0.7985094490285104	34.2965
chr16	23082672	0.21419881076812955	34.3085
chr16	23141029	0.0	34.321
chr16	23160738	0.459981600735988	34.321
chr16	23186826	117.58042591753636	34.333
chr16	23189033	9.400406504064794	34.5925
chr16	23196905	11.875249900040151	34.6665
chr16	23221915	109.10384068278746	34.9635
chr16	23225430	2.1444302770371526	35.347
chr16	23242684	0.4771178188898966	35.384
chr16	23294034	0.0	35.4085
chr16	23315292	1.7055407024986695	35.4085
chr16	23336986	19.104477611940315	35.4455
chr16	23357086	15.423916045291222	35.8295
chr16	23393296	3.2311911291284225	36.388
chr16	23435231	0.23216507865758143	36.5235
chr16	23489072	0.6093102607845838	36.536
chr16	23509587	6.6738639709492	36.5485
chr16	23550343	0.0	36.8205
chr16	23580845	0.0	36.8205
chr16	23740729	4.801982225498567	36.8205
chr16	23789563	0.0	37.055
chr16	23796412	0.32418693915657687	37.055
chr16	23873528	1.1234924565506372	37.08
chr16	23917142	0.0	37.129
chr16	23967176	0.2738531699902005	37.129
chr16	24056640	5.788345351783221	37.1535
chr16	24082295	3.519268920687189	37.302
chr16	24177059	0.0	37.6355
chr16	24328514	3.9827840945588497	37.6355
chr16	24344081	0.1924742565681913	37.6975
chr16	24406427	0.0	37.7095
chr16	24419909	10.017704668205615	37.7095
chr16	24464530	0.0	38.1565
chr16	24477678	0.5873937717311783	38.1565
chr16	24583229	6.613901731839262	38.2185
chr16	24647034	0.340210113766146	38.6405
chr16	24683776	0.0	38.653
chr16	24699155	0.0	38.653
chr16	24717594	0.0	38.653
chr16	24726683	0.12101531852240753	38.653
chr16	24825844	0.0	38.665
chr16	24894329	0.5325758920646394	38.665
chr16	24916861	1.3769308685743749	38.677
chr16	24980045	0.0	38.764
chr16	25032946	0.1021131163255939	38.764
chr16	25512806	0.2797453198607828	38.813
chr16	25602173	0.051015419410518764	38.838
chr16	25837396	0.8359183989022015	38.85
chr16	25940875	0.8044793409702494	38.9365
chr16	25956413	0.33895547480880983	38.949
chr16	26030169	0.0	38.974
chr16	26070641	0.06539640685983637	38.974
chr16	26261783	0.0	38.9865
chr16	26274572	0.0	38.9865
chr16	26362524	4.054497445432288	38.9865
chr16	26426527	0.47949672024227	39.246
chr16	26452596	0.0	39.2585
chr16	26514811	0.0	39.2585
chr16	26576664	1.5153428463190373	39.2585
chr16	26584583	0.7111555316367923	39.2705
chr16	26636611	0.0	39.3075
chr16	26708067	0.0	39.3075
chr16	26741736	0.0	39.3075
chr16	26877366	0.0	39.3075
chr16	27006631	0.0	39.3075
chr16	27084055	4.062370596718708	39.3075
chr16	27154088	0.0	39.592
chr16	27155684	1.0625965996909212	39.592
chr16	27202268	9.257908134312595	39.6415
chr16	27263945	0.0	40.2125
chr16	27280635	0.0	40.2125
chr16	27301718	0.0	40.2125
chr16	27308856	11.460258780037842	40.2125
chr16	27314266	0.14129116576978193	40.2745
chr16	27399197	0.19578360429788622	40.2865
chr16	27463043	0.0	40.299
chr16	27560071	0.7770088268203021	40.299
chr16	27608333	0.0	40.3365
chr16	27618317	5.014625992478251	40.3365
chr16	27623103	0.049113983733431836	40.3605
chr16	27877613	0.0	40.373
chr16	27910605	4.233857199996143	40.373
chr16	28013112	0.0	40.807
chr16	28060592	0.0	40.807
chr16	28082909	0.0	40.807
chr16	28118637	0.39760113978994915	40.807
chr16	28148818	0.0	40.819
chr16	28235374	0.0	40.819
chr16	28306264	0.0	40.819
chr16	28326740	0.0	40.819
chr16	28370917	0.09390517830712054	40.819
chr16	28504030	0.0	40.8315
chr16	28631918	0.0	40.8315
chr16	28750262	0.0	40.8315
chr16	28752544	0.29295959501272245	40.8315
chr16	28795212	0.0	40.844
chr16	28837625	0.0	40.844
chr16	28862813	0.0	40.844
chr16	28975802	0.0	40.844
chr16	29007626	0.0	40.844
chr16	29252376	0.0	40.844
chr16	29292556	0.0	40.844
chr16	29338808	0.0	40.844
chr16	29352737	0.0	40.844
chr16	29471609	0.0	40.844
chr16	29510912	0.0	40.844
chr16	29555245	0.0	40.844
chr16	29597057	0.0	40.844
chr16	29617247	0.0	40.844
chr16	29640477	0.0	40.844
chr16	29698356	0.0	40.844
chr16	29723700	0.0	40.844
chr16	29748148	0.12642097172211392	40.844
chr16	29847024	0.0	40.8565
chr16	29891001	5.81212692428623	40.8565
chr16	29897367	3.8046432176410816	40.8935
chr16	29910246	0.0	40.9425
chr16	29934786	0.10933156022828515	40.9425
chr16	30158875	0.0	40.967
chr16	30172792	0.22665046871315642	40.967
chr16	30283094	5.114822546973548	40.992
chr16	30287884	0.0	41.0165
chr16	30307199	0.0	41.0165
chr16	30387639	0.0	41.0165
chr16	30501679	0.4463568355085536	41.0165
chr16	30557688	1.5720773652619138	41.0415
chr16	30589175	0.0	41.091
chr16	30605250	0.45802282686735946	41.091
chr16	30686032	0.0	41.128
chr16	30711805	0.5529725093667517	41.128
chr16	30756111	0.3935148748621356	41.1525
chr16	30787876	1.5793764010596498	41.165
chr16	30827132	2.8449365876088284	41.227
chr16	30879330	0.0	41.3755
chr16	30879504	0.0	41.3755
chr16	30881253	0.19743336623890184	41.3755
chr16	30942033	0.0	41.3875
chr16	31036810	0.0	41.3875
chr16	31102867	0.8412026484315317	41.3875
chr16	31176571	0.0	41.4495
chr16	31220678	1.2418657791465193	41.4495
chr16	31240809	0.0	41.4745
chr16	31262408	0.0	41.4745
chr16	31285702	0.0	41.4745
chr16	31327918	0.0	41.4745
chr16	31350378	0.0	41.4745
chr16	31371853	0.0	41.4745
chr16	31386726	0.0	41.4745
chr16	31452342	0.0	41.4745
chr16	31468846	0.0	41.4745
chr16	31483713	0.0	41.4745
chr16	31507374	0.0	41.4745
chr16	31521752	0.0	41.4745
chr16	31535607	0.7820979378153385	41.4745
chr16	31566933	0.0	41.499
chr16	31577484	0.1118868600071226	41.499
chr16	31689204	0.0	41.5115
chr16	31722380	0.552003312019893	41.5115
chr16	31744119	0.0	41.5235
chr16	31768957	0.0	41.5235
chr16	31794205	2.4748580175386152	41.5235
chr16	31864108	0.792964244521368	41.6965
chr16	31926532	0.0	41.746
chr16	31945969	0.0	41.746
chr16	32001973	3.240377062057788	41.746
chr16	32017249	0.31449013287209304	41.7955
chr16	32055406	0.36008759681951963	41.8075
chr16	32123445	0.7701293197018768	41.832
chr16	32220182	1.4518564404352248	41.9065
chr16	32246011	0.4472190278005256	41.944
chr16	32300794	0.9516460905349546	41.9685
chr16	32339674	1.4188204616918105	42.0055
chr16	32365752	0.9724977632553656	42.0425
chr16	32391459	0.30025702000902543	42.0675
chr16	32433090	0.40279269602579404	42.08
chr16	32462882	4.016879006735525	42.092
chr16	32475205	0.0	42.1415
chr16	32564088	0.25606883130191216	42.1415
chr16	32612903	0.4697776385843669	42.154
chr16	32743816	0.2773233534276151	42.2155
chr16	32922308	0.0	42.265
chr16	32932795	0.0	42.265
chr16	33008579	0.0	42.265
chr16	33030270	0.0	42.265
chr16	33056410	0.0	42.265
chr16	33070121	0.6732063858433268	42.265
chr16	33106514	0.0	42.2895
chr16	33139579	0.0	42.2895
chr16	33184786	0.0	42.2895
chr16	33206876	1.5223944219469678	42.2895
chr16	33239719	2.8076301032361246	42.3395
chr16	33372037	0.6208930511719591	42.711
chr16	33391364	0.6495381062355904	42.723
chr16	33467572	0.0	42.7725
chr16	33493717	0.0	42.7725
chr16	33515232	0.0	42.7725
chr16	33559932	0.0	42.7725
chr16	33589981	0.26755136986292244	42.7725
chr16	33636701	5.637959739670082	42.785
chr16	33649915	0.22322259012612922	42.8595
chr16	33703673	0.0	42.8715
chr16	33757843	0.5133147562279389	42.8715
chr16	33805572	0.0	42.896
chr16	33891420	0.0	42.896
chr16	33947924	0.0	42.896
chr16	33990829	0.0	42.896
chr16	34002360	0.0	42.896
chr16	34031871	0.0	42.896
chr16	34053896	0.7942129778693419	42.896
chr16	34100483	0.0	42.933
chr16	34225906	0.0	42.933
chr16	34240625	0.0	42.933
chr16	34284686	0.747443742401017	42.933
chr16	34334857	0.0	42.9705
chr16	34364518	0.0	42.9705
chr16	34379748	0.0	42.9705
chr16	34381379	0.0	42.9705
chr16	34398000	0.0	42.9705
chr16	34431534	0.0	42.9705
chr16	34431535	0.0	42.9705
chr16	34491392	0.22362192985726315	42.9705
chr16	34545054	0.0	42.9825
chr16	34641553	0.0	42.9825
chr16	34691841	0.0	42.9825
chr16	34707200	0.0	42.9825
chr16	34719087	0.0	42.9825
chr16	34769471	0.25839793281644935	42.9825
chr16	34817846	0.0	42.995
chr16	34893592	0.0	42.995
chr16	35019083	0.0	42.995
chr16	35043617	0.0	42.995
chr16	35059092	1.0078206885433236	42.995
chr16	35071495	0.0	43.0075
chr16	35149901	0.0	43.0075
chr16	35169993	0.0	43.0075
chr16	35179888	0.0	43.0075
chr16	35204536	0.0	43.0075
chr16	35263238	0.963466142437314	43.0075
chr16	35314615	0.754036855850164	43.057
chr16	35396176	0.0	43.1185
chr16	35406413	0.32403566984661036	43.1185
chr16	35444989	0.0	43.131
chr16	35517388	0.0	43.131
chr16	35521952	0.21295444478522	43.131
chr16	35580650	1.44268601906079	43.1435
chr16	35614961	0.0	43.193
chr16	35701013	0.3109049926160182	43.193
chr16	35739610	0.0	43.205
chr16	35775488	1.4837675826457701	43.205
chr16	35792337	1.1816944782640282	43.23
chr16	35834226	0.28304236578137454	43.2795
chr16	35878389	2.5215677239331686	43.292
chr16	35917452	0.10171946585070624	43.3905
chr16	36040339	1.5106665305705433	43.403
chr16	36089324	0.0	43.477
chr16	36108725	0.9610150096101603	43.477
chr16	36198734	0.7121136302398589	43.5635
chr16	36302650	1.6899812441386723	43.6375
chr16	36353834	0.0	43.724
chr16	36370939	0.34846815283630606	43.724
chr16	36477118	15.878956372968192	43.761
chr16	36486470	0.7345848482600263	43.9095
chr16	36553855	4.271329383110971	43.959
chr16	36608873	0.3396066223291483	44.194
chr16	36644208	0.1304842531602841	44.206
chr16	36740005	57.263643351268605	44.2185
chr16	36741306	2.5569909989792405	44.293
chr16	36838295	0.5451819544773275	44.541
chr16	36860306	0.19166487779451752	44.553
chr16	36925524	5.637973746405091	44.5655
chr16	36960643	0.40234447211316793	44.7635
chr16	37052604	0.40055115839404115	44.8005
chr16	37083811	0.0	44.813
chr16	37141603	0.14861844295424617	44.813
chr16	37225711	0.20756189495712338	44.8255
chr16	37285934	0.366168975773008	44.838
chr16	37352843	0.0	44.8625
chr16	37451697	0.3742882851547578	44.8625
chr16	37583948	0.0	44.912
chr16	37616091	0.0	44.912
chr16	37760362	0.0	44.912
chr16	37895942	0.7573139244109263	44.912
chr16	37994316	0.5046647389382813	44.9865
chr16	38067632	1.017512159954732	45.0235
chr16	38177213	0.0	45.135
chr16	38310916	0.0	45.135
chr16	38383590	0.4967860981001135	45.135
chr16	38432907	1.4699872117704378	45.1595
chr16	38508758	0.0	45.271
chr16	38611177	0.0	45.271
chr16	38660140	4.514621475078792	45.271
chr16	38704219	0.7541952108604396	45.47
chr16	38720130	0.4520052596975845	45.482
chr16	38829642	0.0	45.5315
chr16	38842528	1.937611322389657	45.5315
chr16	38925620	0.3067292644756957	45.6925
chr16	39005495	0.43736496356753585	45.717
chr16	39119816	0.7732559371225695	45.767
chr16	39167019	0.0	45.8035
chr16	39179598	0.0	45.8035
chr16	39210501	0.22371364653244694	45.8035
chr16	39264141	0.0	45.8155
chr16	39440875	0.3602409291334863	45.8155
chr16	39475574	2.4043345750084653	45.828
chr16	39578929	0.18666382226553646	46.0765
chr16	39710181	0.06498908183426663	46.101
chr16	39902521	0.0	46.1135
chr16	39932739	0.0	46.1135
chr16	40127481	0.0	46.1135
chr16	40203540	0.0	46.1135
chr16	40427306	2.549645537083671	46.1135
chr16	40451427	0.0	46.175
chr16	40579270	0.0	46.175
chr16	40823764	1.3853267686318058	46.175
chr16	40877181	0.10484422689560431	46.249
chr16	41349310	0.6119651424656243	46.2985
chr16	41369736	0.0	46.311
chr16	41391449	5.7802115510624335	46.311
chr16	41412815	0.0	46.4345
chr16	41534420	0.0	46.4345
chr16	41558188	0.0	46.4345
chr16	41621704	0.49227207061011574	46.4345
chr16	41823828	0.0	46.534
chr16	41947440	0.0	46.534
chr16	42324514	0.0	46.534
chr16	42442997	0.0	46.534
chr16	42479709	0.0	46.534
chr16	42509938	0.0	46.534
chr16	42549067	0.0	46.534
chr16	42634214	0.0	46.534
chr16	42677246	0.0	46.534
chr16	42794903	0.06795979045731534	46.534
chr16	42971478	0.0	46.546
chr16	42980554	0.0	46.546
chr16	43045220	0.0	46.546
chr16	43210165	0.0	46.546
chr16	43333243	0.0	46.546
chr16	43376624	0.0	46.546
chr16	43386172	0.0	46.546
chr16	43424993	0.6543817401320721	46.546
chr16	43444095	0.0	46.5585
chr16	43498640	0.0	46.5585
chr16	43542843	0.0	46.5585
chr16	43585529	0.0	46.5585
chr16	43609682	0.5194265530852166	46.5585
chr16	43633747	0.0	46.571
chr16	43712399	0.0	46.571
chr16	43963808	0.0	46.571
chr16	44056584	0.0	46.571
chr16	44083199	0.0	46.571
chr16	44108580	0.0	46.571
chr16	44187538	1.6050948818185393	46.571
chr16	44226165	0.43020004302002063	46.633
chr16	44254059	0.0	46.645
chr16	44279880	0.6390949827370616	46.645
chr16	44416010	0.0	46.732
chr16	44440732	0.0	46.732
chr16	44459650	5.970483721228029	46.732
chr16	44553361	0.0	47.2915
chr16	44685917	0.37744964821701366	47.2915
chr16	44719034	0.0	47.304
chr16	44722954	0.0	47.304
chr16	44753472	0.0	47.304
chr16	44780444	4.3727471488505625	47.304
chr16	44797367	0.0	47.378
chr16	44864545	1.1227716419963933	47.378
chr16	44886366	0.0	47.4025
chr16	44907008	0.0	47.4025
chr16	45004281	0.5942759342015659	47.4025
chr16	45025315	0.0	47.415
chr16	45050194	0.0	47.415
chr16	45053506	0.0	47.415
chr16	45054172	0.0	47.415
chr16	45062313	0.0	47.415
chr16	45100932	0.0	47.415
chr16	45119682	0.521681065064181	47.415
chr16	45143643	0.0	47.4275
chr16	45164365	0.15263819862498304	47.4275
chr16	45246258	0.0	47.44
chr16	45313250	0.40045112044594394	47.44
chr16	45374431	1.891189730266658	47.4645
chr16	45452953	0.0	47.613
chr16	45510612	0.0	47.613
chr16	45528985	0.0	47.613
chr16	45544012	0.19508693073638048	47.613
chr16	45608086	0.0	47.6255
chr16	45682018	0.0	47.6255
chr16	45719203	3.473186996386701	47.6255
chr16	45722802	0.0	47.638
chr16	45761304	0.0	47.638
chr16	45790345	1.083635156639015	47.638
chr16	45892778	0.0	47.749
chr16	45944534	0.0	47.749
chr16	46100324	0.2750154008623545	47.749
chr16	46145776	6.7581404874052975	47.7615
chr16	46175074	0.0	47.9595
chr16	46251941	0.6158014656075407	47.9595
chr16	46333136	2.05599969399073	48.0095
chr16	46489994	0.0	48.332
chr16	46565559	0.0	48.332
chr16	46638061	0.7162092476935619	48.332
chr16	46655514	0.0	48.3445
chr16	46700579	0.0	48.3445
chr16	46754288	0.0	48.3445
chr16	46841734	0.0	48.3445
chr16	46945509	0.0	48.3445
chr16	46994967	0.434782608695751	48.3445
chr16	47023717	0.4646581045666334	48.357
chr16	47077520	0.0	48.382
chr16	47099600	0.0	48.382
chr16	47135446	0.0	48.382
chr16	47253100	0.0	48.382
chr16	47263760	0.0	48.382
chr16	47502954	0.0	48.382
chr16	47529006	0.0	48.382
chr16	47868334	0.4929994084006819	48.382
chr16	47919044	0.21990647243093858	48.407
chr16	48030455	0.0	48.4315
chr16	48044288	0.0	48.4315
chr16	48064702	0.9370607527721736	48.4315
chr16	48077508	1.2188581736628434	48.4435
chr16	48118530	0.0	48.4935
chr16	48157348	0.5881324410676375	48.4935
chr16	48220259	0.5108400253376362	48.5305
chr16	48269198	0.4782167395377145	48.5555
chr16	48320430	0.7879530730170146	48.58
chr16	48383251	0.0	48.6295
chr16	48428406	0.0	48.6295
chr16	48483494	0.20681563019679813	48.6295
chr16	48601957	2.6169706582074954	48.654
chr16	48620872	0.12749388373935783	48.7035
chr16	48911082	0.0	48.7405
chr16	49171493	0.0	48.7405
chr16	49280658	0.0	48.7405
chr16	49283729	0.0	48.7405
chr16	49303751	0.0	48.7405
chr16	49307589	0.2737086426241617	48.7405
chr16	49353258	0.0	48.753
chr16	49424569	0.0	48.753
chr16	49441103	0.9262579180111989	48.753
chr16	49508039	1.1595503936861493	48.815
chr16	49561508	0.09521662754362939	48.877
chr16	49818816	0.0	48.9015
chr16	49857328	0.0	48.9015
chr16	49944429	0.0	48.9015
chr16	49993459	0.0	48.9015
chr16	50050006	0.0	48.9015
chr16	50100518	0.0	48.9015
chr16	50146378	0.10332371733939644	48.9015
chr16	50267357	0.0	48.914
chr16	50355364	0.0	48.914
chr16	50435124	0.21498718676365666	48.914
chr16	50551410	0.2735588917582799	48.939
chr16	50597104	0.0	48.9515
chr16	50633160	0.3039815377743116	48.9515
chr16	50713757	0.16080169292021393	48.976
chr16	50869228	0.8041487511078641	49.001
chr16	50899695	0.0	49.0255
chr16	50948249	0.24695837995298914	49.0255
chr16	51047456	1.7371326104621534	49.05
chr16	51083147	0.9705973703282281	49.112
chr16	51121783	0.13236197293457863	49.1495
chr16	51216221	0.12987294097275323	49.162
chr16	51308619	0.3448513690599156	49.174
chr16	51381114	1.502042778178664	49.199
chr16	51389436	0.0	49.2115
chr16	51392170	2.6065993671839958	49.2115
chr16	51425355	0.3928223500202928	49.298
chr16	51457176	2.0941701006553117	49.3105
chr16	51516388	14.260121820136014	49.4345
chr16	51530343	0.0	49.6335
chr16	51555507	0.0	49.6335
chr16	51588442	9.17290150661064	49.6335
chr16	51656741	0.1579100291818093	50.26
chr16	51735900	0.29456122160419773	50.2725
chr16	51778336	0.0	50.285
chr16	51858202	0.8724449825512177	50.285
chr16	51886284	1.276343734683875	50.3095
chr16	51935252	0.0	50.372
chr16	51979439	0.0	50.372
chr16	52036985	0.4438888284959107	50.372
chr16	52092179	0.0	50.3965
chr16	52130511	1.5729484483930478	50.3965
chr16	52193768	0.0	50.496
chr16	52216961	0.0	50.496
chr16	52293662	2.889270654380683	50.496
chr16	52306468	0.03926261664922067	50.533
chr16	52624837	4.05199979032348	50.5455
chr16	52720222	0.0	50.932
chr16	52740431	0.8842671194111302	50.932
chr16	52754567	0.0	50.9445
chr16	52806718	0.31755709676607075	50.9445
chr16	52846081	0.40132275981621784	50.957
chr16	52877228	0.0	50.9695
chr16	52981932	0.47103459845918455	50.9695
chr16	53059421	0.0	51.006
chr16	53094469	0.0	51.006
chr16	53124185	0.0	51.006
chr16	53216673	0.0	51.006
chr16	53300502	0.0	51.006
chr16	53314019	0.0	51.006
chr16	53339502	0.0	51.006
chr16	53349157	3.5950532067872563	51.006
chr16	53363065	0.0	51.056
chr16	53393396	0.310001012248245	51.056
chr16	53472428	0.15354756289311666	51.0805
chr16	53553836	1.8576311487589967	51.093
chr16	53580752	0.0	51.143
chr16	53595631	1.0526768067369678	51.143
chr16	53618905	12.253089679941061	51.1675
chr16	53647306	0.0	51.5155
chr16	53675253	0.0	51.5155
chr16	53704702	0.0	51.5155
chr16	53731719	0.16367897969065637	51.5155
chr16	53808088	1.0872120357310482	51.528
chr16	53842120	0.0	51.565
chr16	53865895	0.0	51.565
chr16	53929822	0.0	51.565
chr16	53941121	0.06901425558464926	51.565
chr16	54122243	0.0	51.5775
chr16	54142962	0.0	51.5775
chr16	54182668	0.0	51.5775
chr16	54203199	0.0	51.5775
chr16	54281231	0.207296849087941	51.5775
chr16	54341531	0.0	51.59
chr16	54347500	0.0	51.59
chr16	54359854	0.0	51.59
chr16	54401898	0.0	51.59
chr16	54445430	0.9557091555005363	51.59
chr16	54497224	0.0	51.6395
chr16	54577207	0.1818925924241804	51.6395
chr16	54643180	3.613148185005499	51.6515
chr16	54708497	0.0	51.8875
chr16	54745834	1.4881550898925726	51.8875
chr16	54770697	0.0	51.9245
chr16	54840946	0.0	51.9245
chr16	54881933	0.3379748546706972	51.9245
chr16	54918918	1.8523320860965533	51.937
chr16	54945911	4.557158621817121	51.987
chr16	54970378	1.6975139634212466	52.0985
chr16	55006902	1.6723372354536128	52.1605
chr16	55058925	2.2991175104502912	52.2475
chr16	55080455	1.4861490904768835	52.297
chr16	55114099	0.41711564531267875	52.347
chr16	55142868	0.6006438902501435	52.359
chr16	55163679	0.40172258645079195	52.3715
chr16	55225911	0.7022471910111617	52.3965
chr16	55296399	4.6343152399722864	52.446
chr16	55333945	7.554228569373029	52.62
chr16	55361744	0.5855421119532922	52.83
chr16	55531672	1.3916722333559166	52.9295
chr16	55549636	0.9172852598090541	52.9545
chr16	55643936	12.701908957415698	53.041
chr16	55650746	0.0	53.1275
chr16	55653061	0.0	53.1275
chr16	55655093	0.8917742740959437	53.1275
chr16	55669110	3.602855719740972	53.14
chr16	55789570	4.143843772326732	53.574
chr16	55831560	0.6189650903690439	53.748
chr16	55851755	1.9246774864751892	53.7605
chr16	55870979	17.323845076994694	53.7975
chr16	55879551	1.0529862690592908	53.946
chr16	55891422	6.3461538461540865	53.9585
chr16	55899222	7.563004708580233	54.008
chr16	55940211	0.0	54.318
chr16	55966540	1.0703165542294126	54.318
chr16	56012788	0.0	54.3675
chr16	56036252	0.3568573712459416	54.3675
chr16	56071280	0.0	54.38
chr16	56108857	0.6850642161203881	54.38
chr16	56181113	0.7916402786575581	54.4295
chr16	56212693	0.0	54.4545
chr16	56298477	1.3885031935572663	54.4545
chr16	56316482	0.0	54.4795
chr16	56348661	0.30849235379665624	54.4795
chr16	56507498	0.2550031620391223	54.5285
chr16	56556517	0.23372349575563447	54.541
chr16	56609999	0.2647351589469744	54.5535
chr16	56704433	0.9347042328748734	54.5785
chr16	56756856	3.5294675004737757	54.6275
chr16	56799072	1.1975816576848954	54.7765
chr16	56850843	0.0	54.8385
chr16	56896145	0.0	54.8385
chr16	56919379	0.0	54.8385
chr16	56929950	5.215654847143194	54.8385
chr16	57006067	0.0	55.2355
chr16	57010677	1.8179157567707136	55.2355
chr16	57099515	0.3717359309329774	55.397
chr16	57231329	4.549163606691126	55.446
chr16	57280349	0.44076163610729346	55.669
chr16	57308709	0.0	55.6815
chr16	57510944	0.0	55.6815
chr16	57539802	0.0	55.6815
chr16	57565581	0.0	55.6815
chr16	57582650	0.0	55.6815
chr16	57607134	0.16790693925802383	55.6815
chr16	57681580	0.7873429304052483	55.694
chr16	57775567	0.15626096218482288	55.768
chr16	57932356	0.0	55.7925
chr16	57946317	0.0	55.7925
chr16	57973281	0.16659558588339432	55.7925
chr16	58048313	0.27571299380203457	55.805
chr16	58093650	1.1913313127419514	55.8175
chr16	58207808	0.1406485586336031	55.9535
chr16	58296682	0.0	55.966
chr16	58355610	0.0	55.966
chr16	58370519	0.1887875309610907	55.966
chr16	58436731	0.5787037037038353	55.9785
chr16	58458331	0.0	55.991
chr16	58502260	2.8878405768506643	55.991
chr16	58613762	0.3290136305646437	56.313
chr16	58688227	0.43764442265945275	56.3375
chr16	58745351	0.6004094066826813	56.3625
chr16	58869433	0.3356605800215586	56.437
chr16	58906673	22.028469750889673	56.4495
chr16	58920723	0.0	56.759
chr16	58943714	0.0	56.759
chr16	59008527	0.3331356343441692	56.759
chr16	59268181	0.0	56.8455
chr16	59350714	0.3052428512123205	56.8455
chr16	59391665	0.0	56.858
chr16	59459409	0.3284072249589615	56.858
chr16	59495949	0.0	56.87
chr16	59550449	0.6681694855770133	56.87
chr16	59624532	0.0	56.9195
chr16	59674662	0.2528214878039489	56.9195
chr16	59724104	0.0	56.932
chr16	59747429	0.18442562483395405	56.932
chr16	59815207	0.0	56.9445
chr16	59862725	0.0	56.9445
chr16	59922837	0.0	56.9445
chr16	59940392	1.8559200060603966	56.9445
chr16	59953593	0.6084205402774051	56.969
chr16	60035773	0.7217716854249338	57.019
chr16	60120980	1.3192787942590936	57.0805
chr16	60196021	0.0	57.1795
chr16	60214270	0.7593305619046447	57.1795
chr16	60279459	0.3259962445233372	57.229
chr16	60317803	0.0	57.2415
chr16	60431177	0.0	57.2415
chr16	60477238	0.17498875072314057	57.2415
chr16	60617247	0.7946828492992642	57.266
chr16	60679536	0.0	57.3155
chr16	60699883	0.0	57.3155
chr16	60774070	0.6865868395034214	57.3155
chr16	60810482	0.9541246550968058	57.3405
chr16	60849261	0.0	57.3775
chr16	60867483	0.0	57.3775
chr16	60969250	0.2105227701428665	57.3775
chr16	61028626	0.0	57.39
chr16	61187618	0.5886392622388136	57.39
chr16	61228390	0.0	57.414
chr16	61250728	0.7103685391980956	57.414
chr16	61285921	0.0	57.439
chr16	61380018	9.505541346973528	57.439
chr16	61391748	0.0	57.5505
chr16	61506540	0.14287245061971465	57.5505
chr16	61590531	1.601578930339466	57.5625
chr16	61621438	10.714285714284582	57.612
chr16	61626058	0.8689553053034064	57.6615
chr16	61754373	1.791891947879639	57.773
chr16	61802646	0.0	57.8595
chr16	61821416	0.3399048266485841	57.8595
chr16	61893495	2.207222236480726	57.884
chr16	61932458	0.7842891203412781	57.97
chr16	61964334	0.0	57.995
chr16	61996686	0.0	57.995
chr16	62026614	0.0	57.995
chr16	62049120	10.085450212172539	57.995
chr16	62066323	0.0	58.1685
chr16	62183516	0.0	58.1685
chr16	62215957	0.0	58.1685
chr16	62236140	1.5626993238931108	58.1685
chr16	62251818	0.0	58.193
chr16	62264676	0.27604261741831015	58.193
chr16	62489279	0.0	58.255
chr16	62516693	0.3059663437022043	58.255
chr16	62555913	21.281169389507642	58.267
chr16	62558239	4.6254332178086965	58.3165
chr16	62595749	1.2532367603829346	58.49
chr16	62704268	0.0	58.626
chr16	62785979	2.285967111570117	58.626
chr16	62813101	0.4308449837333367	58.688
chr16	62869966	0.7438705070223067	58.7125
chr16	62886770	1.6396348488876644	58.725
chr16	62909336	1.432457460354262	58.762
chr16	62943892	1.9579147219364892	58.8115
chr16	62994456	0.2777134922471755	58.9105
chr16	63037666	0.0	58.9225
chr16	63056134	0.0	58.9225
chr16	63088001	2.0388191159679154	58.9225
chr16	63100263	0.0	58.9475
chr16	63117862	0.9813671098084744	58.9475
chr16	63156074	0.0	58.985
chr16	63191662	4.687008493236895	58.985
chr16	63207557	0.0	59.0595
chr16	63230219	2.424957399396974	59.0595
chr16	63245477	3.96461637180314	59.0965
chr16	63267295	0.5264266161298312	59.183
chr16	63291040	3.7072290967385437	59.1955
chr16	63311001	2.757506545596252	59.2695
chr16	63346903	2.3619947426568624	59.3685
chr16	63425650	0.0	59.5545
chr16	63457940	0.3134796238244633	59.5545
chr16	63496220	0.0	59.5665
chr16	63527620	2.3749329656019578	59.5665
chr16	63553726	0.0	59.6285
chr16	63606392	0.0	59.6285
chr16	63639922	11.875693673695817	59.6285
chr16	63653437	2.0381273932557282	59.789
chr16	63677724	0.0	59.8385
chr16	63683623	0.7140409002626588	59.8385
chr16	63736141	0.0	59.876
chr16	63755341	0.0	59.876
chr16	63765655	0.0	59.876
chr16	63773356	0.7046679490353482	59.876
chr16	63825863	0.810158394233104	59.913
chr16	63856104	6.21516164994423	59.9375
chr16	63874044	0.2953593144513517	60.049
chr16	64001008	0.0	60.0865
chr16	64003958	18.986268859128984	60.0865
chr16	64009857	6.67325014214319	60.1985
chr16	64043274	5.91264543200435	60.4215
chr16	64064246	29.221479404787665	60.5455
chr16	64068883	2.155699970783579	60.681
chr16	64195524	0.762939453125029	60.954
chr16	64244676	0.0	60.9915
chr16	64269019	0.0	60.9915
chr16	64295495	0.0	60.9915
chr16	64323971	0.0	60.9915
chr16	64339220	0.7531027834676308	60.9915
chr16	64355818	4.968226458694722	61.004
chr16	64373128	0.0	61.09
chr16	64410099	0.6430206538233643	61.09
chr16	64448978	0.0	61.115
chr16	64484679	5.513617525162852	61.115
chr16	64498191	6.149143385227903	61.1895
chr16	64512258	0.0	61.276
chr16	64529054	0.0	61.276
chr16	64540817	0.0	61.276
chr16	64562107	0.0	61.276
chr16	64575444	0.0	61.276
chr16	64596334	0.33236393851248713	61.276
chr16	64632439	10.252015489113424	61.288
chr16	64648192	0.0	61.4495
chr16	64663314	13.42350302453599	61.4495
chr16	64678027	1.420777449420242	61.647
chr16	64695623	0.0	61.672
chr16	64717316	0.0	61.672
chr16	64730859	8.05767599660729	61.672
chr16	64746186	0.0	61.7955
chr16	64771398	0.0	61.7955
chr16	64795216	0.0	61.7955
chr16	64821296	2.5570619529775342	61.7955
chr16	64850431	0.0	61.87
chr16	64875709	0.0	61.87
chr16	64904349	1.614310645724216	61.87
chr16	64927269	1.9728535353539838	61.907
chr16	64933605	3.026276941246055	61.9195
chr16	64953927	0.9260288180167641	61.981
chr16	64980924	0.3700743109217172	62.006
chr16	65014701	0.5180316888879039	62.0185
chr16	65110255	0.529167725002237	62.068
chr16	65133877	0.20540559045549467	62.0805
chr16	65192298	2.0742130498227858	62.0925
chr16	65240268	1.6131530043361553	62.192
chr16	65279012	1.9422380156075718	62.2545
chr16	65336420	0.4437187178304938	62.366
chr16	65364591	0.1619108065748188	62.3785
chr16	65441794	1.2911222434539367	62.391
chr16	65461157	1.4395675421589575	62.416
chr16	65478176	0.0	62.4405
chr16	65495812	0.5213311321574617	62.4405
chr16	65518830	0.2404447265663116	62.4525
chr16	65570817	0.0	62.465
chr16	65577622	0.0	62.465
chr16	65610102	0.0	62.465
chr16	65688786	0.0	62.465
chr16	65714971	3.1030718852330903	62.465
chr16	65747036	0.0	62.5645
chr16	65762137	5.0676081369935035	62.5645
chr16	65803774	4.292124601677839	62.7755
chr16	65849905	19.274939474827587	62.9735
chr16	65866014	0.8745539774716884	63.284
chr16	65880307	6.072064056939416	63.2965
chr16	65925267	2.317904365312409	63.5695
chr16	66037653	0.0	63.83
chr16	66059441	1.2890270760461073	63.83
chr16	66136631	2.352442513510588	63.9295
chr16	66183816	0.0	64.0405
chr16	66208009	0.802482345388584	64.0405
chr16	66254739	3.5857189801478837	64.078
chr16	66306472	2.764155149353649	64.2635
chr16	66373762	0.0	64.4495
chr16	66384674	0.0	64.4495
chr16	66419826	1.9154112957501754	64.4495
chr16	66439143	4.715188780268682	64.4865
chr16	66468092	2.3199327375206447	64.623
chr16	66500205	3.7380065982624426	64.6975
chr16	66533244	2.0281897893964183	64.821
chr16	66557650	9.427595225038475	64.8705
chr16	66581357	1.1037645682657875	65.094
chr16	66861761	3.1549722362450385	65.4035
chr16	66877609	0.35570310647381004	65.4535
chr16	66911345	0.0	65.4655
chr16	66933401	0.0	65.4655
chr16	66956813	5.443820400991183	65.4655
chr16	66988684	2.6569186875891746	65.639
chr16	67044764	1.878557874763149	65.788
chr16	67071114	3.7970838396077253	65.8375
chr16	67074406	0.0	65.85
chr16	67100325	0.3740648379052511	65.85
chr16	67132405	0.9133547272279965	65.862
chr16	67172915	3.0556370392099343	65.899
chr16	67193369	0.7740916271723001	65.9615
chr16	67225019	0.0	65.986
chr16	67248497	2.3463896883990936	65.986
chr16	67264479	2.8822638872711526	66.0235
chr16	67281653	2.047777242411226	66.073
chr16	67360519	3.395585738540027	66.2345
chr16	67415296	5.88159255429154	66.4205
chr16	67438504	11.75970992715511	66.557
chr16	67469117	0.2964060763245759	66.917
chr16	67509602	2.816528675664453	66.929
chr16	67536053	1.3662211062698113	67.0035
chr16	67590217	1.7101032902391193	67.0775
chr16	67604836	0.0	67.1025
chr16	67650952	0.0	67.1025
chr16	67685582	0.0	67.1025
chr16	67706296	0.0	67.1025
chr16	67744659	0.0	67.1025
chr16	67749118	0.0	67.1025
chr16	67809847	3.636150372412035	67.1025
chr16	67826898	0.42203718489782055	67.1645
chr16	67914568	0.0	67.2015
chr16	67927895	1.3703886422192448	67.2015
chr16	67946138	2.1809771948827676	67.2265
chr16	67980297	1.3904547162717749	67.301
chr16	68006907	0.7633587786260808	67.338
chr16	68055377	1.1344091923737991	67.375
chr16	68110031	2.1412359213736956	67.437
chr16	68133382	1.5214128579948658	67.487
chr16	68182021	0.0	67.561
chr16	68207699	2.770649708058546	67.561
chr16	68234588	0.0	67.6355
chr16	68268829	0.0	67.6355
chr16	68277796	0.12223623864428121	67.6355
chr16	68380057	0.569138466646136	67.648
chr16	68422226	1.6476636129966769	67.672
chr16	68452572	0.0	67.722
chr16	68472061	0.9022967553774878	67.722
chr16	68526921	3.1750063500125196	67.7715
chr16	68542669	2.859453526659458	67.8215
chr16	68577291	2.094855036030792	67.9205
chr16	68589225	0.3575310336938059	67.9455
chr16	68624187	1.2091304091381796	67.958
chr16	68675050	2.786296656444029	68.0195
chr16	68701788	0.7941728569367226	68.094
chr16	68764117	6.308193668528552	68.1435
chr16	68785597	1.3751497138800872	68.279
chr16	68830683	0.9823767563707426	68.341
chr16	68881071	2.06880245891949	68.3905
chr16	69024874	0.0	68.688
chr16	69051320	2.2179220005954288	68.688
chr16	69084910	2.3175519084326908	68.7625
chr16	69106053	0.0	68.8115
chr16	69126145	0.0	68.8115
chr16	69150536	5.351451460074232	68.8115
chr16	69196972	11.081718738828995	69.06
chr16	69224946	0.0	69.37
chr16	69226976	3.2929598788796075	69.37
chr16	69411916	1.6766020864379747	69.979
chr16	69441440	3.3665499596021657	70.0285
chr16	69445153	3.634015864231742	70.041
chr16	69472258	1.62680678397134	70.1395
chr16	69525737	0.0	70.2265
chr16	69560978	0.0	70.2265
chr16	69565478	0.0	70.2265
chr16	69596265	2.3216678612608823	70.2265
chr16	69628354	0.17445664025587634	70.301
chr16	69765924	0.0	70.325
chr16	69786646	0.24385485758881859	70.325
chr16	69837906	2.372751626482878	70.3375
chr16	69864036	0.0	70.3995
chr16	69880346	0.2849847248188145	70.3995
chr16	69924208	4.4459292763158365	70.412
chr16	69943664	1.9695668180144676	70.4985
chr16	70025154	0.0	70.659
chr16	70043693	0.0	70.659
chr16	70049837	3.4915542134565474	70.659
chr16	70071031	0.28994920090006826	70.733
chr16	70114142	0.0	70.7455
chr16	70139504	0.0	70.7455
chr16	70152279	0.0	70.7455
chr16	70172659	0.0	70.7455
chr16	70184835	0.0	70.7455
chr16	70224171	0.0	70.7455
chr16	70258997	8.914078922859789	70.7455
chr16	70296578	0.0	71.0805
chr16	70342332	0.0	71.0805
chr16	70367821	0.0	71.0805
chr16	70386116	0.0	71.0805
chr16	70435590	0.23388967891630197	71.0805
chr16	70489034	0.0	71.093
chr16	70515291	1.6858090512868404	71.093
chr16	70551772	0.35634870859236106	71.1545
chr16	70586850	0.0	71.167
chr16	70588209	0.0	71.167
chr16	70601601	0.5904183535763278	71.167
chr16	70643097	0.0	71.1915
chr16	70645904	0.0	71.1915
chr16	70669574	1.6704288939048275	71.1915
chr16	70691724	0.27911754197934174	71.2285
chr16	70736508	1.7964510925358042	71.241
chr16	70750146	1.1495324199208352	71.2655
chr16	70782333	2.5549310168631254	71.3025
chr16	70792118	0.0	71.3275
chr16	70792139	3.2783278327832983	71.3275
chr16	70814864	0.0	71.402
chr16	70913621	5.176722599071956	71.402
chr16	70930427	1.9964146023464953	71.489
chr16	70954971	0.0	71.538
chr16	70997202	0.9508654816426025	71.538
chr16	71022968	0.0	71.5625
chr16	71062249	3.0897256323633777	71.5625
chr16	71074386	0.0	71.6
chr16	71086083	0.0	71.6
chr16	71096388	0.0	71.6
chr16	71120521	3.1929423055627666	71.6
chr16	71147612	60.453836826607265	71.6865
chr16	71153385	0.849819838194496	72.0355
chr16	71168094	0.4878842088144599	72.048
chr16	71192690	0.0	72.06
chr16	71205049	2.779661016948937	72.06
chr16	71227174	2.9578797917650945	72.1215
chr16	71244078	5.202215136768906	72.1715
chr16	71255996	0.0	72.2335
chr16	71272173	4.3173737535752545	72.2335
chr16	71309580	0.0	72.395
chr16	71329971	0.0	72.395
chr16	71343366	1.5923566878984512	72.395
chr16	71359066	0.0	72.42
chr16	71384011	0.0	72.42
chr16	71398608	6.981476284029745	72.42
chr16	71412860	1.8086520005908235	72.5195
chr16	71426406	0.9624268555591963	72.544
chr16	71439394	4.305210918114248	72.5565
chr16	71479694	3.5719414129807556	72.73
chr16	71507550	0.6490066225166436	72.8295
chr16	71545300	0.0	72.854
chr16	71558546	0.9978181044115352	72.854
chr16	71596128	0.2601890012905966	72.8915
chr16	71692212	2.9495021477918506	72.9165
chr16	71742729	0.3292332815340386	73.0655
chr16	71780696	12.41648106904226	73.078
chr16	71798656	2.7883113986168393	73.301
chr16	71816588	12.30087661419529	73.351
chr16	71837806	9.046171660153423	73.612
chr16	71858533	14.940744499835887	73.7995
chr16	71892032	36.7163653439776	74.3
chr16	71909068	10.666829208825867	74.9255
chr16	71925474	1.0030090270814718	75.1005
chr16	71950399	1.899984800120951	75.1255
chr16	71963557	4.018769745400526	75.1505
chr16	71985081	0.0	75.237
chr16	72016449	0.0	75.237
chr16	72052274	0.0	75.237
chr16	72072529	0.0	75.237
chr16	72091684	0.15096314486426812	75.237
chr16	72340089	0.0	75.2745
chr16	72348368	13.598041881968223	75.2745
chr16	72352045	0.7855333611210137	75.3245
chr16	72383234	1.8472722938949917	75.349
chr16	72416797	0.4589598134788362	75.411
chr16	72471268	0.41787851435792567	75.436
chr16	72501181	6.112210288298538	75.4485
chr16	72515333	0.0	75.535
chr16	72533982	0.22439637375465113	75.535
chr16	72589687	0.48024511710774453	75.5475
chr16	72797914	3.0185945423817535	75.6475
chr16	72802055	3.082614056720099	75.66
chr16	72822330	1.2899896800828528	75.7225
chr16	72841710	0.0	75.7475
chr16	72852335	0.0	75.7475
chr16	72868184	1.7368445758809525	75.7475
chr16	72889487	0.0	75.7845
chr16	72959004	5.016976638119077	75.7845
chr16	72978737	3.1122398167513197	75.8835
chr16	72998819	0.6158242191350302	75.946
chr16	73019117	0.5169294391315387	75.9585
chr16	73139056	0.0	76.0205
chr16	73153510	2.5295109612147404	76.0205
chr16	73168335	4.876649454962646	76.058
chr16	73206681	9.123179510997295	76.245
chr16	73236824	0.0	76.52
chr16	73255625	5.107307796794415	76.52
chr16	73292435	0.0	76.708
chr16	73312529	0.9973359750465262	76.708
chr16	73387228	6.475156042660038	76.7825
chr16	73427922	0.0	77.046
chr16	73446263	2.210065645514203	77.046
chr16	73469113	9.825195901145069	77.0965
chr16	73485703	0.0	77.2595
chr16	73501248	0.8669718407548094	77.2595
chr16	73515666	0.7756267063780486	77.272
chr16	73531782	0.0	77.2845
chr16	73547354	0.0	77.2845
chr16	73575603	2.460024600246562	77.2845
chr16	73595928	1.9908987485775558	77.3345
chr16	73627572	2.234258632363303	77.3975
chr16	73649727	2.79923860709871	77.447
chr16	73667589	0.0	77.497
chr16	73679712	9.345794392522928	77.497
chr16	73691696	38.10925744193721	77.609
chr16	73703924	0.0	78.075
chr16	73720087	0.7936507936509741	78.075
chr16	73735837	0.0	78.0875
chr16	73749846	0.0	78.0875
chr16	73783059	0.0	78.0875
chr16	73795707	0.0	78.0875
chr16	73803659	1.3508949679162958	78.0875
chr16	73812542	0.9913646917637606	78.0995
chr16	73850873	0.0	78.1375
chr16	73858210	0.0	78.1375
chr16	73871050	0.3507295173962638	78.1375
chr16	73906690	0.0	78.15
chr16	73944851	0.0	78.15
chr16	73961127	0.695277565710379	78.15
chr16	73997803	8.996291926512567	78.1755
chr16	74021535	5.147740142077823	78.389
chr16	74050674	36.852116024726854	78.539
chr16	74069601	4.116563752572495	79.2365
chr16	74078832	0.8785493393307637	79.2745
chr16	74121516	7.705179282868629	79.312
chr16	74184266	4.065239751187658	79.7955
chr16	74265934	0.6262947439420548	80.1275
chr16	74286691	3.6805388501321046	80.1405
chr16	74307476	6.103048711891066	80.217
chr16	74343032	0.0	80.434
chr16	74359532	0.9683426443206875	80.434
chr16	74372957	4.527879527879459	80.447
chr16	74392613	0.9269423100377291	80.536
chr16	74433608	0.0	80.574
chr16	74439017	0.0	80.574
chr16	74457987	0.0	80.574
chr16	74479218	0.0	80.574
chr16	74499443	6.45324104117103	80.574
chr16	74513312	0.4409326607641484	80.6635
chr16	74541661	0.0	80.676
chr16	74598661	12.365541969292602	80.676
chr16	74620415	1.2822446824559242	80.945
chr16	74660189	0.2892359720554717	80.996
chr16	74705135	0.14804988688992007	81.009
chr16	74789566	0.0	81.0215
chr16	74801966	0.0	81.0215
chr16	74835702	2.482718333171158	81.0215
chr16	74876786	0.0	81.1235
chr16	74892676	12.623784458916363	81.1235
chr16	74903885	53.87323943662176	81.265
chr16	74906725	0.0	81.418
chr16	74907981	28.627015008337207	81.418
chr16	74916976	0.0	81.6755
chr16	74948940	2.1770134228188147	81.6755
chr16	75068140	1.3514929282345802	81.935
chr16	75115865	2.4002817319099807	81.9995
chr16	75169817	2.786479977836009	82.129
chr16	75263663	0.5153832102503049	82.3905
chr16	75340305	0.0	82.43
chr16	75361238	0.0	82.43
chr16	75370119	1.3364659413996482	82.43
chr16	75428856	3.3195444563606418	82.5085
chr16	75448437	2.991369164378533	82.5735
chr16	75479025	0.43180655066509105	82.665
chr16	75510289	1.945996902565398	82.6785
chr16	75584544	2.434401248792095	82.823
chr16	75611450	1.3666734156719598	82.8885
chr16	75621328	1.358321870701646	82.902
chr16	75650408	5.694798529947258	82.9415
chr16	75680611	4.23571768941591	83.1135
chr16	75737272	11.880067886102657	83.3535
chr16	75753181	0.5441354292621284	83.5425
chr16	75777991	7.673190431811265	83.556
chr16	75826276	0.2658841139164416	83.9265
chr16	75877050	0.0	83.94
chr16	75898052	1.9097222222224592	83.94
chr16	75926852	0.39561334613257604	83.995
chr16	76098737	0.0	84.063
chr16	76134614	0.0	84.063
chr16	76146065	0.0	84.063
chr16	76153480	0.0	84.063
chr16	76190594	0.2905709719598139	84.063
chr16	76238775	0.0	84.077
chr16	76250807	16.45264847511911	84.077
chr16	76253299	0.770060064685141	84.118
chr16	76324722	0.0	84.173
chr16	76426658	0.0	84.173
chr16	76463491	0.915924452024394	84.173
chr16	76479322	1.3649794450155441	84.1875
chr16	76510458	0.0	84.23
chr16	76533763	2.021530517804043	84.23
chr16	76554292	0.0	84.2715
chr16	76614293	0.0	84.2715
chr16	76649749	0.0	84.2715
chr16	76671502	2.0938255206892453	84.2715
chr16	76725709	0.944346512213584	84.385
chr16	76757477	47.108512020789895	84.415
chr16	76762094	0.3386838540170086	84.6325
chr16	76859530	0.0	84.6655
chr16	76865515	5.44713273626557	84.6655
chr16	76880477	1.0310528869478353	84.747
chr16	76896965	0.49140049140065556	84.764
chr16	76929525	0.3613561483684963	84.78
chr16	76976570	0.5045871559635392	84.797
chr16	77009270	0.2487899760255955	84.8135
chr16	77075591	0.0	84.83
chr16	77082961	0.0	84.83
chr16	77126481	2.270468320633043	84.83
chr16	77177792	0.0	84.9465
chr16	77191347	2.0619845038732216	84.9465
chr16	77199349	1.3756271241309368	84.963
chr16	77211707	1.1179568717081627	84.98
chr16	77272085	1.8698035798571078	85.0475
chr16	77299628	0.0	85.099
chr16	77351630	0.5276965292644904	85.099
chr16	77417956	1.1331261331260227	85.134
chr16	77448844	1.1412881669922397	85.169
chr16	77479073	0.0	85.2035
chr16	77546024	3.5659962818993463	85.2035
chr16	77575609	1.239659710471968	85.309
chr16	77660713	4.502790461694441	85.4145
chr16	77684365	2.1219366407650315	85.521
chr16	77734555	0.0	85.6275
chr16	77764862	0.0	85.6275
chr16	77781328	4.552460838082781	85.6275
chr16	77809225	1.0727757206630524	85.7545
chr16	77953710	1.9955886986666795	85.9095
chr16	77963231	1.5711024573654415	85.9285
chr16	78037701	2.46721205038193	86.0455
chr16	78045402	0.0	86.0645
chr16	78130530	0.0	86.0645
chr16	78168921	0.2726471945303875	86.0645
chr16	78240442	0.0	86.084
chr16	78261060	0.4935895833854481	86.084
chr16	78341086	0.0	86.1235
chr16	78365202	0.0	86.1235
chr16	78383912	1.7825694772560974	86.1235
chr16	78407193	2.9941025253285813	86.165
chr16	78440258	1.4006488166776714	86.264
chr16	78550921	10.762674825174974	86.419
chr16	78569225	0.0	86.616
chr16	78713445	1.3642131979697452	86.616
chr16	78729205	1.1940705866297048	86.6375
chr16	78787828	0.0	86.7075
chr16	78811324	0.0	86.7075
chr16	78835126	0.0	86.7075
chr16	78853058	0.0	86.7075
chr16	78897465	0.0	86.7075
chr16	78922264	0.0	86.7075
chr16	79100615	0.0	86.7075
chr16	79118981	0.39837330898831286	86.7075
chr16	79179226	0.0	86.7315
chr16	79194132	0.0	86.7315
chr16	79222391	0.0	86.7315
chr16	79365541	0.0	86.7315
