Chromosome	Position(bp)	Rate(cM/Mb)	Map(cM)
chr12	0	0.0	0.0
chr12	94344	0.0	0.0
chr12	146372	0.0	0.0
chr12	178274	2.5253858472801505	0.0
chr12	235097	0.0	0.1435
chr12	248446	0.731115615964907	0.1435
chr12	278537	0.0	0.1655
chr12	324003	0.0	0.1655
chr12	353285	0.0	0.1655
chr12	417229	0.0	0.1655
chr12	429635	4.459323216916992	0.1655
chr12	468318	0.0	0.338
chr12	547356	0.0	0.338
chr12	569473	6.4499193760078	0.338
chr12	622807	0.0	0.682
chr12	658325	0.37213588275947457	0.682
chr12	714756	0.0	0.703
chr12	727438	9.51259286102555	0.703
chr12	760552	0.0	1.018
chr12	765520	0.0	1.018
chr12	771014	0.0	1.018
chr12	808414	0.0	1.018
chr12	905110	0.0	1.018
chr12	938643	0.1401133840615633	1.018
chr12	1263380	1.22864848666468	1.0635
chr12	1280065	0.0	1.084
chr12	1326788	0.5153446498811546	1.084
chr12	1374329	0.0	1.1085
chr12	1446999	0.3901498634475456	1.1085
chr12	1490572	0.0	1.1255
chr12	1543546	13.597868872013045	1.1255
chr12	1568697	3.0177988544681855	1.4675
chr12	1584934	0.0	1.5165
chr12	1610941	0.0	1.5165
chr12	1635961	0.0	1.5165
chr12	1651144	0.0	1.5165
chr12	1702150	0.72466950678554	1.5165
chr12	1724919	0.0	1.533
chr12	1768874	0.0	1.533
chr12	1794100	0.0	1.533
chr12	1829467	0.0	1.533
chr12	1893068	0.0	1.533
chr12	1945208	0.0	1.533
chr12	1987100	0.0	1.533
chr12	2065095	0.0	1.533
chr12	2096737	0.0	1.533
chr12	2129233	0.0	1.533
chr12	2145857	0.3019038813517749	1.533
chr12	2198854	0.0	1.549
chr12	2251615	0.0	1.549
chr12	2259639	3.45902757478321	1.549
chr12	2269902	0.0	1.5845
chr12	2335885	0.0	1.5845
chr12	2354755	1.4809751651856928	1.5845
chr12	2407423	0.0	1.6625
chr12	2427325	0.0	1.6625
chr12	2483350	0.0	1.6625
chr12	2531697	0.0	1.6625
chr12	2607463	0.0	1.6625
chr12	2639412	0.0	1.6625
chr12	2676462	0.0	1.6625
chr12	2724240	0.0	1.6625
chr12	2738570	0.0	1.6625
chr12	2785332	6.5067748713861295	1.6625
chr12	2854337	0.0	2.1115
chr12	2902490	9.992313604919303	2.1115
chr12	2907694	0.0	2.1635
chr12	2960696	0.0	2.1635
chr12	2978848	0.0	2.1635
chr12	2999681	0.0	2.1635
chr12	3020927	0.0	2.1635
chr12	3045893	0.49158289692810786	2.1635
chr12	3245249	101.43257039354522	2.2615
chr12	3251322	0.0	2.8775
chr12	3284256	0.0	2.8775
chr12	3289919	2.9213008587920557	2.8775
chr12	3332537	0.6504406210658863	3.002
chr12	3380197	0.7017293465591493	3.033
chr12	3422236	0.0	3.0625
chr12	3432163	0.6312865620133885	3.0625
chr12	3455924	0.8745122912222049	3.0775
chr12	3507953	1.5849343686225243	3.123
chr12	3673575	0.25466404882977695	3.3855
chr12	3917033	7.168591910262603	3.4475
chr12	3943956	0.0	3.6405
chr12	3973370	7.005516469459551	3.6405
chr12	4023402	0.0	3.991
chr12	4056874	1.8300593031875403	3.991
chr12	4121626	31.429846085210812	4.1095
chr12	4144041	0.0	4.814
chr12	4199777	0.4675706365640316	4.814
chr12	4229719	0.0	4.828
chr12	4263267	0.0	4.828
chr12	4324075	12.516370439663213	4.828
chr12	4350800	1.3019196580889736	5.1625
chr12	4406487	0.17935075028396819	5.235
chr12	4490122	1.4196054991034166	5.25
chr12	4510198	0.0	5.2785
chr12	4528064	1.2664804832110055	5.2785
chr12	4574255	1.6271853477635718	5.337
chr12	4600681	2.1725833991692007	5.38
chr12	4679159	0.5615033315864222	5.5505
chr12	4705873	1.4926168772322395	5.5655
chr12	4724632	2.511239112110155	5.5935
chr12	4753104	3.256026505198206	5.665
chr12	4779363	0.0	5.7505
chr12	4826687	0.229564647044359	5.7505
chr12	4887672	0.0	5.7645
chr12	4910072	0.355293878794037	5.7645
chr12	4949476	2.68388219933266	5.7785
chr12	4997727	0.6161158297759691	5.908
chr12	5020450	0.0	5.922
chr12	5062508	0.0	5.922
chr12	5070572	4.526018354129681	5.922
chr12	5150554	1.1711071144757401	6.284
chr12	5174463	0.0	6.312
chr12	5229507	0.0	6.312
chr12	5268494	1.4929567569466238	6.312
chr12	5296961	4.8255482961476925	6.3545
chr12	5333848	0.2535354104456685	6.5325
chr12	5387095	0.0	6.546
chr12	5393950	4.97520197136528	6.546
chr12	5426009	1.3399036598195055	6.7055
chr12	5516314	0.0	6.8265
chr12	5534832	1.577585662901497	6.8265
chr12	5661608	5.129312672101925	7.0265
chr12	5698650	0.32019871726453186	7.2165
chr12	5904772	0.0	7.2825
chr12	5908276	0.2143552030603311	7.2825
chr12	5968923	2.3964550551636794	7.2955
chr12	5991039	1.045105584966118	7.3485
chr12	6042230	2.730766637448571	7.402
chr12	6071892	0.0	7.483
chr12	6137098	0.0	7.483
chr12	6199032	4.46512014288386	7.483
chr12	6247183	0.0	7.698
chr12	6284900	2.223527437489472	7.698
chr12	6296818	3.676899731527957	7.7245
chr12	6322519	6.143437603281681	7.819
chr12	6373956	0.4469606674612803	8.135
chr12	6431008	2.0938023450586107	8.1605
chr12	6462052	5.114893617021269	8.2255
chr12	6520802	7.911392405063317	8.526
chr12	6561882	0.0	8.851
chr12	6575382	1.1356687341661484	8.851
chr12	6655511	8.271298593879262	8.942
chr12	6682109	43.61467079098534	9.162
chr12	6693424	0.49114985737763384	9.6555
chr12	6746361	2.4692816635160635	9.6815
chr12	6788681	2.321014104624183	9.786
chr12	6855893	1.7688404785179097	9.942
chr12	6877376	2.200353195852779	9.98
chr12	6947592	4.294149221685494	10.1345
chr12	6971811	14.818215970280102	10.2385
chr12	6995768	6.9962040397882985	10.5935
chr12	7067950	0.8602368181358189	11.0985
chr12	7127236	16.126867674689095	11.1495
chr12	7149590	1.3065197899321161	11.51
chr12	7188625	2.323510049180959	11.561
chr12	7266094	0.16586388546104938	11.741
chr12	7341457	6.268081002892912	11.7535
chr12	7345605	4.586063132817045	11.7795
chr12	7354000	0.0	11.818
chr12	7354387	16.773534058173063	11.818
chr12	7365148	8.22050290135399	11.9985
chr12	7371352	3.2724181895452595	12.0495
chr12	7418412	2.9088610877033627	12.2035
chr12	7480120	5.720684039087996	12.383
chr12	7504680	6.317748465456452	12.5235
chr12	7565936	7.704861438031567	12.9105
chr12	7629662	9.61171228516867	13.4015
chr12	7668937	1.8269289324645241	13.779
chr12	7718200	1.2982830458324064	13.869
chr12	7817562	0.0	13.998
chr12	7874064	0.0	13.998
chr12	7937454	0.0	13.998
chr12	7973602	0.35180700872664933	13.998
chr12	8083037	2.5338046622005574	14.0365
chr12	8123490	0.8173273395995033	14.139
chr12	8155301	2.077177017520012	14.165
chr12	8236180	1.2240018217701492	14.333
chr12	8341572	1.5621244893054436	14.462
chr12	8358216	20.16831108531632	14.488
chr12	8375446	5.6818181818183975	14.8355
chr12	8379934	9.64311689614524	14.861
chr12	8419807	6.150571768695211	15.2455
chr12	8502970	5.251999614532159	15.757
chr12	8585986	0.8624771697219505	16.193
chr12	8645118	0.35203334459838037	16.244
chr12	8680626	0.0	16.2565
chr12	8745858	0.0	16.2565
chr12	8792730	0.0	16.2565
chr12	8812523	0.0	16.2565
chr12	8860335	0.0	16.2565
chr12	8913892	0.10453427888072463	16.2565
chr12	9033470	0.0	16.269
chr12	9094058	0.0	16.269
chr12	9110372	12.006679024749202	16.269
chr12	9181041	0.23176904678025123	17.1175
chr12	9234974	183.0841121495327	17.13
chr12	9245674	0.7060890450562783	19.089
chr12	9425538	1.5044312338159591	19.216
chr12	9535214	1.9478515775669034	19.381
chr12	9561140	1.3426423200858528	19.4315
chr12	9570450	3.3654826772342092	19.444
chr12	9639088	1.902387824717883	19.675
chr12	9692442	17.84812409812409	19.7765
chr12	9747882	2.63007341957222	20.766
chr12	9810808	2.693236394512689	20.9315
chr12	9886182	0.8939213349225607	21.1345
chr12	9943234	0.18839760590116553	21.1855
chr12	10012237	0.0	21.1985
chr12	10048085	8.176894920478658	21.1985
chr12	10094802	9.045886395795392	21.5805
chr12	10144272	5.157476892765069	22.028
chr12	10213298	0.0	22.384
chr12	10231009	0.7120072909546189	22.384
chr12	10266121	0.4944522458021426	22.409
chr12	10316682	0.2616822429906481	22.434
chr12	10463807	0.4836053014632608	22.4725
chr12	10568231	1.2387736141220276	22.523
chr12	10629582	0.0	22.599
chr12	10705913	0.16249382523463185	22.599
chr12	10782839	4.210548095425296	22.6115
chr12	10879501	0.0	23.0185
chr12	10898321	0.49776007964161606	23.0185
chr12	10974663	2.2613987520867496	23.0565
chr12	11059124	0.0	23.2475
chr12	11070622	3.4066378845115723	23.2475
chr12	11085446	0.5302447443388777	23.298
chr12	11133537	4.789706730120585	23.3235
chr12	11296595	0.2166414626272018	24.1045
chr12	11414301	0.20995510190900346	24.13
chr12	11476219	0.3291985989307442	24.143
chr12	11514190	0.0	24.1555
chr12	11579237	0.341866316595539	24.1555
chr12	11615801	0.759596636242942	24.168
chr12	11699398	4.656240479333815	24.2315
chr12	11797868	1.361871876809524	24.69
chr12	11844495	0.0	24.7535
chr12	11867362	0.0	24.7535
chr12	11926715	0.0	24.7535
chr12	11967290	0.0	24.7535
chr12	11986601	0.0	24.7535
chr12	12017915	2.9777025119954885	24.7535
chr12	12159635	11.0992508252782	25.1755
chr12	12210224	0.0	25.737
chr12	12243339	0.0	25.737
chr12	12278921	0.1273392214989644	25.737
chr12	12377084	0.0	25.7495
chr12	12412751	0.9057971014492672	25.7495
chr12	12468503	16.67281693448287	25.8
chr12	12498312	0.0	26.297
chr12	12562621	3.6382422124029543	26.297
chr12	12608110	0.0	26.4625
chr12	12683240	0.8764057548307486	26.4625
chr12	12754554	0.0	26.525
chr12	12777591	4.754036012642467	26.525
chr12	12853842	8.216087678917145	26.8875
chr12	12919445	0.0	27.4265
chr12	12946279	0.0	27.4265
chr12	12986786	6.305928411633117	27.4265
chr12	13022546	0.0	27.652
chr12	13085680	4.601948270070556	27.652
chr12	13115450	0.20298798311138824	27.789
chr12	13177030	3.5871367798687372	27.8015
chr12	13204768	0.0	27.901
chr12	13244103	1.5725330887171347	27.901
chr12	13251734	0.5515111405250073	27.913
chr12	13297064	0.2376512741764776	27.938
chr12	13351766	1.3868694776870858	27.951
chr12	13396471	0.4838022990284975	28.013
chr12	13422308	1.2083367123509927	28.0255
chr12	13483963	2.4796090755508375	28.1
chr12	13539012	0.0	28.2365
chr12	13583023	3.31477061787329	28.2365
chr12	13613191	3.3297275370156787	28.3365
chr12	13642773	1.3688978359335962	28.435
chr12	13742123	0.4271716009345424	28.571
chr12	13799477	1.5834218916046854	28.5955
chr12	13846527	2.9166009774553867	28.67
chr12	13859213	2.982530890498464	28.707
chr12	13896765	2.023044100036037	28.819
chr12	13982774	0.09812541212675324	28.993
chr12	14110162	3.283881526846523	29.0055
chr12	14204867	5.199921695296818	29.3165
chr12	14327465	0.07462754761694362	29.954
chr12	14655762	0.6471180369445352	29.9785
chr12	14732255	0.0	30.028
chr12	14747001	1.150377323762292	30.028
chr12	14768733	1.7418365925030364	30.053
chr12	14790262	0.0	30.0905
chr12	14815656	0.0	30.0905
chr12	14839807	20.305623895491948	30.0905
chr12	14868666	0.0	30.6765
chr12	14895890	0.0	30.6765
chr12	14941182	0.23950030656037877	30.6765
chr12	14993374	0.0	30.689
chr12	15028158	0.5966877739892777	30.689
chr12	15069218	0.0	30.7135
chr12	15089609	0.0	30.7135
chr12	15137035	0.0	30.7135
chr12	15202432	0.0	30.7135
chr12	15235336	0.0	30.7135
chr12	15276304	0.0	30.7135
chr12	15276311	0.0	30.7135
chr12	15333396	12.331300952250443	30.7135
chr12	15362590	0.7677661077328966	31.0735
chr12	15378871	0.0	31.086
chr12	15439188	0.23180343069082693	31.086
chr12	15493113	1.8799857730805871	31.0985
chr12	15552156	0.0	31.2095
chr12	15565926	0.0	31.2095
chr12	15622906	0.0	31.2095
chr12	15644353	0.0	31.2095
chr12	15813036	2.120981781624719	31.2095
chr12	15853819	7.222258127060084	31.296
chr12	15884765	0.24679170779862733	31.5195
chr12	15933389	0.0	31.5315
chr12	15933794	3.0717078175938006	31.5315
chr12	16010787	1.2077890066551513	31.768
chr12	16031072	1.635606661379802	31.7925
chr12	16061336	0.14037846032907905	31.842
chr12	16150381	0.0	31.8545
chr12	16228581	0.0	31.8545
chr12	16271773	0.0	31.8545
chr12	16290214	0.0	31.8545
chr12	16401453	3.6996482845576844	31.8545
chr12	16431591	0.0	31.966
chr12	16484130	0.0	31.966
chr12	16490369	0.0	31.966
chr12	16536279	0.0	31.966
chr12	16552711	0.0	31.966
chr12	16605801	0.0	31.966
chr12	16647299	0.0	31.966
chr12	16662475	0.0	31.966
chr12	16734133	0.0	31.966
chr12	16761023	12.241112828438974	31.966
chr12	16777198	0.0	32.164
chr12	16820424	0.0	32.164
chr12	16900640	0.0	32.164
chr12	16950391	0.0	32.164
chr12	16973697	0.0	32.164
chr12	16995968	0.0	32.164
chr12	17032401	0.0	32.164
chr12	17116573	0.0	32.164
chr12	17155812	0.0	32.164
chr12	17196250	0.0	32.164
chr12	17262981	0.0	32.164
chr12	17276347	1.696295291084229	32.164
chr12	17342668	18.991201324157156	32.2765
chr12	17365626	0.0	32.7125
chr12	17448464	18.413978494623716	32.7125
chr12	17455904	0.0	32.8495
chr12	17492558	0.0	32.8495
chr12	17585122	0.0	32.8495
chr12	17606564	0.0	32.8495
chr12	17641882	0.22493814201095552	32.8495
chr12	17695230	1.067745651746433	32.8615
chr12	17730819	3.664531841962708	32.8995
chr12	17775163	0.6769197443952585	33.062
chr12	17793629	0.0	33.0745
chr12	17804694	0.0	33.0745
chr12	17831990	0.0	33.0745
chr12	17980439	0.0	33.0745
chr12	17991489	0.0	33.0745
chr12	17991490	0.0	33.0745
chr12	18003635	0.0	33.0745
chr12	18015864	0.2745382267027485	33.0745
chr12	18061395	16.756939742719965	33.087
chr12	18064349	0.0	33.1365
chr12	18089507	2.8868836503407223	33.1365
chr12	18150126	1.4157621519583905	33.3115
chr12	18203101	0.7823256978345521	33.3865
chr12	18251035	0.0	33.424
chr12	18323552	9.42121892028032	33.424
chr12	18367230	2.0154759762460817	33.8355
chr12	18422800	0.0	33.9475
chr12	18454543	0.20414829332031426	33.9475
chr12	18515773	10.737692424935162	33.96
chr12	18581383	0.9625640625408085	34.6645
chr12	18619822	0.2334855659223014	34.7015
chr12	18726895	0.6274155498667738	34.7265
chr12	18746818	1.0207057451153314	34.739
chr12	18770821	0.0	34.7635
chr12	18841950	0.0	34.7635
chr12	18848980	10.285400227692083	34.7635
chr12	18874453	16.133402445632992	35.0255
chr12	18959339	0.0	36.395
chr12	19071305	0.14783102322715994	36.395
chr12	19155861	4.346809091263479	36.4075
chr12	19181512	17.41785799583747	36.519
chr12	19210821	1.5349329569513637	37.0295
chr12	19267501	17.08925818057215	37.1165
chr12	19337545	0.16598502151169653	38.3135
chr12	19412853	0.20648003166027934	38.326
chr12	19470970	0.0	38.338
chr12	19504037	0.0	38.338
chr12	19509189	0.0	38.338
chr12	19574601	4.345936549326133	38.338
chr12	19586106	0.41100845033371547	38.388
chr12	19646932	0.0	38.413
chr12	19654146	0.0	38.413
chr12	19729516	0.0	38.413
chr12	19766413	0.0	38.413
chr12	19805311	0.5122997895665741	38.413
chr12	20022957	0.0	38.5245
chr12	20026669	0.22273302328895225	38.5245
chr12	20138911	0.12552469321760695	38.5495
chr12	20238493	0.6068353938766494	38.562
chr12	20300289	0.0	38.5995
chr12	20352913	0.0	38.5995
chr12	20361393	0.0	38.5995
chr12	20374441	0.6488787375416758	38.5995
chr12	20393705	0.9929420604889309	38.612
chr12	20430968	0.0	38.649
chr12	20463030	0.8051789107539238	38.649
chr12	20494079	4.554469991919574	38.674
chr12	20521305	0.0	38.798
chr12	20552905	0.1348712249543675	38.798
chr12	20645586	1.3704318936877595	38.8105
chr12	20681706	1.4810122247714432	38.86
chr12	20740112	2.2575286450568237	38.9465
chr12	20834020	1.3177470775771458	39.1585
chr12	20881070	7.627032174681921	39.2205
chr12	20939874	1.787145375861622	39.669
chr12	21002264	3.778414284843538	39.7805
chr12	21018673	12.528153153153246	39.8425
chr12	21043537	0.0	40.154
chr12	21056182	5.3195776577736575	40.154
chr12	21093403	8.347332272882726	40.352
chr12	21160670	34.52249724421285	40.9135
chr12	21180628	0.5491907440426324	41.6025
chr12	21383654	1.4371987689449475	41.714
chr12	21418096	2.621350447437289	41.7635
chr12	21451285	3.8933305554833013	41.8505
chr12	21489684	1.464215989714831	42.0
chr12	21531686	17.111457310258412	42.0615
chr12	21590740	0.7140731925022585	43.072
chr12	21607545	1.3690295101915195	43.084
chr12	21643702	0.0	43.1335
chr12	21680620	2.4814251699704784	43.1335
chr12	21715479	0.0	43.22
chr12	21749491	0.13434070953392202	43.22
chr12	21842538	0.0	43.2325
chr12	21852310	0.0	43.2325
chr12	21858482	0.2875943309404504	43.2325
chr12	21901946	2.5067998213778253	43.245
chr12	21951212	0.0	43.3685
chr12	21995942	0.0	43.3685
chr12	22037799	0.0	43.3685
chr12	22094213	0.37834631981518435	43.3685
chr12	22192007	0.0	43.4055
chr12	22221415	0.49366463715621806	43.4055
chr12	22245723	2.588657788418402	43.4175
chr12	22279138	13.815238626849533	43.504
chr12	22286304	3.59989585836735	43.603
chr12	22386168	0.3322719091790241	43.9625
chr12	22422283	0.0	43.9745
chr12	22507058	5.7032030109838905	43.9745
chr12	22533096	1.0977194318743355	44.123
chr12	22555415	6.322346706336092	44.1475
chr12	22576926	10.072061777769619	44.2835
chr12	22631185	0.32207778822739436	44.83
chr12	22708806	0.0	44.855
chr12	22834636	0.0	44.855
chr12	22868279	1.2642225031607661	44.855
chr12	22897546	0.0	44.892
chr12	22942054	0.4981940465811623	44.892
chr12	22966141	0.0	44.904
chr12	23029949	8.504319654427526	44.904
chr12	23078101	0.2787695138659694	45.3135
chr12	23478073	0.0	45.425
chr12	23505781	3.456527519276856	45.425
chr12	23581001	0.0	45.685
chr12	23638628	5.27838984444368	45.685
chr12	23669035	1.185245143385662	45.8455
chr12	23720923	0.4492362982930042	45.907
chr12	23776573	1.7445917655262717	45.932
chr12	23783738	0.0	45.9445
chr12	23842285	0.0	45.9445
chr12	23890635	0.38533170637725433	45.9445
chr12	23921777	2.1042500188721878	45.9565
chr12	23974765	2.389648741063193	46.068
chr12	24026237	6.031668605305623	46.191
chr12	24079539	0.0	46.5125
chr12	24102458	0.845594452900341	46.5125
chr12	24132023	0.3012275020709505	46.5375
chr12	24171860	0.0	46.5495
chr12	24199376	1.2597031186163363	46.5495
chr12	24287492	0.27985780198168847	46.6605
chr12	24419702	0.0	46.6975
chr12	24489638	0.0	46.6975
chr12	24515479	0.0	46.6975
chr12	24572241	0.0	46.6975
chr12	24612450	0.0	46.6975
chr12	24626976	0.0	46.6975
chr12	24637545	1.9031892413832097	46.6975
chr12	24709004	0.0	46.8335
chr12	24723141	3.7603179455825333	46.8335
chr12	24739496	4.369274136715996	46.895
chr12	24824636	9.57919638696717	47.267
chr12	24880434	0.19099715796233294	47.8015
chr12	24945880	4.701495862980735	47.814
chr12	25147837	0.37364233201222263	48.7635
chr12	25478367	1.2508478458109762	48.887
chr12	25705413	0.384893512794808	49.171
chr12	25834020	1.6695541742959803	49.2205
chr12	26199387	0.0	49.8305
chr12	26216812	10.646500593119864	49.8305
chr12	26250532	0.9739753779023913	50.1895
chr12	26276200	0.0	50.2145
chr12	26295092	0.0	50.2145
chr12	26333017	2.8489368601472544	50.2145
chr12	26376191	1.8087697929354265	50.3375
chr12	26458291	0.39193524865103924	50.486
chr12	26677715	0.8282716731086541	50.572
chr12	26722990	5.11127876273106	50.6095
chr12	26749500	0.0	50.745
chr12	26768738	0.0	50.745
chr12	26792374	0.0	50.745
chr12	26810951	0.6566347469220495	50.745
chr12	26829226	6.725848090946242	50.757
chr12	26873384	10.155574762316311	51.054
chr12	26896524	0.0	51.289
chr12	26955861	0.0	51.289
chr12	27031620	0.47410441675671955	51.289
chr12	27084351	13.966142684401408	51.314
chr12	27109161	0.3617244390530995	51.6605
chr12	27382850	0.0	51.7595
chr12	27389643	0.08113827259860401	51.7595
chr12	27543701	0.0	51.772
chr12	27584665	0.0	51.772
chr12	27607929	1.7723949486744635	51.772
chr12	27621470	0.0	51.796
chr12	27670649	5.059663079082879	51.796
chr12	27687745	0.0	51.8825
chr12	27842260	0.0	51.8825
chr12	27863623	0.0	51.8825
chr12	27939155	0.0	51.8825
chr12	27967660	0.0	51.8825
chr12	28012231	0.0	51.8825
chr12	28062783	0.0	51.8825
chr12	28135339	0.0	51.8825
chr12	28183749	0.0	51.8825
chr12	28183969	0.0	51.8825
chr12	28194893	0.0	51.8825
chr12	28244735	0.0	51.8825
chr12	28320307	0.24324745076677126	51.8825
chr12	28371695	0.1440374266849007	51.895
chr12	28458478	0.0	51.9075
chr12	28551478	0.0	51.9075
chr12	28731261	0.0	51.9075
chr12	28768444	0.0	51.9075
chr12	28810156	0.0	51.9075
chr12	28831638	0.0	51.9075
chr12	28923143	0.0	51.9075
chr12	29056408	0.0	51.9075
chr12	29115569	0.0	51.9075
chr12	29158086	0.0	51.9075
chr12	29285184	0.0	51.9075
chr12	29310933	0.03043406586439203	51.9075
chr12	29705228	0.0	51.9195
chr12	29769128	0.0	51.9195
chr12	29844037	0.1257988225230498	51.9195
chr12	29943402	0.0	51.932
chr12	29986237	0.0	51.932
chr12	30058170	0.0	51.932
chr12	30195994	0.0	51.932
chr12	30231309	0.4397692091189043	51.932
chr12	30259733	0.0	51.9445
chr12	30308587	0.0	51.9445
chr12	30374787	0.0	51.9445
chr12	30459554	3.9548022598875376	51.9445
chr12	30465749	0.0	51.969
chr12	30603266	0.11139926387362634	51.969
chr12	30715475	0.46750518738637387	51.9815
chr12	30793549	0.0	52.018
chr12	31018894	0.36036555481889015	52.018
chr12	31053581	0.3892747033725433	52.0305
chr12	31085692	0.0	52.043
chr12	31120927	4.418438022450538	52.043
chr12	31154423	0.0	52.191
chr12	31184244	4.558615166635747	52.191
chr12	31200477	0.0	52.265
chr12	31202632	1.9128823620237005	52.265
chr12	31260921	0.0	52.3765
chr12	31264166	0.0	52.3765
chr12	31298019	0.0	52.3765
chr12	31418197	0.1702665888305347	52.3765
chr12	31562089	0.40670650730405367	52.401
chr12	31622329	11.161722632133781	52.4255
chr12	31648893	0.45891768852322995	52.722
chr12	31676131	0.0	52.7345
chr12	31733161	0.7659361615657391	52.7345
chr12	31765148	0.20967525496515774	52.759
chr12	31824764	0.690989496959607	52.7715
chr12	31860944	1.0553976048935876	52.7965
chr12	31907372	0.0	52.8455
chr12	31959300	0.0	52.8455
chr12	32002955	0.0	52.8455
chr12	32062910	0.4583826731349729	52.8455
chr12	32089089	0.0	52.8575
chr12	32139914	0.0	52.8575
chr12	32171143	2.14714896711737	52.8575
chr12	32228894	2.9069767441864376	52.9815
chr12	32245750	0.12690489535626803	53.0305
chr12	32340309	0.23435449398182986	53.0425
chr12	32393647	0.0	53.055
chr12	32427759	3.9574908768122836	53.055
chr12	32468315	0.0	53.2155
chr12	32481448	2.1955764400875055	53.2155
chr12	32543163	34.022469307389514	53.351
chr12	32577699	0.0	54.526
chr12	32625929	2.5880381773028693	54.526
chr12	32659352	1.2294259333600834	54.6125
chr12	32699208	0.0	54.6615
chr12	32740792	0.5543728933831312	54.6615
chr12	32763340	0.2614133048916252	54.674
chr12	32811157	0.0	54.6865
chr12	32830734	0.6159241359028121	54.6865
chr12	33010951	16.566265060240916	54.7975
chr12	33046143	0.3592160468993288	55.3805
chr12	33080941	2.9495433448121386	55.393
chr12	33114336	0.0	55.4915
chr12	33205191	0.0	55.4915
chr12	33219975	0.375093773443375	55.4915
chr12	33251967	4.521997497914854	55.5035
chr12	33290335	4.563060434021251	55.677
chr12	33309182	0.4936854956536007	55.763
chr12	33459075	0.8123246653883434	55.837
chr12	33564944	0.0	55.923
chr12	33577228	3.402766297459634	55.923
chr12	33613522	0.0	56.0465
chr12	33662570	3.2903395630430308	56.0465
chr12	33673967	0.22367194780975488	56.084
chr12	33727617	0.9000900090010494	56.096
chr12	33768724	1.2680973405893823	56.133
chr12	33866114	0.6428856879745458	56.2565
chr12	33923667	1.0208824408219386	56.2935
chr12	33983909	4.0053318148876675	56.355
chr12	34061181	0.7422218182920809	56.6645
chr12	34094190	0.0	56.689
chr12	34125049	0.0	56.689
chr12	34137908	1.0681293302540136	56.689
chr12	34172548	3.3271885256957003	56.726
chr12	34194789	0.0	56.8
chr12	34217729	0.5850634872947319	56.8
chr12	34280970	0.0	56.837
chr12	34318232	8.075019536337276	56.837
chr12	34325910	0.5099360262076404	56.899
chr12	34422981	1.0906824555936316	56.9485
chr12	34467907	3.295822322515428	56.9975
chr12	34501586	2.9406862394932958	57.1085
chr12	34543583	2.8786315684382475	57.232
chr12	34573632	0.9645669291339881	57.3185
chr12	34599032	1.6983344253249122	57.343
chr12	34657030	0.0	57.4415
chr12	34687263	0.5472375448736032	57.4415
chr12	34710105	0.15532573100172742	57.454
chr12	34787362	0.3137944019077629	57.466
chr12	34827197	1.889265229009654	57.4785
chr12	34885950	0.0	57.5895
chr12	34928712	2.3245984784445537	57.5895
chr12	34971300	1.7787344417025877	57.6885
chr12	35082334	0.0	57.886
chr12	35199129	0.0	57.886
chr12	35239680	0.0	57.886
chr12	35278409	0.25305778152679154	57.886
chr12	35325829	2.608146720712281	57.898
chr12	35416123	1.625395537767338	58.1335
chr12	35751426	0.049575509698210965	58.6785
chr12	35993481	0.0	58.6905
chr12	36133161	6.032988462163516	58.6905
chr12	36207005	0.0	59.136
chr12	36229992	4.101597330140225	59.136
chr12	36269245	0.0	59.297
chr12	36311286	0.0	59.297
chr12	36357954	0.0	59.297
chr12	36455948	0.0	59.297
chr12	36495340	0.0	59.297
chr12	36618242	0.0	59.297
chr12	36648461	0.0	59.297
chr12	36679254	1.5431133354187296	59.297
chr12	36727209	0.0	59.371
chr12	36746839	0.0	59.371
chr12	36805412	2.9667831198358376	59.371
chr12	36859511	0.0	59.5315
chr12	36881231	1.395173453996947	59.5315
chr12	36907751	0.0	59.5685
chr12	36908365	0.0	59.5685
chr12	36999952	0.0	59.5685
chr12	37029964	0.7332914309659483	59.5685
chr12	37063375	0.0	59.593
chr12	37126498	4.0189724465041134	59.593
chr12	37154117	0.6765045461105754	59.704
chr12	37209549	0.0	59.7415
chr12	37253606	0.0	59.7415
chr12	37291317	0.0	59.7415
chr12	37330527	0.0	59.7415
chr12	37526511	0.0	59.7415
chr12	37552923	0.6361660393362909	59.7415
chr12	37571786	0.0	59.7535
chr12	37576822	0.0	59.7535
chr12	37598543	1.3567963160922831	59.7535
chr12	37635026	0.0	59.803
chr12	37650810	0.0	59.803
chr12	37665713	0.5423473679550389	59.803
chr12	37801235	0.0	59.8765
chr12	37823957	0.0	59.8765
chr12	37852184	0.0	59.8765
chr12	37872428	0.0	59.8765
chr12	37948181	0.6659563132660011	59.8765
chr12	37966951	1.3501614323451236	59.889
chr12	38086196	0.0	60.05
chr12	38130957	0.9516119730088601	60.05
chr12	38182974	1.0026901442895952	60.0995
chr12	38244309	7.469456876738838	60.161
chr12	38260843	6.603008916038908	60.2845
chr12	38311426	1.3556883576805718	60.6185
chr12	38329498	1.0482031814382773	60.643
chr12	38400095	0.0	60.717
chr12	38438693	1.880081300812959	60.717
chr12	38458373	0.0	60.754
chr12	38498772	0.0	60.754
chr12	38548011	0.6794216762693142	60.754
chr12	38566409	1.126352997197896	60.7665
chr12	38621010	2.2279374383205375	60.828
chr12	38654449	1.0312285160724728	60.9025
chr12	38702450	0.5973812755512796	60.952
chr12	38825487	0.0	61.0255
chr12	38840169	3.148132391729689	61.0255
chr12	38851922	0.0	61.0625
chr12	38953582	0.0	61.0625
chr12	38997595	0.0	61.0625
chr12	39035615	2.432052483598901	61.0625
chr12	39142315	0.7501712818822257	61.322
chr12	39257622	0.0	61.4085
chr12	39305896	0.7267441860466769	61.4085
chr12	39323096	1.8047075989709283	61.421
chr12	39453311	0.0	61.656
chr12	39479580	1.7348817447955882	61.656
chr12	39493702	1.1926757300830173	61.6805
chr12	39566228	1.0566296370334134	61.767
chr12	39601245	6.687033265444763	61.804
chr12	39615975	0.37833502322974893	61.9025
chr12	39682054	0.0	61.9275
chr12	39721722	1.4525271610768828	61.9275
chr12	39764062	0.1796648173168546	61.989
chr12	39833636	0.0	62.0015
chr12	39858599	0.6707550785742565	62.0015
chr12	39895125	0.6255904808108723	62.026
chr12	39934288	0.0	62.0505
chr12	39976400	2.150912684571505	62.0505
chr12	40010804	4.96270797475622	62.1245
chr12	40045664	0.7312123201814524	62.2975
chr12	40112676	0.0	62.3465
chr12	40119370	5.443065534508727	62.3465
chr12	40123963	0.0	62.3715
chr12	40189336	0.0	62.3715
chr12	40200433	2.030516431924904	62.3715
chr12	40243033	5.562218890554862	62.458
chr12	40276383	0.4488330341112989	62.6435
chr12	40358819	2.329641072011624	62.6805
chr12	40438445	23.672055427251678	62.866
chr12	40458363	1.5222578787131327	63.3375
chr12	40531281	0.0	63.4485
chr12	40532451	2.1178824301724064	63.4485
chr12	40596430	2.4469022217870786	63.584
chr12	40606647	4.4853879860607595	63.609
chr12	40664613	1.9040957488148698	63.869
chr12	40703214	13.285024154588605	63.9425
chr12	40714392	19.798158054376486	64.091
chr12	40732525	3.107700050326946	64.45
chr12	40772265	9.766427792769607	64.5735
chr12	40828222	1.9589485055815006	65.12
chr12	40897647	1.9669342406042283	65.256
chr12	40916458	11.842718958489424	65.293
chr12	40965771	1.6939549060216845	65.877
chr12	41221681	0.7850209515726735	66.3105
chr12	41315946	1.3590500377514414	66.3845
chr12	41388791	3.232107616094063	66.4835
chr12	41438449	5.978364015942163	66.644
chr12	41496408	5.23546295312009	66.9905
chr12	41515222	4.765483238329241	67.089
chr12	41569781	1.5456674473066283	67.349
chr12	41601806	9.41577996386256	67.3985
chr12	41626711	2.3498777428471014	67.633
chr12	41658202	0.8077226162333784	67.707
chr12	41734342	10.778044616764628	67.7685
chr12	41768903	3.8917911427295655	68.141
chr12	41845089	11.184290767166747	68.4375
chr12	41886084	20.8524523299687	68.896
chr12	41905698	0.0	69.305
chr12	41948119	0.7488037403659425	69.305
chr12	42030250	1.9050070794181508	69.3665
chr12	42069095	1.4646359686884198	69.4405
chr12	42170144	0.0	69.5885
chr12	42192324	2.247970791466777	69.5885
chr12	42225465	1.6900825496104737	69.663
chr12	42268954	2.3648972548016385	69.7365
chr12	42300245	0.0	69.8105
chr12	42335002	1.0156743254000669	69.8105
chr12	42407860	0.273852557782952	69.8845
chr12	42453505	1.5491866769945286	69.897
chr12	42541293	5.148196643256809	70.033
chr12	42558095	0.4400762798885307	70.1195
chr12	42585363	0.628014469453519	70.1315
chr12	42605267	0.9511000096069703	70.144
chr12	42657312	1.3531058864016912	70.1935
chr12	42721239	3.6606373815676743	70.28
chr12	42751425	1.8818474103645273	70.3905
chr12	42817052	24.509803921568853	70.514
chr12	42827150	13.504296821715865	70.7615
chr12	42849143	6.908462867012227	71.0585
chr12	42886778	0.0	71.3185
chr12	42932963	4.824762584306033	71.3185
chr12	42991826	1.4367354285456782	71.6025
chr12	43302948	7.146179881618996	72.0495
chr12	43365289	0.0	72.495
chr12	43399823	1.7675415104443768	72.495
chr12	43427828	0.6694157339475629	72.5445
chr12	43446501	5.4779330228432	72.557
chr12	43491591	0.0	72.804
chr12	43563508	0.0	72.804
chr12	43599142	0.6292790978656284	72.804
chr12	43619006	0.0	72.8165
chr12	43662012	0.0	72.8165
chr12	43685574	10.186657245480882	72.8165
chr12	43702557	0.0	72.9895
chr12	43922792	21.82233016854307	72.9895
chr12	43936379	0.0	73.286
chr12	43952686	254.1559353781307	73.286
chr12	43956957	5.16770670826846	74.3715
chr12	43992853	0.6882122997303772	74.557
chr12	44011016	0.0	74.5695
chr12	44074638	0.38656605640736735	74.5695
chr12	44106974	1.8547488126798077	74.582
chr12	44213727	0.0	74.78
chr12	44249824	2.3242251153534927	74.78
chr12	44308123	0.6801980736792099	74.9155
chr12	44363254	1.5716591623481027	74.953
chr12	44410338	0.0	75.027
chr12	44443256	0.0	75.027
chr12	44473320	0.6970778496544079	75.027
chr12	44491252	2.808776100419279	75.0395
chr12	44557295	0.0	75.225
chr12	44609047	0.0	75.225
chr12	44614053	4.1397443428158756	75.225
chr12	44649804	58.461538461537764	75.373
chr12	44662804	0.0	76.133
chr12	44699502	3.485513962203365	76.133
chr12	44749136	0.0	76.306
chr12	44769970	0.0	76.306
chr12	44772225	1.1376046596289446	76.306
chr12	44794201	0.0	76.331
chr12	44819824	0.0	76.331
chr12	44871152	1.0524507066456161	76.331
chr12	44894431	0.4266502832956426	76.3555
chr12	44953027	0.0	76.3805
chr12	45009280	0.0	76.3805
chr12	45036585	0.10304943899887753	76.3805
chr12	45157886	0.0	76.393
chr12	45178481	0.42083114150448725	76.393
chr12	45235511	0.0	76.417
chr12	45365102	0.0	76.417
chr12	45372119	0.0	76.417
chr12	45415983	0.5654166919084568	76.417
chr12	45614067	0.0	76.529
chr12	45726397	0.0	76.529
chr12	45758524	0.0	76.529
chr12	45789799	0.0	76.529
chr12	45816229	0.0	76.529
chr12	45827404	0.21512701457486338	76.529
chr12	45883185	0.0	76.541
chr12	45892657	0.0	76.541
chr12	45994040	0.0	76.541
chr12	46014519	0.0	76.541
chr12	46079416	0.0	76.541
chr12	46137723	0.0	76.541
chr12	46161518	0.0	76.541
chr12	46183558	0.0	76.541
chr12	46200770	0.0	76.541
chr12	46225900	0.0	76.541
chr12	46287491	0.0	76.541
chr12	46301132	0.4184666367963968	76.541
chr12	46419421	0.0	76.5905
chr12	46440854	0.0	76.5905
chr12	46453875	0.0	76.5905
chr12	46488137	0.0	76.5905
chr12	46559865	0.2807853003277019	76.5905
chr12	46604383	0.0	76.603
chr12	46625069	2.1874076263672126	76.603
chr12	46675814	0.0	76.714
chr12	46713225	2.1079831361348296	76.714
chr12	46772049	0.6167082819410711	76.838
chr12	46871772	0.0	76.8995
chr12	46905184	0.0	76.8995
chr12	46926581	1.2845438133589755	76.8995
chr12	46955385	1.8002390600858145	76.9365
chr12	47023987	0.0	77.06
chr12	47038119	2.1914290773863057	77.06
chr12	47083295	0.0	77.159
chr12	47105573	3.6219912055511347	77.159
chr12	47184259	8.079466880448715	77.444
chr12	47224175	0.10002750756458405	77.7665
chr12	47344142	21.726862302483358	77.7785
chr12	47361862	8.072423034185702	78.1635
chr12	47377161	1.8649634196843468	78.287
chr12	47724889	0.0	78.9355
chr12	47789409	2.750543454150109	78.9355
chr12	47811950	0.3287663879980582	78.9975
chr12	47886471	1.7649797966142386	79.022
chr12	48019617	0.7773417419977384	79.257
chr12	48099376	3.1834655695953433	79.319
chr12	48181048	0.0	79.579
chr12	48198478	0.0	79.579
chr12	48288022	0.0	79.579
chr12	48321529	0.2574705469299055	79.579
chr12	48513784	0.0	79.6285
chr12	48591843	0.0	79.6285
chr12	48736426	0.0	79.6285
chr12	48780295	0.0	79.6285
chr12	48811797	0.0	79.6285
chr12	48832011	0.0	79.6285
chr12	48853727	7.214936869302205	79.6285
chr12	48874240	0.0	79.7765
chr12	48901100	0.0	79.7765
chr12	48942746	7.972270363951541	79.7765
chr12	48962941	0.6193548387097009	79.9375
chr12	48982316	0.7072020145037805	79.9495
chr12	49104629	0.0	80.036
chr12	49369629	0.6643271230166552	80.036
chr12	49537468	0.0	80.1475
chr12	49549788	1.0016998542983846	80.1475
chr12	49599204	0.0	80.197
chr12	49611795	1.2250098000782148	80.197
chr12	49642407	0.0	80.2345
chr12	49662063	2.642774268403138	80.2345
chr12	49685334	4.085237937506794	80.296
chr12	49721562	0.6154906691612456	80.444
chr12	49762180	1.787361623616577	80.469
chr12	49796868	1.9996761658029927	80.531
chr12	49858628	5.613772455089753	80.6545
chr12	49909396	8.605282319454727	80.9395
chr12	49939610	9.100954144331084	81.1995
chr12	50006581	0.0	81.809
chr12	50022040	0.0	81.809
chr12	50031640	0.0	81.809
chr12	50212104	0.6592448456622498	81.809
chr12	50306151	0.0	81.871
chr12	50364743	0.2869423655763243	81.871
chr12	50450126	2.324357512498962	81.8955
chr12	50529933	0.0	82.081
chr12	50561676	1.28600823045248	82.081
chr12	50590836	0.0	82.1185
chr12	50647762	0.0	82.1185
chr12	50679543	0.0	82.1185
chr12	50693289	0.09670010878762604	82.1185
chr12	50817384	0.6440153317198077	82.1305
chr12	50913655	0.0	82.1925
chr12	50976968	0.27922455352567493	82.1925
chr12	51064711	0.0	82.217
chr12	51084540	0.0	82.217
chr12	51161671	0.0	82.217
chr12	51214487	0.0	82.217
chr12	51248939	0.27488864205014524	82.217
chr12	51338066	0.0	82.2415
chr12	51361602	0.48193080758744555	82.2415
chr12	51439414	0.0	82.279
chr12	51469467	0.0	82.279
chr12	51663766	0.0	82.279
chr12	51694112	0.9741031123783865	82.279
chr12	51757247	3.1549722362441415	82.3405
chr12	51773095	1.088414711316963	82.3905
chr12	51852109	0.15858114279918353	82.4765
chr12	51930933	0.563892815253591	82.489
chr12	51997435	1.4672456491502004	82.5265
chr12	52056389	6.627117738228594	82.613
chr12	52075100	5.1426982950335525	82.737
chr12	52096684	4.724010018705841	82.848
chr12	52159766	1.0527364033402768	83.146
chr12	52230059	0.563901294717501	83.22
chr12	52252226	0.34956446157617604	83.2325
chr12	52358072	14.252972353531892	83.2695
chr12	52372034	0.0	83.4685
chr12	52402984	0.0	83.4685
chr12	52416114	0.54215759359477	83.4685
chr12	52622696	0.5279471371640521	83.5805
chr12	52740132	0.3844734251969378	83.6425
chr12	52772644	0.7305031235306249	83.655
chr12	52891740	0.9260288180165008	83.742
chr12	52918737	3.576161190581536	83.767
chr12	52977599	1.617130429933571	83.9775
chr12	53085197	6.670412819593718	84.1515
chr12	53188414	0.08211097462444307	84.84
chr12	53340647	2.1015538761991497	84.8525
chr12	53364201	0.0	84.902
chr12	53385771	0.0	84.902
chr12	53431595	1.155677997758563	84.902
chr12	53474427	0.8661833664964282	84.9515
chr12	53618161	0.0	85.076
chr12	53626770	0.0	85.076
chr12	53635859	0.0	85.076
chr12	53747559	0.0	85.076
chr12	53766692	0.0	85.076
chr12	53773835	16.80136112292705	85.076
chr12	53787941	1.312406256696127	85.313
chr12	53806609	1.7744887403515937	85.3375
chr12	53869444	0.0	85.449
chr12	53870190	0.8622077115859685	85.449
chr12	53913683	12.467391304347732	85.4865
chr12	53959683	5.096193205075628	86.06
chr12	53984113	4.232183126872832	86.1845
chr12	54016484	2.199500653905965	86.3215
chr12	54033306	5.8619855646218175	86.3585
chr12	54111863	1.6576050921622778	86.819
chr12	54126945	3.4314177658888854	86.844
chr12	54181150	0.5615453728662553	87.03
chr12	54203410	9.19993428618324	87.0425
chr12	54215584	0.6323670764406759	87.1545
chr12	54255118	0.0	87.1795
chr12	54264914	0.5863176903771541	87.1795
chr12	54307553	0.0	87.2045
chr12	54348758	3.001912508775981	87.2045
chr12	54390065	0.0	87.3285
chr12	54406033	4.820766378244678	87.3285
chr12	54434348	1.9314340898116669	87.465
chr12	54589673	13.59962698165971	87.765
chr12	54602541	8.34127740705437	87.94
chr12	54636109	5.109446670150849	88.22
chr12	54653332	0.0	88.308
chr12	54671148	0.0	88.308
chr12	54708216	13.56548856548834	88.308
chr12	54746696	4.710527952241733	88.83
chr12	54778858	2.126310292087968	88.9815
chr12	54832472	0.607998774427713	89.0955
chr12	54936913	48.45222072678324	89.159
chr12	54944343	0.6026796062493468	89.519
chr12	55009054	0.8296107211225922	89.558
chr12	55024724	0.0	89.571
chr12	55073129	7.487723051490075	89.571
chr12	55093696	0.9708012844451669	89.725
chr12	55120478	0.0	89.751
chr12	55252915	0.0	89.751
chr12	55276032	5.1355334256238505	89.751
chr12	55298425	0.0	89.866
chr12	55332424	2.744955828875865	89.866
chr12	55431697	0.0	90.1385
chr12	55475541	0.0	90.1385
chr12	55560500	0.0	90.1385
chr12	55575042	4.131946042999964	90.1385
chr12	55618484	2.8285824133577373	90.318
chr12	55636691	0.0	90.3695
chr12	55652734	1.3854843866557622	90.3695
chr12	55662117	3.1347962382457752	90.3825
chr12	55666264	3.040235618260755	90.3955
chr12	55687315	1.2944269401351691	90.4595
chr12	55737144	0.8671676968915702	90.524
chr12	55782118	0.0	90.563
chr12	55803415	0.0	90.563
chr12	55856413	6.681065514758799	90.563
chr12	55891138	0.0	90.795
chr12	55941333	0.288082258565023	90.795
chr12	55986459	2.1735997694300986	90.808
chr12	56028095	12.709797733467159	90.8985
chr12	56062950	0.0	91.3415
chr12	56124654	0.0	91.3415
chr12	56161320	0.0	91.3415
chr12	56197641	0.0	91.3415
chr12	56240723	0.0	91.3415
chr12	56285162	0.32897234101792217	91.3415
chr12	56324679	1.1642277587719678	91.3545
chr12	56380510	0.8837104581786034	91.4195
chr12	56469340	0.5248072342655129	91.498
chr12	56494111	0.0	91.511
chr12	56514693	4.242819843342419	91.511
chr12	56536141	10.665402618948708	91.602
chr12	56586772	0.9181642322464901	92.142
chr12	56658110	5.866105484677075	92.2075
chr12	56696125	1.6683222536359266	92.4305
chr12	56735386	3.8325098188269235	92.496
chr12	56814316	5.452478164246177	92.7985
chr12	56853014	0.7690942436248606	93.0095
chr12	56869917	3.3203515078891996	93.0225
chr12	56889945	3.9679702580968526	93.089
chr12	56959880	3.9380895686417494	93.3665
chr12	57003556	5.430491463863981	93.5385
chr12	57060549	2.959153973027987	93.848
chr12	57132698	0.0	94.0615
chr12	57170987	0.0	94.0615
chr12	57258582	2.393537448888093	94.0615
chr12	57308717	0.0	94.1815
chr12	57345388	2.5495750708202847	94.1815
chr12	57350683	3.700600474794825	94.195
chr12	57365005	2.515279736718367	94.248
chr12	57386275	3.2640317888311894	94.3015
chr12	57456740	0.6147447670801695	94.5315
chr12	57522621	0.0	94.572
chr12	57528059	3.3891422502652673	94.572
chr12	57560073	6.5847234416155	94.6805
chr12	57630691	0.5039324730487158	95.1455
chr12	57686254	6.304824561403158	95.1735
chr12	57706318	0.25042745375724396	95.3
chr12	57764219	0.0	95.3145
chr12	57806704	0.0	95.3145
chr12	57829315	0.0	95.3145
chr12	57885888	1.212173687172856	95.3145
chr12	57908987	1.4085065862561092	95.3425
chr12	57959395	0.4555737086841203	95.4135
chr12	57991223	0.0	95.428
chr12	58026677	1.060606060605742	95.428
chr12	58039877	0.5737940079515556	95.442
chr12	58064276	0.0	95.456
chr12	58107879	0.0	95.456
chr12	58129854	1.2929723151811372	95.456
chr12	58162724	7.1913703555721655	95.4985
chr12	58172736	0.9073300030584018	95.5705
chr12	58270826	0.0	95.6595
chr12	58284986	1.6986251396520773	95.6595
chr12	58328845	0.6038404251036822	95.734
chr12	58378527	0.26141126638250006	95.764
chr12	58491376	0.5418312058039993	95.7935
chr12	58545821	0.1435915108698828	95.823
chr12	58754747	0.9352787130565262	95.853
chr12	58802861	0.8245777364012744	95.898
chr12	58840456	0.0	95.929
chr12	58840733	0.3034218150497799	95.929
chr12	58891817	3.0002449179520196	95.9445
chr12	58908149	1.0920022989522706	95.9935
chr12	59021244	0.0	96.117
chr12	59042938	0.0	96.117
chr12	59116670	1.8249113247313513	96.117
chr12	59136123	0.0	96.1525
chr12	59267397	0.30916824373687946	96.1525
chr12	59320766	1.7231906498177567	96.169
chr12	59360808	4.995302223613975	96.238
chr12	59392738	0.0	96.3975
chr12	59677730	3.9262625912176734	96.3975
chr12	59850668	3.751128158845041	97.0765
chr12	59868396	0.0	97.143
chr12	59907220	4.102564102564258	97.143
chr12	59945245	0.0	97.299
chr12	60239463	0.0	97.299
chr12	60244775	0.712924498553483	97.299
chr12	60317714	0.0	97.351
chr12	60352652	0.24616675772412575	97.351
chr12	60834033	0.0	97.4695
chr12	60860103	6.294000612182578	97.4695
chr12	60886239	0.0	97.634
chr12	60925990	0.0	97.634
chr12	60999656	0.0	97.634
chr12	61028474	0.0	97.634
