Chromosome	Position(bp)	Rate(cM/Mb)	Map(cM)
chr16	112292	76.28979143798024	0.0
chr16	115025	0.8976660682226214	0.2085
chr16	158471	1.4555733693359199	0.2475
chr16	182173	0.0	0.282
chr16	194302	4.367592141581426	0.282
chr16	225097	1.057568741968228	0.4165
chr16	425084	4.888327012220822	0.628
chr16	436949	0.15619694397283468	0.686
chr16	510574	0.0	0.6975
chr16	514821	1.2859560067681906	0.6975
chr16	544371	1.762175027462467	0.7355
chr16	566219	4.8130368873168266	0.774
chr16	605799	0.465766185374941	0.9645
chr16	700267	1.037900874635568	1.0085
chr16	743142	1.8725160501375757	1.053
chr16	782394	0.0	1.1265
chr16	832220	7.638626933232739	1.1265
chr16	853428	0.6215650353310693	1.2885
chr16	883996	21.1252653927813	1.3075
chr16	888706	0.7346720691036983	1.407
chr16	911165	0.0	1.4235
chr16	933181	8.227767521802786	1.4235
chr16	964599	0.44938505203406165	1.682
chr16	985739	2.577811724269622	1.6915
chr16	1006687	2.2536753864947925	1.7455
chr16	1030426	7.630979498861048	1.799
chr16	1078716	7.719494047619048	2.1675
chr16	1105596	1.7033137194177734	2.375
chr16	1166947	4.246922997931555	2.4795
chr16	1235114	1.173054089237942	2.769
chr16	1305017	0.695974944901979	2.851
chr16	1348122	5.209208536380463	2.881
chr16	1360024	0.14239798201717152	2.943
chr16	1409182	1.8073822655918548	2.95
chr16	1468107	7.845322815742082	3.0565
chr16	1479770	15.449227538623065	3.148
chr16	1493104	3.6704730831973933	3.354
chr16	1512720	10.518526349172781	3.426
chr16	1531639	7.295256250458238	3.625
chr16	1586195	0.149342891278374	4.023
chr16	1629719	2.7361837753322833	4.0295
chr16	1646348	0.19600156801252253	4.075
chr16	1666756	4.045401629802129	4.079
chr16	1683936	0.26655609524933555	4.1485
chr16	1700818	0.0	4.153
chr16	1727076	0.0	4.153
chr16	1747297	0.2623790432610604	4.153
chr16	1794938	0.24350497312079533	4.1655
chr16	1901712	0.6819344206398908	4.1915
chr16	1954503	1.2017261156934638	4.2275
chr16	1972810	0.26897882978385906	4.2495
chr16	2004411	0.0	4.258
chr16	2019611	1.6489017136799706	4.258
chr16	2036592	0.31349118536550025	4.286
chr16	2090820	0.1226241569589074	4.303
chr16	2107130	0.760035928971196	4.305
chr16	2121603	1.4897329217554778	4.316
chr16	2158858	0.05109757593098767	4.3715
chr16	2207784	0.2723729973600874	4.374
chr16	2279377	1.4317445874702186	4.3935
chr16	2316744	1.5292746868627956	4.447
chr16	2371672	2.4596884394643306	4.531
chr16	2389967	1.9823116803904017	4.576
chr16	2406362	0.07644675483524883	4.6085
chr16	2458686	0.05300962124625035	4.6125
chr16	2496415	1.6355012811426837	4.6145
chr16	2514758	0.0	4.6445
chr16	2531895	0.0	4.6445
chr16	2559365	0.14240145819095412	4.6445
chr16	2576921	7.240010905455754	4.647
chr16	2609932	0.2747037124244437	4.886
chr16	2648155	1.7952109710336757	4.8965
chr16	2685198	0.14899798852713847	4.963
chr16	2698621	0.0995553195725796	4.965
chr16	2743822	0.0	4.9695
chr16	2764727	6.433385526584521	4.9695
chr16	2779416	0.04910686882327125	5.064
chr16	2860871	0.1950669729940687	5.068
chr16	2907009	0.6404000975848011	5.077
chr16	2923405	9.084213110729172	5.0875
chr16	2939697	2.0481810201892037	5.2355
chr16	2980709	0.5872128529149329	5.3195
chr16	3001996	2.7012425715829504	5.332
chr16	3024208	0.0	5.392
chr16	3038976	10.45956825140264	5.392
chr16	3103319	0.0	6.065
chr16	3124463	0.0	6.065
chr16	3127843	14.238253440911157	6.065
chr16	3132057	0.8758154143512901	6.125
chr16	3148613	1.4467999598111134	6.1395
chr16	3248143	2.1147161066048783	6.2835
chr16	3265403	0.12458730455365226	6.32
chr16	3281456	5.037050303342355	6.322
chr16	3326125	0.8035919283655273	6.547
chr16	3365324	1.0541621228644098	6.5785
chr16	3420344	0.345736635118199	6.6365
chr16	3443483	2.243639337739574	6.6445
chr16	3488722	0.0	6.746
chr16	3496111	1.0214336315260448	6.746
chr16	3556810	0.0	6.808
chr16	3584778	0.36484059272563707	6.808
chr16	3602594	0.1212121212121258	6.8145
chr16	3652094	4.496539180518386	6.8205
chr16	3671887	9.886936518036315	6.9095
chr16	3692318	4.573542564436125	7.1115
chr16	3716916	1.0157784248662343	7.224
chr16	3731683	0.25193147463889537	7.239
chr16	3803131	0.05255965520867005	7.257
chr16	3850696	1.6222479721900414	7.2595
chr16	3872271	3.753452730998839	7.2945
chr16	3917163	0.29302598163704957	7.463
chr16	3937639	8.93641957222384	7.469
chr16	3954704	3.8118871083472703	7.6215
chr16	3988152	2.427013717903652	7.749
chr16	4002367	2.2197309417040403	7.7835
chr16	4024667	0.8253473336695765	7.833
chr16	4046476	0.0	7.851
chr16	4062088	5.40799234266573	7.851
chr16	4082983	7.692676380368091	7.964
chr16	4124711	13.490258742548093	8.285
chr16	4157253	22.19020172910662	8.724
chr16	4181543	0.0	9.263
chr16	4202928	22.90791841631676	9.263
chr16	4216264	0.0	9.5685
chr16	4241082	19.056396970904757	9.5685
chr16	4261154	0.1773521326593757	9.951
chr16	4306262	0.0	9.959
chr16	4344298	16.708523397058094	9.959
chr16	4363809	0.15304560759106794	10.285
chr16	4432416	1.7162261380322836	10.2955
chr16	4486896	4.229486988107721	10.389
chr16	4506993	12.620162681784581	10.474
chr16	4527278	0.7000494152528192	10.73
chr16	4575846	5.731419322312762	10.764
chr16	4613533	0.3027275754548417	10.98
chr16	4646566	0.38431975403535773	10.99
chr16	4688198	0.2790859933716769	11.006
chr16	4716863	0.0	11.014
chr16	4768651	0.0	11.014
chr16	4795601	6.623620079150206	11.014
chr16	4819606	0.5197119311010227	11.173
chr16	4846544	5.26640688298159	11.187
chr16	4872463	1.6863406408094659	11.3235
chr16	4915159	2.155668915583351	11.3955
chr16	4945544	3.28977568320225	11.461
chr16	4978221	2.1845068055788777	11.5685
chr16	4990123	1.4181853747595563	11.5945
chr16	5020796	102.42813284956765	11.638
chr16	5024379	7.093056502518305	12.005
chr16	5069846	6.137658921525619	12.3275
chr16	5076689	19.23510830324896	12.3695
chr16	5085553	0.12975638239210224	12.54
chr16	5116380	4.1169656554271645	12.544
chr16	5148321	1.3205963665086804	12.6755
chr16	5188833	0.8932559178204894	12.729
chr16	5202267	1.3432251636777666	12.741
chr16	5258475	1.299545159194283	12.8165
chr16	5270787	1.8182723921490584	12.8325
chr16	5310935	9.401169221045961	12.9055
chr16	5329922	1.065624722493557	13.084
chr16	5408749	0.0	13.168
chr16	5424887	0.44108728014560816	13.168
chr16	5443024	0.0	13.176
chr16	5475167	11.66065299656778	13.176
chr16	5509256	12.725808710264674	13.5735
chr16	5537820	0.0	13.937
chr16	5579630	0.0	13.937
chr16	5582971	0.0	13.937
chr16	5599229	0.0	13.937
chr16	5606171	0.0	13.937
chr16	5632753	0.5918181145661457	13.937
chr16	5673306	1.1083078032077953	13.961
chr16	5728796	21.15197509243043	14.0225
chr16	5754491	0.3052569609488988	14.566
chr16	5800354	2.7744579136076277	14.58
chr16	5823782	0.3965266949836083	14.645
chr16	5898178	0.1183361931247067	14.6745
chr16	5915079	0.23066720489011935	14.6765
chr16	5932420	2.5574915789911654	14.6805
chr16	5956467	10.908440629470663	14.742
chr16	5978835	12.695082528740553	14.986
chr16	6025546	2.7621559747175572	15.579
chr16	6105918	3.099716297152426	15.801
chr16	6124952	4.668401991851593	15.86
chr16	6142624	0.4088808929958616	15.9425
chr16	6167081	8.808290155440398	15.9525
chr16	6180591	1.4221514306842584	16.0715
chr16	6198170	7.332326935518728	16.0965
chr16	6221355	6.777260772810052	16.2665
chr16	6260899	1.680090922567521	16.5345
chr16	6281136	3.2562241367613765	16.5685
chr16	6325359	11.444512784465354	16.7125
chr16	6348121	4.379847123807498	16.973
chr16	6366044	2.757890945112313	17.0515
chr16	6410462	4.8402710551790875	17.174
chr16	6454881	4.1822810429613035	17.389
chr16	6518124	0.22746227917204592	17.6535
chr16	6544502	5.249096338205187	17.6595
chr16	6576317	2.2743105355899726	17.8265
chr16	6600720	6.357942683621062	17.882
chr16	6627065	2.092361025133144	18.0495
chr16	6667450	0.12811068763415867	18.134
chr16	6698673	0.2869955156950356	18.138
chr16	6726548	0.8848297465521764	18.146
chr16	6775710	0.568027342991438	18.1895
chr16	6878698	1.688394956187233	18.248
chr16	6902093	0.7122869498854921	18.2875
chr16	6921748	1.8355195415678187	18.3015
chr16	6944085	6.084531527289821	18.3425
chr16	6999307	0.34136596960579846	18.6785
chr16	7078401	5.349794238683191	18.7055
chr16	7095411	0.09637625289123418	18.7965
chr16	7136915	0.22005281267509771	18.8005
chr16	7161909	0.7879063059212829	18.806
chr16	7236791	0.25142210628877937	18.865
chr16	7268610	0.5660195577821311	18.873
chr16	7310128	1.6284371655888028	18.8965
chr16	7396100	3.023261624565886	19.0365
chr16	7476146	1.3034673349966825	19.2785
chr16	7565523	1.0948042741999044	19.395
chr16	7755968	0.9197617379116859	19.6035
chr16	7824464	3.2770116684346458	19.6665
chr16	7850860	0.0	19.753
chr16	7854039	6.325685149776904	19.753
chr16	7885419	1.949729856706647	19.9515
chr16	7927989	1.5586938870200406	20.0345
chr16	7996957	1.85788338914628	20.142
chr16	8040555	0.8786756814767133	20.223
chr16	8264187	0.5359056806003933	20.4195
chr16	8271651	0.0	20.4235
chr16	8290018	0.49466080402006346	20.4235
chr16	8353698	0.0	20.455
chr16	8366999	2.4610151122885577	20.455
chr16	8433435	3.358522250209882	20.6185
chr16	8464401	0.39581317618085765	20.7225
chr16	8509877	3.2717142486934443	20.7405
chr16	8556183	1.6325642141924868	20.892
chr16	8579153	2.485700539904816	20.9295
chr16	8635274	2.258638881561601	21.069
chr16	8665602	3.1341022952347473	21.1375
chr16	8708517	0.5522794077373989	21.272
chr16	8818063	1.3479359730412819	21.3325
chr16	8841803	0.3280931505319587	21.3645
chr16	8913429	0.08716875871682755	21.388
chr16	8936373	0.0	21.39
chr16	8952162	0.9921947347533119	21.39
chr16	8967280	0.0	21.405
chr16	9009966	1.260467359375629	21.405
chr16	9055584	2.2693817468106263	21.4625
chr16	9096344	0.6247703050349374	21.555
chr16	9137159	0.24391235416074747	21.5805
chr16	9161758	1.504082509669086	21.5865
chr16	9194336	0.29170267934313987	21.6355
chr16	9240616	0.0	21.649
chr16	9287983	0.7524292716483917	21.649
chr16	9311241	0.8594141660102023	21.6665
chr16	9325204	0.14895853159990302	21.6785
chr16	9446043	0.17505712390357442	21.6965
chr16	9500311	0.14467941453064134	21.706
chr16	9541782	0.277998411437636	21.712
chr16	9592142	3.1943653955606512	21.726
chr16	9662422	0.07379451390497266	21.9505
chr16	9709851	0.0365346851166624	21.954
chr16	9819336	1.8776642533325023	21.958
chr16	9848894	9.366465361387888	22.0135
chr16	9874891	0.8687299591767376	22.257
chr16	9945684	0.3527775017390339	22.3185
chr16	10046314	0.39950829748003974	22.354
chr16	10095124	0.6426900434458104	22.3735
chr16	10134023	0.33567989565154216	22.3985
chr16	10186156	0.1284274064084564	22.416
chr16	10201729	0.5073566717402097	22.418
chr16	10229323	0.2969341548512609	22.432
chr16	10256265	0.05881891616344039	22.44
chr16	10281767	0.6196426727253451	22.4415
chr16	10330182	4.160557184750804	22.4715
chr16	10357462	2.931725738027974	22.585
chr16	10460473	2.0635942041848794	22.887
chr16	10595674	1.2517915132163615	23.166
chr16	10650795	0.47407407407402186	23.235
chr16	10667670	1.4092864560154814	23.243
chr16	10708116	0.41766225693027237	23.3
chr16	10759593	0.3570918440222115	23.3215
chr16	10787597	1.1211815257460993	23.3315
chr16	10872775	0.4540295119183457	23.427
chr16	10894800	0.11213276519397733	23.437
chr16	10966144	3.4293186731072223	23.445
chr16	11041086	2.2653013103378448	23.702
chr16	11159834	0.0	23.971
chr16	11166002	0.0	23.971
chr16	11175657	1.3280212483399554	23.971
chr16	11192976	0.0065965453891818895	23.994
chr16	11799354	0.0928842240367419	23.998
chr16	12036208	2.8886554621856053	24.02
chr16	12038112	3.236692246540206	24.0255
chr16	12161386	0.0	24.4245
chr16	12230919	0.0	24.4245
chr16	12268644	0.0	24.4245
chr16	12290628	0.0	24.4245
chr16	12343710	0.026432449986047452	24.4245
chr16	12476123	4.045916447120743	24.428
chr16	12481437	0.0	24.4495
chr16	12520950	0.0	24.4495
chr16	12594872	1.9603294281405512	24.4495
chr16	12637977	0.0	24.534
chr16	12724063	0.10838799184923445	24.534
chr16	12885520	0.0	24.5515
chr16	13165499	2.7053526036749385	24.5515
chr16	13220575	0.0	24.7005
chr16	13302478	0.0	24.7005
chr16	13315544	0.09719117504125238	24.7005
chr16	13336122	0.0	24.7025
chr16	13344616	1.2091898428053391	24.7025
chr16	13388447	0.0	24.7555
chr16	13395964	0.03624074728418891	24.7555
chr16	13506337	0.09693403353917253	24.7595
chr16	13681714	0.0	24.7765
chr16	13722003	0.988272044340938	24.7765
chr16	13866700	0.0	24.9195
chr16	13875768	0.0	24.9195
chr16	14077888	0.0	24.9195
chr16	14177397	0.0	24.9195
chr16	14220456	4.8172043010752725	24.9195
chr16	14266956	0.049879576451124404	25.1435
chr16	14337125	0.0	25.147
chr16	14440262	0.1378866571678133	25.147
chr16	14483776	0.09133254178464133	25.153
chr16	14549470	0.13131792908831996	25.159
chr16	14907380	0.0	25.206
chr16	14938503	0.13887924449683298	25.206
chr16	14952904	0.10103561505434037	25.208
chr16	14992494	0.14192897243424493	25.212
chr16	15087612	0.1306749779659761	25.2255
chr16	15806954	1.0255454036919582	25.3195
chr16	15833769	2.9406451353901044	25.347
chr16	15883588	0.0	25.4935
chr16	15933003	0.0	25.4935
chr16	15940216	0.0	25.4935
chr16	15946282	0.0	25.4935
chr16	15956971	0.0373399051566202	25.4935
chr16	16010533	0.017596185147050365	25.4955
chr16	16124194	0.04660918200887131	25.4975
chr16	16210014	0.0	25.5015
chr16	16286186	0.03800114003421371	25.5015
chr16	16391446	0.0	25.5055
chr16	16394773	0.0	25.5055
chr16	16420456	0.0	25.5055
chr16	16461773	0.2287544321170971	25.5055
chr16	16496745	0.4298828684743153	25.5135
chr16	16604914	2.9532226773011523	25.56
chr16	16628109	0.0	25.6285
chr16	16650413	0.018133188267849352	25.6285
chr16	16760708	0.10036480424497798	25.6305
chr16	16875290	0.0	25.642
chr16	16896474	0.0	25.642
chr16	16914410	0.9680542110357114	25.642
chr16	16922674	0.09402030838672641	25.65
chr16	16943946	0.0	25.652
chr16	16966717	0.0	25.652
chr16	16980264	0.40946687412980143	25.652
chr16	17004686	0.0	25.662
chr16	17029906	0.0	25.662
chr16	17062817	0.0	25.662
chr16	17111426	0.0	25.662
chr16	17132913	0.10148724951104168	25.662
chr16	17187107	0.0	25.6675
chr16	17188922	0.12662635727630933	25.6675
chr16	17220511	0.0	25.6715
chr16	17229003	1.7025641025640699	25.6715
chr16	17253378	0.0	25.713
chr16	17270957	5.155752307941354	25.713
chr16	17289480	0.38273649636052187	25.8085
chr16	17361331	0.19823391602095486	25.836
chr16	17389076	0.0	25.8415
chr16	17416208	0.0	25.8415
chr16	17470642	1.3938388792829781	25.8415
chr16	17498981	0.0689964466829576	25.881
chr16	17527968	0.901778306821128	25.883
chr16	17555691	22.105263157893084	25.908
chr16	17557116	1.5774259343497588	25.9395
chr16	17625265	0.0	26.047
chr16	17641449	0.9214163485586453	26.047
chr16	17679434	3.6411784177424504	26.082
chr16	17724749	0.0	26.247
chr16	17728503	1.4837307201269543	26.247
chr16	17757484	0.0818483700482321	26.29
chr16	17800246	0.4990323640744996	26.2935
chr16	17882405	5.453970595984632	26.3345
chr16	17901382	10.468257541648038	26.438
chr16	17914708	3.0135432177550547	26.5775
chr16	17971120	17.39587619439498	26.7475
chr16	17992993	0.06893936782595883	27.128
chr16	18022004	0.12218217362101803	27.13
chr16	18038373	2.0385839299920043	27.132
chr16	18098709	10.018443997317418	27.255
chr16	18110637	2.690449961867615	27.3745
chr16	18157841	9.793096826844637	27.5015
chr16	18178672	1.1345948277478302	27.7055
chr16	18231995	0.850464110414544	27.766
chr16	18273149	0.7011217948718689	27.801
chr16	18298109	0.08847208705648463	27.8185
chr16	18320715	0.5945164599459333	27.8205
chr16	18363607	2.1442709478778026	27.846
chr16	18381795	0.6282393591955054	27.885
chr16	18388162	0.19400039908655572	27.889
chr16	18478368	0.19667617268157062	27.9065
chr16	18488537	4.829362524146996	27.9085
chr16	18490090	1.45526960784312	27.916
chr16	18522730	2.526019904277191	27.9635
chr16	18549056	0.9694973208514523	28.03
chr16	18597019	0.24705866641738763	28.0765
chr16	18896543	0.0	28.1505
chr16	18942720	0.15126304643776098	28.1505
chr16	18982386	3.5571232139654385	28.1565
chr16	19015840	0.0	28.2755
chr16	19065198	0.0	28.2755
chr16	19088029	0.0	28.2755
chr16	19137959	0.0	28.2755
chr16	19189083	0.06356672917391512	28.2755
chr16	19220546	0.27298164198466773	28.2775
chr16	19235199	0.0	28.2815
chr16	19252487	0.0	28.2815
chr16	19287858	0.0	28.2815
chr16	19319756	0.0	28.2815
chr16	19329236	0.0	28.2815
chr16	19331833	0.0	28.2815
chr16	19357238	0.08497018962514306	28.2815
chr16	19427851	0.14311014114236092	28.2875
chr16	19483752	1.6663818150743588	28.2955
chr16	19553964	6.261789981135957	28.4125
chr16	19573048	11.761725535610989	28.532
chr16	19586864	6.454028152141321	28.6945
chr16	19620254	11.821620835152148	28.91
chr16	19634000	0.0	29.0725
chr16	19669218	9.000297530496777	29.0725
chr16	19682662	2.9718621561808787	29.1935
chr16	19698477	2.9489847169405277	29.2405
chr16	19768162	1.7233348858872395	29.446
chr16	19789632	3.8651315789473206	29.483
chr16	19807872	0.6723844245883503	29.5535
chr16	19941724	2.8848675583531125	29.6435
chr16	19953163	1.7578037529669541	29.6765
chr16	19997821	5.567153792623526	29.755
chr16	20015065	0.5042035849441333	29.851
chr16	20103323	3.468876469454747	29.8955
chr16	20108512	3.0777984688599154	29.9135
chr16	20147176	1.5377311756935363	30.0325
chr16	20195624	3.8475411807142037	30.107
chr16	20220575	4.557112759915765	30.203
chr16	20264243	0.048013443764227386	30.402
chr16	20305898	5.316308200223362	30.404
chr16	20326495	4.805557731985715	30.5135
chr16	20364784	0.1774544163966897	30.6975
chr16	20387325	22.613065326633105	30.7015
chr16	20402847	1.4425744405400953	31.0525
chr16	20429882	2.2546321967754963	31.0915
chr16	20525463	0.7171029042667895	31.307
chr16	20542197	11.708433593520773	31.319
chr16	20559236	0.6555411960817392	31.5185
chr16	20612627	0.3439200909145768	31.5535
chr16	20646065	0.2592688618096681	31.565
chr16	20676921	0.2313074654485246	31.573
chr16	20694214	0.7455429497567629	31.577
chr16	20709639	0.0	31.5885
chr16	20733341	3.9252069654581585	31.5885
chr16	20754359	14.780719309280206	31.671
chr16	20771848	0.20012007204311502	31.9295
chr16	20791836	5.998163241878075	31.9335
chr16	20826680	0.044286979628043496	32.1425
chr16	20871840	7.184124591811137	32.1445
chr16	20891745	0.3066771007381016	32.2875
chr16	20986307	0.0	32.3165
chr16	20997040	0.0	32.3165
chr16	21045107	7.320973464594632	32.3165
chr16	21065118	7.876040011218175	32.463
chr16	21086512	0.0	32.6315
chr16	21114784	0.0	32.6315
chr16	21132483	4.0118372078831985	32.6315
chr16	21165261	2.1997274673934113	32.763
chr16	21190946	0.0	32.8195
chr16	21238717	2.98501482490586	32.8195
chr16	21263675	1.4291775529800599	32.894
chr16	21308456	24.403142943487488	32.958
chr16	21321692	1.1640065500030503	33.281
chr16	21372379	1.1569515557305299	33.34
chr16	21392691	1.383503540676834	33.3635
chr16	21447624	1.9891193471606632	33.4395
chr16	21477034	0.04088892523465018	33.498
chr16	21525947	0.0	33.5
chr16	21544005	3.127421676076595	33.5
chr16	21562071	1.4513788098693379	33.5565
chr16	21587564	2.474783456447566	33.5935
chr16	21667571	2.6737967914439515	33.7915
chr16	21672620	8.17630065463418	33.805
chr16	21710351	4.40904394627442	34.1135
chr16	21751970	15.628870064893254	34.297
chr16	21772157	5.921841285063532	34.6125
chr16	21793012	4.508518069712739	34.736
chr16	21821070	4.073295138637118	34.8625
chr16	21862437	4.122417887708866	35.031
chr16	21884754	5.065494387789344	35.123
chr16	21929567	0.9186351706033985	35.35
chr16	21944807	1.654417613184423	35.364
chr16	21976238	0.09208527096102234	35.416
chr16	21997957	0.29151371194127645	35.418
chr16	22044267	2.040238871762803	35.4315
chr16	22111416	11.155115511550953	35.5685
chr16	22118991	6.700616456714018	35.653
chr16	22137646	0.0	35.778
chr16	22166325	12.003919647231623	35.778
chr16	22170407	0.0	35.827
chr16	22180842	0.0	35.827
chr16	22204968	0.03047804818583143	35.827
chr16	22270589	0.021900527802746813	35.829
chr16	22361911	0.0	35.831
chr16	22442205	7.503971856559186	35.831
chr16	22477453	1.347094775094977	36.0955
chr16	22653016	0.3037974683544419	36.332
chr16	22672766	0.8635274214013726	36.338
chr16	22729510	0.2531356153645635	36.387
chr16	22790742	0.3965915786610682	36.4025
chr16	22834868	3.9311517212069753	36.42
chr16	22867810	2.8697519923942187	36.5495
chr16	22953009	1.9935892424361634	36.794
chr16	22978591	1.3680583704905263	36.845
chr16	22998327	3.5792449389019807	36.872
chr16	23020259	2.500290731480775	36.9505
chr16	23028858	10.850694444443828	36.972
chr16	23031162	0.3440268340928686	36.997
chr16	23042789	2.14346956273229	37.001
chr16	23046288	6.235450615231364	37.0085
chr16	23052302	4.0735188685393995	37.046
chr16	23067645	5.9555496406708155	37.1085
chr16	23082673	0.20563085833748232	37.198
chr16	23141030	1.5728854837890713	37.21
chr16	23160739	6.382244710211561	37.241
chr16	23186827	15.858631626644176	37.4075
chr16	23189034	2.7311991869913714	37.4425
chr16	23196906	2.199120351859245	37.464
chr16	23221916	15.647226173541881	37.519
chr16	23225431	0.521618175495557	37.574
chr16	23242685	5.764362220058411	37.583
chr16	23294035	6.091824254398352	37.879
chr16	23315293	3.4110814049970117	38.0085
chr16	23336987	14.129353233830793	38.0825
chr16	23357087	2.7478597072631605	38.3665
chr16	23393297	2.1461786097531013	38.466
chr16	23435232	0.9379469177764074	38.556
chr16	23489073	0.9505240068243109	38.6065
chr16	23509588	1.2022769653547818	38.626
chr16	23550344	0.9671496951021525	38.675
chr16	23580846	0.2783267869205131	38.7045
chr16	23740730	3.645001433427474	38.749
chr16	23789564	2.5551175354063798	38.927
chr16	23796413	2.2109549250480325	38.9445
chr16	23873529	1.5591323886824837	39.115
chr16	23917143	0.46968061718028786	39.183
chr16	23967177	1.4475096128051526	39.2065
chr16	24056641	1.2862989670629994	39.336
chr16	24082296	0.20577434468786396	39.369
chr16	24177060	1.317222937506193	39.3885
chr16	24328515	0.4817883985353815	39.588
chr16	24344082	2.133256343630635	39.5955
chr16	24406428	42.98323690847078	39.7285
chr16	24419910	12.172140010503826	40.308
chr16	24452279	0.0	40.702
chr16	24464531	1.9394584727715978	40.702
chr16	24477679	0.0378963723697339	40.7275
chr16	24583230	0.2768791349713715	40.7315
chr16	24617541	0.06781040211576742	40.741
chr16	24647035	0.05443361820247507	40.743
chr16	24683777	0.22758306781991683	40.745
chr16	24699156	0.21693150387753038	40.7485
chr16	24717595	0.22004620970430677	40.7525
chr16	24726684	0.3530034712008135	40.7545
chr16	24743681	0.07334470176206581	40.7605
chr16	24798218	0.07239294892686302	40.7645
chr16	24825845	0.029203475213586103	40.7665
chr16	24894330	1.486774365346908	40.7685
chr16	24916862	0.17885888034341585	40.802
chr16	24967181	0.3109211037697461	40.811
chr16	24980046	0.25519366363585777	40.815
chr16	25032947	1.4596551321475	40.8285
chr16	25058638	0.2661437176075845	40.866
chr16	25094333	1.3692322605661054	40.8755
chr16	25135597	0.0	40.932
chr16	25190383	0.09141290064555295	40.932
chr16	25277898	0.0	40.94
chr16	25310215	0.05866478939347777	40.94
chr16	25344307	0.0	40.942
chr16	25379671	0.23266635644484343	40.942
chr16	25480674	0.0	40.9655
chr16	25512807	0.3077198518469168	40.9655
chr16	25602174	8.066713079274772	40.993
chr16	25635211	0.11200427339379947	41.2595
chr16	25751278	0.1799835111879591	41.2725
chr16	25837397	0.07731037215282976	41.288
chr16	25940876	0.0	41.296
chr16	25956414	0.16269862790824413	41.296
chr16	26030170	0.18531330302432011	41.308
chr16	26070642	0.0882651485061157	41.3155
chr16	26274573	0.0	41.3335
chr16	26287448	0.4322726385362928	41.3335
chr16	26323305	0.08304636201570445	41.349
chr16	26413616	0.10479983232027226	41.3565
chr16	26542433	0.0	41.37
chr16	26576665	0.7576714231595186	41.37
chr16	26584584	0.016196430306780186	41.376
chr16	26708068	0.0	41.378
chr16	26741737	0.0	41.378
chr16	26877367	0.0	41.378
chr16	27006632	0.025831783426359323	41.378
chr16	27084056	0.16420830180055213	41.38
chr16	27154089	0.0	41.3915
chr16	27155685	0.12879958784132378	41.3915
chr16	27202269	1.0133437099729234	41.3975
chr16	27263946	0.11983223487132678	41.46
chr16	27280636	0.19489032989610006	41.462
chr16	27308857	0.36968576709710516	41.4675
chr16	27314267	0.18484039871756663	41.4695
chr16	27463044	0.08245042668098561	41.497
chr16	27560072	0.24864282458249667	41.505
chr16	27608334	0.0	41.517
chr16	27618318	0.7312996239020885	41.517
chr16	27623104	0.1296609170563092	41.5205
chr16	27877614	0.0	41.5535
chr16	27910606	0.1456310679611706	41.5535
chr16	27993006	0.4973392350921575	41.5655
chr16	28013113	0.12636899747262484	41.5755
chr16	28060593	0.0	41.5815
chr16	28082910	0.0	41.5815
chr16	28118638	0.0	41.5815
chr16	28188551	0.19220912352640399	41.5815
chr16	28235375	2.2640710960643102	41.5905
chr16	28306265	0.39070130884951515	41.751
chr16	28326741	0.0	41.759
chr16	28370918	0.0	41.759
chr16	28441774	0.032124901617528054	41.759
chr16	28504031	0.0	41.761
chr16	28631919	0.016899885080742066	41.761
chr16	28750263	0.0	41.763
chr16	28752545	0.0	41.763
chr16	28795213	0.3182986348525337	41.763
chr16	28837626	0.31761156106092864	41.7765
chr16	28862814	1.337599190210185	41.7845
chr16	28918137	1.829500919085757	41.8585
chr16	28975803	0.0	41.964
chr16	29007627	0.0	41.964
chr16	29030968	0.036477490348665396	41.964
chr16	29195453	0.0	41.97
chr16	29252377	0.0	41.97
chr16	29292557	0.04324137334607032	41.97
chr16	29338809	0.1435853255793911	41.972
chr16	29352738	0.17779313007350883	41.974
chr16	29451167	0.0	41.9915
chr16	29471610	0.0	41.9915
chr16	29510913	0.0	41.9915
chr16	29555246	0.0	41.9915
chr16	29597058	0.0990589400691104	41.9915
chr16	29617248	0.06457167455876267	41.9935
chr16	29640478	0.0	41.995
chr16	29698357	0.15782828282847572	41.995
chr16	29723701	0.0	41.999
chr16	29748149	0.06068206642663768	41.999
chr16	29847025	0.0	42.005
chr16	29891002	4.00565504241297	42.005
chr16	29897368	0.42705178973506014	42.0305
chr16	29910247	0.0	42.036
chr16	29934787	0.13164412354019497	42.036
chr16	30158876	0.862254796292337	42.0655
chr16	30172793	0.12239125310511606	42.0775
chr16	30283095	26.096033402922757	42.091
chr16	30287885	0.698938648718639	42.216
chr16	30307200	2.703878667329701	42.2295
chr16	30387640	0.0	42.447
chr16	30409709	0.06170649306569864	42.447
chr16	30474532	0.055252688964198354	42.451
chr16	30501680	0.9600438877205366	42.4525
chr16	30589176	0.0	42.5365
chr16	30605251	0.12925805874282115	42.5365
chr16	30756112	0.5419687013076805	42.556
chr16	30770873	0.2132954141486039	42.564
chr16	30827133	0.03831564427760536	42.576
chr16	30879331	0.0	42.578
chr16	30879505	11.149228130356565	42.578
chr16	30881254	0.024817926665305197	42.5975
chr16	31102868	0.2374362314121119	42.603
chr16	31176572	5.336300467777815	42.6205
chr16	31198591	0.1810938065917142	42.738
chr16	31220679	1.1673538323980739	42.742
chr16	31240810	0.0	42.7655
chr16	31262409	0.2832472931609375	42.7655
chr16	31371854	0.1344718617626127	42.7965
chr16	31386727	0.0	42.7985
chr16	31452343	0.0	42.7985
chr16	31468847	0.0	42.7985
chr16	31483714	0.1690545623602083	42.7985
chr16	31507375	0.0	42.8025
chr16	31521753	0.12173258670675373	42.8025
chr16	31566934	0.1895554923706231	42.808
chr16	31577485	0.085034013605403	42.81
chr16	31689205	0.0	42.8195
chr16	31722381	0.0	42.8195
chr16	31744120	0.0	42.8195
chr16	31768958	1.247623574144534	42.8195
chr16	31794206	0.0	42.851
chr16	31831941	0.0	42.851
chr16	31864109	0.0	42.851
chr16	31926533	1.1061377784639184	42.851
chr16	31945970	0.24998214413248687	42.8725
chr16	32001974	0.43044560477613536	42.8865
chr16	32055407	0.6319904760504896	42.9095
chr16	32123446	0.06202383782834104	42.9525
chr16	32220183	0.23229703046963596	42.9585
chr16	32246012	0.0	42.9645
chr16	32300795	0.051440329218169864	42.9645
chr16	32339675	0.21090574430546208	42.9665
chr16	32365753	4.1622904267319925	42.972
chr16	32391460	0.04804112320151916	43.079
chr16	32433091	1.5943877551020218	43.081
chr16	32462883	1.5418323460195043	43.1285
chr16	32475206	0.045002981447495954	43.1475
chr16	32564089	0.0	43.1515
chr16	32612904	0.21006317172475927	43.1515
chr16	32743817	1.4057464170608522	43.179
chr16	32772983	0.2611735397720523	43.22
chr16	32922309	0.0	43.259
chr16	32932796	0.3892642246384296	43.259
chr16	33008580	0.0	43.2885
chr16	33030271	0.0	43.2885
chr16	33056411	0.0	43.2885
chr16	33070122	0.09617234083484465	43.2885
chr16	33106515	0.771208226221109	43.292
chr16	33139580	0.3539274891056305	43.3175
chr16	33184787	0.1584427342690132	43.3335
chr16	33206877	0.8829887647290553	43.337
chr16	33239720	0.581673852049567	43.366
chr16	33283559	0.17228705320224857	43.3915
chr16	33327091	0.6118317129062297	43.399
chr16	33372038	2.1213845915043166	43.4265
chr16	33391365	0.5117572958219804	43.4675
chr16	33467573	0.0	43.5065
chr16	33493718	0.09295840111528417	43.5065
chr16	33515233	0.12304250559295178	43.5085
chr16	33559933	0.0	43.514
chr16	33589982	1.1344178082191196	43.514
chr16	33636702	2.345996670198184	43.567
chr16	33649916	0.18601882510506362	43.598
chr16	33703674	0.6091932804135362	43.608
chr16	33757844	0.041903245406407934	43.641
chr16	33805573	0.0667359784197112	43.643
chr16	33947925	0.046614613681280476	43.6525
chr16	33990830	0.0	43.6545
chr16	34002361	0.06777133950060805	43.6545
chr16	34031872	0.0	43.6565
chr16	34053897	0.07512825466321926	43.6565
chr16	34100484	0.047838115816080204	43.66
chr16	34225907	0.0	43.666
chr16	34240626	0.0907832323370983	43.666
chr16	34284687	0.07972733252272793	43.67
chr16	34334858	0.044552360161333994	43.674
chr16	34379749	1.2262415695863513	43.676
chr16	34381380	0.36098911016185714	43.678
chr16	34398001	0.05964096141237086	43.684
chr16	34431535	0.0	43.686
chr16	34431536	0.03341296757275581	43.686
chr16	34491393	0.0	43.688
chr16	34545055	0.0	43.688
chr16	34641554	0.0	43.688
chr16	34691842	0.0	43.688
chr16	34707201	0.0	43.688
chr16	34719088	0.2378404090853718	43.688
chr16	34735906	0.10427218018240188	43.692
chr16	34769472	0.32041343669242073	43.6955
chr16	34817847	0.10561613814594398	43.711
chr16	34893593	0.011953048425783977	43.719
chr16	35019084	0.08151952392579029	43.7205
chr16	35043618	0.12924071082406746	43.7225
chr16	35059093	0.927195033459491	43.7245
chr16	35071496	0.05101650383905426	43.736
chr16	35149902	0.09954210631073755	43.74
chr16	35169994	0.0	43.742
chr16	35179889	0.32456994482321777	43.742
chr16	35204537	0.13628155769825	43.75
chr16	35263239	0.3698152869960946	43.758
chr16	35314616	0.31264942803546997	43.777
chr16	35396177	1.1722184233662651	43.8025
chr16	35406414	0.0	43.8145
chr16	35444990	0.10359259105789147	43.8145
chr16	35517389	7.230499561786623	43.822
chr16	35521953	0.5707179120243218	43.855
chr16	35580651	0.0	43.8885
chr16	35614962	0.4813516353921995	43.8885
chr16	35739611	0.710741958860412	43.9485
chr16	35775489	0.40008171881925886	43.974
chr16	35834227	0.042054165765450645	43.9975
chr16	35917453	0.2237828248716578	44.001
chr16	36040340	0.9186485658875514	44.0285
chr16	36089325	0.20617493943599727	44.0735
chr16	36108726	0.12776500127762852	44.0775
chr16	36198735	0.3753031294507244	44.089
chr16	36302651	0.6056580181306425	44.128
chr16	36353835	0.5846243788364811	44.159
chr16	36370940	0.3814313564829348	44.169
chr16	36477119	1.2831479897348648	44.2095
chr16	36486471	0.02968019588932914	44.2215
chr16	36553856	0.38169326402269793	44.2235
chr16	36608874	0.16980331116457414	44.2445
chr16	36644209	0.6024840882406961	44.2505
chr16	36741307	0.04124179030616759	44.309
chr16	36838296	0.09086365907933937	44.313
chr16	36860307	0.0	44.315
chr16	36925525	0.28474614880848303	44.315
chr16	36960644	0.4186557344961352	44.325
chr16	37052605	0.0	44.3635
chr16	37083812	0.06921373200439132	44.3635
chr16	37141604	0.0	44.3675
chr16	37225712	0.23246932235197346	44.3675
chr16	37285935	0.8369576589098235	44.3815
chr16	37352844	0.05551777262693144	44.4375
chr16	37424893	0.0	44.4415
chr16	37451698	0.015122758996169739	44.4415
chr16	37583949	0.49777556544187657	44.4435
chr16	37616092	0.0658482993810449	44.4595
chr16	37760363	0.01475143826519648	44.469
chr16	37895943	0.1778925325798016	44.471
chr16	37994317	0.8524742211795516	44.4885
chr16	38067633	0.17795055712213556	44.551
chr16	38177214	0.3365668683574385	44.5705
chr16	38310917	0.0	44.6155
chr16	38383591	0.12166190157552623	44.6155
chr16	38432908	0.0725105799528674	44.6215
chr16	38508759	0.36126109413291513	44.627
chr16	38611178	0.04084717031218142	44.664
chr16	38660141	0.8394019828037419	44.666
chr16	38704220	8.201872918106835	44.703
chr16	38720131	1.0501132296004272	44.8335
chr16	38829643	0.15520720161379317	44.9485
chr16	38842529	0.3550281615558507	44.9505
chr16	38925621	0.0	44.98
chr16	39005496	0.17057233579133088	44.98
chr16	39119817	0.23303603584523835	44.9995
chr16	39167020	0.0	45.0105
chr16	39179599	4.239070640390908	45.0105
chr16	39210502	0.037285607755451984	45.1415
chr16	39264142	0.09901886450823438	45.1435
chr16	39440876	0.1729156459840407	45.161
chr16	39475575	0.0	45.167
chr16	39578930	0.25142474019444466	45.167
chr16	39710182	0.11262880421758219	45.2
chr16	40127482	0.0	45.247
chr16	40203541	0.2346200942055629	45.247
chr16	40427307	0.9742547987230431	45.2995
chr16	40451428	0.14637277520095324	45.323
chr16	40823765	1.0202744444653282	45.3775
chr16	40877182	0.025416782277725907	45.432
chr16	41349311	0.0	45.444
chr16	41369737	0.16119375489316978	45.444
chr16	41391450	2.012543293082433	45.4475
chr16	41412816	0.4317256691748036	45.4905
chr16	41534421	1.1570178391115538	45.543
chr16	41558189	0.14956861263296842	45.5705
chr16	41621705	0.23005679681780372	45.58
chr16	41823829	0.11325761252955133	45.6265
chr16	41947441	0.025679050388702395	45.6405
chr16	42103210	0.036149205847146114	45.6445
chr16	42324515	0.2785209692529236	45.6525
chr16	42442998	0.05447809980394542	45.6855
chr16	42479710	0.0	45.6875
chr16	42509939	0.05111298525396622	45.6875
chr16	42549068	0.0	45.6895
chr16	42634215	0.0464770403419627	45.6895
chr16	42677247	0.0	45.6915
chr16	42794904	0.27467081976499624	45.6915
chr16	42971479	0.0	45.74
chr16	42980555	0.0	45.74
chr16	43045221	0.07275152323502049	45.74
chr16	43210166	0.13812379141679187	45.752
chr16	43333244	0.0	45.769
chr16	43376625	0.0	45.769
chr16	43386173	0.05151850802407059	45.769
chr16	43424994	0.0	45.771
chr16	43444096	0.0	45.771
chr16	43498641	0.0	45.771
chr16	43542844	0.0	45.771
chr16	43585530	0.0	45.771
chr16	43609683	0.0	45.771
chr16	43633748	0.17799928800279452	45.771
chr16	43712400	0.08551802043683075	45.785
chr16	43963809	0.0	45.8065
chr16	43976695	0.0	45.8065
chr16	44056585	0.0	45.8065
chr16	44083200	0.0	45.8065
chr16	44108581	0.0	45.8065
chr16	44187539	0.14238744919351334	45.8065
chr16	44226166	0.41227504122768954	45.812
chr16	44254060	0.0	45.8235
chr16	44279881	0.24608829795046305	45.8235
chr16	44416011	0.08089960359204126	45.857
chr16	44440733	0.3171582619727364	45.859
chr16	44459651	0.22409322278068525	45.865
chr16	44553362	3.356043401463426	45.886
chr16	44573177	0.7228958409096811	45.9525
chr16	44685918	0.4076456200742975	46.034
chr16	44719035	2.551020408162758	46.0475
chr16	44722955	0.5570482993644083	46.0575
chr16	44753473	0.29660388551099925	46.0745
chr16	44780445	0.9159132541509101	46.0825
chr16	44797368	0.05954330286697704	46.098
chr16	44864546	2.7725585445215466	46.102
chr16	44886367	1.138455576010005	46.1625
chr16	44907009	0.13878465761311476	46.186
chr16	45004282	0.09508414947239917	46.1995
chr16	45025316	0.0	46.2015
chr16	45050195	0.0	46.2015
chr16	45053507	3.0030030029960044	46.2015
chr16	45054173	0.0	46.2035
chr16	45062314	0.40135684507633435	46.2035
chr16	45100933	0.7466666666664423	46.219
chr16	45119683	0.4590793372564912	46.233
chr16	45143644	0.28954734099026286	46.244
chr16	45164366	0.5067588194351068	46.25
chr16	45246259	0.6642584189156813	46.2915
chr16	45313251	0.8335921282751496	46.336
chr16	45374432	0.7641170627340398	46.387
chr16	45452954	0.8411522919231534	46.447
chr16	45510613	1.8233277091386075	46.4955
chr16	45528986	1.563851733546185	46.529
chr16	45544013	0.421387770390502	46.5525
chr16	45608087	0.872423307904498	46.5795
chr16	45682019	1.6807852628748152	46.644
chr16	45719204	27.090858571826534	46.7065
chr16	45722803	0.19479507558049672	46.804
chr16	45761305	0.0	46.8115
chr16	45790346	0.5804564527949532	46.8115
chr16	45944535	0.012837794466880666	46.901
chr16	46100325	0.34101909706950095	46.903
chr16	46145777	0.9393680614858818	46.9185
chr16	46333137	0.21512500914283125	47.0945
chr16	46565560	0.48964166505750156	47.1445
chr16	46638062	0.34378043889304	47.18
chr16	46655515	1.0762232331076689	47.186
chr16	46700580	0.6516598707852258	47.2345
chr16	46754289	0.4688607826544018	47.2695
chr16	46841735	0.18790652854734513	47.3105
chr16	46945510	1.779287476242488	47.33
chr16	46994968	1.0086956521740336	47.418
chr16	47023718	0.4274854562012552	47.447
chr16	47077521	0.7925724637680388	47.47
chr16	47099601	1.701724041734083	47.4875
chr16	47135447	0.5099699117752245	47.5485
chr16	47253101	0.0	47.6085
chr16	47263761	0.033445654991357106	47.6085
chr16	47502955	0.0	47.6165
chr16	47529007	0.2722111321390571	47.6165
chr16	48030456	0.0	47.753
chr16	48044289	0.0	47.753
chr16	48064703	1.991254099640869	47.753
chr16	48077509	0.9019550485105318	47.7785
chr16	48118531	1.4426297078674168	47.8155
chr16	48157349	0.5881324410675245	47.8715
chr16	48220260	1.8696744927359257	47.9085
chr16	48269199	0.0	48.0
chr16	48320431	1.550068587105618	48.0
chr16	48356881	0.8342497440369522	48.0565
chr16	48383252	0.7751079614661431	48.0785
chr16	48428407	0.0	48.1135
chr16	48483495	1.3970606856149306	48.1135
chr16	48601958	0.4229447528414257	48.279
chr16	48620873	0.2240825543112994	48.287
chr16	48794916	0.012912445014505468	48.326
chr16	48911083	0.024501546660119344	48.3275
chr16	49074338	0.020585450203821114	48.3315
chr16	49171494	0.39389914349836724	48.3335
chr16	49280659	1.9537609899056423	48.3765
chr16	49283730	0.0	48.3825
chr16	49303752	0.0	48.3825
chr16	49307590	0.5145722481332747	48.3825
chr16	49353259	0.05609232797181056	48.406
chr16	49424570	0.5443328898028512	48.41
chr16	49441104	1.3744472331780484	48.419
chr16	49508040	4.675606426153472	48.511
chr16	49561509	0.24289956006031682	48.761
chr16	49818817	0.40247195679258024	48.8235
chr16	49857329	0.0	48.839
chr16	49944430	0.1529675708749803	48.839
chr16	49993460	0.0	48.8465
chr16	50050007	0.039594551789722134	48.8465
chr16	50100519	0.1308329699084219	48.8485
chr16	50146379	0.08265897387148191	48.8545
chr16	50267358	0.045450930039630744	48.8645
chr16	50355365	0.0	48.8685
chr16	50435125	0.09459436217603825	48.8685
chr16	50551411	0.08753884536258115	48.8795
chr16	50597105	0.2218770800977	48.8835
chr16	50633161	0.12496399342561784	48.8915
chr16	50869229	0.42669117405711504	48.921
chr16	50899696	0.0823825019566851	48.934
chr16	50948250	0.31751791708240434	48.938
chr16	51047457	0.3222100809729392	48.9695
chr16	51083148	1.514131897711852	48.981
chr16	51121784	0.3970859188038864	49.0395
chr16	51216222	0.03787960778374533	49.077
chr16	51308620	0.15863162976754352	49.0805
chr16	51381115	0.7209805335256221	49.092
chr16	51389437	0.7315288953922621	49.098
chr16	51392171	2.4107277384359893	49.1
chr16	51425356	0.48709971402542207	49.18
chr16	51457177	0.39687901101125656	49.1955
chr16	51516389	3.905410247223026	49.219
chr16	51530344	0.23843586075346637	49.2735
chr16	51555508	0.9867921663883061	49.2795
chr16	51588443	2.741385355902127	49.312
chr16	51619814	3.439124783362092	49.398
chr16	51656742	0.26528884902538935	49.525
chr16	51735901	2.026581204637537	49.546
chr16	51778337	0.17529361680818997	49.632
chr16	51858203	2.421479951570324	49.646
chr16	51886285	0.3165332462016614	49.714
chr16	51935253	0.33946635888384746	49.7295
chr16	51979440	1.0600215479790072	49.7445
chr16	52036986	2.9985143312677907	49.8055
chr16	52092180	0.8739434415111039	49.971
chr16	52130512	0.05532984491838849	50.0045
chr16	52193769	0.43116457551838966	50.008
chr16	52216962	0.6649196229514861	50.018
chr16	52293663	0.5466187724502497	50.069
chr16	52306469	0.5292600724316804	50.076
chr16	52624838	1.5516066467473517	50.2445
chr16	52720223	0.8906922658221922	50.3925
chr16	52740432	0.24759479343537782	50.4105
chr16	52754568	0.0	50.414
chr16	52806719	0.30485481289537014	50.414
chr16	52846082	0.1765820143191267	50.426
chr16	52877229	0.1289349022004939	50.4315
chr16	52981933	0.5623506256150923	50.445
chr16	53003272	0.059906545788572095	50.457
chr16	53028311	0.0	50.4585
chr16	53059422	0.0	50.4585
chr16	53094470	0.0	50.4585
chr16	53124186	0.021624426952712182	50.4585
chr16	53216674	0.46030542618856024	50.4605
chr16	53272072	0.0	50.486
chr16	53300503	0.14796182584911183	50.486
chr16	53314020	0.0	50.488
chr16	53339503	2.641118591403518	50.488
chr16	53349158	4.062410123669814	50.5135
chr16	53363066	1.1539349180705085	50.57
chr16	53393397	1.4993926510781013	50.605
chr16	53472429	1.1792452830188254	50.7235
chr16	53553837	3.399465002229286	50.8195
chr16	53580753	0.13441763559347664	50.911
chr16	53595632	1.3534416086620775	50.913
chr16	53618906	0.12323509735581496	50.9445
chr16	53647307	7.066948151858805	50.948
chr16	53675254	1.9185710890013166	51.1455
chr16	53704703	0.7217677758448658	51.202
chr16	53731720	0.7594704657649024	51.2215
chr16	53808089	0.9255994358251409	51.2795
chr16	53842121	0.3364879074659378	51.311
chr16	53865896	0.32849969496458137	51.319
chr16	53929823	0.17700681476195582	51.34
chr16	53941122	0.15606343607097267	51.342
chr16	54142963	0.23925855034510474	51.3735
chr16	54182669	0.8523695874530366	51.383
chr16	54203200	0.05126102111951229	51.4005
chr16	54281232	1.7164179104478263	51.4045
chr16	54341532	0.0	51.508
chr16	54347501	0.0	51.508
chr16	54359855	0.0	51.508
chr16	54401899	0.09188642837447816	51.508
chr16	54445431	0.5212959030003672	51.512
chr16	54497225	0.05001062725826467	51.539
chr16	54577208	0.8564109559971469	51.543
chr16	54643181	1.2247959949170706	51.5995
chr16	54708498	0.10713233521720783	51.6795
chr16	54745835	2.3327836544262492	51.6835
chr16	54770698	1.0249256217169727	51.7415
chr16	54840947	2.11042525678876	51.8135
chr16	54881934	1.25726645937547	51.9
chr16	54918919	2.019041973844972	51.9465
chr16	54945912	0.5517635999509752	52.001
chr16	54970379	2.1355820830139893	52.0145
chr16	55006903	2.960229129423454	52.0925
chr16	55058926	4.0873200185787715	52.2465
chr16	55080456	3.9382950897634132	52.3345
chr16	55114100	0.2606972783204242	52.467
chr16	55142869	4.060352698092281	52.4745
chr16	55163680	1.2291723572794784	52.559
chr16	55185646	3.1077670810358393	52.586
chr16	55207044	2.5704897180409745	52.6525
chr16	55225912	0.8631783797355945	52.701
chr16	55257771	0.9578296098787474	52.7285
chr16	55296400	0.66584989080058	52.7655
chr16	55333946	6.600956868951944	52.7905
chr16	55361745	1.068099430347011	52.974
chr16	55531673	0.890670229347486	53.1555
chr16	55549637	1.4209968186638424	53.1715
chr16	55643937	17.547723935388408	53.3055
chr16	55650747	0.0	53.425
chr16	55653062	0.0	53.425
chr16	55655094	0.1426838838554929	53.425
chr16	55669111	1.456915158558854	53.427
chr16	55789571	3.7151702786377427	53.6025
chr16	55831561	0.0	53.7585
chr16	55851756	0.31210986267167223	53.7585
chr16	55870980	1.1665888940743252	53.7645
chr16	55879552	9.476876421531223	53.7745
chr16	55891423	28.58974358974346	53.887
chr16	55899223	3.3646275884607606	54.11
chr16	55966541	2.009738399847204	54.3365
chr16	56071281	0.05322404662432989	54.547
chr16	56108858	0.8860125582649443	54.549
chr16	56212694	0.4721160123100058	54.641
chr16	56298478	0.7775617883922744	54.6815
chr16	56316483	1.9888747319680553	54.6955
chr16	56348662	0.24684212318270032	54.7595
chr16	56466146	0.1327844907714829	54.7885
chr16	56556518	0.4360583033613838	54.8005
chr16	56704434	2.30814718730319	54.865
chr16	56756857	1.0798471600942607	54.986
chr16	56919380	1.32437801532522	55.1615
chr16	56929951	4.521411671435852	55.1755
chr16	57010678	0.04532023276470647	55.5405
chr16	57231330	0.9587923296613023	55.5505
chr16	57280350	1.0930888575460478	55.5975
chr16	57308710	0.7614903453902458	55.6285
chr16	57510945	3.742463095155731	55.7825
chr16	57539803	0.0	55.8905
chr16	57565582	0.08787861034624506	55.8905
chr16	57582651	0.0	55.892
chr16	57607135	1.3365392364935529	55.892
chr16	57681581	0.0	55.9915
chr16	57973282	0.2450797132151862	55.9915
chr16	58093651	0.25857992828717635	56.021
chr16	58296683	0.0	56.0735
chr16	58355611	3.1189214568377928	56.0735
chr16	58370520	0.7324956201293452	56.12
chr16	58436732	0.0	56.1685
chr16	58502261	3.112051801761415	56.1685
chr16	58613763	0.18129322500504277	56.5155
chr16	58688228	0.41138575729988314	56.529
chr16	58745352	0.0	56.5525
chr16	58869434	0.456498388829106	56.5525
chr16	58906674	0.14234875444857253	56.5695
chr16	58920724	0.17398112304805283	56.5715
chr16	58943715	0.9411692098807329	56.5755
chr16	59008528	0.3889791799856698	56.6365
chr16	59268182	0.35743278446204374	56.7375
chr16	59350715	0.6226954164731963	56.767
chr16	59391666	0.0	56.7925
chr16	59459410	0.0	56.7925
chr16	59495950	0.036697247706466866	56.7925
chr16	59550450	0.39784127862733065	56.7945
chr16	59608262	0.0	56.8175
chr16	59624533	3.351286654697771	56.8175
chr16	59674663	0.3640629424376175	56.9855
chr16	59724105	0.0	57.0035
chr16	59747430	0.0	57.0035
chr16	59815208	0.7260406582767415	57.0035
chr16	59862726	0.0	57.038
chr16	59940393	0.15150367396427877	57.038
chr16	59953594	0.5944308697808016	57.04
chr16	60120981	3.507416563658898	57.1395
chr16	60153341	1.7806518122818236	57.253
chr16	60196022	1.178146747766786	57.329
chr16	60214271	0.24836306163941954	57.3505
chr16	60236416	0.5924170616113968	57.356
chr16	60279460	0.0	57.3815
chr16	60317804	0.01764072891487765	57.3815
chr16	60431178	1.5305790147848	57.3835
chr16	60477239	0.7749501817740243	57.454
chr16	60617248	0.12843359180597974	57.5625
chr16	60679537	0.19658917776565504	57.5705
chr16	60699884	0.13479450577591776	57.5745
chr16	60774071	0.05492694716034396	57.5845
chr16	60810483	0.29655225766518134	57.5865
chr16	60849262	0.0	57.598
chr16	60867484	0.02171983890086756	57.598
chr16	61028627	0.03773774781121206	57.6015
chr16	61187619	0.4905327185322285	57.6075
chr16	61228391	0.5148177992660566	57.6275
chr16	61250729	0.5540874605743652	57.639
chr16	61285922	0.021254662741664924	57.6585
chr16	61380019	0.9803921568625803	57.6605
chr16	61391749	0.03484563384212217	57.672
chr16	61506541	0.6965031967710245	57.676
chr16	61590532	0.8250558125991189	57.7345
chr16	61621439	5.844155844156066	57.76
chr16	61626059	0.713088882827444	57.787
chr16	61754374	2.475503904874258	57.8785
chr16	61802647	0.10655301012266619	57.998
chr16	61821417	0.4023363254207671	58.0
chr16	61893496	0.6352432981831279	58.029
chr16	61964335	0.6491097922848911	58.074
chr16	61996687	0.0	58.095
chr16	62026615	1.775416152509574	58.095
chr16	62066324	0.5256206366748246	58.1655
chr16	62251819	0.0	58.263
chr16	62264677	0.06010605379269428	58.263
chr16	62489280	2.025992736440826	58.2765
chr16	62555914	82.11521926053418	58.4115
chr16	62558240	0.7025555457978558	58.6025
chr16	62785980	2.10161492515283	58.7625
chr16	62813102	4.950320935549128	58.8195
chr16	62869967	1.517495834325218	59.101
chr16	62886771	2.8582823717097603	59.1265
chr16	62909337	0.0	59.191
chr16	62943893	0.9097381536270741	59.191
chr16	62994457	0.32399907428826186	59.237
chr16	63037667	15.510391198044237	59.251
chr16	63044211	1.13217041261326	59.3525
chr16	63056135	0.7531301973829011	59.366
chr16	63088002	0.2854346762357284	59.39
chr16	63100264	0.0	59.3935
chr16	63117863	0.0	59.3935
chr16	63156075	0.4495897493536652	59.3935
chr16	63191663	0.0	59.4095
chr16	63207558	3.5080751919511033	59.4095
chr16	63230220	2.0317210643600676	59.489
chr16	63245478	25.00229168576391	59.52
chr16	63267296	1.0739102969046523	60.0655
chr16	63291041	33.139622263413486	60.091
chr16	63311002	0.0	60.7525
chr16	63346904	0.0	60.7525
chr16	63457941	0.05224660397080576	60.7525
chr16	63496221	0.0	60.7545
chr16	63527621	1.9344212058530432	60.7545
chr16	63553727	0.06960879855213963	60.805
chr16	63639923	0.0	60.811
chr16	63653438	0.0	60.811
chr16	63677725	0.0	60.811
chr16	63683624	2.1508252259480662	60.811
chr16	63773357	0.0	61.004
chr16	63780228	0.0	61.004
chr16	63856105	0.0	61.004
chr16	63874045	0.397750543461135	61.004
chr16	64001009	0.6779661016957438	61.0545
chr16	64003959	3.3056450245805626	61.0565
chr16	64009858	0.0	61.076
chr16	64043275	10.418653442685427	61.076
chr16	64064247	0.4313133491486833	61.2945
chr16	64068884	0.10660054800578415	61.2965
chr16	64195525	0.0	61.31
chr16	64244677	0.0	61.31
chr16	64269020	0.0	61.31
chr16	64295496	0.2633796881584592	61.31
chr16	64323972	0.0	61.3175
chr16	64339221	0.36148933606459976	61.3175
chr16	64355819	0.23108030040426247	61.3235
chr16	64373129	0.7979226961672324	61.3275
chr16	64410100	0.5401373492116771	61.357
chr16	64448979	0.5740528128586688	61.378
chr16	64466399	0.21880641102811052	61.388
chr16	64484680	0.0	61.392
chr16	64498192	0.28435345133985807	61.392
chr16	64512259	0.5656108597286692	61.396
chr16	64529055	6.630961489415613	61.4055
chr16	64540818	0.634100516674519	61.4835
chr16	64562108	0.0	61.497
chr16	64575445	0.5505026328385864	61.497
chr16	64596335	0.5539398975212055	61.5085
chr16	64632440	0.0	61.5285
chr16	64648193	3.9677291363577747	61.5285
chr16	64663315	15.360565486304568	61.5885
chr16	64678028	1.0229597635826713	61.8145
chr16	64695624	0.9911031208222043	61.8325
chr16	64717317	0.4430333013365006	61.854
chr16	64730860	5.056436354146315	61.86
chr16	64746187	0.0	61.9375
chr16	64771399	0.1679402132839778	61.9375
chr16	64795217	0.13420245398782596	61.9415
chr16	64821297	2.8831302557063045	61.945
chr16	64850432	1.7010839465147267	62.029
chr16	64875710	0.34916201117311485	62.072
chr16	64904350	0.0	62.082
chr16	64927270	0.9469696969697329	62.082
chr16	64933606	4.404094085227882	62.088
chr16	64953928	0.4074526799272393	62.1775
chr16	64980925	3.52310743997394	62.1885
chr16	65014702	0.39244824915755927	62.3075
chr16	65110256	2.47650495301	62.345
chr16	65133878	0.6247753376353818	62.4035
chr16	65192299	0.5315822388993322	62.44
chr16	65240269	0.6065455296303562	62.4655
chr16	65279013	0.4006410256410821	62.489
chr16	65336421	1.18916616378533	62.512
chr16	65364592	1.1592813750761113	62.5455
chr16	65441795	1.5235242472756674	62.635
chr16	65461158	0.11751571772738964	62.6645
chr16	65478177	0.8788841007032749	62.6665
chr16	65495813	0.0	62.682
chr16	65518831	0.48088945313248654	62.682
chr16	65570818	0.0	62.707
chr16	65577623	0.4156403940886857	62.707
chr16	65610103	0.0	62.7205
chr16	65688787	1.1265991980140826	62.7205
chr16	65714972	0.6705130204273564	62.75
chr16	65747037	2.417058472948589	62.7715
chr16	65762138	9.114489516535777	62.808
chr16	65803775	1.9509657280354515	63.1875
chr16	65849906	16.822894034390323	63.2775
chr16	65866015	14.342685230532807	63.5485
chr16	65880308	6.1721530249111085	63.7535
chr16	65925268	1.3269671978669229	64.031
chr16	66005903	2.94478914049925	64.138
chr16	66037654	0.0	64.2315
chr16	66059442	2.5456665371162113	64.2315
chr16	66136632	0.42386351594778043	64.428
chr16	66183817	1.3640309180341939	64.448
chr16	66208010	0.0	64.481
chr16	66254740	2.599887885875606	64.481
chr16	66306473	1.040273443305207	64.6155
chr16	66373763	0.5498533724340384	64.6855
chr16	66384675	1.109467455621344	64.6915
chr16	66419827	0.20707149143193443	64.7305
chr16	66439144	5.2333413934850475	64.7345
chr16	66468093	5.169246099710741	64.886
chr16	66500206	1.180423136293086	65.052
chr16	66533245	1.905269196099683	65.091
chr16	66557651	6.432699202767259	65.1375
chr16	66581358	0.9040527239268636	65.29
chr16	66861762	0.37859666834933287	65.5435
chr16	66877610	0.0	65.5495
chr16	66911346	1.4961915125136585	65.5495
chr16	66933402	0.0	65.5825
chr16	66956814	0.3765178375325674	65.5825
chr16	66988685	5.398063662325038	65.5945
chr16	67003042	0.0	65.672
chr16	67010587	0.058517174791080505	65.672
chr16	67044765	1.176470588234979	65.674
chr16	67071115	11.846901579587326	65.705
chr16	67074407	2.0448319765421994	65.744
chr16	67100326	8.821695760598542	65.797
chr16	67132406	0.08639842014323627	66.08
chr16	67172916	4.008995795443123	66.0835
chr16	67193370	0.5529225908376779	66.1655
chr16	67225020	8.135275577135543	66.183
chr16	67248498	0.1251407833819015	66.374
chr16	67264480	3.5227669733312243	66.376
chr16	67281654	0.2726143078132932	66.4365
chr16	67360520	0.785001004071168	66.458
chr16	67415297	0.0	66.501
chr16	67438505	0.8166465227188278	66.501
chr16	67469118	3.3716191181918753	66.526
chr16	67509603	2.589694151449859	66.6625
chr16	67536054	1.2923713167418838	66.731
chr16	67590218	1.094466105752181	66.801
chr16	67604837	0.1626333593548311	66.817
chr16	67650953	0.38983540282972584	66.8245
chr16	67685583	1.2310514627791866	66.838
chr16	67706297	0.0	66.8635
chr16	67744660	3.027584660236243	66.8635
chr16	67749119	0.8727296678689174	66.877
chr16	67809848	0.7917424197990386	66.93
chr16	67826899	1.7280711760008969	66.9435
chr16	67914569	3.113979140091484	67.095
chr16	67927896	1.9185440991063194	67.1365
chr16	67946139	2.898211305951689	67.1715
chr16	67980298	0.07515971439291014	67.2705
chr16	68006908	0.0	67.2725
chr16	68055378	0.0	67.2725
chr16	68110032	0.9207314461908775	67.2725
chr16	68133383	0.2893012365946309	67.294
chr16	68207700	1.8037115549110867	67.3155
chr16	68234589	1.0951782950262643	67.364
chr16	68268830	6.245120999219068	67.4015
chr16	68277797	0.0391155963662089	67.4575
chr16	68380058	0.3794256444308696	67.4615
chr16	68422227	0.6261121729384844	67.4775
chr16	68452573	0.5131099594645757	67.4965
chr16	68472062	1.631425446591342	67.5065
chr16	68526922	0.6032512065025863	67.596
chr16	68542670	0.05776673791217546	67.6055
chr16	68577292	4.9019607843133155	67.6075
chr16	68589226	3.6325153023285153	67.666
chr16	68624188	1.4155673082592162	67.793
chr16	68675051	2.324093098454061	67.865
chr16	68764118	3.608007448789598	68.072
chr16	68785598	1.8631060639667123	68.1495
chr16	68830684	1.9250615225846273	68.2335
chr16	68881072	11.388470691078483	68.3305
chr16	68901663	0.081160925883884	68.565
chr16	69024875	0.0756258035239862	68.575
chr16	69051321	0.1637392080975838	68.577
chr16	69084911	0.09459395544669866	68.5825
chr16	69106054	0.4728250049765338	68.5845
chr16	69126146	2.008937722930859	68.594
chr16	69150537	4.317770695150426	68.643
chr16	69196973	3.288768141845955	68.8435
chr16	69224947	9.605911330046125	68.9355
chr16	69226977	2.5089218124797155	68.955
chr16	69411917	8.99268391816837	69.419
chr16	69441441	0.0	69.6845
chr16	69445154	0.4980630879909023	69.6845
chr16	69472259	1.4211185699060869	69.698
chr16	69525738	0.17025623563463657	69.774
chr16	69560979	0.0	69.78
chr16	69565479	0.19488745249619083	69.78
chr16	69596266	3.3344759886565276	69.786
chr16	69628355	1.3203817524785515	69.893
chr16	69693109	1.3389914304547983	69.9785
chr16	69765925	1.9785734967672535	70.076
chr16	69786647	0.029262582910514073	70.117
chr16	69837907	0.6123230003829063	70.1185
chr16	69864037	5.487431023911773	70.1345
chr16	69880347	0.8891523414345328	70.224
chr16	69924209	0.0	70.263
chr16	69943665	1.441894711007395	70.263
chr16	70025155	8.306812665192101	70.3805
chr16	70043694	0.0	70.5345
chr16	70049838	0.0	70.5345
chr16	70071032	1.8440769177242495	70.5345
chr16	70114143	0.0	70.614
chr16	70139505	0.0	70.614
chr16	70152280	0.0	70.614
chr16	70172660	0.0	70.614
chr16	70184836	0.0	70.614
chr16	70224172	7.795899615229684	70.614
chr16	70258998	0.1064367632581594	70.8855
chr16	70296579	0.043712025178024624	70.8895
chr16	70342333	0.39232610145573055	70.8915
chr16	70367822	1.6944520360757536	70.9015
chr16	70386117	0.08085054776227266	70.9325
chr16	70435591	2.076940348776368	70.9365
chr16	70489035	1.2568077084206593	71.0475
chr16	70515292	0.0	71.0805
chr16	70551773	0.7269513655280763	71.0805
chr16	70586851	0.0	71.106
chr16	70588210	0.2986857825571153	71.106
chr16	70601602	0.0	71.11
chr16	70616813	0.057066768118971364	71.11
chr16	70643098	0.7125044531511717	71.1115
chr16	70645905	0.9083227714407767	71.1135
chr16	70669575	0.6320541760720448	71.135
chr16	70691725	0.0	71.149
chr16	70736509	0.1466490687780715	71.149
chr16	70750147	1.8318852716429812	71.151
chr16	70769253	2.2169558902221818	71.186
chr16	70782334	3.7812979049557414	71.215
chr16	70792119	642.8571428575056	71.252
chr16	70792140	3.2783278327832983	71.2655
chr16	70814865	0.8860131433720291	71.34
chr16	70913622	0.0	71.4275
chr16	70930428	2.139015645371948	71.4275
chr16	70954972	0.7458975634011529	71.48
chr16	70997203	0.07762167197063334	71.5115
chr16	71022969	0.14001680201654876	71.5135
chr16	71062250	1.6066573288286754	71.519
chr16	71074387	1.3678721039587367	71.5385
chr16	71086084	5.676855895196032	71.5545
chr16	71096389	0.49724443707787896	71.613
chr16	71120522	1.568786681924033	71.625
chr16	71147613	5.369825047634107	71.6675
chr16	71153386	0.0	71.6985
chr16	71168095	0.16262806960501255	71.6985
chr16	71192691	0.8091269520191857	71.7025
chr16	71205050	5.649717514124294	71.7125
chr16	71227175	18.07264552768546	71.8375
chr16	71244079	0.4614868266485853	72.143
chr16	71255997	0.49452926995089114	72.1485
chr16	71272174	0.05346592883710401	72.1565
chr16	71309581	1.7900053945362924	72.1585
chr16	71329972	4.255319148936332	72.195
chr16	71343367	0.732484076432998	72.252
chr16	71359067	1.5033072760075576	72.2635
chr16	71384012	2.8087963280123875	72.301
chr16	71398609	12.489475161380668	72.342
chr16	71412861	23.623209803632616	72.52
chr16	71426407	7.429935324914677	72.84
chr16	71439395	1.4143920595534036	72.9365
chr16	71479695	0.6820792647905463	72.9935
chr16	71507551	0.05298013245020765	73.0125
chr16	71545301	4.45417484523611	73.0145
chr16	71558547	2.2883295194507616	73.0735
chr16	71596129	1.8706225257757154	73.1595
chr16	71619116	7.605848052058092	73.2025
chr16	71630949	1.3384695743012802	73.2925
chr16	71692213	0.39590632856258334	73.3745
chr16	71742730	3.2923328153396367	73.3945
chr16	71780697	13.028953229399159	73.5195
chr16	71798657	16.980816417577763	73.7535
chr16	71816589	15.552832500706867	74.058
chr16	71837807	23.47180006754438	74.388
chr16	71858534	9.462969043852272	74.8745
chr16	71892033	8.980981451044352	75.1915
chr16	71909069	5.607704498354185	75.3445
chr16	71925475	2.507522567703109	75.4365
chr16	71950400	9.081927344581407	75.499
chr16	71963558	3.7400111503438342	75.6185
chr16	71985082	7.651109410864412	75.699
chr16	72016450	2.358688066992479	75.939
chr16	72052275	0.0	76.0235
chr16	72072530	20.51683633516057	76.0235
chr16	72091685	0.2153740866729722	76.4165
chr16	72340090	0.0	76.47
chr16	72348369	2.039706282297359	76.47
chr16	72352046	4.841450511398129	76.4775
chr16	72383235	2.5772427971278167	76.6285
chr16	72416798	17.853536744322607	76.715
chr16	72471269	0.20058168689199438	77.6875
chr16	72501182	0.10599208592375292	77.6935
chr16	72515334	3.1637085098402973	77.695
chr16	72533983	0.5654788618614862	77.754
chr16	72589688	0.009604902342133051	77.7855
chr16	72797915	0.0	77.7875
chr16	72802056	0.1985702938849831	77.7875
chr16	72812128	0.9310986964620923	77.7895
chr16	72822331	6.372549019607474	77.799
chr16	72841711	0.0	77.9225
chr16	72852336	0.0	77.9225
chr16	72868185	1.290897995587636	77.9225
chr16	72889488	2.9129565430038777	77.95
chr16	72959005	0.0	78.1525
chr16	72978738	0.09959167413581012	78.1525
chr16	72998820	18.721056261700436	78.1545
chr16	73019118	6.486630703941219	78.5345
chr16	73139057	0.27674000276773825	79.3125
chr16	73153511	0.0	79.3165
chr16	73168336	0.2999009023104905	79.3165
chr16	73206682	0.9289055502103835	79.328
chr16	73236825	6.568799531940166	79.356
chr16	73255626	1.0323281716923853	79.4795
chr16	73292436	2.2394744699911273	79.5175
chr16	73312530	0.4752406324047039	79.5625
chr16	73387229	1.6830194084364767	79.598
chr16	73401192	1.6086192061653648	79.6215
chr16	73427923	2.9987459789538526	79.6645
chr16	73446264	6.564551422319724	79.7195
chr16	73469114	5.8167570825793735	79.8695
chr16	73485704	2.3801865551628265	79.966
chr16	73501249	1.3871549452071037	80.003
chr16	73515667	0.12410027302119321	80.023
chr16	73531783	1.2843565373745198	80.025
chr16	73547355	2.495663563311819	80.045
chr16	73575604	3.5670356703569555	80.1155
chr16	73595929	0.56882821387943	80.188
chr16	73627573	4.9875874520425105	80.206
chr16	73649728	3.86294927779579	80.3165
chr16	73667590	0.0	80.3855
chr16	73679713	10.680907877169568	80.3855
chr16	73691697	0.2641682223242362	80.5135
chr16	73720088	2.6349206349205843	80.521
chr16	73735838	1.391962309943153	80.5625
chr16	73749847	0.6021738475901073	80.582
chr16	73783060	0.0	80.602
chr16	73795708	0.7545271629778958	80.602
chr16	73803660	0.0	80.608
chr16	73812543	0.24784117294103278	80.608
chr16	73850874	0.0	80.6175
chr16	73858211	3.8551401869154804	80.6175
chr16	73871051	3.703703703703844	80.667
chr16	73906691	3.354209795340796	80.799
chr16	73944852	0.49152125829414883	80.927
chr16	73961128	0.6543788853746567	80.935
chr16	73997804	6.973706387999091	80.959
chr16	74021536	1.2869350355196996	81.1245
chr16	74050675	3.8532566233394507	81.162
chr16	74078833	0.1405678942929488	81.2705
chr16	74121517	5.521912350597706	81.2765
chr16	74184267	6.452955870108256	81.623
chr16	74265935	0.09635303752928356	82.15
chr16	74286692	15.203271590089127	82.152
chr16	74307477	6.778040274496559	82.468
chr16	74343033	17.000000000000213	82.709
chr16	74359533	0.0	82.9895
chr16	74372958	0.0	82.9895
chr16	74392614	0.09757287474059465	82.9895
chr16	74433609	0.0	82.9935
chr16	74439018	0.21085925144991505	82.9935
chr16	74457988	0.5652112477038508	82.9975
chr16	74479219	0.0	83.0095
chr16	74499444	8.147667459802404	83.0095
chr16	74513313	1.887191788070114	83.1225
chr16	74541662	2.47368421052616	83.176
chr16	74598662	8.297324629953536	83.317
chr16	74620416	0.05028410519423088	83.4975
chr16	74660190	3.7600676367195507	83.4995
chr16	74705136	2.3332662173846423	83.6685
chr16	74789567	1.6129032258061309	83.8655
chr16	74801967	4.6241403841595305	83.8855
chr16	74835703	0.0	84.0415
chr16	74876787	3.1151667715541076	84.0415
chr16	74892677	15.70166830225729	84.091
chr16	74903886	2.816901408454147	84.267
chr16	74906726	20.70063694267217	84.275
chr16	74907982	36.13118399110649	84.301
chr16	74916977	0.6100613189836577	84.626
chr16	74948941	3.416740327735141	84.6455
chr16	75037183	0.0	84.947
chr16	75047829	0.29539188656952675	84.947
chr16	75068141	0.8067050811943235	84.953
chr16	75115866	0.22605681561299928	84.9915
chr16	75142408	0.29186428310819285	84.9975
chr16	75169818	5.062372246738123	85.0055
chr16	75222165	2.962988046459845	85.2705
chr16	75251696	0.33422459892970235	85.358
chr16	75263664	1.2199577255291603	85.362
chr16	75340306	0.0	85.4555
chr16	75361239	0.9570994257401142	85.4555
chr16	75370120	1.9500216669071417	85.464
chr16	75390889	2.528445006321208	85.5045
chr16	75428857	2.808845309228682	85.6005
chr16	75448438	2.5990584542956685	85.6555
chr16	75479026	0.9115916069598892	85.735
chr16	75510290	1.2389738064778528	85.7635
chr16	75584545	4.664387125547766	85.8555
chr16	75611451	16.096375784572384	85.981
chr16	75621329	0.06877579092143532	86.14
chr16	75650409	7.482700394000566	86.142
chr16	75680612	8.070683345168627	86.368
chr16	75717226	1.471541876589951	86.6635
chr16	75737273	18.291533094474627	86.693
chr16	75753182	0.16122531237423976	86.984
chr16	75777992	5.042974008491195	86.988
chr16	75826277	0.5698255457177711	87.2315
chr16	75860498	5.225638857004827	87.251
chr16	75877051	0.0	87.3375
chr16	75898053	5.069444444444472	87.3375
chr16	75926853	0.06399627658024656	87.4835
chr16	76098738	0.0	87.4945
chr16	76134615	0.0	87.4945
chr16	76146066	0.26972353337765864	87.4945
chr16	76153481	2.492320957051278	87.4965
chr16	76190595	0.0	87.589
chr16	76238776	0.0	87.589
chr16	76250808	0.0	87.589
chr16	76253300	1.0010780840905638	87.589
chr16	76324723	0.5787945377491515	87.6605
chr16	76426659	1.1810061629519386	87.7195
chr16	76463492	0.1263344071754999	87.763
chr16	76479323	2.6956040917888777	87.765
chr16	76493791	0.9299256059517013	87.804
chr16	76510459	3.84037760137314	87.8195
chr16	76533764	0.3409810511954207	87.909
chr16	76554293	0.21666305561582688	87.916
chr16	76614294	1.5512184115521381	87.929
chr16	76649750	0.09194134142461038	87.984
chr16	76671503	1.7894367886065305	87.986
chr16	76725710	2.533996474439709	88.083
chr16	76757478	27.398743773014328	88.1635
chr16	76762095	1.1681351066590693	88.29
chr16	76827584	0.21911290575030526	88.3665
chr16	76859531	0.0	88.3735
chr16	76865516	0.30076193022276865	88.3735
chr16	76880478	1.0613779718582177	88.378
chr16	76896966	0.07678132678125694	88.3955
chr16	76929526	1.1159528111384651	88.398
chr16	76976571	2.018348623852853	88.4505
chr16	77009271	0.2171228508231038	88.5165
chr16	77082962	10.646485377116266	88.5325
chr16	77086860	0.5047700772297213	88.574
chr16	77126482	2.6115257936894687	88.594
chr16	77177793	7.5248985614167365	88.728
chr16	77191348	7.498125468633126	88.83
chr16	77199350	25.830258302588376	88.89
chr16	77200434	0.0	88.918
chr16	77211708	2.2027890953657883	88.918
chr16	77272086	1.4341211923176076	89.051
chr16	77299629	2.0864582131455	89.0905
chr16	77351631	2.0354008985918814	89.199
chr16	77417957	1.3759388759385447	89.334
chr16	77448845	2.4645208243739605	89.3765
chr16	77479074	0.32113037893389473	89.451
chr16	77546025	7.503802602670556	89.4725
chr16	77575610	1.2455348749764352	89.6945
chr16	77660714	13.001014713343674	89.8005
chr16	77684366	0.36859932257399597	90.108
chr16	77734556	3.4645461444552077	90.1265
chr16	77764863	0.15182800923100487	90.2315
chr16	77781329	0.0	90.234
chr16	77809226	0.840917742326274	90.234
chr16	77953711	11.185799810943907	90.3555
chr16	77963232	3.0750637840741133	90.462
chr16	78037702	0.0	90.691
chr16	78130531	0.0	90.691
chr16	78168922	0.0	90.691
chr16	78240443	0.0	90.691
chr16	78261061	0.0	90.691
chr16	78274806	1.59170803095898	90.691
chr16	78341087	0.12439873942611186	90.7965
chr16	78365203	1.3896312132555029	90.7995
chr16	78383913	1.5248485889780927	90.8255
chr16	78407194	0.0	90.861
chr16	78440259	0.37501242511046334	90.861
chr16	78550922	0.1638986013986076	90.9025
chr16	78569226	3.3013205282111646	90.9055
chr16	78617540	0.844576981627876	91.065
chr16	78713446	0.0	91.146
chr16	78729206	0.2763754283816626	91.146
chr16	78756343	0.11116051578487268	91.1535
chr16	78787829	0.0	91.157
chr16	78811325	0.14704646668357707	91.157
chr16	78835127	1.0316752174884602	91.1605
chr16	78853059	0.0	91.179
chr16	78863597	2.332516460479894	91.179
chr16	78897466	2.500100810516457	91.258
chr16	78922265	0.11042402826866003	91.32
chr16	78990185	0.3409042485190082	91.3275
chr16	79013652	0.33347132146647546	91.3355
chr16	79100616	0.9256234346072039	91.3645
chr16	79118982	0.29877998174123466	91.3815
chr16	79179227	0.268348316113691	91.3995
chr16	79194133	0.3007891291274343	91.4035
chr16	79222392	0.12472145541612363	91.412
chr16	79282526	0.0	91.4195
chr16	79365542	0.0	91.4195
