Chromosome	Position(bp)	Rate(cM/Mb)	Map(cM)
chr18	143716	0.6187863536982797	0.0
chr18	240680	2.707778995147911	0.06
chr18	304570	0.3610964396968946	0.233
chr18	397343	6.07661822985469	0.2665
chr18	427623	0.6206361520558578	0.4505
chr18	446958	0.0	0.4625
chr18	489134	0.8488867619242954	0.4625
chr18	576896	4.7786854610497045	0.537
chr18	595625	0.0	0.6265
chr18	634961	0.0	0.6265
chr18	658584	0.5094184188234474	0.6265
chr18	1002113	1.5877147319104647	0.8015
chr18	1040533	0.0	0.8625
chr18	1050055	0.2954181596401608	0.8625
chr18	1102523	27.087110420443757	0.878
chr18	1125689	5.718866916087653	1.5055
chr18	1144399	41.2332838038633	1.6125
chr18	1156513	22.18070037972394	2.112
chr18	1173104	0.852058513044793	2.48
chr18	1239414	0.0	2.5365
chr18	1248771	2.1801838062654966	2.5365
chr18	1263678	10.403658267832219	2.569
chr18	1318130	1.5466964668917866	3.1355
chr18	1441619	0.7212000769280213	3.3265
chr18	1472817	0.0	3.349
chr18	1547553	0.04824624885414628	3.349
chr18	1609734	0.0	3.352
chr18	1630314	1.5227144427607933	3.352
chr18	1697628	0.1829714564528003	3.4545
chr18	1714024	0.29766334275932843	3.4575
chr18	1734181	0.703427924372926	3.4635
chr18	1763324	1.1777792318261986	3.484
chr18	1778607	0.6551805329484154	3.502
chr18	1876290	0.13782388613241267	3.566
chr18	1916196	0.07924139570511936	3.5715
chr18	1954055	1.1503067484662488	3.5745
chr18	1971007	0.0	3.594
chr18	1990190	0.0	3.594
chr18	1994748	0.0	3.594
chr18	2016182	0.0	3.594
chr18	2031087	0.1618122977346296	3.594
chr18	2065077	9.888410120428697	3.5995
chr18	2083179	5.0903433593536676	3.7785
chr18	2119817	5.770536320434485	3.965
chr18	2164007	0.0	4.22
chr18	2164284	0.0	4.22
chr18	2171871	3.812857879453996	4.22
chr18	2208720	18.303483566227115	4.3605
chr18	2223963	0.11905895799601823	4.6395
chr18	2244961	0.35707673182213934	4.642
chr18	2282768	1.122441493654174	4.6555
chr18	2350923	37.89083200847901	4.732
chr18	2362245	11.925424108392592	5.161
chr18	2380106	0.16441599438794027	5.374
chr18	2425722	3.8204166864410913	5.3815
chr18	2467864	55.68755568755569	5.5425
chr18	2474598	1.344188675210399	5.9175
chr18	2540065	2.630941634926584	6.0055
chr18	2585486	0.0	6.125
chr18	2607157	0.05539061461426842	6.125
chr18	2652291	0.9131956775404492	6.1275
chr18	2691713	0.9110988404196432	6.1635
chr18	2709823	21.73149838505827	6.18
chr18	2724065	5.848358303481318	6.4895
chr18	2774592	2.510945145506047	6.785
chr18	2836720	1.4899380804953553	6.941
chr18	2862560	2.8672993728830805	6.9795
chr18	2892379	9.237768080958121	7.065
chr18	2924692	0.0	7.3635
chr18	2927519	3.0747596860177064	7.3635
chr18	2975165	4.1830081231710725	7.51
chr18	3057522	0.0	7.8545
chr18	3066030	11.783009586565093	7.8545
chr18	3109737	0.46010253713682614	8.3695
chr18	3124951	4.3057050592033805	8.3765
chr18	3137957	5.758710048949047	8.4325
chr18	3203944	6.9291718133341496	8.8125
chr18	3237137	0.7076109804574272	9.0425
chr18	3285186	3.7233126721763092	9.0765
chr18	3331650	13.862595419847347	9.2495
chr18	3364400	1.3597733711047668	9.7035
chr18	3382050	0.8211444701052099	9.7275
chr18	3421020	0.0	9.7595
chr18	3434072	0.5608444303834087	9.7595
chr18	3468841	0.6666210857377526	9.779
chr18	3498093	0.5333033934936773	9.7985
chr18	3569347	1.301061037708374	9.8365
chr18	3613926	1.6808545247519218	9.8945
chr18	3650812	1.2634611751369653	9.9565
chr18	3693156	12.203553896148847	10.01
chr18	3707619	3.658042360770428	10.1865
chr18	3848268	3.660276692102443	10.701
chr18	3864387	0.35401362952469767	10.76
chr18	3875686	5.405153534318091	10.764
chr18	3918608	9.172976121141508	10.996
chr18	3976986	0.0	11.5315
chr18	3988979	12.119681858351228	11.5315
chr18	4020663	4.595250349239027	11.9155
chr18	4034264	15.779237999823225	11.978
chr18	4068201	1.0566508109347175	12.5135
chr18	4207793	0.0	12.661
chr18	4224596	0.9227999099707489	12.661
chr18	4246811	0.08099133392729682	12.6815
chr18	4271505	2.3796824354818784	12.6835
chr18	4295878	2.171758395522401	12.7415
chr18	4330182	0.0	12.816
chr18	4348940	0.5067064083457365	12.816
chr18	4399265	5.185940877844975	12.8415
chr18	4440434	0.29047601757383157	13.055
chr18	4467975	13.064405225762076	13.063
chr18	4502879	0.0	13.519
chr18	4538602	0.0	13.519
chr18	4567215	0.0	13.519
chr18	4570818	0.24722804914594884	13.519
chr18	4637558	0.0	13.5355
chr18	4658812	0.0	13.5355
chr18	4689022	0.32757143577075354	13.5355
chr18	4708865	4.858470637938311	13.542
chr18	4770407	0.10965513460171435	13.841
chr18	4788646	4.79129989080293	13.843
chr18	4833519	1.1034637540211165	14.058
chr18	4886987	11.809400400518312	14.117
chr18	4903965	0.4272591326639516	14.3175
chr18	4927370	0.905115427641601	14.3275
chr18	4976535	3.380150358412485	14.372
chr18	5028012	0.6569007422978831	14.546
chr18	5058458	0.0	14.566
chr18	5239251	0.0	14.566
chr18	5256050	4.308238380616751	14.566
chr18	5294929	1.8284106891701688	14.7335
chr18	5309149	5.271507016473485	14.7595
chr18	5350124	0.04926108374381506	14.9755
chr18	5390724	12.320143884892127	14.9775
chr18	5412964	0.43484983185804715	15.2515
chr18	5464706	1.2343831824642912	15.274
chr18	5518174	0.0	15.34
chr18	5523610	2.5164668130383534	15.34
chr18	5553215	0.28534741047221857	15.4145
chr18	5581251	0.18734193024636173	15.4225
chr18	5613278	3.351915884552983	15.4285
chr18	5641620	0.07400281210681904	15.5235
chr18	5668646	5.993257585216637	15.5255
chr18	5676655	3.009833029172229	15.5735
chr18	5713368	3.2934365954783926	15.684
chr18	5777283	0.31643110129125324	15.8945
chr18	5867350	0.3042565491222134	15.923
chr18	5900217	7.047056149124732	15.933
chr18	5909015	0.0	15.995
chr18	5928140	1.1711338918340763	15.995
chr18	6056221	2.3410221140619987	16.145
chr18	6131829	5.8972198820556265	16.322
chr18	6155569	0.6753334458888333	16.462
chr18	6167415	2.447021191523398	16.47
chr18	6292465	0.9396351530934169	16.776
chr18	6366962	0.6355460929803799	16.846
chr18	6398431	0.0	16.866
chr18	6400611	0.951224448492292	16.866
chr18	6425316	2.9203446270944093	16.8895
chr18	6463154	4.100517498464995	17.0
chr18	6485956	0.43925151541779683	17.0935
chr18	6508722	5.841496707884953	17.1035
chr18	6533630	9.549333086899	17.249
chr18	6566093	0.26437541308659296	17.559
chr18	6634178	0.022133564997968046	17.577
chr18	6814899	0.9970089730808376	17.581
chr18	6842983	3.765567149107938	17.609
chr18	6866751	1.0620095580860631	17.6985
chr18	6883700	3.68160748741379	17.7165
chr18	6928789	2.178313677169439	17.8825
chr18	6951513	8.323424494649243	17.932
chr18	6991040	4.2342498269211895	18.261
chr18	7071928	1.7146776406035908	18.6035
chr18	7101088	0.0	18.6535
chr18	7110407	4.862538349268748	18.6535
chr18	7177553	1.0648476804839693	18.98
chr18	7274750	155.12265512265247	19.0835
chr18	7275443	0.0	19.191
chr18	7300337	16.118736035748903	19.191
chr18	7306603	0.2644802962177852	19.292
chr18	7314165	0.94266255037351	19.294
chr18	7356598	0.0	19.334
chr18	7391549	0.9211637368542607	19.334
chr18	7404576	2.088662931899876	19.346
chr18	7497219	2.3661577712851245	19.5395
chr18	7570122	5.97380164099617	19.712
chr18	7590963	0.0727246281953411	19.8365
chr18	7673466	16.423600336894356	19.8425
chr18	7696025	0.0	20.213
chr18	7775625	0.0	20.213
chr18	7777685	1.254311696456617	20.213
chr18	7787252	0.5184319089324388	20.225
chr18	7832581	5.5077173030056645	20.2485
chr18	7863356	0.9695646590471514	20.418
chr18	7941226	1.3191397981409105	20.4935
chr18	7973823	5.206235086305719	20.5365
chr18	8006092	8.196056155156949	20.7045
chr18	8018415	0.0	20.8055
chr18	8119730	0.0	20.8055
chr18	8124232	0.0	20.8055
chr18	8165185	0.0	20.8055
chr18	8190336	0.05779066295522406	20.8055
chr18	8294159	2.0347008989678415	20.8115
chr18	8321190	0.4352872896111598	20.8665
chr18	8348758	0.16646898474733487	20.8785
chr18	8396815	0.13257324671873866	20.8865
chr18	8426987	0.040402952109035634	20.8905
chr18	8464113	0.0	20.892
chr18	8481519	3.72934106031345	20.892
chr18	8500155	8.278580814717323	20.9615
chr18	8515375	7.260360343147607	21.0875
chr18	8567714	1.0125300594860296	21.4675
chr18	8575615	0.0	21.4755
chr18	8587608	0.26558661443472115	21.4755
chr18	8602669	17.71351972424346	21.4795
chr18	8613113	0.16444663706618085	21.6645
chr18	8625275	11.468600830698795	21.6665
chr18	8641406	0.0	21.8515
chr18	8759855	0.0	21.8515
chr18	8784654	0.27269008771524117	21.8515
chr18	8828660	1.455959870770282	21.8635
chr18	8875708	0.031731425217002396	21.932
chr18	8938737	0.07486244026601403	21.934
chr18	9018884	0.0	21.94
chr18	9041613	0.07561150807148657	21.94
chr18	9094515	0.0	21.944
chr18	9106217	0.1628266710087656	21.944
chr18	9130783	0.566693725015684	21.948
chr18	9196074	0.0	21.985
chr18	9233324	0.06713887676655449	21.985
chr18	9263113	0.053632962818966436	21.987
chr18	9337694	0.16280016280014487	21.991
chr18	9386834	1.4991686428435547	21.999
chr18	9460208	1.2502604709311211	22.109
chr18	9469806	3.7558443344334838	22.121
chr18	9527982	5.119892145218687	22.3395
chr18	9559135	15.706203539240928	22.499
chr18	9589537	1.4904406222160658	22.9765
chr18	9618723	0.7124940928423351	23.02
chr18	9756268	0.0	23.118
chr18	9757116	0.13557720903384143	23.118
chr18	9871442	27.78970615299671	23.1335
chr18	9887743	0.0	23.5865
chr18	9935903	27.62205410112667	23.5865
chr18	9954276	0.0	24.094
chr18	9998625	0.11551536354331655	24.094
chr18	10028924	0.27092928745582384	24.0975
chr18	10036306	4.830042222885688	24.0995
chr18	10083200	0.1319130692872665	24.326
chr18	10113523	0.8903269237033337	24.33
chr18	10205624	0.5523150081500191	24.412
chr18	10279857	0.1962045323247041	24.453
chr18	10371598	0.018126778690148924	24.471
chr18	10481932	6.772285306316735	24.473
chr18	10555467	0.32764597087318975	24.971
chr18	10718753	0.6425834190111192	25.0245
chr18	10761549	14.780971234745229	25.052
chr18	10844392	2.2237946022440354	26.2765
chr18	10883964	5.487269534679515	26.3645
chr18	10909022	0.3608284621491507	26.502
chr18	10936736	7.6365345238494555	26.512
chr18	10966527	0.21400734383093814	26.7395
chr18	11010918	0.13255274494643163	26.749
chr18	11146713	0.0	26.767
chr18	11247266	0.0	26.767
chr18	11384836	0.0	26.767
chr18	11533916	0.08578010881816941	26.767
chr18	11574718	4.228503526913281	26.7705
chr18	11653824	0.0	27.105
chr18	11763385	0.22219259654267848	27.105
chr18	11853397	0.3367838910946957	27.125
chr18	11881605	0.0	27.1345
chr18	11910292	1.428306833076891	27.1345
chr18	12050668	0.09846534723098418	27.335
chr18	12121759	0.4642572388805641	27.342
chr18	12220842	0.0	27.388
chr18	12248246	0.0	27.388
chr18	12308865	0.0	27.388
chr18	12337146	0.70918740849192	27.388
chr18	12359002	0.0	27.4035
chr18	12418354	0.0	27.4035
chr18	12455382	0.0	27.4035
chr18	12468287	0.08202858801455981	27.4035
chr18	12706009	0.14110840653336634	27.423
chr18	12762703	0.0	27.431
chr18	12796991	0.0	27.431
chr18	12817912	0.0	27.431
chr18	12849183	0.0	27.431
chr18	12860969	0.0	27.431
chr18	12883537	0.3305013900499535	27.431
chr18	12934974	0.712342960756375	27.448
chr18	12973579	0.0	27.4755
chr18	13005978	1.0269049086054411	27.4755
chr18	13025454	0.9551292472768537	27.4955
chr18	13099266	8.20720528671936	27.566
chr18	13122721	0.4518465249183682	27.7585
chr18	13279854	0.5250887399971043	27.8295
chr18	13327465	0.0	27.8545
chr18	13354310	0.0	27.8545
chr18	13376723	0.0	27.8545
chr18	13456428	1.833900969347636	27.8545
chr18	13483147	1.1982197877438336	27.9035
chr18	13509436	1.1130583053096232	27.935
chr18	13530549	2.2788701044040094	27.9585
chr18	13549418	0.15226204297594487	28.0015
chr18	13601959	0.682447451546303	28.0095
chr18	13627602	0.6468734450157817	28.027
chr18	13657747	0.0	28.0465
chr18	13703707	0.4676280697519883	28.0465
chr18	13736853	0.9588013196917202	28.062
chr18	13820812	0.08780691259922369	28.1425
chr18	13911921	0.0	28.1505
chr18	13934614	0.7767730210607682	28.1505
chr18	14002845	3.2982706364771626	28.2035
chr18	14025281	0.18448482612294914	28.2775
chr18	14036122	1.9228128004398983	28.2795
chr18	14043403	3.727299596072325	28.2935
chr18	14073854	5.1794393441012945	28.407
chr18	14114592	11.736703873933083	28.618
chr18	14126776	0.24683264351837225	28.761
chr18	14379984	0.39358660976919985	28.8235
chr18	14404121	4.32131850462297	28.833
chr18	14419047	21.519107075293146	28.8975
chr18	14429619	2.0048115477145108	29.125
chr18	14533120	0.0	29.3325
chr18	14653756	3.254312285350451	29.3325
chr18	14731499	7.397044159014123	29.5855
chr18	14798688	1.1945690810558933	30.0825
chr18	14833010	1.9646365422396823	30.1235
chr18	14878820	1.3999763775698033	30.2135
chr18	15022751	0.12004801920772316	30.415
chr18	15056071	1.7595701813297546	30.419
chr18	15130521	0.3581341212284136	30.55
chr18	15164028	4.732440959353042	30.562
chr18	15196675	3.032385277246698	30.7165
chr18	15230147	2.36219576057011	30.818
chr18	15317989	2.882953787191782	31.0255
chr18	15376436	0.0	31.194
chr18	15403905	1.168224299065431	31.194
chr18	15439001	4.523580365736228	31.235
chr18	15454586	0.7537478015689406	31.3055
chr18	15490407	0.36008461988563345	31.3325
chr18	15512624	2.403502246130065	31.3405
chr18	15547573	0.779410658037622	31.4245
chr18	15733611	1.6409961134302176	31.5695
chr18	15768346	3.2640653809737437	31.6265
chr18	15808480	1.9657859633521246	31.7575
chr18	15893942	0.08404773911584586	31.9255
chr18	15941534	0.0	31.9295
chr18	15946960	0.06501316516591006	31.9295
chr18	15977723	0.2684333157956748	31.9315
chr18	16070856	0.044204756431846084	31.9565
chr18	16116100	0.07162554166811917	31.9585
chr18	16144023	0.5332656170645199	31.9605
chr18	16183403	1.1437946253205702	31.9815
chr18	16226680	0.43494603447351704	32.031
chr18	16319795	0.4787349044075411	32.0715
chr18	16352172	2.54950381853934	32.087
chr18	16395906	4.159590704873283	32.1985
chr18	16442425	1.3197771043110904	32.392
chr18	16473112	1.1065023641662954	32.4325
chr18	16555805	4.253379917970548	32.524
chr18	16621635	0.0	32.804
chr18	16639302	0.8022184807367422	32.804
chr18	16689787	0.8733348765758182	32.8445
chr18	16737306	0.044982232018247914	32.886
chr18	16781768	7.4541735504681945	32.888
chr18	16807190	1.5089766564820397	33.0775
chr18	17020911	0.8522268098799511	33.4
chr18	17088968	0.13498009043682554	33.458
chr18	17103785	0.03995205753101167	33.46
chr18	17153845	2.1175913876728716	33.462
chr18	17196110	0.0	33.5515
chr18	17214801	1.5794852736228757	33.5515
chr18	17236327	0.03806526924833926	33.5855
chr18	17275733	0.21668785392329767	33.587
chr18	17310345	0.22827015404557974	33.5945
chr18	17378247	2.1745904859972494	33.61
chr18	17452054	0.9624077692554828	33.7705
chr18	17486343	0.0	33.8035
chr18	17489965	0.0	33.8035
chr18	17506376	0.0	33.8035
chr18	17552507	0.0	33.8035
chr18	17598773	0.0	33.8035
chr18	17646390	0.0	33.8035
chr18	17672604	1.8964452677075783	33.8035
chr18	17706615	0.36227911699232307	33.868
chr18	17916398	4.5306241116423305	33.944
chr18	18040222	0.3949759064696579	34.505
chr18	18154153	0.03528759389023039	34.55
chr18	18253338	0.01735312746741902	34.5535
chr18	18368591	0.3155113255419684	34.5555
chr18	18444658	0.16838661566952676	34.5795
chr18	18486229	0.0	34.5865
chr18	18547362	0.15963815351869703	34.5865
chr18	18584947	0.04073693108327426	34.5925
chr18	18683138	0.0	34.5965
chr18	18780796	0.0	34.5965
chr18	18799474	0.0	34.5965
chr18	18880581	4.6059135436326475	34.5965
chr18	18969597	0.0	35.0065
chr18	19132668	0.0	35.0065
chr18	19197408	0.0	35.0065
chr18	19224369	0.0	35.0065
chr18	19267312	0.05265790790119636	35.0065
chr18	19305293	0.11137593834233751	35.0085
chr18	19395079	0.0	35.0185
chr18	19476024	0.1806053892648225	35.0185
chr18	19517551	0.11282543085205154	35.026
chr18	19553004	0.18393541525925733	35.03
chr18	19702513	0.7263189056336135	35.0575
chr18	19847766	0.11813349084479884	35.163
chr18	19864696	0.05970386881070119	35.165
chr18	19889820	4.1940983932994405	35.1665
chr18	19970171	0.023960130343077545	35.5035
chr18	20116247	1.6980189778592287	35.507
chr18	20146282	4.441340782123073	35.558
chr18	20164182	2.615746795709655	35.6375
chr18	20168005	3.71109100885325	35.6475
chr18	20302871	0.09591406100132668	36.148
chr18	20422770	11.1111111111105	36.1595
chr18	20429655	0.7006751960981709	36.236
chr18	20484602	0.03906326295426354	36.2745
chr18	20535801	2.5004831851565608	36.2765
chr18	20618585	6.2703410216499496	36.4835
chr18	20675121	0.09417526015915975	36.838
chr18	20738832	0.0	36.844
chr18	20777507	0.0	36.844
chr18	20861611	0.0	36.844
chr18	20893976	0.10536020018432196	36.844
chr18	20931941	7.668081610297268	36.848
chr18	20961153	0.8758134836919723	37.072
chr18	21039366	0.0	37.1405
chr18	21051134	3.593542680229992	37.1405
chr18	21105398	7.2744612637474	37.3355
chr18	21154680	0.0	37.694
chr18	21188643	0.0679671039215435	37.694
chr18	21218069	0.0	37.696
chr18	21244502	0.07337833871450118	37.696
chr18	21271758	1.8743556902315541	37.698
chr18	21303769	0.9199534736173108	37.758
chr18	21351054	0.4356747336763346	37.8015
chr18	21422208	0.08322929671239665	37.8325
chr18	21470268	0.978350059963353	37.8365
chr18	21501954	0.773769223329057	37.8675
chr18	21522632	1.8979333614509364	37.8835
chr18	21543971	0.2963764754393605	37.924
chr18	21582773	3.725099601593861	37.9355
chr18	21607873	0.43218377333058033	38.029
chr18	21676131	0.12247611715699323	38.0585
chr18	21704708	1.4854329982977206	38.062
chr18	21796937	0.4616015865417668	38.199
chr18	21884675	0.21609940572689837	38.2395
chr18	21893930	0.0	38.2415
chr18	21908255	1.4099718005639001	38.2415
chr18	21924922	1.448061989013518	38.265
chr18	22041975	3.3649602824360074	38.4345
chr18	22114487	0.49057105797051165	38.6785
chr18	22174621	0.4119201159058474	38.708
chr18	22245023	0.49501237530940145	38.737
chr18	22311688	0.2739726027395742	38.77
chr18	22355488	0.4647236386582229	38.782
chr18	22472762	0.54763582642069	38.8365
chr18	22590541	0.05261081152164511	38.901
chr18	22628556	0.6618919928040712	38.903
chr18	22687478	1.0109123137427753	38.942
chr18	22723584	0.12489851995269122	38.9785
chr18	22739597	0.8292542470486925	38.9805
chr18	22826422	0.06863182457689643	39.0525
chr18	22855563	0.162201847393719	39.0545
chr18	22914132	0.14641556397449937	39.064
chr18	22968771	0.0	39.072
chr18	23028298	0.7264578408195121	39.072
chr18	23068906	0.35743007774084384	39.1015
chr18	23091288	1.7192641971142828	39.1095
chr18	23138692	0.0	39.191
chr18	23160711	0.0	39.191
chr18	23259587	1.0162121283734025	39.191
chr18	23280744	1.0388998372034146	39.2125
chr18	23327428	6.345670433876225	39.261
chr18	23376359	2.88570238591046	39.5715
chr18	23393166	0.9468686653154295	39.62
chr18	23430658	3.8087922287835796	39.6555
chr18	23493145	0.0	39.8935
chr18	23506152	0.0	39.8935
chr18	23519441	0.0	39.8935
chr18	23538749	0.0	39.8935
chr18	23582103	0.1295714424540113	39.8935
chr18	23612974	0.13411117816662588	39.8975
chr18	23642800	0.0	39.9015
chr18	23690098	0.039256592303492724	39.9015
chr18	23779255	0.06599353263364809	39.905
chr18	23809561	0.9507346585999451	39.907
chr18	23838486	0.0	39.9345
chr18	23850297	0.0	39.9345
chr18	23886195	0.12075836251675187	39.9345
chr18	23902757	0.0	39.9365
chr18	23920931	0.0	39.9365
chr18	23933285	0.0	39.9365
chr18	23980984	0.09457606279828529	39.9365
chr18	24002131	0.0	39.9385
chr18	24031742	0.05322141629795632	39.9385
chr18	24097505	0.0	39.942
chr18	24134625	0.0	39.942
chr18	24151664	1.257275902211922	39.942
chr18	24173139	0.0	39.969
chr18	24201686	0.0	39.969
chr18	24224818	0.0	39.969
chr18	24324905	0.0	39.969
chr18	24350045	0.4759349959328552	39.969
chr18	24407826	2.0900587699693545	39.9965
chr18	24456150	1.6494605293798195	40.0975
chr18	24559214	0.0	40.2675
chr18	24597441	0.0	40.2675
chr18	24629690	5.388866956178648	40.2675
chr18	24655020	0.0	40.404
chr18	24701190	0.7524858908893197	40.404
chr18	24719795	3.770210726203481	40.418
chr18	24774036	0.8730255410727913	40.6225
chr18	24823290	1.0394495866950846	40.6655
chr18	24843493	0.0	40.6865
chr18	24887186	0.0	40.6865
chr18	24962723	0.1427551748750101	40.6865
chr18	24990743	0.5290538753196568	40.6905
chr18	25036107	0.0	40.7145
chr18	25082888	0.0	40.7145
chr18	25121160	0.0	40.7145
chr18	25162286	0.54876136719977	40.7145
chr18	25200554	2.0331250619853622	40.7355
chr18	25220720	8.448511543135012	40.7765
chr18	25247056	0.055934668307419055	40.999
chr18	25273873	0.2166573383646064	41.0005
chr18	25329260	2.9325513196480655	41.0125
chr18	25397119	0.2796811634736507	41.2115
chr18	25440025	1.5681149950997002	41.2235
chr18	25470635	0.0	41.2715
chr18	25570963	0.0	41.2715
chr18	25592369	0.0	41.2715
chr18	25615124	6.992815225141102	41.2715
chr18	25633357	2.6086036919967723	41.399
chr18	25718460	0.7352941176469248	41.621
chr18	25747700	0.0	41.6425
chr18	25775674	2.65438125457662	41.6425
chr18	25824838	0.19052983862947856	41.773
chr18	25885196	0.9702824442618803	41.7845
chr18	25955794	0.9658276246614048	41.853
chr18	26006010	0.0	41.9015
chr18	26032840	3.753677589530425	41.9015
chr18	26062411	0.1849910587655	42.0125
chr18	26094845	0.9454851065892249	42.0185
chr18	26156718	2.0510803292967434	42.077
chr18	26227900	0.04262938016878872	42.223
chr18	26321732	6.888586053313898	42.227
chr18	26381904	0.0	42.6415
chr18	26407015	2.260267008704777	42.6415
chr18	26534876	0.06588799041626643	42.9305
chr18	26618351	0.08984725965869021	42.936
chr18	26640611	1.0243299527622634	42.938
chr18	26758737	0.044569238311771724	43.059
chr18	26803611	0.3857021512645771	43.061
chr18	26918985	1.4593941264208448	43.1055
chr18	26996757	0.0	43.219
chr18	27039044	0.15969716685397187	43.219
chr18	27292649	0.0	43.2595
chr18	27380008	0.0	43.2595
chr18	27437068	0.16030779095855174	43.2595
chr18	27462020	0.017031858090579208	43.2635
chr18	27579447	0.0	43.2655
chr18	27607355	0.15966789078707422	43.2655
chr18	27632407	0.13784527308027594	43.2695
chr18	27802888	2.295322049173406	43.293
chr18	27944916	0.0	43.619
chr18	28053006	0.9357295777930073	43.619
chr18	28190332	0.0	43.7475
chr18	28224325	0.0	43.7475
chr18	28342745	0.0	43.7475
chr18	28382715	0.5799454851242829	43.7475
chr18	28399958	0.0	43.7575
chr18	28572308	0.0	43.7575
chr18	28590941	0.2589575780402957	43.7575
chr18	28612180	0.5411664023761782	43.763
chr18	28651909	0.0	43.7845
chr18	28692283	0.0	43.7845
chr18	28715295	0.0	43.7845
chr18	28748098	0.5300879683173655	43.7845
chr18	28862230	0.4720219704769859	43.845
chr18	28873882	0.03521808801004497	43.8505
chr18	28930671	0.16840687100024349	43.8525
chr18	28954423	0.6854479402292903	43.8565
chr18	28969012	4.253332641734568	43.8665
chr18	28988291	0.0	43.9485
chr18	29022772	0.0	43.9485
chr18	29084324	0.0	43.9485
chr18	29106999	2.1746293245465664	43.9485
chr18	29122174	0.0	43.9815
chr18	29152880	0.7609886764886669	43.9815
chr18	29185732	0.5070501548120899	44.0065
chr18	29278425	0.0	44.0535
chr18	29347989	0.09186917829012782	44.0535
chr18	29598345	0.0	44.0765
chr18	29626449	0.04432722356424874	44.0765
chr18	29671568	0.46327904028102646	44.0785
chr18	29692074	0.0	44.088
chr18	29738685	0.0	44.088
chr18	29789606	0.0	44.088
chr18	29838623	0.07121492664871258	44.088
chr18	29866707	0.0	44.09
chr18	29899437	0.0	44.09
chr18	29977561	0.0	44.09
chr18	30074921	0.0	44.09
chr18	30120121	3.363228699551358	44.09
chr18	30141083	0.0	44.1605
chr18	30164242	0.0	44.1605
chr18	30180556	0.0	44.1605
chr18	30326659	0.20412329046769181	44.1605
chr18	30336457	0.0	44.1625
chr18	30431952	0.8375724231200316	44.1625
chr18	30497021	0.0	44.217
chr18	30530818	0.31585596967783885	44.217
chr18	30554563	0.0	44.2245
chr18	30639878	0.2139746419071515	44.2245
chr18	30759051	13.715892017641702	44.25
chr18	30779684	2.0987952853059295	44.533
chr18	30940967	0.012183829621327037	44.8715
chr18	31064081	0.0	44.873
chr18	31089645	0.0	44.873
chr18	31114376	0.10131712259380944	44.873
chr18	31168661	0.35023348899259604	44.8785
chr18	31258601	0.0	44.91
chr18	31285327	0.34408179315779397	44.91
chr18	31336187	0.15197337426479857	44.9275
chr18	31401988	0.16543874354789526	44.9375
chr18	31447322	0.0	44.945
chr18	31466304	0.27390235089803283	44.945
chr18	31552101	0.15076354440232423	44.9685
chr18	31654911	0.0	44.984
chr18	31698597	0.07138268256117108	44.984
chr18	31754633	0.0	44.988
chr18	31767976	0.1884170611649514	44.988
chr18	31810435	4.112390010797779	44.996
chr18	31853962	0.5777596519847963	45.175
chr18	31898098	0.0	45.2005
chr18	32113091	0.0	45.2005
chr18	32158189	0.0	45.2005
chr18	32320644	0.03634381246597209	45.2005
chr18	32430704	0.0	45.2045
chr18	32452203	0.10228953198154284	45.2045
chr18	32623286	0.05931843122522444	45.222
chr18	32724435	0.20961430967021477	45.228
chr18	32753059	0.050742287172283046	45.234
chr18	32822035	0.16522371290732743	45.2375
chr18	32927952	0.0	45.255
chr18	32938626	0.0	45.255
chr18	32957870	1.377928097206579	45.255
chr18	33021734	0.1793357404173305	45.343
chr18	33063555	0.12803550851436618	45.3505
chr18	33110417	0.07960832703110474	45.3565
chr18	33160663	0.9006937258057768	45.3605
chr18	33186754	0.0	45.384
chr18	33188215	0.0	45.384
chr18	33211321	0.0411853133173214	45.384
chr18	33259882	0.0	45.386
chr18	33262738	0.0	45.386
chr18	33276755	0.0	45.386
chr18	33285652	0.3877436924019564	45.386
chr18	33341101	0.0	45.4075
chr18	33424151	0.11955352193810156	45.4075
chr18	33516160	0.09839614287097012	45.4185
chr18	33536486	0.4656494018196747	45.4205
chr18	33592322	10.497237569063788	45.4465
chr18	33593227	0.10052849264692656	45.456
chr18	33628043	10.139519792342634	45.4595
chr18	33640371	1.369423967833226	45.5845
chr18	33674692	0.0	45.6315
chr18	33698833	4.602288925996805	45.6315
chr18	33723386	1.0559075247304728	45.7445
chr18	33795362	0.0282589651566301	45.8205
chr18	33866136	33.232235701906845	45.8225
chr18	33877676	0.5155303518491794	46.206
chr18	33885435	0.5852293813696768	46.21
chr18	33955493	1.8354236769655023	46.251
chr18	33991452	0.16314100821143693	46.317
chr18	34028230	0.0	46.323
chr18	34096868	2.427400676999808	46.323
chr18	34164224	0.4629272432682839	46.4865
chr18	34177185	19.958604376108518	46.4925
chr18	34183949	1.3189486320844253	46.6275
chr18	34247257	2.1923322982820688	46.711
chr18	34311344	0.40724903278356256	46.8515
chr18	34326077	4.042063752875372	46.8575
chr18	34356507	1.4250984994551634	46.9805
chr18	34392294	1.6971630482161224	47.0315
chr18	34500121	0.7745550428476771	47.2145
chr18	34530461	0.22677260586921957	47.238
chr18	34589992	2.5091839412228714	47.2515
chr18	34620480	12.504818812644354	47.328
chr18	34641232	0.16646862640424018	47.5875
chr18	34815439	0.0	47.6165
chr18	34821462	0.0	47.6165
chr18	34873927	0.0	47.6165
chr18	34954478	0.0	47.6165
chr18	35025370	0.0	47.6165
chr18	35040583	0.0	47.6165
chr18	35068527	0.0	47.6165
chr18	35117455	0.20271346451784303	47.6165
chr18	35186518	0.0	47.6305
chr18	35242056	0.03544528134696401	47.6305
chr18	35298481	0.13534974373782366	47.6325
chr18	35353893	0.0	47.64
chr18	35436181	0.06410256410256653	47.64
chr18	35529781	0.0	47.646
chr18	35567564	0.0	47.646
chr18	35639229	0.0	47.646
chr18	35679811	0.0	47.646
chr18	35689442	0.0	47.646
chr18	35787816	0.3139858257826275	47.646
chr18	35832404	2.733627523723993	47.66
chr18	35858011	0.0	47.73
chr18	35896905	0.0	47.73
chr18	35910721	0.0	47.73
chr18	35922903	0.0	47.73
chr18	36000925	0.0	47.73
chr18	36020050	0.0	47.73
chr18	36076430	0.0	47.73
chr18	36102435	0.0	47.73
chr18	36127501	0.0	47.73
chr18	36165575	0.0	47.73
chr18	36267939	0.18341892883367977	47.73
chr18	36278843	0.2854424357754628	47.732
chr18	36347158	16.52892561982555	47.7515
chr18	36347400	0.2339655602695372	47.7555
chr18	36379456	0.1547756898983125	47.763
chr18	36553902	0.0	47.79
chr18	36570685	0.20948989211258945	47.79
chr18	36589779	0.10482454990971694	47.794
chr18	36627938	1.0305939165512379	47.798
chr18	36661899	0.8058909044940575	47.833
chr18	36693541	0.06753627662863733	47.8585
chr18	36745365	0.0	47.862
chr18	36749905	1.6086492957482748	47.862
chr18	36803366	0.831113478955812	47.948
chr18	36850291	1.5811976623573758	47.987
chr18	36929345	2.613152869442723	48.112
chr18	36959194	1.7741833803146945	48.19
chr18	37070231	0.15599407222516898	48.387
chr18	37095873	0.12022843402479376	48.391
chr18	37112508	0.06358289620088671	48.393
chr18	37175418	0.3049361539928596	48.397
chr18	37201653	0.0	48.405
chr18	37233437	5.855260809025723	48.405
chr18	37261446	0.7443781440971727	48.569
chr18	37344737	0.07014467338888795	48.631
chr18	37458787	0.0	48.639
chr18	37474326	0.0	48.639
chr18	37489762	0.13858733311775828	48.639
chr18	37533056	0.8576329331043513	48.645
chr18	37555793	4.001975000649762	48.6645
chr18	37594274	0.9324009324011254	48.8185
chr18	37609289	0.02897731800431605	48.8325
chr18	37747328	0.0	48.8365
chr18	37767781	0.0	48.8365
chr18	37793157	0.058799317927983895	48.8365
chr18	37827171	1.0266758713468895	48.8385
chr18	37883664	0.0	48.8965
chr18	37911486	0.0	48.8965
chr18	37934957	0.8346777807653643	48.8965
chr18	38024213	0.5563704415558353	48.971
chr18	38083526	0.0	49.004
chr18	38145282	0.0	49.004
chr18	38197565	0.13589841593408938	49.004
chr18	38668505	0.0403924802665919	49.068
chr18	38965590	0.19574259848323408	49.08
chr18	38986025	1.0548290182910018	49.084
chr18	39076561	2.8510010383837865	49.1795
chr18	39131454	0.4920622588247055	49.336
chr18	39170067	1.1071718825455672	49.355
chr18	39254968	1.48133701113558	49.449
chr18	39362641	3.616065159387697	49.6085
chr18	39405367	0.5571731550380299	49.763
chr18	39433186	0.10489327109678735	49.7785
chr18	39452253	0.26044522425692573	49.7805
chr18	39488729	0.10437323870153906	49.79
chr18	39527053	0.2569868294250778	49.794
chr18	39558183	0.1438808851923637	49.802
chr18	39665911	2.4691861888824405	49.8175
chr18	39690413	5.575868372943452	49.878
chr18	39717763	0.0	50.0305
chr18	39740227	0.0	50.0305
chr18	39751892	0.009107053412847042	50.0305
chr18	39971502	0.0	50.0325
chr18	39976057	0.0	50.0325
chr18	40001357	0.08482586461798068	50.0325
chr18	40042618	0.0	50.036
chr18	40065698	0.6460387623254419	50.036
chr18	40080403	1.7877913238274377	50.0455
chr18	40103616	0.0	50.087
chr18	40204057	0.14123369353665294	50.087
chr18	40494356	0.2545176889793076	50.128
chr18	40521859	0.835555555555503	50.135
chr18	40549984	1.5802596308045875	50.1585
chr18	40635413	0.0	50.2935
chr18	40680652	0.0	50.2935
chr18	40687253	0.01943691264075084	50.2935
chr18	40790150	5.711318795431306	50.2955
chr18	40806521	0.30703241712412843	50.389
chr18	40915630	0.6740449218325064	50.4225
chr18	41007612	2.9216396703609666	50.4845
chr18	41063916	0.0	50.649
chr18	41089501	0.6625023660799039	50.649
chr18	41121199	9.189572425829061	50.67
chr18	41139535	1.0540270352500782	50.8385
chr18	41185549	2.4215132333574987	50.887
chr18	41209088	1.4222739748814128	50.944
chr18	41269203	0.0	51.0295
chr18	41286832	21.566626990874443	51.0295
chr18	41304475	2.7716002257111825	51.41
chr18	41334602	1.9118021921999195	51.4935
chr18	41358140	0.3892907373920775	51.5385
chr18	41397956	0.09595087315272206	51.554
chr18	41418800	0.4714757190010477	51.556
chr18	41427284	0.5384277908507363	51.56
chr18	41452357	1.3440860215050165	51.5735
chr18	41463889	1.728043341195107	51.589
chr18	41506712	3.915898548105599	51.663
chr18	41523311	0.9860259971585861	51.728
chr18	41570470	0.43383947939161366	51.7745
chr18	41575080	1.4768512158263245	51.7765
chr18	41604196	0.0	51.8195
chr18	41615201	4.799897990782748	51.8195
chr18	41670098	14.939452439452383	52.083
chr18	41692890	0.36676488505968763	52.4235
chr18	41773323	1.802481556002354	52.453
chr18	41785251	0.027872622116959716	52.4745
chr18	41857006	0.5878606770195687	52.4765
chr18	41877419	0.24925224327019888	52.4885
chr18	41907509	0.29274906782520177	52.496
chr18	41939960	2.2195094884034097	52.5055
chr18	41948971	0.0	52.5255
chr18	41952891	0.4698043905353925	52.5255
chr18	41964598	1.5079246251578011	52.531
chr18	42011351	0.6442800814369657	52.6015
chr18	42050154	0.26979630379069397	52.6265
chr18	42102045	0.4437386146011314	52.6405
chr18	42123454	2.3228803716609474	52.65
chr18	42126037	2.8831969961114634	52.656
chr18	42133494	0.04290740581814423	52.6775
chr18	42180106	1.2875333695576185	52.6795
chr18	42222435	0.9281291656804054	52.734
chr18	42302704	0.0	52.8085
chr18	42342218	0.0	52.8085
chr18	42360324	1.5581021310815644	52.8085
chr18	42380220	0.7777828613259204	52.8395
chr18	42445791	2.428135035638663	52.8905
chr18	42458558	0.0	52.9215
chr18	42489866	2.2825724758413934	52.9215
chr18	42519876	1.7178362573098334	52.99
chr18	42547236	0.02970488199739257	53.037
chr18	42614565	0.0	53.039
chr18	42618833	0.784636078314183	53.039
chr18	42685743	2.4920964939762063	53.0915
chr18	42720854	0.1042698503725217	53.179
chr18	42740035	8.067796610169475	53.181
chr18	42784285	25.124313007066235	53.538
chr18	42799569	0.6117811571403833	53.922
chr18	42833895	0.7477753682794858	53.943
chr18	42860641	0.9241340320510747	53.963
chr18	42906630	1.5279138099902634	54.0055
chr18	42932155	1.596674097728423	54.0445
chr18	42965349	1.221112488153519	54.0975
chr18	42992783	0.1941510606194894	54.131
chr18	43082919	0.09270786427575295	54.1485
chr18	43120672	0.7996801279488508	54.152
chr18	43143181	1.0011248593925606	54.17
chr18	43187631	0.5579578741803883	54.2145
chr18	43223476	6.010243545521166	54.2345
chr18	43242610	3.9717387833306335	54.3495
chr18	43267662	2.8835227272727693	54.449
chr18	43302862	1.7554248974239333	54.5505
chr18	43326503	4.196782466775631	54.592
chr18	43347948	0.5937104990996994	54.682
chr18	43374055	3.292659306604927	54.6975
chr18	43394707	9.92975457462489	54.7655
chr18	43417769	0.0	54.9945
chr18	43433366	4.6712735976525925	54.9945
chr18	43459269	6.351604085743129	55.1155
chr18	43528779	0.33579583613158354	55.557
chr18	43567493	0.6995045176333695	55.57
chr18	43584648	1.4852616345495269	55.582
chr18	43597777	3.7903273197388105	55.6015
chr18	43614794	1.6335016335016634	55.666
chr18	43688868	0.5902581737924378	55.787
chr18	43708351	0.9004682434866472	55.7985
chr18	43749996	3.080513418903267	55.836
chr18	43771421	9.198662012798142	55.902
chr18	43798925	2.282372913326459	56.155
chr18	43851940	4.199106573069478	56.276
chr18	43891115	0.0	56.4405
chr18	43933291	2.784586155385711	56.4405
chr18	44002242	6.954290729863043	56.6325
chr18	44017053	0.1854599406527162	56.7355
chr18	44038621	10.26626344391648	56.7395
chr18	44082600	0.0	57.191
chr18	44120336	0.0	57.191
chr18	44123206	0.9423049428767987	57.191
chr18	44200145	0.0	57.2635
chr18	44222942	2.3873296844064757	57.2635
chr18	44240116	1.0593220338983453	57.3045
chr18	44264188	0.8329773601025519	57.33
chr18	44311008	0.4723445587237247	57.369
chr18	44386165	3.2949616282949283	57.4045
chr18	44446105	0.5497324635344341	57.602
chr18	44514320	0.7804797896811679	57.6395
chr18	44538664	0.1767281198538424	57.6585
chr18	44663149	0.28697149416492385	57.6805
chr18	44710192	1.918853804660604	57.694
chr18	44757095	1.575013744223736	57.784
chr18	44824396	0.8744922885680169	57.89
chr18	44962762	9.922792518486158	58.011
chr18	44981154	3.07125307125312	58.1935
chr18	45016156	12.796767132513978	58.301
chr18	45033973	2.6010566159949584	58.529
chr18	45132779	3.965035595205955	58.786
chr18	45154973	3.190575530739944	58.874
chr18	45252761	20.565172362775986	59.186
chr18	45259520	5.099035043169073	59.325
chr18	45357970	1.2679310965728117	59.827
chr18	45424614	0.0	59.9115
chr18	45439156	0.07779528171625899	59.9115
chr18	45490573	0.13188958204188825	59.9155
chr18	45566394	4.3859649122805795	59.9255
chr18	45591018	2.431082166116711	60.0335
chr18	45613436	0.16977208098118854	60.088
chr18	45636997	0.11045147038513828	60.092
chr18	45673212	0.0	60.096
chr18	45714872	0.0	60.096
chr18	45755261	0.41797283176644606	60.096
chr18	45760046	0.0	60.098
chr18	45801997	0.58734687028037	60.098
chr18	45825833	24.69431790937377	60.112
chr18	45834175	8.22285618392339	60.318
chr18	45846093	0.31376240342011497	60.416
chr18	45871590	2.4956745137104757	60.424
chr18	45966955	0.40163868583814005	60.662
chr18	45991853	3.8639876352398543	60.672
chr18	46008675	3.2259253797374496	60.737
chr18	46062923	9.991704079640867	60.912
chr18	46103907	0.0	61.3215
chr18	46171480	0.0	61.3215
chr18	46189859	0.0	61.3215
chr18	46254928	0.0	61.3215
chr18	46341566	4.276309246772805	61.3215
chr18	46391843	1.3630856219709724	61.5365
chr18	46471075	0.0	61.6445
chr18	46486569	3.4200097714564266	61.6445
chr18	46523411	1.0582599977721618	61.7705
chr18	46586250	6.1473414834286055	61.837
chr18	46658151	5.586839888263099	62.279
chr18	46680704	0.7748875653336869	62.405
chr18	46713612	19.2873103610488	62.4305
chr18	46730618	1.9858036166978261	62.7585
chr18	46754286	1.9078841296285793	62.8055
chr18	46791500	0.35945363048173157	62.8765
chr18	46838794	0.0	62.8935
chr18	46854710	1.896505012191569	62.8935
chr18	46876856	3.151943156709101	62.9355
chr18	46923018	0.0	63.081
chr18	46929275	2.2007176474175507	63.081
chr18	47027652	0.1847984772605106	63.2975
chr18	47081765	2.3119605425401617	63.3075
chr18	47085009	0.3615851894708243	63.315
chr18	47112665	0.0	63.325
chr18	47162075	1.111510883811696	63.325
chr18	47239897	35.633484162897275	63.4115
chr18	47240781	2.3747170313817594	63.443
chr18	47263310	0.0	63.4965
chr18	47268729	4.461130742049555	63.4965
chr18	47325329	3.182396799418089	63.749
chr18	47369321	0.2590170303696033	63.889
chr18	47384764	2.9674166020169044	63.893
chr18	47410544	4.287929933400291	63.9695
chr18	47454388	12.137601408716296	64.1575
chr18	47470289	7.944978062374307	64.3505
chr18	47495588	0.4507496678687952	64.5515
chr18	47516664	0.17572376224565228	64.561
chr18	47607716	0.501976532596823	64.577
chr18	47623653	2.1577679646731416	64.585
chr18	47653545	0.2235011454428495	64.6495
chr18	47671442	3.6700015082201753	64.6535
chr18	47691333	12.425393380358068	64.7265
chr18	47709763	4.131561892417525	64.9555
chr18	47734451	0.8192981000578622	65.0575
chr18	47782663	0.9267179925862912	65.097
chr18	47824747	3.041469263613892	65.136
chr18	47841844	48.77542548775414	65.188
chr18	47846662	0.3630118816580742	65.423
chr18	47918285	3.12785717722909	65.449
chr18	47939066	3.554421381211828	65.514
chr18	47982955	0.1545774239674185	65.67
chr18	48008832	0.0	65.674
chr18	48024552	0.10592659287089343	65.674
chr18	48043433	0.830633773569068	65.676
chr18	48067511	0.23995920693468806	65.696
chr18	48100850	1.9490450611757981	65.704
chr18	48154466	5.395410101829431	65.8085
chr18	48174205	1.136167519990498	65.915
chr18	48208971	30.14568546880845	65.9545
chr18	48235741	3.7122258015031484	66.7615
chr18	48268336	3.0345770825324685	66.8825
chr18	48291733	19.609806333495165	66.9535
chr18	48326690	0.0	67.639
chr18	48348275	0.30728587319244105	67.639
chr18	48707875	1.9120458891011725	67.7495
chr18	48727749	0.13203430112163458	67.7875
chr18	48799700	0.560569538651291	67.797
chr18	48853217	1.3307984790874499	67.827
chr18	48897927	5.9776320863864685	67.8865
chr18	48910892	3.9021974912759227	67.964
chr18	48953304	0.06583928630245085	68.1295
chr18	48983681	0.71081288561595	68.1315
chr18	49054023	3.0161123898719504	68.1815
chr18	49079221	4.745450873925843	68.2575
chr18	49123790	0.9084302325582816	68.469
chr18	49167822	21.49390869190701	68.509
chr18	49192201	3.6326612700486107	69.033
chr18	49231979	18.445952403709455	69.1775
chr18	49242442	11.931571253604856	69.3705
chr18	49267753	0.0	69.6725
chr18	49281395	0.06324810650988866	69.6725
chr18	49344638	1.123432630281902	69.6765
chr18	49399826	1.3894045922217257	69.7385
chr18	49483315	0.14214977848326724	69.8545
chr18	49525524	6.207479458508172	69.8605
chr18	49597695	5.743714803702997	70.3085
chr18	49660024	1.2973849584429953	70.6665
chr18	49684689	12.167074708806402	70.6985
chr18	49711647	2.866644416897078	71.0265
chr18	49795543	0.0	71.267
chr18	49822185	5.304428044280559	71.267
chr18	49850369	0.0	71.4165
chr18	49873336	5.453740102984407	71.4165
chr18	49891397	0.0	71.515
chr18	49916252	4.047840896940452	71.515
chr18	49981719	0.0	71.78
chr18	50004434	12.832120346832795	71.78
chr18	50033151	0.40729247478694736	72.1485
chr18	50058931	0.0	72.159
chr18	50099569	0.01734033883018033	72.159
chr18	50214907	0.9725680241864405	72.161
chr18	50304875	0.12410797393703622	72.2485
chr18	50353220	0.0	72.2545
chr18	50394581	0.44498831905716857	72.2545
chr18	50412559	0.5960711138753987	72.2625
chr18	50470438	2.209081022294648	72.297
chr18	50485150	3.5779699280147885	72.3295
chr18	50508627	0.0	72.4135
chr18	50599695	0.0	72.4135
chr18	50606439	1.9226717235566275	72.4135
chr18	50663391	4.552431818659936	72.523
chr18	50710948	4.442028713873276	72.7395
chr18	50790979	1.6015490689298801	73.095
chr18	50846238	2.3197404681342624	73.1835
chr18	50874905	0.99813008540971	73.25
chr18	50914479	1.1113379147671745	73.2895
chr18	51002661	3.6542598650280027	73.3875
chr18	51036594	1.9090214901277038	73.5115
chr18	51091596	7.970244420829003	73.6165
chr18	51126413	2.082486168102189	73.894
chr18	51207566	1.1775362318845317	74.063
chr18	51213086	1.556876541712123	74.0695
chr18	51312002	0.2344762903091764	74.2235
chr18	51384504	3.401889781600052	74.2405
chr18	51455200	0.4859965189087272	74.481
chr18	51499439	0.212338269018439	74.5025
chr18	51570081	0.3382741866042094	74.5175
chr18	51602599	0.5086204648010602	74.5285
chr18	51640938	0.9383960378834312	74.548
chr18	51698483	0.7402014318648055	74.602
chr18	51739688	1.518394981829219	74.6325
chr18	51759775	0.0	74.663
chr18	51828098	0.0	74.663
chr18	51863288	0.0	74.663
chr18	51888899	0.0	74.663
chr18	51934736	10.459770114943469	74.663
chr18	51939086	0.0	74.7085
chr18	51947136	3.9008581888014	74.7085
chr18	51963799	1.00367155062957	74.7735
chr18	52022085	0.49390846229833946	74.832
chr18	52040307	2.0861609611420704	74.841
chr18	52060200	3.8868494925503523	74.8825
chr18	52078724	1.5066137791323004	74.9545
chr18	52137465	0.04560795402707605	75.043
chr18	52181317	3.780361024477757	75.045
chr18	52223641	0.5550758603676046	75.205
chr18	52239855	0.10095911155958298	75.214
chr18	52259665	1.12593828190222	75.216
chr18	52271655	0.6313593956988347	75.2295
chr18	52449050	33.38242513500139	75.3415
chr18	52451087	4.285117056856845	75.4095
chr18	52465439	0.2636137681701737	75.471
chr18	52491993	0.13953055719225066	75.478
chr18	52524244	1.6788034709806432	75.4825
chr18	52547177	3.4692879064183137	75.521
chr18	52569660	1.0743236644202092	75.599
chr18	52620855	9.564409466032528	75.654
chr18	52639152	0.6430931792550622	75.829
chr18	52689689	1.2186001495754115	75.8615
chr18	52803344	3.758648566359088	76.0
chr18	52898591	0.14136273678245553	76.358
chr18	52951646	1.064010895471509	76.3655
chr18	52998638	2.4068075010267456	76.4155
chr18	53042472	0.0	76.521
chr18	53059290	0.0	76.521
chr18	53079675	0.5987442552916119	76.521
chr18	53234165	0.17049006421793064	76.6135
chr18	53286954	0.1561641097396787	76.6225
chr18	53366998	0.0	76.635
chr18	53382393	0.8512666848262485	76.635
chr18	53397077	0.3041641319655982	76.6475
chr18	53517078	0.20686231244504055	76.684
chr18	53553334	1.4275517487509464	76.6915
chr18	53582755	3.4386985848427782	76.7335
chr18	53597877	0.0	76.7855
chr18	53604798	0.44557984790918426	76.7855
chr18	53621630	1.4931124169153471	76.793
chr18	53652773	0.0	76.8395
chr18	53672799	0.0	76.8395
chr18	53697787	0.0	76.8395
chr18	53724903	0.540540540540817	76.8395
chr18	53743403	0.5376674450042489	76.8495
chr18	53775951	0.11729930089605999	76.867
chr18	53797264	0.5777452528598609	76.8695
chr18	53823227	0.835637192883802	76.8845
chr18	53887250	0.6396673729657031	76.938
chr18	53912263	0.25440853649690354	76.954
chr18	53981050	0.0	76.9715
chr18	54049910	0.08870910510246705	76.9715
chr18	54078092	1.3273553182703588	76.974
chr18	54111994	0.1375818612072933	77.019
chr18	54130165	0.04481009481811988	77.0215
chr18	54185956	0.039589326717518455	77.024
chr18	54261734	0.22072270921345552	77.027
chr18	54309305	0.10044561326634617	77.0375
chr18	54364061	0.1675362596332279	77.043
chr18	54426734	0.0	77.0535
chr18	54451930	0.0	77.0535
chr18	54465765	0.0	77.0535
chr18	54512027	0.0	77.0535
chr18	54523395	0.0	77.0535
chr18	54549628	0.13101008777682582	77.0535
chr18	54625958	0.7157130911719206	77.0635
chr18	54696517	1.0128505412414466	77.114
chr18	54712314	1.8528886400598523	77.13
chr18	54749823	0.0	77.1995
chr18	54809109	0.4698696111829146	77.1995
chr18	54860187	1.6795063711706257	77.2235
chr18	54887576	0.0	77.2695
chr18	54904058	0.7649785024289488	77.2695
chr18	54993603	0.18598088886054503	77.338
chr18	55071568	0.022204294310520494	77.3525
chr18	55206677	2.1026348643141124	77.3555
chr18	55221896	0.955730560440618	77.3875
chr18	55234975	0.15416238437821755	77.4
chr18	55254435	0.0	77.403
chr18	55272842	0.15408890313341178	77.403
chr18	55353964	0.0	77.4155
chr18	55370136	0.0	77.4155
chr18	55394054	0.4106776180700253	77.4155
chr18	55418404	0.10910942462958083	77.4255
chr18	55542133	0.7395974017625039	77.439
chr18	55573231	0.13801511265484093	77.462
chr18	55660178	0.08882966910927555	77.474
chr18	55705208	0.0	77.478
chr18	55726128	0.0	77.478
chr18	55730195	0.17623474468012904	77.478
chr18	55752892	1.0310065678942735	77.482
chr18	55765986	0.0	77.4955
chr18	55767728	0.0	77.4955
chr18	55807287	0.0	77.4955
