Chromosome	Position(bp)	Rate(cM/Mb)	Map(cM)
chr12	0	0.0	0.0
chr12	94344	0.8649188898285538	0.0
chr12	146372	1.4889348630179926	0.045
chr12	178274	3.172251879594175	0.0925
chr12	214053	0.0	0.206
chr12	235097	0.0	0.206
chr12	248446	0.19939516799042922	0.206
chr12	278537	0.6048475784102405	0.212
chr12	324003	0.0	0.2395
chr12	353285	0.0	0.2395
chr12	417229	0.0	0.2395
chr12	429635	0.7755344725073037	0.2395
chr12	468318	0.08223892304967238	0.2695
chr12	547356	0.0	0.276
chr12	569473	0.281246484418944	0.276
chr12	622807	0.6757137226195175	0.291
chr12	658325	0.8771774379330508	0.315
chr12	714756	15.967513010566154	0.3645
chr12	727438	9.361599323548953	0.567
chr12	760552	0.6038647342995175	0.877
chr12	765520	0.5460502366217697	0.88
chr12	771014	0.0	0.883
chr12	808414	0.03102506825515019	0.883
chr12	905110	0.0	0.886
chr12	938643	0.20478109978228537	0.886
chr12	1263380	0.0	0.9525
chr12	1280065	0.6741861609913741	0.9525
chr12	1326788	0.12620685303211976	0.984
chr12	1374329	3.3989266547406096	0.99
chr12	1446999	0.0	1.237
chr12	1490572	0.05663155510250107	1.237
chr12	1543546	12.981591189217129	1.24
chr12	1568697	3.294943647225479	1.5665
chr12	1584934	0.0	1.62
chr12	1610941	0.0	1.62
chr12	1635961	0.19758940920765933	1.62
chr12	1651144	0.0	1.623
chr12	1702150	0.0	1.623
chr12	1724919	0.0	1.623
chr12	1768874	0.0	1.623
chr12	1794100	0.0	1.623
chr12	1829467	0.08647662772598011	1.623
chr12	1893068	0.0	1.6285
chr12	1945208	1.682898882841593	1.6285
chr12	1987100	0.0	1.699
chr12	2012612	0.24769925499685425	1.699
chr12	2065095	0.0	1.712
chr12	2096737	0.0	1.712
chr12	2129233	5.624398460057757	1.712
chr12	2145857	0.04717248146121378	1.8055
chr12	2198854	0.047383484012811485	1.808
chr12	2251615	0.0	1.8105
chr12	2259639	0.24359349118191043	1.8105
chr12	2269902	0.045466256459998994	1.813
chr12	2335885	0.13248542660307083	1.816
chr12	2354755	13.028457664831944	1.8185
chr12	2371833	0.33717336330429926	2.041
chr12	2407423	0.25123103205707437	2.053
chr12	2427325	0.13386880856760883	2.058
chr12	2483350	0.0	2.0655
chr12	2531697	0.10558825858564537	2.0655
chr12	2607463	0.14084947885691965	2.0735
chr12	2639412	0.0	2.078
chr12	2676462	0.0	2.078
chr12	2724240	0.17445917655268295	2.078
chr12	2738570	0.0	2.0805
chr12	2785332	0.5361930294906219	2.0805
chr12	2854337	0.0	2.1175
chr12	2902490	15.372790161414226	2.1175
chr12	2907694	0.0	2.1975
chr12	2960696	0.13772587042752263	2.1975
chr12	2978848	0.0	2.2
chr12	2999681	0.2353384166431278	2.2
chr12	3020927	0.0	2.205
chr12	3045893	0.3636710206866098	2.205
chr12	3245249	32.02700477523466	2.2775
chr12	3251322	0.5313657618266858	2.472
chr12	3284256	0.0	2.4895
chr12	3289919	3.0503543103852806	2.4895
chr12	3332537	0.9861519093579554	2.6195
chr12	3380197	3.5681153214871886	2.6665
chr12	3422236	6.648534300392852	2.8165
chr12	3432163	3.114347039266036	2.8825
chr12	3455924	3.88245017201945	2.9565
chr12	3507953	0.44981946842810744	3.1585
chr12	3673575	0.42307091983011347	3.233
chr12	3917033	0.5014300040857285	3.336
chr12	3943956	12.681036241245673	3.3495
chr12	3973370	3.9574672209785726	3.7225
chr12	4023402	6.990917782026755	3.9205
chr12	4056874	12.316221892760073	4.1545
chr12	4121626	9.05643542270802	4.952
chr12	4144041	9.482201808525911	5.155
chr12	4199777	0.6846570035401541	5.6835
chr12	4229719	2.6231071896983447	5.704
chr12	4263267	16.157413498223917	5.792
chr12	4324075	4.359214218896175	6.7745
chr12	4350800	8.655521037225927	6.891
chr12	4406487	2.098403778322467	7.373
chr12	4490122	21.44351464435148	7.5485
chr12	4510198	0.9795141609761597	7.979
chr12	4528064	0.1407200536901117	7.9965
chr12	4574255	39.48762582305305	8.003
chr12	4600681	0.0	9.0465
chr12	4679159	0.1684509994759366	9.0465
chr12	4705873	0.906231675462416	9.051
chr12	4724632	3.3541725203709345	9.068
chr12	4753104	0.8378079896415882	9.1635
chr12	4779363	3.6767813371651017	9.1855
chr12	4826687	4.033778798065076	9.3595
chr12	4887672	0.0	9.6055
chr12	4910072	0.12689067099788806	9.6055
chr12	4949476	0.8289983627282159	9.6105
chr12	4997727	0.11002068388862733	9.6505
chr12	5020450	0.4755337866755332	9.653
chr12	5062508	162.01636904761904	9.673
chr12	5070572	0.250056262659093	10.9795
chr12	5150554	1.9657869421556984	10.9995
chr12	5174463	0.0	11.0465
chr12	5229507	0.0	11.0465
chr12	5268494	0.0	11.0465
chr12	5296961	0.0	11.0465
chr12	5387095	0.0	11.0465
chr12	5393950	0.81100471006581	11.0465
chr12	5426009	4.3264370914482075	11.0725
chr12	5500204	0.0	11.3935
chr12	5516314	0.0	11.3935
chr12	5534832	0.2524137060642395	11.3935
chr12	5661608	26.92889152853519	11.4255
chr12	5698650	0.038811965729029986	12.423
chr12	5904772	0.0	12.431
chr12	5908276	0.032977723547754516	12.431
chr12	5968923	0.0	12.433
chr12	5991039	0.5079017796096931	12.433
chr12	6042230	0.22136020575959012	12.459
chr12	6137098	1.703426227920032	12.48
chr12	6199032	1.2045440385454058	12.5855
chr12	6247183	0.0	12.6435
chr12	6284900	1.0488336969291043	12.6435
chr12	6296818	20.582856698182947	12.656
chr12	6322519	1.9246845655850886	13.185
chr12	6373956	0.0	13.284
chr12	6431008	5.991495941244683	13.284
chr12	6462052	0.06808510638297122	13.47
chr12	6520802	1.545764362220045	13.474
chr12	6561882	2.2222222222223063	13.5375
chr12	6575382	0.6239938099813918	13.5675
chr12	6655511	0.9399202947590177	13.6175
chr12	6682109	9.14714980114895	13.6425
chr12	6693424	1.076751610404828	13.746
chr12	6746361	6.876181474480117	13.803
chr12	6788681	0.3100512993968077	14.094
chr12	6877376	0.505582773157126	14.1215
chr12	6947592	2.7664230562781356	14.157
chr12	6971811	0.27131944734311736	14.224
chr12	6995768	4.547564784333597	14.2305
chr12	7043156	0.5848189078002726	14.446
chr12	7067950	3.9794479145678334	14.4605
chr12	7097728	0.4236139352039884	14.579
chr12	7127236	4.406370224568292	14.5915
chr12	7149590	5.042104168832587	14.69
chr12	7159209	1.1388360076149064	14.7385
chr12	7188625	0.0	14.772
chr12	7233172	1.5491160925824725	14.772
chr12	7266094	0.19903666255322627	14.823
chr12	7341457	0.0	14.838
chr12	7345605	9.112567004169282	14.838
chr12	7354000	49.095607235142445	14.9145
chr12	7354387	0.9292816652727244	14.9335
chr12	7365148	5.3997421018697755	14.9435
chr12	7371352	0.22311942201445809	14.977
chr12	7418412	0.7778570039541071	14.9875
chr12	7480120	0.9364820846905411	15.0355
chr12	7504680	4.51384354185713	15.0585
chr12	7565936	3.546433166996188	15.335
chr12	7629662	6.569064290261003	15.561
chr12	7668937	0.23648409597902345	15.819
chr12	7937454	0.0171723346819306	15.8825
chr12	8083037	6.2912515759029475	15.885
chr12	8123490	5.218320706673692	16.1395
chr12	8155301	3.2888636110733542	16.3055
chr12	8236180	11.62856336438044	16.5715
chr12	8253895	3.113701426828013	16.7775
chr12	8341572	3.9954337899544186	17.0505
chr12	8358216	16.449086161879777	17.117
chr12	8367791	63.74918354016976	17.2745
chr12	8375446	23.395721925133785	17.7625
chr12	8379934	2.056529481102519	17.8675
chr12	8419807	1.1483472217212132	17.9495
chr12	8502970	0.22344312715222928	18.045
chr12	8541011	2.1567537520845206	18.0535
chr12	8585986	0.14374619495362836	18.1505
chr12	8645118	6.477413540610579	18.159
chr12	8680626	1.6173043904831872	18.389
chr12	8745858	11.136712749616018	18.4945
chr12	8792730	0.0	19.0165
chr12	8812523	2.2274742742407865	19.0165
chr12	8860335	14.750639505573485	19.123
chr12	8913892	1.530381842813894	19.913
chr12	9033470	0.06601967386283317	20.096
chr12	9094058	1.8389113644720843	20.1
chr12	9110372	1.1391133311636032	20.13
chr12	9181041	0.3059351417499606	20.2105
chr12	9234974	22.47663551401877	20.227
chr12	9245674	0.8069164265129306	20.4675
chr12	9280374	2.5695075914138568	20.4955
chr12	9425538	6.259345709179755	20.8685
chr12	9535214	0.48214147959574516	21.555
chr12	9561140	2.3093447905477587	21.5675
chr12	9570450	0.7575978321046593	21.589
chr12	9639088	4.535334377834854	21.641
chr12	9651215	3.08050549397237	21.696
chr12	9692442	6.899350649350654	21.823
chr12	9747882	0.5017309718527927	22.2055
chr12	9767813	7.6520525642516715	22.2155
chr12	9810808	19.067162939084792	22.5445
chr12	9870990	14.283833596629723	23.692
chr12	9886182	0.03505573862445566	23.909
chr12	9943234	0.08695274118516916	23.911
chr12	10012237	0.0	23.917
chr12	10048085	0.7491919429757935	23.917
chr12	10094802	0.0	23.952
chr12	10144272	0.0	23.952
chr12	10213298	0.0	23.952
chr12	10231009	2.5347459557985483	23.952
chr12	10266121	2.0461742359094663	24.041
chr12	10463807	1.0048736371401081	24.4455
chr12	10503613	0.05416447429512676	24.4855
chr12	10568231	0.0	24.489
chr12	10629582	0.2805245809662517	24.489
chr12	10643841	0.0	24.493
chr12	10705913	0.10867202782017193	24.493
chr12	10724317	0.5553467072211965	24.495
chr12	10782839	1.0219249349684243	24.5275
chr12	10825895	5.008767675260223	24.5715
chr12	10879501	0.0	24.84
chr12	10898321	0.34712216080268576	24.84
chr12	10974663	1.2650816552704998	24.8665
chr12	11022486	1.4738795785796728	24.927
chr12	11059124	5.435727952687424	24.981
chr12	11070622	0.10118726389638807	25.0435
chr12	11085446	0.7589777713084911	25.045
chr12	11133537	2.386864118707697	25.0815
chr12	11201199	1.2222166221460777	25.243
chr12	11240881	0.4756434648383205	25.2915
chr12	11296595	0.20028562471695405	25.318
chr12	11354013	1.741640127388542	25.3295
chr12	11414301	1.2597306114538487	25.4345
chr12	11476219	0.5793895341181959	25.5125
chr12	11514190	0.7225544606207365	25.5345
chr12	11579237	1.611365802732628	25.5815
chr12	11601268	0.4128535058143692	25.617
chr12	11615801	9.748014569773671	25.623
chr12	11649295	10.706487286046295	25.9495
chr12	11677689	10.064950020728839	26.2535
chr12	11699398	6.23540164517109	26.472
chr12	11797868	2.4556587384992206	27.086
chr12	11844495	2.295884899636963	27.2005
chr12	11867362	3.34439708186611	27.253
chr12	11926715	3.388786198398011	27.4515
chr12	11967290	25.943762622339662	27.589
chr12	11986601	25.563645653701204	28.09
chr12	12017915	0.07056167090037795	28.8905
chr12	12159635	0.0	28.9005
chr12	12210224	0.9512305601690364	28.9005
chr12	12243339	4.862008880894885	28.932
chr12	12278921	1.5331642268471926	29.105
chr12	12377084	0.9953178007681883	29.2555
chr12	12412751	0.43047783039175114	29.291
chr12	12468503	0.3186956959307315	29.315
chr12	12498312	0.11662442270911201	29.3245
chr12	12562621	0.9123084701795864	29.332
chr12	12608110	2.934912817782527	29.3735
chr12	12683240	0.3295285638163407	29.594
chr12	12754554	2.3006467856058004	29.6175
chr12	12777591	0.0	29.6705
chr12	12853842	0.0	29.6705
chr12	12919445	0.0	29.6705
chr12	12946279	0.590035770918547	29.6705
chr12	12973396	18.96938013442878	29.6865
chr12	12986786	10.304809843400474	29.9405
chr12	13022546	0.29600447774046174	30.309
chr12	13115450	2.2003897369275807	30.3365
chr12	13177030	2.343355685341327	30.472
chr12	13204768	2.8473369772467745	30.537
chr12	13244103	7.469532171405924	30.649
chr12	13251734	0.9485991617030501	30.706
chr12	13297064	5.027238492194109	30.749
chr12	13351766	1.1296275584386433	31.024
chr12	13396471	2.3609552192592	31.0745
chr12	13422308	0.032438569459068874	31.1355
chr12	13483963	0.8537848098966484	31.1375
chr12	13539012	0.27265910795029547	31.1845
chr12	13583023	0.8286926544682637	31.1965
chr12	13613191	2.1296734500710697	31.2215
chr12	13642773	0.02013085052842367	31.2845
chr12	13742123	2.7896920877358187	31.2865
chr12	13799477	0.7545164718384479	31.4465
chr12	13846527	0.15765410688967715	31.482
chr12	13859213	1.2915423945461522	31.484
chr12	13896765	3.12176632677975	31.5325
chr12	13982774	0.0	31.801
chr12	14110162	2.7031307745103614	31.801
chr12	14204867	0.0	32.057
chr12	14327465	0.012184089406841314	32.057
chr12	14655762	2.242035218908943	32.061
chr12	14732255	0.1356300013559839	32.2325
chr12	14747001	14.126633535799842	32.2345
chr12	14768733	0.3303284103745062	32.5415
chr12	14815656	0.41406152954320774	32.557
chr12	14839807	1.5601875791237734	32.567
chr12	14895890	0.43053960964410354	32.6545
chr12	14941182	0.3353004291845167	32.674
chr12	14993374	10.565202391904315	32.6915
chr12	15028158	0.18265952264978774	33.059
chr12	15069218	0.5884949242313008	33.0665
chr12	15089609	0.08434192215250892	33.0785
chr12	15137035	0.590024516535944	33.0825
chr12	15235336	1.29512543340807	33.1405
chr12	15333396	0.0	33.2675
chr12	15362590	0.8291873963516069	33.2675
chr12	15378871	0.7460583251819836	33.281
chr12	15439188	0.0	33.326
chr12	15493113	1.6852124722659594	33.326
chr12	15552156	0.0	33.4255
chr12	15565926	0.0	33.4255
chr12	15622906	0.06993985172751699	33.4255
chr12	15644353	0.9396323280947317	33.427
chr12	15813036	3.4450628938527292	33.5855
chr12	15853819	1.6965035868933622	33.726
chr12	15884765	5.347153668970015	33.7785
chr12	15933389	0.0	34.0385
chr12	15933794	1.0585377891496415	34.0385
chr12	16010787	3.3522307123492703	34.12
chr12	16031072	0.13217023526294552	34.188
chr12	16061336	1.027570329608584	34.192
chr12	16150381	0.3708439897698653	34.2835
chr12	16228581	0.0926097425448644	34.3125
chr12	16271773	0.0	34.3165
chr12	16290214	0.4094246922711965	34.3165
chr12	16328072	0.0	34.332
chr12	16401453	3.500564071935738	34.332
chr12	16431591	2.4553189059555334	34.4375
chr12	16484130	0.0	34.5665
chr12	16490369	0.7062468674535451	34.5665
chr12	16512316	7.323790844218151	34.582
chr12	16536279	0.0	34.7575
chr12	16552711	0.0	34.7575
chr12	16605801	0.18073160152297182	34.7575
chr12	16647299	0.0	34.765
chr12	16662475	0.05582070389904523	34.765
chr12	16734133	0.22313127556713377	34.769
chr12	16761023	0.12364760432781728	34.775
chr12	16777198	0.4973858326006589	34.777
chr12	16820424	0.0	34.7985
chr12	16900640	0.0	34.7985
chr12	16950391	0.0	34.7985
chr12	16973697	0.0	34.7985
chr12	16995968	0.0	34.7985
chr12	17032401	0.02376087059832776	34.7985
chr12	17116573	0.34404546497108773	34.8005
chr12	17155812	0.3956674415153627	34.814
chr12	17196250	5.559634952271092	34.83
chr12	17262981	0.0	35.201
chr12	17276347	1.7943034634580264	35.201
chr12	17342668	6.206986671312758	35.32
chr12	17365626	0.11468166783363587	35.4625
chr12	17448464	0.0	35.472
chr12	17455904	0.25918044415331537	35.472
chr12	17492558	0.0	35.4815
chr12	17585122	0.09327488107464062	35.4815
chr12	17606564	0.1132566963021061	35.4835
chr12	17641882	1.28402189397916	35.4875
chr12	17695230	0.37933069206778813	35.556
chr12	17730819	6.528504419989263	35.5695
chr12	17775163	0.18953752843037994	35.859
chr12	17793629	0.1807501129690415	35.8625
chr12	17804694	0.4396248534583988	35.8645
chr12	17831990	0.09094032293919468	35.8765
chr12	17980439	0.18099547511334338	35.89
chr12	17991489	0.0	35.892
chr12	17991490	0.0	35.892
chr12	18003635	0.12265925259629216	35.892
chr12	18015864	0.6039840987458283	35.8935
chr12	18061395	0.0	35.921
chr12	18064349	0.07949757532404977	35.921
chr12	18089507	0.5773767300680742	35.923
chr12	18150126	1.5101462954223368	35.958
chr12	18203101	0.4485334000918593	36.038
chr12	18251035	0.5929644083456191	36.0595
chr12	18323552	0.6181601721690788	36.1025
chr12	18367230	0.1439625697319178	36.1295
chr12	18422800	0.7403207006268633	36.1375
chr12	18454543	0.0	36.161
chr12	18515773	0.7696997408931496	36.161
chr12	18581383	2.33100233100215	36.2115
chr12	18598972	2.613908872901891	36.2525
chr12	18619822	4.111090809428041	36.307
chr12	18685498	0.6159866657004365	36.577
chr12	18726895	0.7779952818352134	36.6025
chr12	18746818	2.1872265966752025	36.618
chr12	18770821	0.028117926584128053	36.6705
chr12	18841950	0.28449502133747434	36.6725
chr12	18848980	1.4525183527656356	36.6745
chr12	18874453	1.9614541856136372	36.7115
chr12	18959339	2.1970955468624602	36.878
chr12	19071305	3.811323213238329	37.124
chr12	19086654	1.8639732974988785	37.1825
chr12	19155861	3.4306654711317672	37.3115
chr12	19181512	9.280425807772305	37.3995
chr12	19210821	2.2053634438955543	37.6715
chr12	19267501	1.4776426246358976	37.7965
chr12	19337545	3.060763796674978	37.9
chr12	19412853	0.9377634771238095	38.1305
chr12	19470970	4.551365409622916	38.185
chr12	19504037	35.2290372670807	38.3355
chr12	19509189	8.507613281966607	38.517
chr12	19574601	14.385049978269832	39.0735
chr12	19586106	0.7973563936475225	39.239
chr12	19646932	0.0	39.2875
chr12	19654146	3.456282340453767	39.2875
chr12	19729516	3.5504241537252414	39.548
chr12	19766413	0.0	39.679
chr12	19805311	0.027567701680711924	39.679
chr12	20022957	11.449353448275021	39.685
chr12	20026669	0.890370608397571	39.7275
chr12	20101357	1.3447302550993117	39.794
chr12	20138911	6.289470959726918	39.8445
chr12	20158229	0.0	39.966
chr12	20205188	0.10508932592689973	39.966
chr12	20238493	0.6634733639718415	39.9695
chr12	20300289	0.3325478868956806	40.0105
chr12	20352913	0.2358490566040618	40.028
chr12	20361393	11.074494175352601	40.03
chr12	20374441	5.242940199335501	40.1745
chr12	20393705	0.8453425650109007	40.2755
chr12	20430968	0.0	40.307
chr12	20463030	2.012947276884924	40.307
chr12	20494079	0.2634889334647239	40.3695
chr12	20552905	3.296771975875731	40.385
chr12	20584906	0.03295978905739032	40.4905
chr12	20645586	7.627353266888178	40.4925
chr12	20681706	4.554326610279736	40.768
chr12	20740112	0.7507347616816743	41.034
chr12	20834020	9.287991498405901	41.1045
chr12	20881070	6.606693422216185	41.5415
chr12	20939874	5.369450232409053	41.93
chr12	21002264	0.2132975805961668	42.265
chr12	21018673	3.9414414414414005	42.2685
chr12	21043537	1.225780941083104	42.3665
chr12	21056182	7.253969533328044	42.382
chr12	21093403	16.910223437941273	42.652
chr12	21160670	2.1545245014533703	43.7895
chr12	21180628	3.3739521046565226	43.8325
chr12	21383654	3.687358457697069	44.5175
chr12	21418096	1.5667841754798157	44.6445
chr12	21451285	1.2760748977837832	44.6965
chr12	21489684	0.0	44.7455
chr12	21531686	0.8551495241643166	44.7455
chr12	21590740	13.864921154418571	44.796
chr12	21607545	1.5073153193018594	45.029
chr12	21643702	11.295303104176867	45.0835
chr12	21680620	13.812788662899019	45.5005
chr12	21715479	0.07220737959428278	45.982
chr12	21743177	7.364586632879595	45.984
chr12	21749491	0.06448354057619399	46.0305
chr12	21842538	0.0	46.0365
chr12	21852310	0.0	46.0365
chr12	21858482	2.2892508742869073	46.0365
chr12	21901946	6.6475865708602395	46.136
chr12	21951212	0.3912363067292263	46.4635
chr12	21995942	3.9824136612718237	46.481
chr12	22027330	19.438341770942614	46.606
chr12	22037799	7.400645229907414	46.8095
chr12	22094213	35.45493378897915	47.227
chr12	22103577	0.882053601718907	47.559
chr12	22192007	0.0	47.637
chr12	22221415	0.0	47.637
chr12	22245723	1.4664073021098156	47.637
chr12	22279138	5.2330449344127015	47.686
chr12	22286304	2.5149394913065204	47.7235
chr12	22352906	0.22548253261981493	47.891
chr12	22386168	0.7614564585353292	47.8985
chr12	22422283	0.4600412857564315	47.926
chr12	22507058	3.3604731546201156	47.965
chr12	22533096	0.5376584972445205	48.0525
chr12	22555415	3.9049788480310577	48.0645
chr12	22576926	5.593542085184018	48.1485
chr12	22631185	0.0	48.452
chr12	22708806	0.33775729158391465	48.452
chr12	22834636	0.17834319174866176	48.4945
chr12	22868279	1.725492875935338	48.5005
chr12	22897546	0.04493574188899386	48.551
chr12	22942054	6.559554946651773	48.553
chr12	22966141	0.0	48.711
chr12	23029949	7.663233095198533	48.711
chr12	23078101	0.8963127418919308	49.08
chr12	23478073	9.040710264183716	49.4385
chr12	23505781	1.3524139015568253	49.689
chr12	23537576	0.2648244099020856	49.732
chr12	23581001	0.47102191275876193	49.7435
chr12	23605416	1.8366855353486675	49.755
chr12	23638628	1.0852764166144027	49.816
chr12	23669035	0.5974406413815508	49.849
chr12	23720923	0.27852650494152476	49.88
chr12	23776573	13.398464759246844	49.8955
chr12	23783738	3.60394213196233	49.9915
chr12	23842285	0.08273009307130885	50.2025
chr12	23890635	6.502472545115939	50.2065
chr12	23921777	1.3304899222465967	50.409
chr12	23974765	2.4673608952439254	50.4795
chr12	24026237	0.544069640914102	50.6065
chr12	24079539	0.6108468955889392	50.6355
chr12	24102458	0.11838322340589871	50.6495
chr12	24132023	1.6567512613902278	50.653
chr12	24171860	0.6359936037214092	50.719
chr12	24199376	0.981660538381235	50.7365
chr12	24287492	0.24272751036256252	50.823
chr12	24341050	0.0	50.836
chr12	24419702	0.2502287805993808	50.836
chr12	24489638	0.3095855423552754	50.8535
chr12	24515479	0.0	50.8615
chr12	24572241	0.0	50.8615
chr12	24612450	0.5163155720776734	50.8615
chr12	24626976	0.0	50.869
chr12	24637545	0.32885990568015955	50.869
chr12	24709004	6.224800169767346	50.8925
chr12	24723141	1.773158055640689	50.9805
chr12	24739496	2.0848015034060947	51.0095
chr12	24824636	2.0437117859677962	51.187
chr12	24854239	1.278870013361196	51.2475
chr12	24880434	1.8846525901464282	51.281
chr12	24910413	0.4370259678011379	51.3375
chr12	24945880	3.5015120165525464	51.353
chr12	25021276	0.20291521525923187	51.617
chr12	25050845	0.31961398878264097	51.623
chr12	25147837	4.154529392101606	51.654
chr12	25189719	0.5697654722123691	51.828
chr12	25319597	0.40624803174404767	51.902
chr12	25478367	2.3993304194177956	51.9665
chr12	25532132	0.47439148510404366	52.0955
chr12	25590101	23.29685845393664	52.123
chr12	25592934	1.9493406296604718	52.189
chr12	25678091	4.501866627626259	52.355
chr12	25705413	0.22065627446787459	52.478
chr12	25775658	0.2819581996969891	52.4935
chr12	25804031	0.583547300676858	52.5015
chr12	25834020	0.5682035828747183	52.519
chr12	25912337	1.3217023526303273	52.5635
chr12	25938818	4.739510617973405	52.5985
chr12	25979645	0.0	52.792
chr12	26018441	18.27000218802387	52.792
chr12	26032152	0.7487380141536207	53.0425
chr12	26114958	7.65139940067987	53.1045
chr12	26199387	0.9182209469152504	53.7505
chr12	26216812	0.16310794780539264	53.7665
chr12	26250532	12.427925822035322	53.772
chr12	26276200	0.07939868727504007	54.091
chr12	26295092	0.42188529993403395	54.0925
chr12	26333017	2.211979432065624	54.1085
chr12	26376191	1.833130328867247	54.204
chr12	26458291	0.6357409458184407	54.3545
chr12	26507053	0.20801350036914473	54.3855
chr12	26677715	0.6847045831032315	54.421
chr12	26722990	1.4711429649189542	54.452
chr12	26749500	1.7153550265100972	54.491
chr12	26768738	0.3384667456420531	54.524
chr12	26792374	0.0807450072670537	54.532
chr12	26810951	7.797537619699337	54.5335
chr12	26829226	1.9928438787988803	54.676
chr12	26873384	2.203975799481194	54.764
chr12	26896524	0.9437619023544246	54.815
chr12	26955861	0.3834355828219707	54.871
chr12	26992373	1.0446658343313864	54.885
chr12	27031620	0.9576909218486194	54.926
chr12	27084351	6.8319226118500325	54.9765
chr12	27109161	2.258037407422301	55.146
chr12	27382850	0.8832621816576222	55.764
chr12	27389643	0.0	55.77
chr12	27543701	0.13426423200854018	55.77
chr12	27584665	0.25790921595599325	55.7755
chr12	27607929	0.29539915811223566	55.7815
chr12	27621470	0.08133552939258186	55.7855
chr12	27670649	0.11698642957431236	55.7895
chr12	27687745	0.0	55.7915
chr12	27842260	0.0	55.7915
chr12	27863623	0.0	55.7915
chr12	27939155	0.1403262585510536	55.7915
chr12	27967660	0.4375042067712355	55.7955
chr12	28012231	0.1087988605793034	55.815
chr12	28062783	0.027564915375645555	55.8205
chr12	28135339	0.0	55.8225
chr12	28183749	18.181818181840402	55.8225
chr12	28183969	0.18308311973593364	55.8265
chr12	28194893	0.16050720276077748	55.8285
chr12	28244735	0.0	55.8365
chr12	28303727	0.0	55.8365
chr12	28320307	0.029189694092007022	55.8365
chr12	28371695	0.20165239735891008	55.838
chr12	28458478	0.0	55.8555
chr12	28551478	0.20858479389042023	55.8555
chr12	28731261	0.0	55.893
chr12	28768444	0.0	55.893
chr12	28810156	0.09310120100560676	55.893
chr12	28831638	0.0	55.895
chr12	28923143	0.6565865005815374	55.895
chr12	29056408	0.12677270499146878	55.9825
chr12	29115569	0.0	55.99
chr12	29158086	0.0	55.99
chr12	29285184	0.15534583867326043	55.99
chr12	29310933	0.005072344310738012	55.994
chr12	29705228	0.0	55.996
chr12	29769128	0.0	55.996
chr12	29844037	0.0	55.996
chr12	29943402	0.0	55.996
chr12	29986237	0.0	55.996
chr12	30058170	0.016619577862683553	55.996
chr12	30178510	0.4575611988104937	55.998
chr12	30195994	0.0	56.006
chr12	30231309	0.0	56.006
chr12	30259733	0.10234576493229947	56.006
chr12	30308587	0.09063444108761673	56.011
chr12	30374787	0.0	56.017
chr12	30459554	0.6456820016138471	56.017
chr12	30465749	0.07271828210328912	56.021
chr12	30603266	0.6022803167636621	56.031
chr12	30687114	0.0	56.0815
chr12	30715475	0.22414632271944943	56.0815
chr12	30793549	0.06878342097673769	56.099
chr12	31018894	0.34595093262606896	56.1145
chr12	31053581	1.8840895643236757	56.1265
chr12	31085692	0.0	56.187
chr12	31120927	7.105326009075697	56.187
chr12	31154423	1.240736393816644	56.425
chr12	31184244	1.6940799605739116	56.462
chr12	31200477	0.0	56.4895
chr12	31202632	0.0	56.4895
chr12	31260921	0.6163328197234035	56.4895
chr12	31264166	0.22154609635779057	56.4915
chr12	31298019	0.0	56.499
chr12	31418197	0.07992105190002272	56.499
chr12	31562089	0.2905046480743409	56.5105
chr12	31622329	0.45173919590424844	56.528
chr12	31648893	0.14685366032740227	56.54
chr12	31676131	0.5435735577767125	56.544
chr12	31733161	0.29699565448449755	56.575
chr12	31765148	0.03354804079445861	56.5845
chr12	31824764	2.4322830292979813	56.5865
chr12	31860944	0.2153872663047732	56.6745
chr12	31907372	1.713911569865942	56.6845
chr12	31959300	0.13744130111098907	56.7735
chr12	32002955	1.0758068551413968	56.7795
chr12	32062910	0.22919133656748644	56.844
chr12	32089089	0.10821446138707014	56.85
chr12	32139914	0.0	56.8555
chr12	32171143	0.0	56.8555
chr12	32228894	2.521357380161603	56.8555
chr12	32245750	0.0	56.898
chr12	32340309	0.1499868761482539	56.898
chr12	32393647	0.9820590994372548	56.906
chr12	32427759	0.32054443238973573	56.9395
chr12	32468315	0.29392902949976574	56.9525
chr12	32543163	0.665971739634099	56.9745
chr12	32577699	0.44578063445979843	56.9975
chr12	32625929	0.6432696047632822	57.019
chr12	32659352	1.317242071457296	57.0405
chr12	32699208	0.22845325125037572	57.093
chr12	32740792	5.122405534859162	57.1025
chr12	32763340	2.3213501474370433	57.218
chr12	32811157	0.0	57.329
chr12	32830734	0.17201484876564813	57.329
chr12	33010951	1.2786997044783388	57.36
chr12	33046143	0.7759066613024032	57.405
chr12	33080941	2.575235813744528	57.432
chr12	33114336	0.34670629024270755	57.518
chr12	33205191	0.13528138528106998	57.5495
chr12	33219975	0.3837407617964898	57.5515
chr12	33290335	1.7509417944501113	57.5785
chr12	33309182	0.9273281607546909	57.6115
chr12	33459075	0.5416705458177115	57.7505
chr12	33577228	1.7771532484706931	57.8145
chr12	33613522	1.0296036535638466	57.879
chr12	33662570	5.308414495042964	57.9295
chr12	33673967	0.11183597390494365	57.99
chr12	33727617	3.6976670640037224	57.996
chr12	33768724	1.406715268507992	58.148
chr12	33866114	0.5733845325178749	58.285
chr12	33923667	0.9959828690946892	58.318
chr12	33983909	1.7121857512737146	58.378
chr12	34031801	2.246426140231535	58.46
chr12	34061181	0.12117907237413382	58.526
chr12	34094190	0.12962182831581656	58.53
chr12	34125049	3.188428338129242	58.534
chr12	34137908	2.771362586604981	58.575
chr12	34172548	2.18065734454373	58.671
chr12	34194789	2.048823016565133	58.7195
chr12	34217729	4.419601208077019	58.7665
chr12	34280970	0.20127744082444002	59.046
chr12	34318232	10.61474342276613	59.0535
chr12	34325910	0.3502703649380534	59.135
chr12	34371589	0.0	59.151
chr12	34422981	3.338823843653977	59.151
chr12	34467907	1.855755812227204	59.301
chr12	34501586	3.024025525632672	59.3635
chr12	34543583	3.1115844121270566	59.4905
chr12	34573632	2.066929133858066	59.584
chr12	34599032	0.9293785630900788	59.6365
chr12	34687263	0.1532265125646835	59.7185
chr12	34710105	0.12943810916807552	59.722
chr12	34787362	0.0	59.732
chr12	34827197	0.7318775211478437	59.732
chr12	34885950	0.0	59.775
chr12	34928712	0.39917347609662374	59.775
chr12	34971300	0.2161500081056335	59.792
chr12	35082334	0.0	59.816
chr12	35199129	0.0	59.816
chr12	35239680	0.038730666942086205	59.816
chr12	35278409	0.04217629692103203	59.8175
chr12	35325829	0.1938113274415288	59.8195
chr12	35416123	3.0888622265334567	59.837
chr12	35455296	0.15782895606809266	59.958
chr12	35689727	0.8771275007467015	59.995
chr12	35716519	0.05544466622307861	60.0185
chr12	35788663	0.1266825019793439	60.0225
chr12	35820238	0.09174464961880664	60.0265
chr12	35880187	0.0	60.032
chr12	35909035	1.030166105403827	60.032
chr12	35979412	0.0	60.1045
chr12	35993481	0.8971181236357718	60.1045
chr12	36047543	0.9343829568548471	60.153
chr12	36133161	0.0270841232869623	60.233
chr12	36207005	0.4350284943662945	60.235
chr12	36229992	0.2802333579599721	60.245
chr12	36269245	0.19029043077002622	60.256
chr12	36311286	0.0	60.264
chr12	36357954	0.0	60.264
chr12	36455948	1.2819861900893468	60.264
chr12	36495340	0.1764633220984667	60.3145
chr12	36552009	0.5888303413706382	60.3245
chr12	36618242	0.38055527979079606	60.3635
chr12	36648461	0.06494982625929413	60.375
chr12	36679254	1.0947763528306722	60.377
chr12	36727209	0.9933774834437462	60.4295
chr12	36746839	2.868215730797454	60.449
chr12	36805412	1.3235248853457866	60.617
chr12	36837901	2.244331328089042	60.66
chr12	36859511	3.2228360957642854	60.7085
chr12	36881231	0.6787330316742339	60.7785
chr12	36907751	3.257328990220422	60.7965
chr12	36908365	0.10372651140448676	60.7985
chr12	36999952	0.33320005331194225	60.808
chr12	37029964	0.11972104995375439	60.818
chr12	37063375	0.3009996356319939	60.822
chr12	37126498	1.2129331257466431	60.841
chr12	37154117	0.1443209698369655	60.8745
chr12	37209549	0.09079147468047717	60.8825
chr12	37253606	0.03977619262284365	60.8865
chr12	37291317	0.3953073195614118	60.888
chr12	37330527	0.10970283288429708	60.9035
chr12	37526511	0.15144631228248104	60.925
chr12	37552923	1.8289773630918362	60.929
chr12	37571786	1.9857029388399545	60.9635
chr12	37576822	0.09207679204435058	60.9735
chr12	37598543	0.10964010635103716	60.9755
chr12	37635026	4.339837810440967	60.9795
chr12	37650810	0.0	61.048
chr12	37665713	1.0478003571375563	61.048
chr12	37801235	0.0	61.19
chr12	37823957	0.14170829347804897	61.19
chr12	37852184	0.0	61.194
chr12	37872428	0.0	61.194
chr12	37948181	7.192328183271072	61.194
chr12	37966951	0.7731234186112186	61.329
chr12	38009635	8.435242361867703	61.362
chr12	38034412	4.044100508134917	61.571
chr12	38077314	78.58590407565868	61.7445
chr12	38086196	1.5303500815442064	62.4425
chr12	38130957	0.2595305380933255	62.511
chr12	38182974	2.926550908942648	62.5245
chr12	38244309	26.21870085883647	62.704
chr12	38260843	2.4217622521399518	63.1375
chr12	38311426	0.0	63.26
chr12	38329498	8.428120175078245	63.26
chr12	38400095	0.608839836261092	63.855
chr12	38438693	0.20325203252021254	63.8785
chr12	38458373	0.037129631921583625	63.8825
chr12	38498772	0.04061820914320852	63.884
chr12	38548011	0.8424828785735324	63.886
chr12	38566409	3.644621893371881	63.9015
chr12	38621010	0.3439098059151909	64.1005
chr12	38654449	0.12499739588759042	64.112
chr12	38702450	0.1422336370359997	64.118
chr12	38825487	0.13622122326723538	64.1355
chr12	38840169	0.34033863694296584	64.1375
chr12	38851922	0.0644769080559752	64.1415
chr12	38906205	0.0	64.145
chr12	38911105	0.0	64.145
chr12	38953582	0.20406775049317144	64.145
chr12	38982984	0.13688317021487575	64.151
chr12	38997595	0.4076801683321606	64.153
chr12	39035615	1.2464854732896886	64.1685
chr12	39142315	3.872271414571538	64.3015
chr12	39257622	0.27965364378326646	64.748
chr12	39305896	0.3488372093023388	64.7615
chr12	39323096	0.030718427216564054	64.7675
chr12	39453311	1.4656058471962803	64.7715
chr12	39479580	0.8497379974508182	64.81
chr12	39493702	0.10341119046953064	64.822
chr12	39566228	1.0137933003969208	64.8295
chr12	39601245	0.0	64.865
chr12	39615975	0.37833502322985646	64.865
chr12	39682054	0.252092366643267	64.89
chr12	39721722	0.8266414737835757	64.9
chr12	39764062	0.17247822462414775	64.935
chr12	39833636	0.0	64.947
chr12	39858599	0.0	64.947
chr12	39895125	0.1787401373743276	64.947
chr12	39934288	0.2849544072948436	64.954
chr12	39976400	0.741192884548543	64.966
chr12	40010804	2.5243832472746375	64.9915
chr12	40045664	0.4327583119442872	65.0795
chr12	40112676	0.0	65.1085
chr12	40119370	1.741780971041926	65.1085
chr12	40123963	0.49714714025666346	65.1165
chr12	40189336	0.0	65.149
chr12	40200433	0.6924882629107688	65.149
chr12	40243033	0.0	65.1785
chr12	40276383	1.940899606967788	65.1785
chr12	40358819	0.09419033983883894	65.3385
chr12	40438445	0.9790139572243013	65.346
chr12	40458363	4.672515479749732	65.3655
chr12	40519572	20.283542574088063	65.6515
chr12	40531281	58.547008547008744	65.889
chr12	40532451	7.541537066850086	65.9575
chr12	40596430	5.529999021239089	66.44
chr12	40606647	17.941551944243283	66.4965
chr12	40664613	9.339136291805959	67.5365
chr12	40703214	0.1789228842364769	67.897
chr12	40714392	1.599294104670841	67.899
chr12	40732525	3.9758429793659102	67.928
chr12	40772265	11.607126901013338	68.086
chr12	40828222	2.4126755491538203	68.7355
chr12	40897647	1.6745521237570615	68.903
chr12	40916458	0.31431873948052147	68.9345
chr12	40965771	10.68453458891712	68.95
chr12	40993381	3.0086959217522087	69.245
chr12	41315946	0.3775138993752378	70.2155
chr12	41388791	0.31213500342347567	70.243
chr12	41438449	3.56245034061452	70.2585
chr12	41515222	0.8522883483936449	70.532
chr12	41569781	0.6713505074157369	70.5785
chr12	41601806	4.697851836980703	70.6
chr12	41626711	4.207551363881979	70.717
chr12	41658202	3.61833464670336	70.8495
chr12	41734342	0.6220884812361674	71.125
chr12	41768903	0.9713070642900018	71.1465
chr12	41845089	2.292962556409174	71.2205
chr12	41886084	8.947690425206462	71.3145
chr12	41905698	1.6854859621414002	71.49
chr12	41948119	5.199011335549387	71.5615
chr12	42030250	1.2485519371863611	71.9885
chr12	42069095	0.13359855119786843	72.037
chr12	42170144	7.732191163209858	72.0505
chr12	42192324	7.136175733985293	72.222
chr12	42225465	9.209225321345485	72.4585
chr12	42268954	0.49535010066801816	72.859
chr12	42300245	2.517478493541033	72.8745
chr12	42335002	1.3382195503581844	72.962
chr12	42407860	0.04381640924516023	73.0595
chr12	42453505	0.4670342187999616	73.0615
chr12	42541293	6.487322937745189	73.1025
chr12	42558095	0.0	73.2115
chr12	42585363	0.301446945337632	73.2115
chr12	42605267	2.0943414352962755	73.2175
chr12	42657312	0.09385705570416611	73.3265
chr12	42721239	3.362485920625504	73.3325
chr12	42751425	0.7999756197907736	73.434
chr12	42817052	43.22638146167511	73.4865
chr12	42827150	6.024644204974	73.923
chr12	42849143	1.248837518267869	74.0555
chr12	42886778	0.0	74.1025
chr12	42932963	0.5351409204422828	74.1025
chr12	42991826	0.8355681202689206	74.134
chr12	43143220	4.246284501061732	74.2605
chr12	43205392	1.9620445857715478	74.5245
chr12	43234953	2.2816366531912426	74.5825
chr12	43267605	4.6402399343576235	74.657
chr12	43302948	1.4677339150799051	74.821
chr12	43365289	4.184282156715348	74.9125
chr12	43399823	1.178361006963087	75.057
chr12	43427828	1.0442885449576198	75.09
chr12	43446501	2.1956087824352126	75.1095
chr12	43491591	0.6535311539691179	75.2085
chr12	43563508	0.020303744010348197	75.2555
chr12	43662012	0.5729564553097198	75.2575
chr12	43685574	1.7075899428838464	75.271
chr12	43702557	0.46732397463636827	75.3
chr12	43757123	0.0	75.3255
chr12	43879964	0.3190640787024848	75.3255
chr12	43936379	1.2877905194088917	75.3435
chr12	43952686	27.8623273238117	75.3645
chr12	43956957	3.9140851348336514	75.4835
chr12	43992853	6.85459450531365	75.624
chr12	44011016	4.29882744962432	75.7485
chr12	44074638	2.288471053933636	76.022
chr12	44106974	4.152048665872434	76.096
chr12	44138043	5.247319200807726	76.225
chr12	44190546	1.2510245459642104	76.5005
chr12	44213727	0.041554699836749934	76.5295
chr12	44249824	1.8096365289283205	76.531
chr12	44308123	2.231049681667386	76.6365
chr12	44363254	0.43748906277338806	76.7595
chr12	44443256	0.8481905268757937	76.7945
chr12	44473320	0.0	76.82
chr12	44491252	0.8782157079479571	76.82
chr12	44557295	1.5941412892254603	76.878
chr12	44609047	1.0986815821010467	76.9605
chr12	44614053	2.573354591480321	76.966
chr12	44649804	1.9615384615379894	77.058
chr12	44662804	3.4334296146930288	77.0835
chr12	44699502	2.407623806261594	77.2095
chr12	44749136	0.3599884803689829	77.329
chr12	44769970	0.0	77.3365
chr12	44772225	1.5243902439026045	77.3365
chr12	44794201	4.410100300511242	77.37
chr12	44819824	0.02922381546120931	77.483
chr12	44871152	0.8591434339961348	77.4845
chr12	44894431	0.0	77.5045
chr12	44953027	0.0	77.5045
chr12	45009280	0.0	77.5045
chr12	45036585	0.0	77.5045
chr12	45096255	0.27583521279891804	77.5045
chr12	45157886	0.0	77.5215
chr12	45178481	0.492977746341509	77.5215
chr12	45365102	0.28502208921124966	77.6135
chr12	45372119	0.25077512310768924	77.6155
chr12	45415983	0.24291863920371476	77.6265
chr12	45504490	0.12776403807377465	77.648
chr12	45614067	0.0	77.662
chr12	45636199	0.0	77.662
chr12	45675656	0.1182475709978169	77.662
chr12	45726397	0.10894263392125907	77.668
chr12	45758524	0.31974420463645453	77.6715
chr12	45789799	1.3999243284149125	77.6815
chr12	45816229	0.17897091722553368	77.7185
chr12	45827404	0.03585450242905898	77.7205
chr12	45883185	0.21114864864965685	77.7225
chr12	45892657	0.08795461541844742	77.7245
chr12	45960874	0.060302719652515796	77.7305
chr12	45994040	1.1231017139506878	77.7325
chr12	46014519	0.0	77.7555
chr12	46079416	0.034301198826819056	77.7555
chr12	46137723	0.9876024374874022	77.7575
chr12	46161518	0.884754990925301	77.781
chr12	46183558	9.963978619567433	77.8005
chr12	46200770	0.0	77.972
chr12	46225900	0.5601467746912441	77.972
chr12	46287491	0.7330840847438534	78.0065
chr12	46301132	0.8918834380204953	78.0165
chr12	46419421	0.9797975085149442	78.122
chr12	46440854	1.5359803394513494	78.143
chr12	46453875	3.400268519059076	78.163
chr12	46488137	4.740129377648943	78.2795
chr12	46559865	0.13477694415742456	78.6195
chr12	46604383	6.139417963840054	78.6255
chr12	46625069	3.8723026899201956	78.7525
chr12	46675814	0.16038063671113384	78.949
chr12	46713225	2.617979056167489	78.955
chr12	46772049	9.535509535509759	79.109
chr12	46806237	0.5722133211260291	79.435
chr12	46871772	2.9031485693765235	79.4725
chr12	46905184	0.09347104734286764	79.5695
chr12	46926581	0.0	79.5715
chr12	46955385	0.998513162881552	79.5715
chr12	47023987	8.703651287857674	79.64
chr12	47038119	8.278732070125624	79.763
chr12	47083295	17.842714785887143	80.137
chr12	47105573	0.0	80.5345
chr12	47184259	0.03757891572319778	80.5345
chr12	47224175	0.18338376386844357	80.536
chr12	47344142	24.322799097065314	80.558
chr12	47361862	13.366886724622256	80.989
chr12	47377161	0.45091609586416553	81.1935
chr12	47703164	6.283084004602903	81.3405
chr12	47724889	2.4695328562730636	81.477
chr12	47811950	3.54058173504403	81.692
chr12	47843442	1.9986520718584797	81.8035
chr12	47886471	1.7912667297553206	81.8895
chr12	48019617	5.476578886040507	82.128
chr12	48066818	0.1842865040850245	82.3865
chr12	48099376	0.483666939504622	82.3925
chr12	48126254	0.4288790743511794	82.4055
chr12	48181048	0.0	82.429
chr12	48198478	0.04467077637814804	82.429
chr12	48288022	2.6263168890080837	82.433
chr12	48321529	0.09102494083377959	82.521
chr12	48513784	0.0	82.5385
chr12	48591843	0.02766576983466167	82.5385
chr12	48736426	0.3533246711801718	82.5425
chr12	48780295	0.19046409751717402	82.558
chr12	48811797	5.120213713268578	82.564
chr12	48832011	1.0591269110331614	82.6675
chr12	48853727	0.9506166821037212	82.6905
chr12	48874240	7.7252419955327705	82.71
chr12	48901100	317.49460043194676	82.9175
chr12	48901563	2.610300366656186	83.0645
chr12	48942746	0.0	83.172
chr12	48962941	2.1419354838709266	83.172
chr12	48982316	0.4619296395313644	83.2135
chr12	49104629	0.11132075471697642	83.27
chr12	49369629	0.6524575902570015	83.2995
chr12	49390320	0.0	83.313
chr12	49537468	0.0	83.313
chr12	49549788	0.0	83.313
chr12	49599204	0.9530617107458069	83.313
chr12	49611795	0.19600156801255153	83.325
chr12	49642407	1.9841269841270595	83.331
chr12	49662063	1.504017876326612	83.37
chr12	49685334	2.2220382024953262	83.405
chr12	49721562	1.5879659264364405	83.4855
chr12	49762180	0.5621540590408165	83.55
chr12	49796868	0.0323834196890437	83.5695
chr12	49858628	0.9651749133313621	83.5715
chr12	49909396	0.18203481829608262	83.6205
chr12	49939610	1.552910961460919	83.626
chr12	50006581	0.12937447441589617	83.73
chr12	50022040	1.4062500000007934	83.732
chr12	50031640	0.3449962443445914	83.7455
chr12	50146134	0.7958162801274684	83.785
chr12	50212104	0.3175905463880812	83.8375
chr12	50287673	0.0	83.8615
chr12	50306151	0.6997542326596944	83.8615
chr12	50364743	2.2075382244873905	83.9025
chr12	50398491	6.119879926406555	83.977
chr12	50450126	1.9672459809289469	84.293
chr12	50529933	0.06300601707448379	84.45
chr12	50561676	9.087791495198923	84.452
chr12	50590836	0.24593331693770495	84.717
chr12	50647762	0.12586136370802958	84.731
chr12	50679543	0.0	84.735
chr12	50693289	0.0	84.735
chr12	50750339	0.0	84.735
chr12	50774380	0.0813877778811855	84.735
chr12	50817384	0.2062706270628118	84.7385
chr12	50865864	0.2929421857671067	84.7485
chr12	50913655	0.09476726738584851	84.7625
chr12	50976968	0.13106458634874654	84.7685
chr12	51064711	0.6051742397498843	84.78
chr12	51084540	0.1750269022830432	84.792
chr12	51161671	1.2212208421692206	84.8055
chr12	51214487	0.0	84.87
chr12	51248939	0.0	84.87
chr12	51338066	0.9772263766143836	84.87
chr12	51361602	1.0602477766924898	84.893
chr12	51439414	1.513991947559448	84.9755
chr12	51469467	0.03860030159698803	85.021
chr12	51663766	0.7744018981089018	85.0285
chr12	51694112	0.5860457749266165	85.052
chr12	51757247	5.205704189802879	85.089
chr12	51773095	3.722359500728848	85.1715
chr12	51804661	0.2529084471421441	85.289
chr12	51852109	0.14589465137519114	85.301
chr12	51930933	0.0	85.3125
chr12	51950405	0.09478672985759899	85.3125
chr12	51971505	2.7188584650987186	85.3145
chr12	51997435	0.8962156976597152	85.385
chr12	52037046	1.3183063640590322	85.4205
chr12	52056389	8.070119181230092	85.446
chr12	52075100	5.3743513713861955	85.597
chr12	52096684	2.0528835483974395	85.713
chr12	52159766	0.08535700567624412	85.8425
chr12	52230059	0.0	85.8485
chr12	52252226	0.2592834757513149	85.8485
chr12	52296579	0.0	85.86
chr12	52315774	0.0	85.86
chr12	52325965	4.594013766468177	85.86
chr12	52358072	5.443346225469676	86.0075
chr12	52372034	3.48949919224569	86.0835
chr12	52402984	0.0	86.1915
chr12	52416114	1.1765175081757497	86.1915
chr12	52491336	2.6187576126674337	86.28
chr12	52622696	0.9505374857420555	86.624
chr12	52680558	4.100216330432075	86.679
chr12	52720312	1.992936427850851	86.842
chr12	52740132	1.1380413385824288	86.8815
chr12	52772644	1.0548103331610772	86.9185
chr12	52822890	0.28322440087136724	86.9715
chr12	52891740	0.37041152720691617	86.991
chr12	52918737	1.4428649147288795	87.001
chr12	52961014	13.41573711184785	87.062
chr12	52977599	5.386409170033222	87.2845
chr12	53008046	1.733272287265265	87.4485
chr12	53038624	0.0	87.5015
chr12	53051227	0.0	87.5015
chr12	53055436	0.40321225765264795	87.5015
chr12	53085197	3.1108489668559174	87.5135
chr12	53137755	0.23643643012493865	87.677
chr12	53169476	0.21121554546440427	87.6845
chr12	53188414	0.04228419205470176	87.6885
chr12	53235713	0.10659276235156662	87.6905
chr12	53273239	2.017564680749995	87.6945
chr12	53340647	9.82847923919491	87.8305
chr12	53364201	2.086230876217047	88.062
chr12	53385771	0.08729050279340277	88.107
chr12	53431595	6.677250653716879	88.111
chr12	53474427	0.052727784026998625	88.397
chr12	53588219	0.0	88.403
chr12	53618161	2.9620164943656477	88.403
chr12	53626770	0.0	88.4285
chr12	53635859	0.3369272237196893	88.4285
chr12	53707091	0.3335969160816795	88.4525
chr12	53747559	6.585480583285673	88.466
chr12	53766692	22.749545009099023	88.592
chr12	53773835	32.85835814547075	88.7545
chr12	53787941	8.061924148274795	89.218
chr12	53806609	2.108697382032424	89.3685
chr12	53869444	0.0	89.501
chr12	53870190	4.989308624376307	89.501
chr12	53913683	6.163043478260639	89.718
chr12	53959683	11.502251330331802	90.0015
chr12	53984113	12.34129313274237	90.2825
chr12	54016484	0.47556770895229855	90.682
chr12	54033306	0.7001285690645878	90.69
chr12	54111863	0.2652168147454368	90.745
chr12	54126945	2.1215755004152586	90.749
chr12	54181150	1.6172506738545087	90.864
chr12	54203410	10.226712666337901	90.9
chr12	54215584	0.796782516314921	91.0245
chr12	54255118	0.4083299305844108	91.056
chr12	54264914	2.18110180820384	91.06
chr12	54307553	0.1456133964324773	91.153
chr12	54348758	8.848379209334913	91.159
chr12	54390065	0.1252505010017121	91.5245
chr12	54406033	0.14126787921613593	91.5265
chr12	54434348	4.207307258973082	91.5305
chr12	54589673	6.411252719925087	92.184
chr12	54602541	2.0108436606294586	92.2665
chr12	54636109	1.161237879579401	92.334
chr12	54653332	11.001347103726872	92.354
chr12	54671148	6.326211287363685	92.55
chr12	54708216	9.108627858628143	92.7845
chr12	54746696	27.53249176046245	93.135
chr12	54778858	2.182265826090283	94.0205
chr12	54832472	0.6271483421261775	94.1375
chr12	54936913	2.6917900403763153	94.203
chr12	54944343	1.8157654803666583	94.223
chr12	55009054	1.1167836630503059	94.3405
chr12	55024724	1.1465757669661192	94.358
chr12	55073129	1.4343365585646304	94.4135
chr12	55093696	0.2987080875213041	94.443
chr12	55120478	0.015101519968056887	94.451
chr12	55252915	0.34606566595992416	94.453
chr12	55276032	3.371589335953433	94.461
chr12	55298425	2.764787199623344	94.5365
chr12	55332424	10.69188855762303	94.6305
chr12	55351878	1.5973640361317196	94.8385
chr12	55431697	8.701304625490435	94.966
chr12	55475541	1.1829235278192622	95.3475
chr12	55560500	0.13753266400835854	95.448
chr12	55575042	3.1996685235485427	95.45
chr12	55618484	9.14483440434993	95.589
chr12	55636691	13.74431216106721	95.7555
chr12	55652734	7.939891292763557	95.976
chr12	55662117	0.5555996507657668	96.0505
chr12	55687315	0.3512011077886029	96.0645
chr12	55737144	1.801040601236338	96.082
chr12	55782118	3.6155327041366476	96.163
chr12	55803415	0.9151288727877317	96.24
chr12	55856413	0.04319654427666414	96.2885
chr12	55891138	0.1478743068391923	96.29
chr12	55931713	0.41580041579944677	96.296
chr12	55941333	0.7534459070160445	96.3
chr12	55986459	1.537131328657723	96.334
chr12	56028095	3.0555157079327766	96.398
chr12	56062950	0.20258005963961562	96.5045
chr12	56124654	0.0	96.517
chr12	56161320	0.0	96.517
chr12	56197641	0.0	96.517
chr12	56240723	0.0	96.517
chr12	56285162	0.24646557872213912	96.517
chr12	56380510	2.521670606777032	96.5405
chr12	56469340	3.8351297888659666	96.7645
chr12	56494111	7.506559129336252	96.8595
chr12	56514693	19.55893323386793	97.014
chr12	56536141	13.035492089826604	97.4335
chr12	56586772	2.8596260057752323	98.0935
chr12	56658110	6.129159542286048	98.2975
chr12	56696125	2.5725274445378132	98.5305
chr12	56735386	4.294944887875316	98.6315
chr12	56814316	3.927851568556541	98.9705
chr12	56853014	11.38851091522188	99.1225
chr12	56869917	0.2995805871779622	99.315
chr12	56889945	5.197683563308814	99.321
chr12	56959880	4.899716091217113	99.6845
chr12	57003556	2.026564665836107	99.8985
chr12	57060549	3.3818902548891843	100.014
chr12	57132698	2.6639504818617326	100.258
chr12	57170987	1.3528169416062263	100.36
chr12	57258582	5.684651441108938	100.4785
chr12	57308717	2.1542908565353476	100.7635
chr12	57345388	6.2322946175639755	100.8425
chr12	57350683	5.9000139645294905	100.8755
chr12	57365005	1.1753643629527826	100.96
chr12	57386275	0.5060654511316989	100.985
chr12	57522621	20.136079440970402	101.054
chr12	57528059	4.013868932342179	101.1635
chr12	57560073	0.12036591237358682	101.292
chr12	57630691	2.5916527185358142	101.3005
chr12	57686254	0.9469696969692606	101.4445
chr12	57706318	0.4404069014353478	101.4635
chr12	57764219	0.047075438389910296	101.489
chr12	57806704	3.4496484012207755	101.491
chr12	57829315	1.5378360702102292	101.569
chr12	57885888	5.454781592276313	101.656
chr12	57908987	0.7935248373275324	101.782
chr12	57959395	4.225838884001593	101.822
chr12	57991223	0.6628307102160129	101.9565
chr12	58026677	11.439393939393655	101.98
chr12	58039877	0.10246321570546851	102.131
chr12	58064276	1.2155126940806198	102.1335
chr12	58107879	3.0261660978386753	102.1865
chr12	58129854	0.45634317006390535	102.253
chr12	58162724	0.3995205753101167	102.268
chr12	58172736	0.5658069120195228	102.272
chr12	58270826	4.519774011298938	102.3275
chr12	58284986	0.1938028682827279	102.3915
chr12	58328845	0.0	102.4
chr12	58332615	0.2831503746295308	102.4
chr12	58378527	0.4519313418816466	102.413
chr12	58491376	1.726512994765512	102.464
chr12	58545821	0.24410556847873274	102.558
chr12	58754747	0.7793989275472529	102.609
chr12	58802861	1.0240723500465245	102.6465
chr12	58840456	261.73285198552674	102.685
chr12	58840733	0.4991778247593781	102.7575
chr12	58891817	3.8574577516533424	102.783
chr12	58908149	0.8621070781201343	102.846
chr12	59021244	5.485387664792098	102.9435
chr12	59042938	0.27803396083109655	103.0625
chr12	59116670	4.575129800030774	103.083
chr12	59136123	0.495147553971066	103.172
chr12	59267397	0.22484963180873643	103.237
chr12	59320766	3.1591828579992796	103.249
chr12	59360808	0.23488881929198807	103.3755
chr12	59392738	0.5982624073658351	103.383
chr12	59677730	0.5233089315246262	103.5535
chr12	59850668	0.3801810722872573	103.644
chr12	59907220	3.537146614069763	103.6655
chr12	59945245	1.84217145110089	103.8
chr12	60239463	11.295180722891994	104.342
chr12	60244775	0.10968069208510627	104.402
chr12	60317714	1.7745720991469922	104.41
chr12	60352652	0.44039960031659603	104.472
chr12	60834033	2.646720368239456	104.684
chr12	60860103	0.5930517294154789	104.753
chr12	60886239	0.0	104.7685
chr12	60925990	0.26470827790288104	104.7685
chr12	60999656	0.0	104.788
chr12	61028474	0.0	104.788
