Chromosome	Position(bp)	Rate(cM/Mb)	Map(cM)
chr10	0	0.0	0.0
chr10	188995	1.8929214087074386	0.0
chr10	231786	0.2616773518251993	0.081
chr10	262358	1.290741635161468	0.089
chr10	322401	1.493002941438631	0.1665
chr10	367277	1.0784741408559937	0.2335
chr10	408539	1.500356939755829	0.278
chr10	491186	3.3583646224447206	0.402
chr10	515156	0.934709543981067	0.4825
chr10	565439	0.2992317549942433	0.5295
chr10	719166	0.0	0.5755
chr10	736570	0.0	0.5755
chr10	740405	0.7174336373885423	0.5755
chr10	769676	0.7638344489336454	0.5965
chr10	819425	0.06359473798967953	0.6345
chr10	929497	0.0	0.6415
chr10	963739	0.2802376415200113	0.6415
chr10	990502	0.13448348734894633	0.649
chr10	1094604	0.8460645909882015	0.663
chr10	1115288	0.5518174374310233	0.6805
chr10	1171466	1.38425722015982	0.7115
chr10	1187359	1.7803436236042447	0.7335
chr10	1216286	4.039380714879467	0.785
chr10	1254782	3.057006526044368	0.9405
chr10	1330019	2.3713595027051912	1.1705
chr10	1373454	7.046413502109697	1.2735
chr10	1397154	62.138728323699425	1.4405
chr10	1400268	7.284291371654868	1.634
chr10	1441933	3.9437955260549074	1.9375
chr10	1465134	20.266474034834253	2.029
chr10	1477593	16.468842729970344	2.2815
chr10	1494443	2.552247087109301	2.559
chr10	1629618	2.8242933706940696	2.904
chr10	1674585	1.859533686167932	3.031
chr10	1702549	4.476793166278089	3.083
chr10	1753590	17.940015238622976	3.3115
chr10	1768027	4.309235043024596	3.5705
chr10	1841822	0.5969721572185852	3.8885
chr10	1883700	0.03601656762110974	3.9135
chr10	1939230	14.848097801295486	3.9155
chr10	1983074	0.0	4.5665
chr10	2003072	1.4655970379512595	4.5665
chr10	2029000	13.476854589086361	4.6045
chr10	2057753	0.7708461270886923	4.992
chr10	2290614	2.014722975590841	5.1715
chr10	2303519	5.949782541915253	5.1975
chr10	2365370	7.397737162750221	5.5655
chr10	2380307	4.565768812658535	5.676
chr10	2421702	3.485920282954701	5.865
chr10	2451106	1.1411845108380265	5.9675
chr10	2528657	2.9912754466140323	6.056
chr10	2564762	2.154986639082868	6.164
chr10	2576363	2.240994045543196	6.189
chr10	2653784	0.0	6.3625
chr10	2665637	9.920384177935047	6.3625
chr10	2689376	1.5543455734122211	6.598
chr10	2742453	8.463284129000009	6.6805
chr10	2790484	1.0220530802851868	7.087
chr10	2850657	1.57684556243934	7.1485
chr10	2904245	1.176099366053767	7.233
chr10	2939106	0.7477940076773358	7.274
chr10	2959165	1.7262293552300048	7.289
chr10	2980599	0.7958162801273512	7.326
chr10	3011385	3.231808833610813	7.3505
chr10	3062440	27.037137804380354	7.5155
chr10	3077142	17.63933195721524	7.913
chr10	3109116	1.805869074492089	8.477
chr10	3146771	7.707779415613934	8.545
chr10	3219360	0.4884836283972001	9.1045
chr10	3253138	1.0015804756128774	9.121
chr10	3307552	0.20739716557207838	9.1755
chr10	3336482	2.836809330829288	9.1815
chr10	3387067	0.5641381704565908	9.325
chr10	3398589	0.0	9.3315
chr10	3456285	0.08812707924826631	9.3315
chr10	3501674	0.0	9.3355
chr10	3532218	0.0	9.3355
chr10	3544903	0.0	9.3355
chr10	3620685	0.0	9.3355
chr10	3637303	0.1592610288262287	9.3355
chr10	3662419	1.5486578298807696	9.3395
chr10	3692445	4.20607986136184	9.386
chr10	3720143	2.618148074501247	9.5025
chr10	3735230	2.043227021677364	9.542
chr10	3766553	0.5810147299509125	9.606
chr10	3827653	9.658844653581802	9.6415
chr10	3859955	0.9905060925469242	9.9535
chr10	3913463	0.23092805911757577	10.0065
chr10	3950271	0.47406082289800777	10.015
chr10	4006171	0.746404514837072	10.0415
chr10	4033636	0.36103038070656085	10.062
chr10	4089033	1.325645653319679	10.082
chr10	4151644	0.5960067547432429	10.165
chr10	4181845	5.6589400370007565	10.183
chr10	4227790	0.9720495509997872	10.443
chr10	4631576	1.2710828648252164	10.8355
chr10	4652031	0.887573964497075	10.8615
chr10	4684141	2.2300095571837124	10.89
chr10	4696697	0.36358914426700745	10.918
chr10	4735202	0.4253659919889251	10.932
chr10	4791624	0.5514521573477031	10.956
chr10	4821545	1.9817240999669485	10.9725
chr10	4857877	0.5917910132308036	11.0445
chr10	4881534	1.6082499539623132	11.0585
chr10	4962989	0.07042749489396759	11.1895
chr10	4991387	6.265862944162486	11.1915
chr10	4997691	2.776252364390747	11.231
chr10	5046858	13.772691397000797	11.3675
chr10	5059528	0.6593288301622687	11.542
chr10	5096687	1.9590557351356228	11.5665
chr10	5106896	1.3019138133055776	11.5865
chr10	5145301	15.12942034269052	11.6365
chr10	5150787	4.065788505408788	11.7195
chr10	5177965	3.6420395421435794	11.83
chr10	5207756	2.5409501338536256	11.9385
chr10	5251834	9.82571060942796	12.0505
chr10	5260383	32.3996655518397	12.1345
chr10	5267559	14.149114872722537	12.367
chr10	5298515	0.3882339238802833	12.805
chr10	5375788	8.83569560192225	12.835
chr10	5408666	0.8236779968150941	13.1255
chr10	5481510	8.29613095238098	13.1855
chr10	5508390	0.3330373001776325	13.4085
chr10	5544422	3.356437661997252	13.4205
chr10	5613096	4.428864569083453	13.651
chr10	5671576	33.60045792787635	13.91
chr10	5680311	0.7169315330385917	14.2035
chr10	5738894	5.954606435153631	14.2455
chr10	5829832	10.43260536931423	14.787
chr10	5865777	13.011828935395794	15.162
chr10	5887757	4.362859573851802	15.448
chr10	5942996	11.521972132904608	15.689
chr10	5997110	0.620051511971759	16.3125
chr10	6039042	4.173891693648602	16.3385
chr10	6104209	0.6656861004742473	16.6105
chr10	6183075	1.5849636579039519	16.663
chr10	6214306	0.8823321804193177	16.7125
chr10	6256807	0.6341656757827284	16.75
chr10	6282037	2.7214864457564505	16.766
chr10	6338440	1.412429378531127	16.9195
chr10	6346936	3.958796525856119	16.9315
chr10	6409455	5.626318668438128	17.179
chr10	6422252	0.8075531997147589	17.251
chr10	6538653	2.705303956507108	17.345
chr10	6577096	1.275758164852217	17.449
chr10	6618248	1.5358361774744609	17.5015
chr10	6629968	1.6347677372299363	17.5195
chr10	6709490	1.3440860215054273	17.6495
chr10	6732926	1.9027849852966312	17.681
chr10	6802298	2.9475784509342136	17.813
chr10	6846402	3.5311667957021284	17.943
chr10	6899359	3.68942118728914	18.13
chr10	6953297	6.3731170336037	18.329
chr10	6981776	2.169666527138272	18.5105
chr10	7053446	4.841647758141275	18.666
chr10	7084737	4.883799259009952	18.8175
chr10	7093644	8.195339822188425	18.861
chr10	7117377	7.9500283929586795	19.0555
chr10	7138509	6.663578377222656	19.2235
chr10	7194635	11.492668944989571	19.5975
chr10	7212777	7.633644526372131	19.806
chr10	7280045	9.409179317487148	20.3195
chr10	7319634	18.20380822427576	20.692
chr10	7335757	15.701303321367414	20.9855
chr10	7366678	2.2148321459554885	21.471
chr10	7442756	2.6841253159882985	21.6395
chr10	7477963	8.781558726673971	21.734
chr10	7518958	17.295597484276144	22.094
chr10	7521820	2.6652351622685693	22.1435
chr10	7574911	3.4434125043136667	22.285
chr10	7641560	6.775674767610881	22.5145
chr10	7650489	0.06635920236240976	22.575
chr10	7710767	0.8329919431926798	22.579
chr10	7783997	1.07767622930275	22.64
chr10	7843848	2.2195318805488182	22.7045
chr10	7856238	1.5018115601945192	22.732
chr10	7909507	32.96075193699977	22.812
chr10	7925253	1.2177486871147247	23.331
chr10	7990948	0.07793776669325221	23.411
chr10	8042271	3.7387209260523853	23.415
chr10	8070088	1.9173784207775857	23.519
chr10	8081562	6.616425757388561	23.541
chr10	8154411	0.08052502315089952	24.023
chr10	8179248	0.30571067541679714	24.025
chr10	8203781	0.09055674285507642	24.0325
chr10	8286602	0.37738222529720283	24.04
chr10	8318400	0.26034886748243635	24.052
chr10	8341446	0.5717275863405316	24.058
chr10	8393044	20.869657103608766	24.0875
chr10	8411971	2.7548655787648464	24.4825
chr10	8535389	0.7942918686052437	24.8225
chr10	8572529	0.547645125958287	24.852
chr10	8593528	0.03454052467061196	24.8635
chr10	8651431	4.399831383707399	24.8655
chr10	8689387	0.11312537119266201	25.0325
chr10	8724746	0.1766316347256815	25.0365
chr10	8736069	5.825030452572144	25.0385
chr10	8768086	1.4343865090133372	25.225
chr10	8793881	1.2250195340952885	25.262
chr10	8869390	0.26669140326054747	25.3545
chr10	8912511	0.6398333457331934	25.366
chr10	8979716	0.16851092512498533	25.409
chr10	9015322	2.597104113996772	25.415
chr10	9037077	1.2999897369231384	25.4715
chr10	9066308	1.294320677753422	25.5095
chr10	9091804	3.0589543937709127	25.5425
chr10	9111582	1.1429819452533232	25.603
chr10	9180262	0.2570579162662141	25.6815
chr10	9224999	8.333333333333327	25.693
chr10	9261779	0.0	25.9995
chr10	9314141	1.072820010916388	25.9995
chr10	9367272	3.0254058929645473	26.0565
chr10	9393880	0.0	26.137
chr10	9415213	1.0607984637779946	26.137
chr10	9479787	3.1991514550150995	26.2055
chr10	9538240	3.6714480874317523	26.3925
chr10	9567520	0.5527011611145993	26.5
chr10	9680601	1.7356728098964818	26.5625
chr10	9712289	0.7469957778500564	26.6175
chr10	9727684	1.5340191301208679	26.629
chr10	9749848	1.3120164475464116	26.663
chr10	9786814	1.5214216163582388	26.7115
chr10	9811462	2.3820199529201003	26.749
chr10	9882830	2.7839483022242426	26.919
chr10	9917493	4.9580019326544384	27.0155
chr10	9984758	0.0	27.349
chr10	10002752	3.2834523155775104	27.349
chr10	10046456	1.452347307269605	27.4925
chr10	10110146	2.236802863107598	27.585
chr10	10133617	4.352531526444623	27.6375
chr10	10154869	5.989735680476494	27.73
chr10	10230081	7.712765957446974	28.1805
chr10	10239481	0.8531344792720242	28.253
chr10	10255305	5.722165863555623	28.2665
chr10	10286849	1.5604692901412005	28.447
chr10	10399956	0.9584725174612729	28.6235
chr10	10452644	1.4644481834612122	28.674
chr10	10468691	0.0	28.6975
chr10	10478419	0.5383748591461032	28.6975
chr10	10518354	1.2913462429352298	28.719
chr10	10604698	0.0	28.8305
chr10	10623819	0.0707276102908281	28.8305
chr10	10680374	0.048893778266775316	28.8345
chr10	10721279	1.2835304297663488	28.8365
chr10	10755949	0.48783714507778525	28.881
chr10	10816420	1.2823252831802152	28.9105
chr10	10867889	0.0	28.9765
chr10	10880794	1.4304315135065635	28.9765
chr10	10935323	0.08133608068539512	29.0545
chr10	11009091	1.8827832916431395	29.0605
chr10	11046270	6.504176365876958	29.1305
chr10	11068179	1.5700730425285274	29.273
chr10	11141424	5.033183377132401	29.388
chr10	11163875	0.9843811523822038	29.501
chr10	11262922	0.4156275976724397	29.5985
chr10	11301418	4.578922304846332	29.6145
chr10	11328717	4.180466264043124	29.7395
chr10	11390313	1.474827378159124	29.997
chr10	11435064	4.898280238835871	30.063
chr10	11463033	0.13469101880287132	30.2
chr10	11518716	0.06489503228524258	30.2075
chr10	11549535	5.579617834394935	30.2095
chr10	11608410	0.7409602845287454	30.538
chr10	11645524	0.0	30.5655
chr10	11660834	6.198567917067417	30.5655
chr10	11670191	0.5487160045493517	30.6235
chr10	11720308	1.3317413666421711	30.651
chr10	11763860	0.37409748980590185	30.709
chr10	11790591	2.138379518425175	30.719
chr10	11858867	2.6433939551680616	30.865
chr10	11920341	0.0	31.0275
chr10	11938695	0.46575675347299095	31.0275
chr10	11963386	1.230141993532848	31.039
chr10	11977612	0.6269311719134542	31.0565
chr10	11999943	6.1583456912176535	31.0705
chr10	12024219	1.505696248458122	31.22
chr10	12051781	7.687275106312896	31.2615
chr10	12057895	1.532118780990605	31.3085
chr10	12183538	0.8794175392670005	31.501
chr10	12232434	0.09229065403310509	31.544
chr10	12297446	0.8106501414133802	31.55
chr10	12352957	0.9321175278621961	31.595
chr10	12377632	0.11017235087140677	31.618
chr10	12522859	2.0292887029288975	31.634
chr10	12546759	11.737616533752647	31.6825
chr10	12564565	0.8467854310030468	31.8915
chr10	12704506	0.20716801325885884	32.01
chr10	12752776	0.7356430944468842	32.02
chr10	12773846	0.050983991026879893	32.0355
chr10	12813074	0.9618555567769957	32.0375
chr10	12867656	3.300416253026026	32.09
chr10	12925073	0.9600140919500517	32.2795
chr10	12981843	6.802968568102358	32.334
chr10	13009331	2.022259616803951	32.521
chr10	13043204	0.0	32.5895
chr10	13056713	0.5324284416174668	32.5895
chr10	13127145	0.011321011041759865	32.627
chr10	13259642	0.0	32.6285
chr10	13283494	71.26113455227427	32.6285
chr10	13285627	3.332222592468514	32.7805
chr10	13291629	0.4470211388891846	32.8005
chr10	13473947	0.0	32.882
chr10	13505389	0.0	32.882
chr10	13537086	1.191019208352354	32.882
chr10	13616010	0.2018941340576257	32.976
chr10	13643252	0.9615669102636537	32.9815
chr10	13744649	0.0603682463024472	33.079
chr10	13844039	0.4888443218852028	33.085
chr10	13883929	0.06670290034092846	33.1045
chr10	14086319	0.0	33.118
chr10	14197385	0.0	33.118
chr10	14202155	0.1581414071709319	33.118
chr10	14236934	0.5216310403764295	33.1235
chr10	14281985	3.2889459329377146	33.147
chr10	14319383	0.0	33.27
chr10	14343592	1.6613877212716759	33.27
chr10	14478720	0.0	33.4945
chr10	14485830	1.3310228785252585	33.4945
chr10	14525649	0.5106661784826207	33.5475
chr10	14577542	0.6665904848971699	33.574
chr10	14603795	0.10506776871069803	33.5915
chr10	14660901	0.0	33.5975
chr10	14686193	0.017735842363854747	33.5975
chr10	14911725	0.0761339195644718	33.6015
chr10	14964264	0.4482633572407055	33.6055
chr10	15063536	0.0	33.65
chr10	15092313	0.0	33.65
chr10	15123554	0.0	33.65
chr10	15204145	0.46086683480713575	33.65
chr10	15302872	2.5976260106656843	33.6955
chr10	15331937	1.330201228313391	33.771
chr10	15367270	0.08809020436927747	33.818
chr10	15384298	1.0574317626069225	33.8195
chr10	15399429	1.4011758887847607	33.8355
chr10	15417628	3.0485237397470986	33.861
chr10	15477001	7.527132687594827	34.042
chr10	15502708	0.7482126032255773	34.2355
chr10	15592923	3.104187831583684	34.303
chr10	15610641	3.3876987990912366	34.358
chr10	15635289	3.258478269893543	34.4415
chr10	15659380	0.06723367062209093	34.52
chr10	15689127	2.2420260018613893	34.522
chr10	15724586	0.5492344620892815	34.6015
chr10	15798325	5.52402572833886	34.642
chr10	15837970	0.04313226509095396	34.861
chr10	15884339	1.0662915740277927	34.863
chr10	15906378	0.21278564159506286	34.8865
chr10	15960423	0.9004739336488743	34.898
chr10	15970973	0.40061962502004617	34.9075
chr10	15989694	0.5378025616184628	34.915
chr10	16120783	0.5016774840873621	34.9855
chr10	16152676	0.0	35.0015
chr10	16216488	0.9461791061392004	35.0015
chr10	16234455	1.2100475673869802	35.0185
chr10	16258421	0.2869234631661688	35.0475
chr10	16314185	1.4366046874358716	35.0635
chr10	16362911	2.6858747405690186	35.1335
chr10	16387484	0.44183461132815355	35.1995
chr10	16422565	2.930077691453736	35.215
chr10	16445090	0.5902800550928275	35.281
chr10	16475584	1.6296982485032314	35.299
chr10	16533877	0.19884273528076826	35.394
chr10	16584168	1.528006589785812	35.404
chr10	16705568	2.980292813768889	35.5895
chr10	16732411	5.096010035219755	35.6695
chr10	16815319	3.444881889766241	36.092
chr10	16816335	7.849526066350306	36.0955
chr10	16823087	4.2418925118926	36.1485
chr10	16947324	2.1819643421090555	36.6755
chr10	16982155	3.6815032977973616	36.7515
chr10	17030369	8.86796060808861	36.929
chr10	17051287	0.4508774769359	37.1145
chr10	17094536	2.715446469919692	37.134
chr10	17118289	7.508302449824268	37.1985
chr10	17139066	0.0	37.3545
chr10	17145738	1.7168248838617917	37.3545
chr10	17185346	8.439747541464993	37.4225
chr10	17198972	1.0322343274124552	37.5375
chr10	17247895	1.8842703686405444	37.588
chr10	17309988	1.1655847649104782	37.705
chr10	17337871	3.8671773323915635	37.7375
chr10	17364764	0.1286339078980833	37.8415
chr10	17419182	2.9369710553773816	37.8485
chr10	17445059	0.4052896083744018	37.9245
chr10	17488238	5.1966292134830105	37.942
chr10	17495358	3.6762434352795728	37.979
chr10	17527728	3.648105461680563	38.098
chr10	17580221	11.25665912573897	38.2895
chr10	17607627	2.807968664885521	38.598
chr10	17684729	2.802482860848506	38.8145
chr10	17706317	1.2853873405022531	38.875
chr10	17770111	4.387377233939856	38.957
chr10	17794955	1.7228843296556549	39.066
chr10	17858221	9.56738768718828	39.175
chr10	17881059	2.792321116928335	39.3935
chr10	17935494	1.4706723891273534	39.5455
chr10	18022869	13.798092380237932	39.674
chr10	18041531	3.2506887052341527	39.9315
chr10	18150431	2.8551034975018927	40.2855
chr10	18175649	5.130488654843966	40.3575
chr10	18201475	0.35727796225464764	40.49
chr10	18272848	7.211695346661699	40.5155
chr10	18318815	0.44481512371415727	40.847
chr10	18354785	1.2198097096852196	40.863
chr10	18375280	0.44543852000679574	40.888
chr10	18428037	1.1007338225484071	40.9115
chr10	18458017	2.4219590958020296	40.9445
chr10	18506325	12.53715600728728	41.0615
chr10	18527183	2.488396801431489	41.323
chr10	18545066	5.8020830641201	41.3675
chr10	18583759	0.504743697403918	41.592
chr10	18695697	0.2684286599215464	41.6485
chr10	18768342	0.0	41.668
chr10	18790868	0.0	41.668
chr10	18810277	0.07552870090630255	41.668
chr10	18863237	0.06606983581653875	41.672
chr10	18893508	0.13251096227046305	41.674
chr10	18935014	0.05881833955834616	41.6795
chr10	18969017	6.2056737588659034	41.6815
chr10	18974657	2.4810377826610166	41.7165
chr10	19016978	0.2456425153793541	41.8215
chr10	19391506	0.4703203128869116	41.9135
chr10	19411705	1.9819689169264585	41.923
chr10	19535824	0.7444168734491596	42.169
chr10	19604334	2.959509083880998	42.22
chr10	19645726	1.202245183574998	42.3425
chr10	19780058	1.1745787597008066	42.504
chr10	19851573	0.13231921274969627	42.588
chr10	19953599	0.0	42.6015
chr10	19962366	1.2439086945369864	42.6015
chr10	20001356	0.37376416686768643	42.65
chr10	20042826	0.5469823997521616	42.6655
chr10	20146120	1.406604648189012	42.722
chr10	20208682	0.07389890629601459	42.81
chr10	20235746	7.258514796203249	42.812
chr10	20262611	1.6249698334807994	43.007
chr10	20324766	2.3429433722504847	43.108
chr10	20337357	0.6211975664424861	43.1375
chr10	20415432	1.1933581097206378	43.186
chr10	20444761	1.067528823278269	43.221
chr10	20493940	0.0	43.2735
chr10	20525386	0.0	43.2735
chr10	20549609	0.23659119407570944	43.2735
chr10	20591876	2.7274583588578487	43.2835
chr10	20626157	0.4957603938730232	43.377
chr10	20684653	1.7060964513194459	43.406
chr10	20737405	12.495623838634062	43.496
chr10	20774538	0.4435728626789757	43.96
chr10	20795955	3.25799008716466	43.9695
chr10	20842763	4.013266073966677	44.122
chr10	20878644	24.213665943600887	44.266
chr10	20897084	4.52239135230575	44.7125
chr10	20906150	2.6506113927825776	44.7535
chr10	21040270	0.5152211034563473	45.109
chr10	21142168	0.0	45.1615
chr10	21181631	0.0	45.1615
chr10	21199459	1.7866062166212686	45.1615
chr10	21225486	6.027288382567299	45.208
chr10	21285878	7.992821930240626	45.572
chr10	21334359	8.979916836238298	45.9595
chr10	21345662	9.19782870928829	46.061
chr10	21372190	0.07282260413628357	46.305
chr10	21427118	3.1941322607359544	46.309
chr10	21444024	7.618868456943942	46.363
chr10	21465287	2.6479315529652587	46.525
chr10	21540440	5.294033481185089	46.724
chr10	21554418	0.0	46.798
chr10	21586746	2.108858950450444	46.798
chr10	21644123	2.906622220415478	46.919
chr10	21668722	0.6367163206682022	46.9905
chr10	21702489	0.0	47.012
chr10	21739708	0.0	47.012
chr10	21768390	0.09756343196683445	47.012
chr10	21927261	2.584068357221218	47.0275
chr10	21941773	0.0	47.065
chr10	21990594	7.690923810380791	47.065
chr10	22001711	1.1908219575951313	47.1505
chr10	22070571	3.6471870545819804	47.2325
chr10	22106352	0.2307071173144413	47.363
chr10	22123690	2.6854769407046692	47.367
chr10	22193510	1.8651803739138255	47.5545
chr10	22239082	1.8158070784620484	47.6395
chr10	22270473	0.36169932921201103	47.6965
chr10	22285679	2.907033082036446	47.702
chr10	22337278	7.8115485655631645	47.852
chr10	22394757	0.0	48.301
chr10	22451243	0.12443485835165762	48.301
chr10	22499461	0.0	48.307
chr10	22510817	1.5994881637876486	48.307
chr10	22515506	1.4461770623742407	48.3145
chr10	22634786	3.014402771450914	48.487
chr10	22812599	2.3855209251672136	49.023
chr10	22870448	2.3005456422355364	49.161
chr10	22904353	24.605053118291558	49.239
chr10	22922520	3.9205436487192418	49.686
chr10	22995214	27.028405324085938	49.971
chr10	23014823	0.1791967887936001	50.501
chr10	23112481	13.74989398693916	50.5185
chr10	23159645	2.5241901556582587	51.167
chr10	23190546	1.892191249769426	51.245
chr10	23212214	4.2970194512240445	51.286
chr10	23279819	0.11613558829927512	51.5765
chr10	23348704	1.4113793809323747	51.5845
chr10	23441521	10.682064236737874	51.7155
chr10	23455376	0.37330973647099275	51.8635
chr10	23491539	8.561155185206243	51.877
chr10	23509060	48.522333212566636	52.027
chr10	23528381	2.004267794108854	52.9645
chr10	23628667	0.0	53.1655
chr10	23717781	5.071672595357953	53.1655
chr10	23746174	0.9655305590420015	53.3095
chr10	23756531	0.5776371888323695	53.3195
chr10	23792886	0.45648204503957907	53.3405
chr10	23835604	9.573106250347696	53.36
chr10	23853571	0.9948652118102026	53.532
chr10	23884731	1.1086068202224095	53.563
chr10	23939304	1.1760680836506612	53.6235
chr10	23962687	18.175359658989702	53.651
chr10	23979578	0.1065310644584001	53.958
chr10	24049980	3.4978289337653004	53.9655
chr10	24078998	0.7271533120661924	54.067
chr10	24100314	1.0109167873454372	54.0825
chr10	24279854	0.14976785981693416	54.264
chr10	24293208	2.261721808217675	54.266
chr10	24327695	0.840018804090674	54.344
chr10	24457454	0.1929969671902617	54.453
chr10	24475589	0.0	54.4565
chr10	24542238	0.0	54.4565
chr10	24567565	6.275286929237925	54.4565
chr10	24579676	4.347436357117623	54.5325
chr10	24590832	0.0	54.581
chr10	24631232	0.0	54.581
chr10	24666808	0.1334374474898282	54.581
chr10	24767979	0.0	54.5945
chr10	24795287	0.036291054255170464	54.5945
chr10	24850397	4.067779044460474	54.5965
chr10	24869695	0.02594796567949171	54.675
chr10	24927503	0.9666492247528272	54.6765
chr10	25109058	0.0	54.852
chr10	25151501	0.0	54.852
chr10	25225837	4.193462838957768	54.852
chr10	25256003	0.0	54.9785
chr10	25301196	0.0	54.9785
chr10	25397365	0.20578954589107654	54.9785
chr10	25462966	0.0	54.992
chr10	25526570	0.0	54.992
chr10	25557857	4.887983706721163	54.992
chr10	25560312	0.15340364333671672	55.004
chr10	25586387	0.3524068079774593	55.008
chr10	25624695	4.679379899585982	55.0215
chr10	25670107	0.0	55.234
chr10	25674237	1.0332269416482434	55.234
chr10	25723113	0.0	55.2845
chr10	25731820	0.0	55.2845
chr10	25772920	3.5713478447594147	55.2845
chr10	25817161	0.03484401495969841	55.4425
chr10	25860210	2.549927979133418	55.444
chr10	25911584	1.1657416386407198	55.575
chr10	26008518	0.7287852394325575	55.688
chr10	26064776	1.159788993228284	55.729
chr10	26091505	0.22683153274817675	55.76
chr10	26186289	1.5491141977875833	55.7815
chr10	26234381	0.505527981302018	55.856
chr10	26310539	0.1547713805608252	55.8945
chr10	26333153	0.04502273648181844	55.898
chr10	26377575	2.267294713160941	55.9
chr10	26434471	0.602409638554179	56.029
chr10	26473481	0.09772441714352634	56.0525
chr10	26509296	0.20863759649514335	56.056
chr10	26528468	0.24785004495880014	56.06
chr10	26615214	2.892427689307723	56.0815
chr10	26630599	0.0	56.126
chr10	26632033	0.22584343837949503	56.126
chr10	26718376	2.698734386632578	56.1455
chr10	26766732	0.4852692010330271	56.276
chr10	26827523	0.0	56.3055
chr10	26860476	0.0	56.3055
chr10	26869440	0.16684741803581704	56.3055
chr10	26881427	0.1133851125347822	56.3075
chr10	26969622	0.4300896251283166	56.3175
chr10	27041700	0.29621650733797444	56.3485
chr10	27078835	0.14316392269148717	56.3595
chr10	27120745	0.11286363251615046	56.3655
chr10	27156186	0.3182011030971695	56.3695
chr10	27193898	0.0	56.3815
chr10	27221012	0.3442771744232005	56.3815
chr10	27252963	0.3265306122449103	56.3925
chr10	27289713	0.23258595712441746	56.4045
chr10	27364954	0.0	56.422
chr10	27386618	0.8916721964168539	56.422
chr10	27410730	1.0648741944167557	56.4435
chr10	27537036	0.32859992958563067	56.578
chr10	27579641	6.773150020218376	56.592
chr10	27599425	0.16530363668005443	56.726
chr10	27656895	4.681647940074907	56.7355
chr10	27670245	2.2244621320079263	56.798
chr10	27699016	1.3990645867689964	56.862
chr10	27772994	1.4206669657544586	56.9655
chr10	27879986	0.08490586062698272	57.1175
chr10	27927097	2.87397273288702	57.1215
chr10	27948148	0.4928071131988115	57.182
chr10	27995834	1.216589028085593	57.2055
chr10	28106389	1.3172453764686538	57.34
chr10	28144347	1.068933152570571	57.39
chr10	28182703	1.6760256704103316	57.431
chr10	28217607	4.858602217515773	57.4895
chr10	28241688	2.494481903667685	57.6065
chr10	28373980	0.9679030848005402	57.9365
chr10	28389994	0.32907591369995154	57.952
chr10	28438615	5.226781857451346	57.968
chr10	28484915	0.3210237336167189	58.21
chr10	28665587	1.1477555003548263	58.268
chr10	28755763	1.2843010096386038	58.3715
chr10	28795084	0.22672737922044428	58.422
chr10	28848011	4.3654697491392955	58.434
chr10	28880539	0.047703854471443104	58.576
chr10	28911983	0.02617835311983723	58.5775
chr10	28988382	0.07894529091335326	58.5795
chr10	29039050	2.053363433319632	58.5835
chr10	29080689	0.0	58.669
chr10	29106950	0.0905387052966249	58.669
chr10	29151130	0.0	58.673
chr10	29176053	0.0	58.673
chr10	29215782	0.0707463742481549	58.673
chr10	29244052	0.987006017861949	58.675
chr10	29348408	0.10259491862026615	58.778
chr10	29484867	0.21647364433381056	58.792
chr10	29512584	0.7275680217425375	58.798
chr10	29938661	2.065036403408535	59.108
chr10	29999919	0.9764129269413756	59.2345
chr10	30078267	0.22734353291851017	59.311
chr10	30197030	6.190047961630646	59.338
chr10	30230390	0.0	59.5445
chr10	30250538	0.1925113100397001	59.5445
chr10	30260927	2.9274004683837895	59.5465
chr10	30266905	4.227972264501704	59.564
chr10	30272818	1.603112840466913	59.589
chr10	30369193	1.4125322188405778	59.7435
chr10	30437864	0.3743635819107153	59.8405
chr10	30484610	0.7055295881473386	59.858
chr10	30495949	0.11563367252544379	59.866
chr10	30560809	0.1512376741295772	59.8735
chr10	30742642	0.4186435947525204	59.901
chr10	30756974	0.8895852142970972	59.907
chr10	30907606	0.12233662962585845	60.041
chr10	30956651	0.021850368675331116	60.047
chr10	31208363	0.03585064620781435	60.0525
chr10	31264150	0.0	60.0545
chr10	31442961	4.742011967934946	60.0545
chr10	31478389	0.0	60.2225
chr10	31523618	0.1169248757674624	60.2225
chr10	31540723	0.0	60.2245
chr10	31578550	0.07541684949536309	60.2245
chr10	31651478	1.7447383805904935	60.23
chr10	31706214	0.0	60.3255
chr10	31903696	0.09423778763951382	60.3255
chr10	31962059	0.0	60.331
chr10	31967134	0.010089493810072033	60.331
chr10	32165360	0.0	60.333
chr10	32225455	14.685698600054806	60.333
chr10	32232741	0.15144139758778624	60.44
chr10	32325186	0.08890864636580981	60.454
chr10	32370176	0.09467903806108902	60.458
chr10	32412424	0.06697475051889823	60.462
chr10	32442286	0.013219935662980273	60.464
chr10	32555751	0.09221750156442314	60.4655
chr10	32707566	0.03024117335745579	60.4795
chr10	32773701	0.30626620658677683	60.4815
chr10	32822678	0.12536041118230187	60.4965
chr10	32838632	0.11235143528960909	60.4985
chr10	32963241	1.337363653538253	60.5125
chr10	33063812	0.0	60.647
chr10	33152640	0.0	60.647
chr10	33239689	0.0	60.647
chr10	33271430	0.45307698368915245	60.647
chr10	33296812	1.175888104963572	60.6585
chr10	33353365	0.0	60.725
chr10	33587059	0.0	60.725
chr10	33629575	0.05324473409579994	60.725
chr10	33911293	0.0	60.74
chr10	33941527	0.3410757529246567	60.74
chr10	33970846	0.5284461434674729	60.75
chr10	34015316	0.0	60.7735
chr10	34103363	5.229198425922673	60.7735
chr10	34159777	0.0	61.0685
chr10	34184236	0.0	61.0685
chr10	34225806	0.0	61.0685
chr10	34265415	0.0	61.0685
chr10	34303662	0.0	61.0685
chr10	34356136	0.0	61.0685
chr10	34574311	3.6928788656739524	61.0685
chr10	34599630	0.0	61.162
chr10	34742119	0.46211388218984256	61.162
chr10	34880613	0.0	61.226
chr10	34936150	0.0	61.226
chr10	34953494	0.03001470720656788	61.226
chr10	35020128	0.25570542734755375	61.228
chr10	35051414	0.153839141235733	61.236
chr10	35139168	0.0	61.2495
chr10	35166341	0.0	61.2495
chr10	35260903	0.11869869705353761	61.2495
chr10	35589466	0.22644630268979685	61.2885
chr10	35741820	1.9704287534444809	61.323
chr10	35775569	0.04103967168262809	61.3895
chr10	35921769	0.0	61.3955
chr10	35940168	0.1390295027734656	61.3955
chr10	36080426	0.08898380494745024	61.415
chr10	36125378	0.0	61.419
chr10	36161774	0.1692476940003761	61.419
chr10	36173591	0.13553648877991312	61.421
chr10	36258439	0.0	61.4325
chr10	36340130	0.0	61.4325
chr10	36354236	0.8036228185441957	61.4325
chr10	36446319	0.7271633108496869	61.5065
chr10	36486200	0.0	61.5355
chr10	36530148	0.3217266610287586	61.5355
chr10	36584542	1.5471339726111193	61.553
chr10	36617183	1.5960638425538196	61.6035
chr10	36658848	1.2847020093542376	61.67
chr10	36708665	0.09036770619649565	61.734
chr10	36819324	1.078119991841226	61.744
chr10	36887962	1.2226485096336235	61.818
chr10	36935400	0.0	61.876
chr10	36982671	0.0	61.876
chr10	37034471	0.0	61.876
chr10	37083946	0.3923203295492078	61.876
chr10	37124729	0.0	61.892
chr10	37147527	0.5092686901609482	61.892
chr10	37162254	0.02088075003649265	61.8995
chr10	37258036	0.897906159254244	61.9015
chr10	37310380	1.1784247267175796	61.9485
chr10	37354931	0.23206163557046025	62.001
chr10	37462661	0.7440018692278066	62.026
chr10	37543978	0.0	62.0865
chr10	37589499	0.0	62.0865
chr10	37713904	0.06018295618688145	62.0865
chr10	37747136	0.4717828900070473	62.0885
chr10	37791648	0.7773027594251936	62.1095
chr10	37804513	0.0	62.1195
chr10	37873989	0.5450266319831157	62.1195
chr10	37914354	0.8944845743603131	62.1415
chr10	37943980	0.1708324880683996	62.168
chr10	38037639	8.647239990524461	62.184
chr10	38041860	0.11639411045794631	62.2205
chr10	38076226	0.0	62.2245
chr10	38142224	2.006369426751668	62.2245
chr10	38157924	2.574473049700576	62.256
chr10	38222209	1.9371264113349644	62.4215
chr10	38258345	2.4049205099282682	62.4915
chr10	38305332	0.0	62.6045
chr10	38328616	1.7132025953195686	62.6045
chr10	38342333	0.3198235456299571	62.628
chr10	38433008	17.547881010595127	62.657
chr10	38452640	0.5258739639317747	63.0015
chr10	38556277	1.0943340546920943	63.056
chr10	38596941	0.11425959780635536	63.1005
chr10	38614445	0.4718236589320027	63.1025
chr10	38655774	0.0	63.122
chr10	38682202	0.583469476211059	63.122
chr10	38712195	2.5921869295362527	63.1395
chr10	38725890	0.0	63.175
chr10	38749230	0.32858167719042003	63.175
chr10	38931833	0.0	63.235
chr10	38942447	0.3148384073570148	63.235
chr10	39010736	0.05467916997007242	63.2565
chr10	39047313	7.2715433036683494	63.2585
chr10	39074955	2.778965369816121	63.4595
chr10	39124074	1.1300002511112097	63.596
chr10	39163897	4.153555695406073	63.641
chr10	39171842	8.550923805160695	63.674
chr10	39178391	0.49268912905285933	63.73
chr10	39209851	1.8550347950030048	63.7455
chr10	39257559	7.027915899925227	63.834
chr10	39283100	1.6170246745990835	64.0135
chr10	39308146	8.369324652441998	64.054
chr10	39354685	0.4981240858892791	64.4435
chr10	39401862	0.5268292682927029	64.467
chr10	39453112	2.9894373214642735	64.494
chr10	39483218	0.2114788767029281	64.584
chr10	39584883	7.967333930883208	64.6055
chr10	39625047	1.1723329425556122	64.9255
chr10	39705229	1.1700897527670275	65.0195
chr10	39741551	0.3734478573427115	65.062
chr10	39762973	8.209338122114216	65.07
chr10	39780514	4.172431048185377	65.214
chr10	39848460	0.027263556803557062	65.4975
chr10	39921818	0.0	65.4995
chr10	39956583	0.0	65.4995
chr10	39969172	0.6050826946351768	65.4995
chr10	40001399	6.358647431895114	65.519
chr10	40031830	2.524627022083211	65.7125
chr10	40084313	1.305609284332738	65.845
chr10	40104993	1.4425058387138385	65.872
chr10	40126830	16.734575087311114	65.9035
chr10	40140574	8.062801785660147	66.1335
chr10	40173503	0.7262960272977304	66.399
chr10	40246476	0.8553809429084219	66.452
chr10	40271611	0.6379876048127052	66.4735
chr10	40277097	3.568300097902649	66.477
chr10	40315911	2.4978664057783933	66.6155
chr10	40460034	1.5898474871967971	66.9755
chr10	40495572	0.522872637953335	67.032
chr10	40536691	0.9320034107358275	67.0535
chr10	40587120	2.2750175588603674	67.1005
chr10	40619867	11.023998089704342	67.175
chr10	40644994	4.378922784995058	67.452
chr10	40679249	2.998794093453783	67.602
chr10	40804466	0.0	67.9775
chr10	40819021	1.1061757190141375	67.9775
chr10	40877330	1.6756695607907093	68.042
chr10	40948048	1.0054766387129266	68.1605
chr10	40971420	1.4165948704353524	68.184
chr10	41031776	1.3010996390500258	68.2695
chr10	41067515	0.7188940092163552	68.316
chr10	41094640	0.902829486224948	68.3355
chr10	41148360	0.7213966238636569	68.384
chr10	41176084	0.5303984618451089	68.404
chr10	41191167	0.0628798993918655	68.412
chr10	41215022	3.0980490663986466	68.4135
chr10	41238908	5.3443977734524575	68.4875
chr10	41268191	3.772308212805531	68.644
chr10	41386421	1.5774995789592203	69.09
chr10	41475486	1.339418593113742	69.2305
chr10	41495644	0.0	69.2575
chr10	41495988	8.61733834391605	69.2575
chr10	41542290	0.4589600852778324	69.6565
chr10	41576062	0.6290394198037232	69.672
chr10	41697676	0.9750661652034446	69.7485
chr10	41719213	0.27794417155867707	69.7695
chr10	41927888	0.0	69.8275
chr10	41957219	0.5001875703394884	69.8275
chr10	41965216	0.32234668385773857	69.8315
chr10	41977625	5.557547508068468	69.8355
chr10	41980414	0.04919202105407037	69.851
chr10	42021071	0.0	69.853
chr10	42035061	0.08896203545147985	69.853
chr10	42080024	1.1640646398246688	69.857
chr10	42138440	0.4075098238974179	69.925
chr10	42172795	0.0	69.939
chr10	42191687	0.14003640946712995	69.939
chr10	42205969	2.749355462455649	69.941
chr10	42255617	1.0622833501065334	70.0775
chr10	42264560	10.773643182820715	70.087
chr10	42291756	1.1786892975012553	70.38
chr10	42365991	0.21435308239730397	70.4675
chr10	42447632	0.767635044367507	70.485
chr10	42557059	0.7909912055385486	70.569
chr10	42615846	7.338897193157217	70.6155
chr10	42664014	0.060759801315523956	70.969
chr10	42729847	1.3285152513553877	70.973
chr10	42748665	1.6464161731671263	70.998
chr10	42787841	7.4396245850976	71.0625
chr10	42814052	6.044812207834306	71.2575
chr10	42851274	1.4707127137295795	71.4825
chr10	42898530	0.15316574448116188	71.552
chr10	42950761	0.324036292064553	71.56
chr10	42992423	0.0	71.5735
chr10	43105102	0.3170677573799143	71.5735
chr10	43136641	0.07217871449692659	71.5835
chr10	43164350	1.8619162640901286	71.5855
chr10	43204094	0.37943777220576347	71.6595
chr10	43234402	0.4815159987572491	71.671
chr10	43298782	0.9305672738103262	71.702
chr10	43339080	0.10479983232002404	71.7395
chr10	43377248	0.35853976531928555	71.7435
chr10	43392588	0.0	71.749
chr10	43427517	2.2320679354212363	71.749
chr10	43457310	1.9758814981006185	71.8155
chr10	43496533	1.7431725740849005	71.893
chr10	43525790	0.20585048754068752	71.944
chr10	43571940	0.0	71.9535
chr10	43603090	0.0	71.9535
chr10	43618624	3.241591733320032	71.9535
chr10	43658882	1.5613415325570417	72.084
chr10	43773527	0.602530628640312	72.263
chr10	43793443	1.5796540557617544	72.275
chr10	43844087	0.3826463292341315	72.355
chr10	43919875	2.842409759778633	72.384
chr10	43959630	0.35617292195341105	72.497
chr10	43982091	0.03457874444595428	72.505
chr10	44039930	1.2441562358619083	72.507
chr10	44066454	0.29524653085257435	72.54
chr10	44080002	0.2700513097488625	72.544
chr10	44124438	0.08856275303650053	72.556
chr10	44163958	3.7588388537401967	72.5595
chr10	44177393	0.12575452716313157	72.61
chr10	44209201	0.8983918785373305	72.614
chr10	44287118	0.0	72.684
chr10	44323671	0.4081090315478377	72.684
chr10	44376353	15.045312942509605	72.7055
chr10	44390477	8.762184102153828	72.918
chr10	44457983	1.1319900384877042	73.5095
chr10	44497736	2.8883473237653647	73.5545
chr10	44519894	1.222555731678613	73.6185
chr10	44579196	0.4656938838848033	73.691
chr10	44582417	7.916653472244214	73.6925
chr10	44613996	3.7290134591370094	73.9425
chr10	44642824	0.6267549137585646	74.05
chr10	44782432	4.076046970187274	74.1375
chr10	44816411	0.11624527753615517	74.276
chr10	44833616	1.27464058099873	74.278
chr10	44867351	0.0	74.321
chr10	44930772	0.0	74.321
chr10	44985016	0.26313602747701653	74.321
chr10	45021119	0.19000570017089982	74.3305
chr10	45063223	0.7297297297298854	74.3385
chr10	45118723	0.584224202577378	74.379
chr10	45176064	2.2643286718353743	74.4125
chr10	45203666	5.575095412706762	74.475
chr10	45257118	1.8125854993159123	74.773
chr10	45286358	0.3317546388451572	74.826
chr10	45373772	1.092353525322312	74.855
chr10	45398947	7.5880758807593285	74.8825
chr10	45419242	0.47222666880100445	75.0365
chr10	45481712	1.1798228039712675	75.066
chr10	45594017	1.6078737088287494	75.1985
chr10	45635065	0.0	75.2645
chr10	45659631	0.7898537642172908	75.2645
chr10	45703943	0.44230662907114376	75.2995
chr10	45722030	5.16400892340742	75.3075
chr10	45746236	0.055161761866545464	75.4325
chr10	45818750	0.020713654441106417	75.4365
chr10	45891166	0.0	75.438
chr10	45950528	0.0	75.438
chr10	45985464	0.0	75.438
chr10	46003210	0.35141267896942296	75.438
chr10	46053009	4.449811420631335	75.4555
chr10	46083235	0.5138835661777297	75.59
chr10	46140641	0.05619556055058553	75.6195
chr10	46176231	0.1429034163444809	75.6215
chr10	46228714	0.7997024363026252	75.629
chr10	46282484	1.1033058687775459	75.672
chr10	46331881	1.4986150729671568	75.7265
chr10	46380259	1.173145630032446	75.799
chr10	46417765	3.2753519079137066	75.843
chr10	46476232	5.109288365486095	76.0345
chr10	46563524	1.7775850856274362	76.4805
chr10	46586589	3.0805618010336455	76.5215
chr10	46655083	0.9816832275828282	76.7325
chr10	46696848	0.15400805975513301	76.7735
chr10	46735807	0.6168787516905084	76.7795
chr10	46862250	0.08466171597209796	76.8575
chr10	46903591	0.09273799661188752	76.861
chr10	46984464	0.79472398168585	76.8685
chr10	47026617	0.7235353048122012	76.902
chr10	47053568	0.2203405835879317	76.9215
chr10	47117106	13.554103777126604	76.9355
chr10	47143740	1.4022256124921475	77.2965
chr10	47188312	1.6964920921581519	77.359
chr10	47224858	0.2300437083045866	77.421
chr10	47250940	0.17482899538878835	77.427
chr10	47296699	0.2502619019904922	77.435
chr10	47382609	0.3764979238828402	77.4565
chr10	47429090	0.5953142373580884	77.474
chr10	47530717	12.945442184579402	77.5345
chr10	47548368	0.0	77.763
chr10	47593496	1.0583503845340132	77.763
chr10	47607669	5.337177139740561	77.778
chr10	47633338	0.0	77.915
chr10	47676307	1.352601979069641	77.915
chr10	47690354	7.663339308326205	77.934
chr10	47751163	0.0	78.4
chr10	47786808	0.10515799989459693	78.4
chr10	47805827	3.884752347038024	78.402
chr10	47808916	0.05255044843024634	78.414
chr10	47837460	2.8119430083362476	78.4155
chr10	47927789	26.796746293245388	78.6695
chr10	47947213	0.0	79.19
chr10	48007515	1.2355848434926333	79.19
chr10	48053647	0.0	79.247
chr10	48078402	0.6754369557536601	79.247
chr10	48126519	0.1037062861454956	79.2795
chr10	48579722	4.004114319300892	79.3265
chr10	48593333	0.0	79.381
chr10	48606984	0.155493789966677	79.381
chr10	48658433	0.0	79.389
chr10	48707009	0.09894744653757873	79.389
chr10	48787860	0.07803964413919207	79.397
chr10	48858337	0.09298000929778423	79.4025
chr10	48879847	0.49821154828821507	79.4045
chr10	49036407	0.0	79.4825
chr10	49077604	0.0	79.4825
chr10	49096616	1.4067044966858397	79.4825
chr10	49138558	1.0823235366317243	79.5415
chr10	49183369	0.07508353042742572	79.59
chr10	49210006	0.5876711298330073	79.592
chr10	49316358	0.40875361589753584	79.6545
chr10	49348162	0.5339028296850176	79.6675
chr10	49370638	0.048595587520539864	79.6795
chr10	49411794	0.5035246727089137	79.6815
chr10	49446549	0.9849721393593908	79.699
chr10	49482083	1.044233251202612	79.734
chr10	49524698	1.1846872287963404	79.7785
chr10	49597291	0.6995515695064981	79.8645
chr10	49625166	0.9350586673907614	79.884
chr10	49658319	0.0863557858376544	79.915
chr10	49727799	0.17436009843871286	79.921
chr10	49828166	0.18487525785210987	79.9385
chr10	49879552	1.20202102518185	79.948
chr10	49904094	2.3452964971163706	79.9775
chr10	49927332	0.4358212809919814	80.032
chr10	49958308	0.4157065824167588	80.0455
chr10	50084599	0.0872302499336145	80.098
chr10	50216434	2.192829794640327	80.1095
chr10	50230799	0.29013539651823356	80.141
chr10	50277329	0.4404378139290524	80.1545
chr10	50330685	1.7407659370122568	80.178
chr10	50405652	2.1556622535371304	80.3085
chr10	50546444	2.921148340168894	80.612
chr10	50572290	0.3688456321538909	80.6875
chr10	50614313	0.7081165173542461	80.703
chr10	50707518	8.219178082191734	80.769
chr10	50747303	1.4545748398958105	81.096
chr10	50796802	0.7298947182161161	81.168
chr10	50842014	3.3544182480356235	81.201
chr10	50862882	0.0	81.271
chr10	50907470	7.528431843664431	81.271
chr10	50913713	0.22005357826249652	81.318
chr10	50965973	0.380186834673311	81.3295
chr10	51002797	0.908760450745095	81.3435
chr10	51060568	0.9986106286903497	81.396
chr10	51083600	1.4276035617498426	81.419
chr10	51124928	0.36116207509290077	81.478
chr10	51194149	0.0	81.503
chr10	51202518	0.8172605426609206	81.503
chr10	51223931	0.0	81.5205
chr10	51223932	0.339241794589508	81.5205
chr10	51235723	0.30267870655300544	81.5245
chr10	51255546	0.0	81.5305
chr10	51255764	6.113256113257869	81.5305
chr10	51257318	0.24053452115801172	81.54
chr10	51313443	1.908458677017548	81.5535
chr10	51344358	0.3715440935416	81.6125
chr10	51390113	7.914287298331573	81.6295
chr10	51426187	0.6129955046993915	81.915
chr10	51480021	2.21393460986	81.948
chr10	51555904	3.7976820074265887	82.116
chr10	51609226	1.1437170805115637	82.3185
chr10	51675676	3.4490366230329643	82.3945
chr10	51743666	0.0	82.629
chr10	51762292	0.6295247088444732	82.629
chr10	51787708	1.5619091462111185	82.645
chr10	51848531	0.35513465522345233	82.74
chr10	51865426	0.3223173934810365	82.746
chr10	52011245	1.3981642925285314	82.793
chr10	52041642	0.0	82.8355
chr10	52065915	0.3654242243041255	82.8355
chr10	52126119	0.9733939000647811	82.8575
chr10	52173890	0.23900573613762716	82.904
chr10	52222006	0.0	82.9155
chr10	52235557	0.27571755493686384	82.9155
chr10	52271826	0.35296303176677424	82.9255
chr10	52298741	0.12922400982072357	82.935
chr10	52329695	1.082656116338982	82.939
chr10	52367103	0.9567430025444692	82.9795
chr10	52416228	0.8929449159485604	83.0265
chr10	52477262	0.07533311361171022	83.081
chr10	52583457	1.2006483501091045	83.089
chr10	52633430	0.8735705209657598	83.149
chr10	52702686	1.962433417437033	83.2095
chr10	52709820	1.0836919837754773	83.2235
chr10	52742117	0.24370034605461607	83.2585
chr10	52783151	0.0	83.2685
chr10	52834517	1.4637991217205826	83.2685
chr10	52887803	1.074995767733038	83.3465
chr10	52946873	0.0	83.41
chr10	52969464	1.2105316251387526	83.41
chr10	52989290	0.10769631905321024	83.434
chr10	53077501	0.0	83.4435
chr10	53082494	1.7670890440477895	83.4435
chr10	53105696	0.06265271599553755	83.4845
chr10	53137618	3.90683696468764	83.4865
chr10	53157583	0.08122534230685775	83.5645
chr10	53200673	3.0973267367896087	83.568
chr10	53224726	0.38178915322139895	83.6425
chr10	53325567	0.762738971040669	83.681
chr10	53366210	1.7397923122927859	83.712
chr10	53421389	7.779707627731554	83.808
chr10	53449025	0.4838888800749397	84.023
chr10	53512056	2.414965986394488	84.0535
chr10	53526756	0.0	84.089
chr10	53556127	1.250193614055269	84.089
chr10	53601320	5.678349004761834	84.1455
chr10	53609509	0.6922889659790045	84.192
chr10	53675233	2.016018432168794	84.2375
chr10	53711691	5.979320749162686	84.311
chr10	53738868	2.0705779785611287	84.4735
chr10	53789337	0.17600211202524677	84.578
chr10	53834791	1.0561019735331192	84.586
chr10	53943682	5.1675941835716666	84.701
chr10	53982675	3.714935557240403	84.9025
chr10	54015650	1.156485312636208	85.025
chr10	54054561	0.7833044256705648	85.07
chr10	54072434	4.065420560747596	85.084
chr10	54136634	3.492839678658675	85.345
chr10	54159538	2.657739906674786	85.425
chr10	54208828	0.18483397087656414	85.556
chr10	54271046	3.5731982601993115	85.5675
chr10	54361861	0.12847690627671032	85.892
chr10	54377428	0.8683570684264204	85.894
chr10	54440766	15.946502057616211	85.949
chr10	54443682	0.41138090044561104	85.9955
chr10	54495945	3.2227229277619034	86.017
chr10	54569175	0.37467216185816626	86.253
chr10	54590527	1.9265991637005664	86.261
chr10	54648401	0.28664793900132945	86.3725
chr10	54700730	0.8695366846042341	86.3875
chr10	54761682	7.377869378855083	86.4405
chr10	54828639	4.433893097789873	86.9345
chr10	54857282	0.7770632368705941	87.0615
chr10	54894602	0.0	87.0905
chr10	54898479	10.283528352835141	87.0905
chr10	54920699	0.33257948649697033	87.319
chr10	54950767	0.0	87.329
chr10	54976135	0.21640337589292838	87.329
chr10	55013103	0.7680110989989025	87.337
chr10	55053467	0.6428017289152294	87.368
chr10	55098582	0.7669749605231629	87.397
chr10	55165077	4.009009009009268	87.448
chr10	55209477	3.127011864250797	87.626
chr10	55231223	2.2935779816512656	87.694
chr10	55267193	1.3066055231480016	87.7765
chr10	55326507	0.0	87.854
chr10	55333265	0.740097374795154	87.854
chr10	55415011	2.2566206639310127	87.9145
chr10	55441821	1.8777467039557034	87.975
chr10	55466851	0.1758493523719394	88.022
chr10	55566368	3.960716162146828	88.0395
chr10	55591111	0.0	88.1375
chr10	55598682	13.660076880833598	88.1375
chr10	55605966	0.0	88.237
chr10	55609902	0.38513144163402463	88.237
chr10	55650148	2.1246108997483257	88.2525
chr10	55670387	0.17545398719145003	88.2955
chr10	55693185	0.0	88.2995
chr10	55788877	0.09284826171916452	88.2995
chr10	55912735	0.541433626935374	88.311
chr10	56002312	0.30449510904768307	88.3595
chr10	56028585	0.0	88.3675
chr10	56050196	0.8890770533440552	88.3675
chr10	56073816	0.0886289107507952	88.3885
chr10	56118948	1.48455786587973	88.3925
chr10	56228745	2.8659611992949894	88.5555
chr10	56249157	1.5386599837841968	88.614
chr10	56303425	0.0667634737033812	88.6975
chr10	56363338	3.9165229194357836	88.7015
chr10	56398701	11.157669070356617	88.84
chr10	56419225	1.6548717810724436	89.069
chr10	56493551	0.0	89.192
chr10	56508548	2.493939032629911	89.192
chr10	56558870	23.219973286756304	89.3175
chr10	56568603	0.0	89.5435
chr10	56601063	1.085956193631465	89.5435
chr10	56628228	2.7839990046037397	89.573
chr10	56660376	9.412376495060405	89.6625
chr10	56669991	10.96553688407835	89.753
chr10	56673502	1.190158814792246	89.7915
chr10	56726016	4.6957254158773045	89.854
chr10	56749761	6.611056881710929	89.9655
chr10	56772299	3.963424662039925	90.1145
chr10	56833105	0.16612215515809922	90.3555
chr10	56905341	2.4185336048868695	90.3675
chr10	56913197	0.21698159996030222	90.3865
chr10	56993849	0.999890422967319	90.404
chr10	57103361	3.2454463117645944	90.5135
chr10	57123235	1.1211931581144756	90.578
chr10	57142411	7.569558101472959	90.5995
chr10	57186403	0.0	90.9325
chr10	57213711	0.39785576681416024	90.9325
chr10	57237589	0.381822948129109	90.942
chr10	57325326	0.5358969778658512	90.9755
chr10	57386905	1.670626670626734	91.0085
chr10	57413841	2.186447266131205	91.0535
chr10	57475585	3.9998661132682476	91.1885
chr10	57505461	1.5569672058220159	91.308
chr10	57561660	0.35843411045998214	91.3955
chr10	57593744	0.11866971252276644	91.407
chr10	57661158	1.4058512248928898	91.415
chr10	57730511	6.469993077373529	91.5125
chr10	57768069	0.0	91.7555
chr10	57794052	0.0	91.7555
chr10	57837209	6.077698015322308	91.7555
chr10	57870363	3.0309710128957796	91.957
chr10	57888509	3.50088630032918	92.012
chr10	57967489	2.758420441347547	92.2885
chr10	57995041	0.17409107052075148	92.3645
chr10	58138644	0.4511358007219601	92.3895
chr10	58195168	0.04734512226866792	92.415
chr10	58237411	1.625344352617011	92.417
chr10	58255561	4.626735025634493	92.4465
chr10	58271555	12.667097887020237	92.5205
chr10	58290107	3.512880562061023	92.7555
chr10	58302917	6.442383393820615	92.8005
chr10	58354994	2.7790143084261483	93.136
chr10	58433619	0.044960490968616325	93.3545
chr10	58522586	0.3608874031297872	93.3585
chr10	58548910	0.15633956954505776	93.368
chr10	58587288	0.12218590585590886	93.374
chr10	58620025	10.221226547185918	93.378
chr10	58637880	0.1649858730845257	93.5605
chr10	58686369	0.026561835953976334	93.5685
chr10	58742841	0.0	93.57
chr10	58778656	0.49396267837569036	93.57
chr10	58805986	0.019558563227899693	93.5835
chr10	58908243	0.0	93.5855
chr10	58927582	0.8172319187443818	93.5855
chr10	58944713	2.5796709346586226	93.5995
chr10	58976500	3.2248590225564295	93.6815
chr10	59061620	3.897587527719741	93.956
chr10	59106263	0.7855768097726424	94.13
chr10	59233558	2.310508754835003	94.23
chr10	59301292	0.12401352874854205	94.3865
chr10	59345642	9.464017991004413	94.392
chr10	59366986	5.345527146261554	94.594
chr10	59413567	0.418539078333013	94.843
chr10	59436265	1.0378354757654118	94.8525
chr10	59491187	0.2838557066824472	94.9095
chr10	59533462	1.5587114651888365	94.9215
chr10	59550784	2.1805155361736466	94.9485
chr10	59563625	7.56989455354523	94.9765
chr10	59584299	5.416237881167818	95.133
chr10	59621225	0.05805908479529554	95.333
chr10	59724568	0.0	95.339
chr10	59746908	5.8487099195155166	95.339
chr10	59785549	0.030192739469584052	95.565
chr10	59967712	0.32100152475763494	95.5705
chr10	59980173	0.09292384890593525	95.5745
chr10	60023219	0.8192389006336546	95.5785
chr10	60042139	5.7983772198410035	95.594
chr10	60094395	4.179353554280346	95.897
chr10	60162707	6.993275205195697	96.1825
chr10	60201816	0.5744586831637541	96.456
chr10	60235761	0.27878449958315443	96.4755
chr10	60242935	0.3678752902763924	96.4775
chr10	60286428	0.18554596901470913	96.4935
chr10	60297207	0.0	96.4955
chr10	60301188	1.1457614172185722	96.4955
chr10	60369265	4.206908810807486	96.5735
chr10	60386142	7.569754699486003	96.6445
chr10	60445457	2.26638312692268	97.0935
chr10	60634966	2.6972034259216464	97.523
chr10	60677232	5.221563646626682	97.637
chr10	60687861	5.93555681175828	97.6925
chr10	60702013	0.0	97.7765
chr10	60707094	0.6003056101289448	97.7765
chr10	60743742	2.6699029126214144	97.7985
chr10	60795242	0.35632593478076413	97.936
chr10	60882241	2.665605729063349	97.967
chr10	60907376	4.501068050045583	98.034
chr10	60940146	2.9828486204326263	98.1815
chr10	60972330	2.175519251292885	98.2775
chr10	60996692	0.9849721393593908	98.3305
chr10	61014459	2.806089154139208	98.348
chr10	61098740	1.7501613623950043	98.5845
chr10	61139022	8.92055197191173	98.655
chr10	61163516	13.899418751577612	98.8735
chr10	61167473	1.5490403506121542	98.9285
chr10	61233643	6.1184939091914226	99.031
chr10	61287823	0.0	99.3625
chr10	61307359	2.1885691285977438	99.3625
chr10	61327235	0.0	99.406
chr10	61344227	0.5818077484039602	99.406
chr10	61469698	0.0	99.479
chr10	61478761	5.692356891589296	99.479
chr10	61494396	2.7674514663362904	99.568
chr10	61554921	5.880328731630185	99.7355
chr10	61604323	0.07384160974744507	100.026
chr10	61631408	9.917206623469902	100.028
chr10	61659188	0.022636213414167314	100.3035
chr10	61747542	2.589788084345621	100.3055
chr10	61785576	0.0	100.404
chr10	61821084	2.941984523100932	100.404
chr10	61864762	1.2109894985948846	100.5325
chr10	61918850	0.9614556725885727	100.598
chr10	61953693	0.29596859617430143	100.6315
chr10	61985791	2.0740003318397386	100.641
chr10	62003872	0.06873324627130539	100.6785
chr10	62062068	0.0	100.6825
chr10	62072060	0.3018276182678185	100.6825
chr10	62216182	0.0	100.726
chr10	62229274	3.5948733979369916	100.726
chr10	62248468	0.08323882258680837	100.795
chr10	62344577	12.593484053984628	100.803
chr10	62356210	0.2239976106921611	100.9495
chr10	62409782	8.65856810545271	100.9615
chr10	62417520	2.8539241457006237	101.0285
chr10	62444150	0.28074115665376603	101.1045
chr10	62456617	14.168190127970204	101.108
chr10	62460993	2.7023834135679246	101.17
chr10	62494852	1.0518934081346822	101.2615
chr10	62511964	4.113295053003559	101.2795
chr10	62548188	0.03154623889959366	101.4285
chr10	62611587	0.0	101.4305
chr10	62626579	0.0485283769684916	101.4305
chr10	62709005	1.8930990623245825	101.4345
chr10	62742812	0.9214112949662802	101.4985
chr10	62768859	10.298431322535631	101.5225
chr10	62784541	0.4106032244430412	101.684
chr10	62867346	10.275853052686642	101.718
chr10	62905591	2.0199469763919464	102.111
chr10	62929354	7.584471603163139	102.159
chr10	62984994	0.5068722446189778	102.581
chr10	63027411	12.465215021373035	102.6025
chr10	63062268	7.157640565712177	103.037
chr10	63126046	2.062225410203823	103.4935
chr10	63148352	8.798793308346077	103.5395
chr10	63192108	0.8312743898215385	103.9245
chr10	63235415	22.72287758654054	103.9605
chr10	63261270	15.337073851499504	104.548
chr10	63296381	0.132679622937063	105.0865
chr10	63375519	15.449133023336941	105.097
chr10	63398530	4.919357672441076	105.4525
chr10	63426989	1.5439815127640095	105.5925
chr10	63574983	0.07823195775474578	105.821
chr10	63651678	2.8880866425993874	105.827
chr10	63655833	1.893671744721949	105.839
chr10	63691214	5.713944413474396	105.906
chr10	63741442	4.4568139169245	106.193
chr10	63820310	0.0598542548894176	106.5445
chr10	63887139	5.340085165151325	106.5485
chr10	63930584	7.947442275800363	106.7805
chr10	63969779	6.966257191727686	107.092
chr10	64001934	0.25208268311990234	107.316
chr10	64043587	0.8390770152837881	107.3265
chr10	64060272	1.337520353570373	107.3405
chr10	64111860	1.6064755443401322	107.4095
chr10	64184379	2.5289211729888104	107.526
chr10	64202964	5.101767541510448	107.573
chr10	64240304	1.4553143852230168	107.7635
chr10	64320699	1.6772206058533832	107.8805
chr10	64349914	2.13525469756026	107.9295
chr10	64441238	2.760643575033739	108.1245
chr10	64464421	2.6463491047740364	108.1885
chr10	64539430	7.722813608849938	108.387
chr10	64572967	1.1057679944454255	108.646
chr10	64650741	1.1475968639927177	108.732
chr10	64694746	0.0	108.7825
chr10	64714861	10.22653398009681	108.7825
chr10	64734858	0.06938421509115157	108.987
chr10	64792508	7.992565055762208	108.991
chr10	64805958	2.8968609865471526	109.0985
chr10	64861708	0.7296169049466018	109.26
chr10	65024122	0.7853656179014756	109.3785
chr10	65065504	15.13740102468508	109.411
chr10	65067651	3.002150188648548	109.4435
chr10	65116949	0.8857781779108276	109.5915
chr10	65151382	0.4002159304555608	109.622
chr10	65205103	3.1788275301248805	109.6435
chr10	65232157	2.9061925199263614	109.7295
chr10	65313707	1.925924657827459	109.9665
chr10	65430534	0.0	110.1915
chr10	65462275	0.6279641665202911	110.1915
chr10	65576135	11.220196353429966	110.263
chr10	65577561	4.156001431206079	110.279
chr10	65613894	0.7074352338565386	110.43
chr10	65725565	11.593421407387238	110.509
chr10	65732983	10.761381193632811	110.595
chr10	65760814	5.005394627224458	110.8945
chr10	65834035	1.0965374720598227	111.261
chr10	65857746	0.07329658731082815	111.287
chr10	65925962	0.0	111.292
chr10	65985248	0.9471157022971335	111.292
chr10	66030649	0.0	111.335
chr10	66051817	0.4667409437201649	111.335
chr10	66118235	0.7473841554558106	111.366
chr10	66137636	0.24828858227237266	111.3805
chr10	66165829	5.343197698314797	111.3875
chr10	66204757	0.25828447452036873	111.5955
chr10	66243474	5.106481750130207	111.6055
chr10	66260707	1.575075724794357	111.6935
chr10	66318482	0.34533367866708353	111.7845
chr10	66399563	0.35891733641102175	111.8125
chr10	66470610	4.806820243062122	111.838
chr10	66498175	0.43603280852274606	111.9705
chr10	66540603	0.0	111.989
chr10	66568766	0.0	111.989
chr10	66596820	0.11914974740242713	111.989
chr10	66659766	0.0	111.9965
chr10	66737332	0.0	111.9965
chr10	66761955	0.14455828409308769	111.9965
chr10	66817296	1.106663527196267	112.0045
chr10	66838531	0.7006514164516308	112.028
chr10	66864935	1.618122977346565	112.0465
chr10	66885947	0.04303592639131236	112.0805
chr10	66944038	0.3185203084154863	112.083
chr10	67035084	0.0	112.112
chr10	67058546	3.7131696966773484	112.112
chr10	67079283	0.4504866147493221	112.189
chr10	67191384	4.161622276028855	112.2395
chr10	67211208	1.706452464456605	112.322
chr10	67264242	0.21039240630201766	112.4125
chr10	67366432	4.73851152715466	112.434
chr10	67392284	2.215755010251928	112.5565
chr10	67437641	1.177117401601455	112.657
chr10	67508577	0.877539379579484	112.7405
chr10	67531368	1.2598921217372174	112.7605
chr10	67582166	0.9017899680119321	112.8245
chr10	67640938	0.32928645057834344	112.8775
chr10	67675862	0.0	112.889
chr10	67709546	0.21105546921487153	112.889
chr10	67761665	0.17445917655269327	112.9
chr10	67778861	0.0	112.903
chr10	67829796	0.0	112.903
chr10	67854385	0.2406642332838726	112.903
chr10	67879316	0.2599395949891888	112.909
chr10	67919710	0.10810031709426757	112.9195
chr10	68002966	0.0	112.9285
chr10	68021995	0.0	112.9285
chr10	68043420	0.0	112.9285
chr10	68064148	0.13661202185779925	112.9285
chr10	68082448	0.0	112.931
chr10	68144929	0.1715640401771115	112.931
chr10	68176987	1.2208947414321878	112.9365
chr10	68199921	0.0	112.9645
chr10	68215326	0.5965005302227161	112.9645
chr10	68230414	0.027314642833705466	112.9735
chr10	68321940	0.05538734214607698	112.976
chr10	68376104	0.0	112.979
chr10	68403255	0.22207707380791517	112.979
chr10	68441530	0.16960034889209533	112.9875
chr10	68524077	0.08552989658676698	113.0015
chr10	68588382	0.24067388688328226	113.007
chr10	68600847	0.14897702443223768	113.01
chr10	68661259	0.0	113.019
chr10	68686030	0.32914806846277267	113.019
chr10	68748312	0.0	113.0395
chr10	68775119	0.0	113.0395
chr10	68804818	0.0	113.0395
chr10	68827139	0.0	113.0395
chr10	68893814	0.06669828659502379	113.0395
chr10	68961282	0.0	113.044
chr10	68985066	0.0	113.044
chr10	69033283	0.0	113.044
chr10	69049503	0.0	113.044
chr10	69067809	0.04906410224964905	113.044
chr10	69149335	0.37176103200881505	113.048
chr10	69176234	0.0	113.058
chr10	69231513	0.0	113.058
chr10	69241496	0.0	113.058
chr10	69290594	0.0	113.058
chr10	69319536	0.0	113.058
