Chromosome	Position(bp)	Rate(cM/Mb)	Map(cM)
chr11	58341	0.0	0.0
chr11	58362	0.0	0.0
chr11	64514	0.7743731498363035	0.0
chr11	115523	0.14744517720229483	0.0395
chr11	190127	0.0	0.0505
chr11	215037	0.0	0.0505
chr11	252479	0.0	0.0505
chr11	280200	0.0	0.0505
chr11	280217	0.9756680339293533	0.0505
chr11	305328	0.07764819157361832	0.075
chr11	369721	0.4618937644341805	0.08
chr11	380546	0.387615447193377	0.085
chr11	485031	0.0	0.1255
chr11	504717	0.36332808526099103	0.1255
chr11	521231	2.057189878625797	0.1315
chr11	550397	0.18944417080286458	0.1915
chr11	576790	1.1170170326100584	0.1965
chr11	839991	0.0	0.4905
chr11	841308	0.0	0.4905
chr11	843215	0.4824455604043763	0.4905
chr11	888816	0.12327618797153243	0.5125
chr11	949655	0.1858439972388864	0.52
chr11	968488	0.0	0.5235
chr11	995640	1.7265477267121614	0.5235
chr11	1019966	0.2843201995744361	0.5655
chr11	1074482	4.119981912274535	0.581
chr11	1094385	0.04196062415029709	0.663
chr11	1273124	4.611772597685723	0.6705
chr11	1279087	0.33431771326684157	0.698
chr11	1332928	0.0	0.716
chr11	1346506	0.034553567902697736	0.716
chr11	1447798	0.7957340388152859	0.7195
chr11	1544564	1.3137644983296435	0.7965
chr11	1571205	0.14053402931138115	0.8315
chr11	1596110	0.0	0.835
chr11	1616246	0.31577924601632634	0.835
chr11	1636830	1.5456793715449513	0.8415
chr11	1664326	0.0	0.884
chr11	1700160	2.6396402268135297	0.884
chr11	1715503	0.6298246180678907	0.9245
chr11	1746464	0.21608324191350226	0.944
chr11	1776545	0.5097451274362823	0.9505
chr11	1809895	0.1043250171391084	0.9675
chr11	1843444	0.5360972122944965	0.971
chr11	1854636	0.4683840749414524	0.977
chr11	1882391	1.7637033807617608	0.99
chr11	1907622	0.16575501408918247	1.0345
chr11	1925721	1.1212647866793755	1.0375
chr11	1943558	0.0	1.0575
chr11	1966823	0.29184626436781386	1.0575
chr11	1989095	0.0	1.064
chr11	2002194	0.4167679644358007	1.064
chr11	2030987	0.787063537492843	1.076
chr11	2051951	0.9086682726850099	1.0925
chr11	2146595	0.2291475710357453	1.1785
chr11	2203327	7.793713500515287	1.1915
chr11	2226615	0.0	1.373
chr11	2229966	0.15719033503997387	1.373
chr11	2252232	0.4835297673012999	1.3765
chr11	2285322	32.36672524897475	1.3925
chr11	2288736	6.380373220522956	1.503
chr11	2360597	8.36084905660377	1.9615
chr11	2402997	0.06819235700062592	2.316
chr11	2439658	8.720010128505415	2.3185
chr11	2471252	0.0	2.594
chr11	2497679	2.698427468130654	2.594
chr11	2519173	2.077635177782446	2.652
chr11	2538185	0.0	2.6915
chr11	2558154	5.5184323147383365	2.6915
chr11	2584792	34.78497550353839	2.8385
chr11	2593977	1.254947388744092	3.158
chr11	2656131	5.088027376288891	3.236
chr11	2678340	0.15493733645502433	3.349
chr11	2707384	7.219662058371729	3.3535
chr11	2730169	16.106442577030823	3.518
chr11	2773009	3.338749129604168	4.208
chr11	2885027	1.495909146415908	4.582
chr11	2901405	4.192630202323255	4.6065
chr11	2927403	24.95449755723732	4.7155
chr11	2937842	0.0	4.976
chr11	3076781	1.8543319254146584	4.976
chr11	3105902	16.036479147453633	5.03
chr11	3135179	0.0	5.4995
chr11	3283285	10.427110487266873	5.4995
chr11	3298246	3.644823575029093	5.6555
chr11	3324036	0.0	5.7495
chr11	3356496	0.10464629552112702	5.7495
chr11	3394720	0.0	5.7535
chr11	3399721	2.352427608284414	5.7535
chr11	3420338	0.2844320839390791	5.802
chr11	3436159	1.1282089220980978	5.8065
chr11	3463193	0.10543518372084285	5.837
chr11	3482162	4.874549334118144	5.839
chr11	3509344	0.9444278755343537	5.9715
chr11	3529462	11.75724254599283	5.9905
chr11	3553107	0.07110689736903346	6.2685
chr11	3616392	0.04898838975164522	6.273
chr11	3657218	2.0629437727882967	6.275
chr11	3678062	2.4670583537733166	6.318
chr11	3713124	3.58496363822597	6.4045
chr11	3742413	2.596618357487932	6.5095
chr11	3775533	7.7957554108005604	6.5955
chr11	3799328	0.48989589712191645	6.781
chr11	3807493	23.07263348668615	6.785
chr11	3821839	50.420777713290796	7.116
chr11	3828731	13.113236655353282	7.4635
chr11	3835213	2.6922319259307996	7.5485
chr11	3896129	0.08743551630671416	7.7125
chr11	3919003	0.32878425285125984	7.7145
chr11	4011769	6.17220801364024	7.745
chr11	4041094	0.5916909682600159	7.926
chr11	4064755	0.0	7.94
chr11	4092100	0.20381127076325078	7.94
chr11	4101913	1.4526103840068905	7.942
chr11	4136678	0.5245237876138967	7.9925
chr11	4191013	2.494654312188094	8.021
chr11	4212058	1.6092693916962308	8.0735
chr11	4230700	1.4612073028941328	8.1035
chr11	4262523	0.33562678301724785	8.15
chr11	4274441	0.0	8.154
chr11	4296303	19.759534837883105	8.154
chr11	4306450	3.6907353080344185	8.3545
chr11	4327584	0.45296693341387795	8.4325
chr11	4340830	0.05212677231027596	8.4385
chr11	4417566	7.846947163888996	8.4425
chr11	4430947	5.157441784599144	8.5475
chr11	4495320	1.927430704277061	8.8795
chr11	4544349	2.96959935574793	8.974
chr11	4574151	0.0	9.0625
chr11	4585908	1.2663465275775276	9.0625
chr11	4665665	4.1753391679414	9.1635
chr11	4705542	0.022385386819491718	9.33
chr11	4794886	0.0	9.332
chr11	4809385	0.17094017094016728	9.332
chr11	4867885	3.289826568925398	9.342
chr11	4895850	0.8231299516412075	9.434
chr11	4905569	5.5784622847441145	9.442
chr11	4930307	0.322645405529412	9.58
chr11	5000043	0.0	9.6025
chr11	5023307	3.312548713951768	9.6025
chr11	5041269	2.3146391439629634	9.662
chr11	5054446	1.5066160094327057	9.6925
chr11	5092611	4.304485727231528	9.75
chr11	5116888	0.4059006355244253	9.8545
chr11	5160002	0.0	9.872
chr11	5165793	0.0	9.872
chr11	5169307	0.0	9.872
chr11	5181576	6.500768908150425	9.872
chr11	5188729	0.17269665831971917	9.9185
chr11	5200310	0.15904572564610572	9.9205
chr11	5225460	13.576017130620993	9.9245
chr11	5237135	4.451181367595369	10.083
chr11	5257916	13.741912075950935	10.1755
chr11	5290990	1.6505364243379013	10.63
chr11	5357635	1.0949404626123058	10.74
chr11	5379554	10.409202338299067	10.764
chr11	5406069	1.5652353001750696	11.04
chr11	5454624	0.0	11.116
chr11	5484882	1.3441998306520158	11.116
chr11	5532122	1.4399051356616426	11.1795
chr11	5673798	0.056871498848358515	11.3835
chr11	5814466	3.346609966459026	11.3915
chr11	5881250	1.572830684571472	11.615
chr11	6003005	0.0	11.8065
chr11	6015695	0.7178750897344135	11.8065
chr11	6040769	4.454003052587733	11.8245
chr11	6076804	1.2361154636303755	11.985
chr11	6105523	1.7910320466805543	12.0205
chr11	6246224	0.435073627844689	12.2725
chr11	6291044	1.2281740159810883	12.292
chr11	6324834	2.1134946634259295	12.3335
chr11	6343760	3.099034358859234	12.3735
chr11	6366025	1.6378488203341801	12.4425
chr11	6414259	0.2678579969961684	12.5215
chr11	6518792	0.19430681045371379	12.5495
chr11	6549671	1.2084684574435633	12.5555
chr11	6582357	0.37964171313323086	12.595
chr11	6624502	3.6355997931747326	12.611
chr11	6655446	5.866691798412001	12.7235
chr11	6697889	0.07656674706177664	12.9725
chr11	6724010	1.3806545927068514	12.9745
chr11	6748636	15.88511882068878	13.0085
chr11	6764374	0.7329424307035736	13.2585
chr11	6771878	0.2784210433276282	13.264
chr11	6885016	7.5598293240986525	13.2955
chr11	6917358	0.14440780764880567	13.54
chr11	6958907	1.1331581358343321	13.546
chr11	7000384	2.2531089978054117	13.593
chr11	7034559	0.0	13.67
chr11	7089664	4.717481183080665	13.67
chr11	7117963	0.5126866645537735	13.8035
chr11	7171602	0.9330653760971319	13.831
chr11	7220366	2.295892622868127	13.8765
chr11	7240184	0.9628169272385044	13.922
chr11	7261995	0.0906515580736444	13.943
chr11	7306120	0.2992071011818794	13.947
chr11	7326173	6.304757225906817	13.953
chr11	7338386	0.0585320170133085	14.03
chr11	7440894	12.724735243411963	14.036
chr11	7453075	1.0624700431378744	14.191
chr11	7515665	2.659116090114503	14.2575
chr11	7556280	10.590692124104972	14.3655
chr11	7569688	2.1337126600284404	14.5075
chr11	7688495	0.6338769634070462	14.761
chr11	7735034	1.2009506472491767	14.7905
chr11	7774586	0.0	14.838
chr11	7781214	2.916618056365739	14.838
chr11	7841215	0.0	15.013
chr11	7867966	0.0	15.013
chr11	7917555	0.0	15.013
chr11	7940249	0.0	15.013
chr11	7959313	0.0	15.013
chr11	7970578	0.16772144821880458	15.013
chr11	8015295	0.0	15.0205
chr11	8041891	0.15771005007292352	15.0205
chr11	8067254	0.0	15.0245
chr11	8101824	0.0	15.0245
chr11	8130087	0.0	15.0245
chr11	8150468	0.23722069176613717	15.0245
chr11	8215808	1.427065387878952	15.04
chr11	8254699	3.5054127697179664	15.0955
chr11	8322594	1.211666732446614	15.3335
chr11	8575964	4.514824797843677	15.6405
chr11	8590804	1.848212614635987	15.7075
chr11	8612176	0.3999701717160027	15.747
chr11	8759687	0.07203572972195138	15.806
chr11	8940153	0.0	15.819
chr11	9004017	0.0	15.819
chr11	9014462	9.726321438153983	15.819
chr11	9021916	0.0	15.8915
chr11	9103118	0.0	15.8915
chr11	9145811	0.28309364737854675	15.8915
chr11	9181135	0.3539677313137904	15.9015
chr11	9241875	0.5713018861489152	15.923
chr11	9300513	0.0	15.9565
chr11	9331911	0.12921844377921365	15.9565
chr11	9378344	1.2209627488203874	15.9625
chr11	9505293	1.6465002297441897	16.1175
chr11	9518351	0.8006948402682275	16.139
chr11	9555194	9.76421235353667	16.1685
chr11	9569020	0.6485842787423839	16.3035
chr11	9663071	5.78964739534627	16.3645
chr11	9699429	0.734712331863923	16.575
chr11	9787899	2.7169570081508794	16.64
chr11	9825441	0.0	16.742
chr11	9859528	2.987067753724996	16.742
chr11	9902212	0.11327594019034141	16.8695
chr11	9937524	0.16513260866445945	16.8735
chr11	10007165	0.5403944879760831	16.885
chr11	10029371	0.14522218995062994	16.897
chr11	10204964	0.46159527326445055	16.9225
chr11	10242876	0.0	16.94
chr11	10261316	0.12156207263327104	16.94
chr11	10294221	2.651113467656402	16.944
chr11	10314967	5.443595089182783	16.999
chr11	10319284	3.2853954872303275	17.0225
chr11	10367680	11.876484560570093	17.1815
chr11	10387046	12.888741061034521	17.4115
chr11	10399072	1.2053824014169268	17.5665
chr11	10480374	0.21813556940777118	17.6645
chr11	10615611	0.6816322821049063	17.694
chr11	10626614	0.5163422316311141	17.7015
chr11	10665348	0.4847523356250126	17.7215
chr11	10676694	6.663845991115124	17.727
chr11	10681421	0.0	17.7585
chr11	10709824	3.0775275013093926	17.7585
chr11	10717460	2.684810592129474	17.782
chr11	10758245	0.0	17.8915
chr11	10804618	0.1315054081598377	17.8915
chr11	10835035	0.14734593141051813	17.8955
chr11	10889329	0.8020128951092126	17.9035
chr11	10921124	0.0	17.929
chr11	10954494	0.20116676725029614	17.929
chr11	10964436	5.706380771225978	17.931
chr11	10993351	0.057100439673353834	18.096
chr11	11028377	0.10034403669731941	18.098
chr11	11063257	0.0	18.1015
chr11	11094441	0.0	18.1015
chr11	11119699	0.05181951263745493	18.1015
chr11	11196890	0.20116002279814355	18.1055
chr11	11256544	0.0	18.1175
chr11	11306767	0.2599923735570522	18.1175
chr11	11335614	0.0	18.125
chr11	11428326	2.128479987661011	18.125
chr11	11493161	0.09301027763562719	18.263
chr11	11514664	2.4749711563511028	18.265
chr11	11541533	0.5481042042816818	18.3315
chr11	11588057	0.03176889190105169	18.357
chr11	11635273	0.0	18.3585
chr11	11641412	0.0	18.3585
chr11	11642575	0.04324791869388889	18.3585
chr11	11688820	1.6327755419049836	18.3605
chr11	11858776	0.08291186468779088	18.638
chr11	11882898	0.1546252271057166	18.64
chr11	11908767	0.0	18.644
chr11	11918367	0.5636874399349444	18.644
chr11	12026583	0.0	18.705
chr11	12051617	1.1442256519425975	18.705
chr11	12089197	12.873223694714914	18.748
chr11	12114249	0.0	19.0705
chr11	12155914	0.147617817470618	19.0705
chr11	12183011	0.7267612237720973	19.0745
chr11	12225666	1.5890340599018289	19.1055
chr11	12256817	0.06569046652172372	19.155
chr11	12340543	0.0542623039774932	19.1605
chr11	12377401	0.0	19.1625
chr11	12404252	0.6351222610351793	19.1625
chr11	12429444	0.0	19.1785
chr11	12456258	2.583498677248677	19.1785
chr11	12480450	0.3782304317328436	19.241
chr11	12553157	1.194524370040984	19.2685
chr11	12610502	2.3185455367998626	19.337
chr11	12645869	1.820360906336228	19.419
chr11	12690091	3.905187487857014	19.4995
chr11	12715826	1.228714959876471	19.6
chr11	12761809	1.2764242207093919	19.6565
chr11	12806465	0.47815264319969475	19.7135
chr11	12948679	0.08461072017824979	19.7815
chr11	13019592	0.10971167771095373	19.7875
chr11	13110740	0.16986580601325596	19.7975
chr11	13146062	0.20560653929091005	19.8035
chr11	13345472	0.3345973678340524	19.8445
chr11	13381336	0.0	19.8565
chr11	13387756	4.99144324015924	19.8565
chr11	13391262	0.09476427386875506	19.874
chr11	13454577	0.02745555631824345	19.88
chr11	13527422	3.046947039249367	19.882
chr11	13552365	0.5970683941846471	19.958
chr11	13585862	0.9787178139778889	19.978
chr11	13661982	0.0	20.0525
chr11	13707942	0.19436838724946118	20.0525
chr11	13767108	0.0	20.064
chr11	13808010	0.2629503023928577	20.064
chr11	13830828	1.920719248058727	20.07
chr11	13843063	0.6613596097371657	20.0935
chr11	13925469	0.8393341805117531	20.148
chr11	13989210	0.5908695111331743	20.2015
chr11	14005288	0.635455459005828	20.211
chr11	14039122	1.2428590118180325	20.2325
chr11	14084984	0.0670837036913032	20.2895
chr11	14144611	0.0	20.2935
chr11	14148819	0.1428061406639694	20.2935
chr11	14162824	0.3843545105132141	20.2955
chr11	14207054	0.0	20.3125
chr11	14224735	0.16412276382739768	20.3125
chr11	14249107	2.180525524975259	20.3165
chr11	14276394	6.1286407766989734	20.376
chr11	14309354	1.0247615860799626	20.578
chr11	14357170	7.42611466883136	20.627
chr11	14390431	0.3583908251949947	20.874
chr11	14412753	1.4001757083241375	20.882
chr11	14449177	2.1315028901734485	20.933
chr11	14476857	0.0	20.992
chr11	14482841	1.7555381545378683	20.992
chr11	14562019	0.4511617414844728	21.131
chr11	14570885	2.1083886421477733	21.135
chr11	14610963	1.066098081023413	21.2195
chr11	14625502	0.025062342577146797	21.235
chr11	14705303	0.18456327263253067	21.237
chr11	14843467	0.49221682150982093	21.2625
chr11	14859720	12.10287443267777	21.2705
chr11	14888804	3.385029048830973	21.6225
chr11	14909631	1.8728610310167255	21.693
chr11	14983849	0.8827141541294187	21.832
chr11	14996877	3.8049653937537213	21.8435
chr11	15025918	0.13907893851364458	21.954
chr11	15248813	0.13224014810895132	21.985
chr11	15309309	0.4156781637163693	21.993
chr11	15407943	0.879914096522171	22.034
chr11	15441469	0.0633793890226547	22.0635
chr11	15473025	0.8405884118882826	22.0655
chr11	15489680	0.44269552385638666	22.0795
chr11	15550670	1.6041952471566976	22.1065
chr11	15641058	5.629838142153418	22.2515
chr11	15658110	0.052887666596120465	22.3475
chr11	15695926	0.028625817624950898	22.3495
chr11	15765793	0.5429864253393442	22.3515
chr11	15848668	0.0	22.3965
chr11	15870208	0.05491638979650434	22.3965
chr11	15906627	1.1112384007332032	22.3985
chr11	15950272	0.10355182768976265	22.447
chr11	16008214	0.16338534433466775	22.453
chr11	16032696	1.6147026011390908	22.457
chr11	16049727	1.7459092939217695	22.4845
chr11	16074356	0.0	22.5275
chr11	16080206	0.28698522026120143	22.5275
chr11	16115051	1.4283382304928416	22.5375
chr11	16127303	0.9288264005245489	22.555
chr11	16154757	1.0523958799820206	22.5805
chr11	16177087	1.217297213741979	22.604
chr11	16202964	1.2214013346043961	22.6355
chr11	16236532	3.1505710410011454	22.6765
chr11	16259385	0.0	22.7485
chr11	16296294	0.0	22.7485
chr11	16317132	0.2932013927065831	22.7485
chr11	16344417	0.057009292514749565	22.7565
chr11	16379499	0.0	22.7585
chr11	16446147	4.840067340067274	22.7585
chr11	16479411	1.1768901569187322	22.9195
chr11	16507451	4.938776388560073	22.9525
chr11	16553920	1.9519893678878708	23.182
chr11	16565959	5.5970149253730845	23.2055
chr11	16606695	0.38233992031242114	23.4335
chr11	16631542	1.4418547495186955	23.443
chr11	16997737	0.6800958611309281	23.971
chr11	17028615	0.9387107234899509	23.992
chr11	17087206	0.5063524212852119	24.047
chr11	17195826	0.08993129249251781	24.102
chr11	17307022	0.0	24.112
chr11	17347194	0.0	24.112
chr11	17428226	0.02332322660182255	24.112
chr11	17578291	0.28626529259323735	24.1155
chr11	17611477	0.0	24.125
chr11	17638190	1.3660269107301122	24.125
chr11	17652831	1.6956030259992076	24.145
chr11	17687332	0.2637810968604288	24.2035
chr11	17857928	1.6162971547071094	24.2485
chr11	17890719	1.7946026478854442	24.3015
chr11	17920252	0.11508142010466031	24.3545
chr11	17937631	2.4505928853753995	24.3565
chr11	17943956	0.0	24.372
chr11	17972489	23.64443211759819	24.372
chr11	17979700	0.18103678982412777	24.5425
chr11	18043223	4.251374504539147	24.554
chr11	18074507	0.0	24.687
chr11	18080242	15.088449531737114	24.687
chr11	18083125	0.4162902340082917	24.7305
chr11	18139576	0.05316886431306029	24.754
chr11	18167788	0.0	24.7555
chr11	18185744	0.18176860856128144	24.7555
chr11	18229756	3.583732625826583	24.7635
chr11	18255009	5.029018011977182	24.854
chr11	18298258	0.43383410183941434	25.0715
chr11	18338596	0.1302422505862493	25.089
chr11	18353952	0.6374840628984517	25.091
chr11	18375129	3.2746900336502534	25.1045
chr11	18419408	0.0	25.2495
chr11	18464202	0.0	25.2495
chr11	18494579	0.49612825401761573	25.2495
chr11	18545977	0.09706934971977868	25.275
chr11	18664449	0.11257662473489587	25.2865
chr11	18802133	1.7732915018414814	25.302
chr11	18860781	0.35550815446841183	25.406
chr11	18883284	0.995337279055123	25.414
chr11	18958133	4.34629390344189	25.4885
chr11	18975159	0.8657058550978851	25.5625
chr11	19016166	8.000563089484329	25.598
chr11	19058788	7.835160281764358	25.939
chr11	19085335	0.26487727352994117	26.147
chr11	19181606	0.0	26.1725
chr11	19204611	0.025378778265600227	26.1725
chr11	19283417	0.6282918482475223	26.1745
chr11	19320820	1.7870357249696658	26.198
chr11	19384333	0.0	26.3115
chr11	19400651	0.06682282104850443	26.3115
chr11	19542818	0.0	26.321
chr11	19544324	0.10018032458419614	26.321
chr11	19564288	0.0	26.323
chr11	19587361	0.4665899867618575	26.323
chr11	19633440	0.0	26.3445
chr11	19651999	0.31466331025798927	26.3445
chr11	19677423	5.084052935465873	26.3525
chr11	19696994	5.185804168305115	26.452
chr11	19717338	4.27099460786928	26.5575
chr11	19773531	2.8663250238860623	26.7975
chr11	19854122	20.141890238930106	27.0285
chr11	19878648	0.0517277053589616	27.5225
chr11	19917312	0.02791833885884722	27.5245
chr11	20060587	3.375741080659117	27.5285
chr11	20107984	0.0	27.6885
chr11	20128768	0.0	27.6885
chr11	20149447	8.46965699208438	27.6885
chr11	20168397	0.0	27.849
chr11	20241233	0.0	27.849
chr11	20263443	0.0	27.849
chr11	20292697	1.1049723756905994	27.849
chr11	20363287	2.3684210526315246	27.927
chr11	20387987	0.0	27.9855
chr11	20397166	0.0	27.9855
chr11	20406764	0.0	27.9855
chr11	20414607	12.36704372784089	27.9855
chr11	20426453	0.0	28.132
chr11	20464759	21.430456584850823	28.132
chr11	20483704	0.10457438226415335	28.538
chr11	20517173	1.1990407673861365	28.5415
chr11	20522177	34.81046166878435	28.5475
chr11	20541065	0.6077248581975562	29.205
chr11	20563279	2.4075588262015457	29.2185
chr11	20585293	3.533261391722125	29.2715
chr11	20614020	28.204670002382525	29.373
chr11	20630808	0.0	29.8465
chr11	20650000	0.04109983149074112	29.8465
chr11	20698662	16.241672409832315	29.8485
chr11	20720427	0.3038853917950031	30.202
chr11	20743462	0.13376136971635177	30.209
chr11	20758414	1.860119047619118	30.211
chr11	20782606	3.990587717246208	30.256
chr11	20927948	1.015763139084347	30.836
chr11	20954529	1.8403171007928218	30.863
chr11	20965125	2.2107922757624747	30.8825
chr11	20987289	18.573064964817856	30.9315
chr11	20993400	2.999888893003945	31.045
chr11	21047402	1.9530063277404834	31.207
chr11	21162609	0.0	31.432
chr11	21170781	0.8976660682227615	31.432
chr11	21181921	1.1155734047299677	31.442
chr11	21204331	5.317620005748895	31.467
chr11	21218247	1.2178210780827803	31.541
chr11	21274495	0.5239012233801404	31.6095
chr11	21345119	4.625131174938777	31.6465
chr11	21370848	1.3893306887712336	31.7655
chr11	21477734	12.759451990356839	31.914
chr11	21494741	11.990039568836181	32.131
chr11	21524057	19.774234291126877	32.4825
chr11	21536725	6.8474865853333675	32.733
chr11	21574184	4.210198035241076	32.9895
chr11	21587010	0.20093098020830608	33.0435
chr11	21616871	0.3565486094604366	33.0495
chr11	21633699	4.049402713099731	33.0555
chr11	21653455	0.19364151674111324	33.1355
chr11	21681858	3.0914950996516577	33.141
chr11	21697061	10.06947154788836	33.188
chr11	21709872	12.700069589421242	33.317
chr11	21712746	17.443003144654284	33.3535
chr11	21733098	11.580123641475737	33.7085
chr11	21788581	0.0	34.351
chr11	21817704	1.1450291569280322	34.351
chr11	22071846	1.4073856236607374	34.642
chr11	22095649	0.0	34.6755
chr11	22123885	0.05415553469564795	34.6755
chr11	22151583	0.0	34.677
chr11	22269146	0.44197582985914347	34.677
chr11	22344942	0.21525087141884214	34.7105
chr11	22488960	0.0744878957167724	34.7415
chr11	22515810	0.41358247258692105	34.7435
chr11	22562959	2.6372817598234635	34.763
chr11	22587416	0.8616780045353949	34.8275
chr11	22598441	6.22737917819833	34.837
chr11	22607835	0.14573396926351206	34.8955
chr11	22645575	0.7951883873579463	34.901
chr11	22714741	7.17314487632469	34.956
chr11	22728891	0.47371745385642894	35.0575
chr11	22757389	0.9583479318233705	35.071
chr11	22805910	5.167554024428315	35.1175
chr11	22828261	0.29574861367873484	35.233
chr11	22841786	0.0	35.237
chr11	22854004	0.33391211433120427	35.237
chr11	22868978	4.221284159075921	35.242
chr11	22882481	0.0	35.299
chr11	22907268	0.13032557698682146	35.299
chr11	22949470	0.41917004331425367	35.3045
chr11	22963784	2.9962546816480535	35.3105
chr11	22967789	0.0	35.3225
chr11	22978523	0.0	35.3225
chr11	23001541	0.07970350296905289	35.3225
chr11	23026634	0.0	35.3245
chr11	23041724	0.12335019119272798	35.3245
chr11	23074152	0.0	35.3285
chr11	23094438	0.8737146313599858	35.3285
chr11	23109317	0.4775834278547887	35.3415
chr11	23126068	1.0876761562471975	35.3495
chr11	23147214	2.2445648141276826	35.3725
chr11	23174168	3.5971223021582044	35.433
chr11	23208779	3.8874752615210424	35.5575
chr11	23222927	1.7877132307486563	35.6125
chr11	23282780	2.5237703955867103	35.7195
chr11	23299818	1.7205179050506678	35.7625
chr11	23316964	4.252527216174115	35.792
chr11	23337540	12.090700071354657	35.8795
chr11	23350153	0.15756716300342272	36.032
chr11	23362846	1.8876736854397778	36.034
chr11	23388539	4.936562860438261	36.0825
chr11	23410214	0.3741514778982253	36.1895
chr11	23447632	0.25775611584988967	36.2035
chr11	23468970	0.3933136676499657	36.209
chr11	23484225	3.7030849760551168	36.215
chr11	23502183	4.434907010013119	36.2815
chr11	23505678	1.8303123339437866	36.297
chr11	23522615	3.8855421686744176	36.328
chr11	23539215	4.770872567482769	36.3925
chr11	23555145	0.14507471347761816	36.4685
chr11	23568931	0.16585123144500696	36.4705
chr11	23580990	2.854576945282342	36.4725
chr11	23596579	2.5062656641603476	36.517
chr11	23628499	7.4484339190224365	36.597
chr11	23636353	0.2717489764119417	36.6555
chr11	23663952	7.705644384512175	36.663
chr11	23674334	0.8957466481735928	36.743
chr11	23691638	3.6821020384116885	36.7585
chr11	23725586	4.142502071251315	36.8835
chr11	23744898	0.5365446524380353	36.9635
chr11	23770059	0.0	36.977
chr11	23777053	10.08938244853744	36.977
chr11	23784437	0.9809660933817179	37.0515
chr11	23847640	0.0	37.1135
chr11	23851881	13.917210440456573	37.1135
chr11	23861689	0.12003360941078166	37.25
chr11	23878351	0.0	37.252
chr11	23893468	2.7997814804696	37.252
chr11	23908112	0.6629255056735072	37.293
chr11	23940544	1.4310662656446467	37.3145
chr11	23961158	2.924178383507277	37.344
chr11	24019123	12.180804226592077	37.5135
chr11	24036158	0.9650646593322117	37.721
chr11	24051701	0.48013443764270025	37.736
chr11	24068363	2.065697859185865	37.744
chr11	24137589	4.194679078319853	37.887
chr11	24172395	4.482015204810976	38.033
chr11	24198834	0.787366147754805	38.1515
chr11	24221060	3.1798245614037333	38.169
chr11	24243860	0.286512427476383	38.2415
chr11	24257821	0.05436949508862434	38.2455
chr11	24285410	0.4516201874223949	38.247
chr11	24311981	0.39098773276001525	38.259
chr11	24332442	0.20178580436855081	38.267
chr11	24352265	0.7486275162202912	38.271
chr11	24370298	1.087038008846104	38.2845
chr11	24396976	0.8725222605038587	38.3135
chr11	24531070	2.8746811913715375	38.4305
chr11	24554203	2.6021974111472894	38.497
chr11	24576684	0.0	38.5555
chr11	24590805	0.6073011088868625	38.5555
chr11	24635264	2.749256578578213	38.5825
chr11	24653087	2.4643959635787924	38.6315
chr11	24691636	1.3969771434341807	38.7265
chr11	24721343	0.7425701269878239	38.768
chr11	24781270	0.8254317643075152	38.8125
chr11	24804894	2.460726800267727	38.832
chr11	24830293	2.028645451434678	38.8945
chr11	24891664	1.5875151352079806	39.019
chr11	24928829	0.03928501276753759	39.078
chr11	24979739	4.3361682517074	39.08
chr11	25003608	5.387330484859068	39.1835
chr11	25008991	1.2470712720127448	39.2125
chr11	25035453	2.54775471271873	39.2455
chr11	25075292	3.2643965753157196	39.347
chr11	25100871	4.643751422717813	39.4305
chr11	25122836	3.8165420149582974	39.5325
chr11	25168296	1.1270780501543487	39.706
chr11	25175394	4.165392846224464	39.714
chr11	25201562	12.275558812751955	39.823
chr11	25223394	2.08091366627914	40.091
chr11	25233726	0.0	40.1125
chr11	25250600	3.4280117531831675	40.1125
chr11	25271020	7.57780784844381	40.1825
chr11	25293190	0.8250144377530827	40.3505
chr11	25305311	3.032282142190601	40.3605
chr11	25337465	2.384090817383362	40.458
chr11	25486159	2.422014566442307	40.8125
chr11	25515267	0.6445452375267674	40.883
chr11	25578102	1.7355754396791772	40.9235
chr11	25604030	1.491886319253769	40.9685
chr11	25704909	0.4501665616278498	41.119
chr11	25782658	0.32337123017208874	41.154
chr11	25812036	0.7462368342500659	41.1635
chr11	25835487	0.5420732215828743	41.181
chr11	25871460	2.1233998665293754	41.2005
chr11	25887943	266.66666666651884	41.2355
chr11	25887958	4.739875625663583	41.2395
chr11	25901144	2.329252329252235	41.302
chr11	25927118	0.0782442001487596	41.3625
chr11	25952679	13.219101454395515	41.3645
chr11	25969662	1.552662143162815	41.589
chr11	26051457	11.86196980589492	41.716
chr11	26063976	6.952049902385639	41.8645
chr11	26084977	19.720101781170136	42.0105
chr11	26093623	6.586891235022748	42.181
chr11	26158221	5.931433464562869	42.6065
chr11	26253982	13.93683120469453	43.1745
chr11	26277158	1.0707226004832384	43.4975
chr11	26295370	9.13179148311298	43.517
chr11	26317162	0.27710426047785125	43.716
chr11	26331597	5.820130805373906	43.72
chr11	26416303	14.008299205337545	44.213
chr11	26453174	11.348284247500626	44.7295
chr11	26482782	10.52421898343349	45.0655
chr11	26512903	7.533994854832632	45.3825
chr11	26529229	13.947567977467246	45.5055
chr11	26566153	1.694985898273058	46.0205
chr11	26710107	9.036694456276914	46.2645
chr11	26726540	4.005587043599733	46.413
chr11	26813169	0.7839826317694182	46.76
chr11	26862915	1.754509088356978	46.799
chr11	26877164	13.08326888373311	46.824
chr11	26892680	3.388849857420372	47.027
chr11	26916877	0.44743755951494874	47.109
chr11	27004040	1.3095259162256996	47.148
chr11	27117058	0.43350494502543313	47.296
chr11	27247391	2.8432864206922734	47.3525
chr11	27352551	0.355255561969853	47.6515
chr11	27397589	1.3907553833173867	47.6675
chr11	27429586	2.1890627196592827	47.712
chr11	27479379	1.0559177302364495	47.821
chr11	27490270	14.73060896264316	47.8325
chr11	27503949	4.46028107246093	48.034
chr11	27524015	1.3208062774083762	48.1235
chr11	27600862	0.6423459962202192	48.225
chr11	27695048	0.0	48.2855
chr11	27701802	1.544255370023524	48.2855
chr11	27751988	0.7045209257705027	48.363
chr11	27852056	1.3524038056747854	48.4335
chr11	27947072	0.0	48.562
chr11	27968768	0.3607069856919699	48.562
chr11	27985402	5.002094473055293	48.568
chr11	28025985	1.0586153890773808	48.771
chr11	28129422	1.4563226113031906	48.8805
chr11	28373530	0.25974715415709293	49.236
chr11	28637248	0.650038145951086	49.3045
chr11	28765702	0.2410302320776781	49.388
chr11	28968996	0.41570822825154696	49.437
chr11	29113328	1.2962418180481479	49.497
chr11	29167716	0.10134560813900596	49.5675
chr11	29320658	0.2524154408273206	49.583
chr11	29520725	1.6911249761252831	49.6335
chr11	29646381	0.9064240746235344	49.846
chr11	29676720	0.896883968839601	49.8735
chr11	29696232	0.04939979252093179	49.891
chr11	29736718	1.247247856841675	49.893
chr11	29822106	0.02171529082205887	49.9995
chr11	29914207	0.041172878052798914	50.0015
chr11	30059934	0.10538554110378066	50.0075
chr11	30207013	0.3762793497892087	50.023
chr11	30233589	0.8071211142882712	50.033
chr11	30276953	0.3247701282991248	50.068
chr11	30444764	0.17244140071681172	50.1225
chr11	30525951	0.16866869069103083	50.1365
chr11	30594132	1.886351495726488	50.148
chr11	30624084	0.13860304926705927	50.2045
chr11	30862174	0.6003301816000803	50.2375
chr11	30875500	0.0	50.2455
chr11	30899908	0.4974449418894052	50.2455
chr11	30966247	0.0	50.2785
chr11	31074035	0.5195626637751002	50.2785
chr11	31096169	0.12707691330181836	50.29
chr11	31159123	0.30089476601470194	50.298
chr11	31222268	0.2422969753261005	50.317
chr11	31296557	0.0	50.335
chr11	31389557	0.5845942228334219	50.335
chr11	31418637	0.1379497395322141	50.352
chr11	31632483	0.03345600535296213	50.3815
chr11	31811823	0.03305648526918543	50.3875
chr11	31932828	0.2376561400840217	50.3915
chr11	32038022	0.19079070606436832	50.4165
chr11	32326296	0.48292016830044604	50.4715
chr11	32596527	0.00393677538728509	50.602
chr11	33104557	4.769701715668838	50.604
chr11	33132651	0.0	50.738
chr11	33165710	0.018831948400450944	50.738
chr11	33378115	0.0	50.742
chr11	33410327	0.2841936650651034	50.742
chr11	33429680	0.30055023812822224	50.7475
chr11	33516188	0.0	50.7735
chr11	33564286	0.0	50.7735
chr11	33752938	0.0	50.7735
chr11	33903831	0.0	50.7735
chr11	33944420	0.0	50.7735
chr11	33974394	0.025590917550739556	50.7735
chr11	34189314	0.0	50.779
chr11	34313794	0.0	50.779
chr11	34527870	0.0	50.779
chr11	34538535	0.1321003963011939	50.779
chr11	34549890	0.0	50.7805
chr11	34733486	0.033654736062654	50.7805
chr11	34792913	0.0	50.7825
chr11	34924123	0.0	50.7825
chr11	35002876	0.0	50.7825
chr11	35023579	0.0	50.7825
chr11	35033384	0.0	50.7825
chr11	35109328	0.0	50.7825
chr11	35179421	0.0	50.7825
chr11	35247444	0.0	50.7825
chr11	35318070	0.0	50.7825
chr11	35402204	0.0	50.7825
chr11	35673134	0.0096516711868778	50.7825
chr11	35880352	0.0	50.7845
chr11	36104079	0.0	50.7845
chr11	36227283	0.0	50.7845
chr11	36268106	0.0	50.7845
chr11	36276950	0.0	50.7845
chr11	36493548	0.0	50.7845
chr11	36712215	0.0	50.7845
chr11	36762885	0.015998464147404558	50.7845
chr11	36887897	0.0	50.7865
chr11	36913093	0.0	50.7865
chr11	37013652	0.0	50.7865
chr11	37041031	0.17560804284857706	50.7865
chr11	37063809	0.0	50.7905
chr11	37112679	0.0	50.7905
chr11	37151117	0.0	50.7905
chr11	37174440	0.0	50.7905
chr11	37205146	0.0	50.7905
chr11	37259574	0.19320364768484946	50.7905
chr11	37350152	0.0	50.808
chr11	37377736	0.0	50.808
chr11	37414879	0.0	50.808
chr11	37534836	0.015991940062199783	50.808
chr11	37784962	0.0	50.812
chr11	37818992	0.04006049134197527	50.812
chr11	37918841	0.035389147917771396	50.816
chr11	38031870	0.0687265335060134	50.82
chr11	38170099	0.08667858497205229	50.8295
chr11	38262394	0.0	50.8375
chr11	38289548	0.9666053443922035	50.8375
chr11	38353690	0.0	50.8995
chr11	38489952	0.13291244392748905	50.8995
chr11	38520047	0.0	50.9035
chr11	38534393	0.035832661470974546	50.9035
chr11	38590208	0.07107825716109502	50.9055
chr11	38646484	0.7181469198024784	50.9095
chr11	38684777	0.027225701061835614	50.937
chr11	38758237	0.0	50.939
chr11	38774092	0.0	50.939
chr11	38778229	0.05531148266384053	50.939
chr11	38841507	0.08245042668091238	50.9425
chr11	38890021	0.023430178069381965	50.9465
chr11	38975381	0.22129401676289912	50.9485
chr11	39011532	0.0	50.9565
chr11	39084967	0.0	50.9565
chr11	39145525	0.1647894993265866	50.9565
chr11	39215311	0.4235307863067584	50.968
chr11	39283783	0.35075412136093925	50.997
chr11	39317995	0.0	51.009
chr11	39449593	0.0	51.009
chr11	39505688	0.0	51.009
chr11	39559077	0.0	51.009
chr11	39578555	0.0	51.009
chr11	39615043	1.185851564097173	51.009
chr11	39639498	0.0	51.038
chr11	39705009	0.0	51.038
chr11	39893652	0.0	51.038
chr11	39922961	0.0	51.038
chr11	39959370	0.0	51.038
chr11	39996016	0.0	51.038
chr11	40012794	0.0	51.038
chr11	40023260	0.11362560363602363	51.038
chr11	40076065	0.10829836198740729	51.044
chr11	40113000	0.0	51.048
chr11	40134152	0.16366125096702494	51.048
chr11	40167758	0.2079424337969629	51.0535
chr11	40271152	0.0	51.075
chr11	40308946	0.1126368281468994	51.075
chr11	40601923	0.0	51.108
chr11	40691397	0.011687089856204643	51.108
chr11	40862526	0.0	51.11
chr11	40978455	0.11865211200773874	51.11
chr11	40995311	0.0	51.112
chr11	41014426	0.0	51.112
chr11	41097675	0.0	51.112
chr11	41123461	0.0	51.112
chr11	41250991	0.0	51.112
chr11	41274637	0.0	51.112
chr11	41306885	0.09359352332796755	51.112
chr11	41328254	0.05963384817229543	51.114
chr11	41361792	0.0	51.116
chr11	41441039	0.31020868584308176	51.116
chr11	41458769	0.020312611084616693	51.1215
chr11	41655691	0.0	51.1255
chr11	41678741	0.0	51.1255
chr11	41772581	0.0730513551024669	51.1255
chr11	41799959	0.727255665556372	51.1275
chr11	41821272	0.0	51.143
chr11	41831777	0.03812355845299259	51.143
chr11	41884238	0.0	51.145
chr11	41962603	0.0	51.145
chr11	42016587	0.05239442523303308	51.145
chr11	42054759	0.04767182714201305	51.147
chr11	42138666	0.15024038461503447	51.151
chr11	42151978	0.3816901806667	51.153
chr11	42187347	0.0	51.1665
chr11	42196800	0.10776442696279133	51.1665
chr11	42215359	0.01927469329139808	51.1685
chr11	42319122	0.4039424785910639	51.1705
chr11	42337689	0.6203294959463107	51.178
chr11	42372348	0.07750736319959868	51.1995
chr11	42398152	0.5727245653020224	51.2015
chr11	42441803	0.16487672061714514	51.2265
chr11	42772353	0.21438660209847463	51.281
chr11	42891297	0.19163818710275726	51.3065
chr11	42922606	0.0	51.3125
chr11	42958919	0.4164731134569028	51.3125
chr11	43146206	0.0	51.3905
chr11	43152314	0.0	51.3905
chr11	43193063	0.0	51.3905
chr11	43227691	0.13339075487732469	51.3905
chr11	43490078	0.12166560209258093	51.4255
chr11	43522955	0.3188639938778234	51.4295
chr11	43569997	0.10621348911324717	51.4445
chr11	43588827	0.15989036089541914	51.4465
chr11	43676387	3.6626816690107833	51.4605
chr11	43693451	0.6623132160535129	51.523
chr11	43822544	0.0	51.6085
chr11	43861841	0.33625514356383435	51.6085
chr11	43949572	0.0	51.638
chr11	43970223	0.16885711873470372	51.638
chr11	44005756	0.0	51.644
chr11	44036553	0.0	51.644
chr11	44067208	0.07135814001770908	51.644
chr11	44144284	1.9976244466039863	51.6495
chr11	44162806	0.8284253041727644	51.6865
chr11	44322748	0.0	51.819
chr11	44359765	0.06936736958925392	51.819
chr11	44410221	0.0	51.8225
chr11	44450899	3.045748383888581	51.8225
chr11	44483075	0.401576559827486	51.9205
chr11	44550310	0.0	51.9475
chr11	44556329	0.11623345489419373	51.9475
chr11	44625156	0.7313051802998698	51.9555
chr11	44662760	0.24521824423754648	51.983
chr11	44677033	0.5595295563259965	51.9865
chr11	44722607	2.234950584007166	52.012
chr11	44767127	3.2207484002203888	52.1115
chr11	44790724	1.39594097589303	52.1875
chr11	44925042	0.31540314256209656	52.375
chr11	44942480	0.11540015002033606	52.3805
chr11	44959811	1.809901914993339	52.3825
chr11	44968375	1.4951035359195648	52.398
chr11	44981752	1.0723262200743526	52.418
chr11	45084799	0.1855415656255864	52.5285
chr11	45200676	0.5387267577886159	52.55
chr11	45233160	0.8022745186352193	52.5675
chr11	45304208	0.36556388228887665	52.6245
chr11	45309679	0.0	52.6265
chr11	45327214	0.6866118405826066	52.6265
chr11	45392025	9.68351440717989	52.671
chr11	45413195	2.2139716063847894	52.876
chr11	45544633	4.152632307479182	53.167
chr11	45566306	1.694772816404411	53.257
chr11	45602004	0.0	53.3175
chr11	45625494	0.24367956137665445	53.3175
chr11	45658324	4.514650386264476	53.3255
chr11	45708937	0.0	53.554
chr11	45716384	0.0724541806062088	53.554
chr11	45875105	0.9649749821301294	53.5655
chr11	45889095	30.160654743861482	53.579
chr11	45895693	0.0	53.778
chr11	45922932	0.0	53.778
chr11	45930465	0.05513743004445301	53.778
chr11	45966738	0.29857430768065857	53.78
chr11	45980135	3.490401396160484	53.784
chr11	46003055	14.553014553014776	53.864
chr11	46024700	4.629390161899396	54.179
chr11	46044033	0.03135615364515405	54.2685
chr11	46235383	1.4124898343532142	54.2745
chr11	46258746	0.13950892857152827	54.3075
chr11	46283834	0.07050445940714366	54.311
chr11	46312201	1.9083969465648334	54.313
chr11	46350191	0.0	54.3855
chr11	46362109	0.5491488193307096	54.3855
chr11	46365751	0.3663674665688958	54.3875
chr11	46393046	1.4630438913167048	54.3975
chr11	46419361	0.9562174479166065	54.436
chr11	46443937	3.785618379829982	54.4595
chr11	46470749	0.0	54.561
chr11	46490360	0.46133199127645025	54.561
chr11	46502282	3.26741038329573	54.5665
chr11	46560279	2.3976982097185715	54.756
chr11	46597815	0.5242523705326938	54.846
chr11	46619751	2.91375291375263	54.8575
chr11	46625757	6.234646020992961	54.875
chr11	46652623	5.674787728804995	55.0425
chr11	46676060	0.0	55.1755
chr11	46735605	0.28846445814237176	55.1755
chr11	46768538	0.977592948916926	55.185
chr11	46800760	0.7707205248801878	55.2165
chr11	46826061	1.1186113789779544	55.236
chr11	46851986	1.555941525546362	55.265
chr11	46907258	0.0	55.351
chr11	46949259	0.2447336934846545	55.351
chr11	47004421	3.7023324694556785	55.3645
chr11	47026029	1.3133141660454704	55.4445
chr11	47054202	10.356650524902136	55.4815
chr11	47082493	0.3153226462689367	55.7745
chr11	47131649	1.515051273569297	55.79
chr11	47207224	0.21368662855909948	55.9045
chr11	47225943	0.39824771007580007	55.9085
chr11	47266119	0.2229753835176681	55.9245
chr11	47299755	0.3057862652645712	55.932
chr11	47350444	0.0	55.9475
chr11	47372843	0.8740876709935372	55.9475
chr11	47395724	1.9363596438694095	55.9675
chr11	47420771	0.5674537799744812	56.016
chr11	47448086	4.0571636187473095	56.0315
chr11	47456343	0.96346742688216	56.065
chr11	47494227	1.1309043728301598	56.1015
chr11	47551261	0.5653402913677101	56.166
chr11	47620246	2.450886531612609	56.205
chr11	47646359	3.56736242884255	56.269
chr11	47672709	0.8091142808670262	56.363
chr11	47749336	0.052175047283700364	56.425
chr11	47826001	2.2582981805785196	56.429
chr11	47849470	0.13380843587850702	56.482
chr11	48051251	0.1607684733024391	56.509
chr11	48101012	2.203452074917128	56.517
chr11	48122796	1.287812362998993	56.565
chr11	48141044	0.20545482562010287	56.5885
chr11	48160513	0.08840169731259175	56.5925
chr11	48296257	1.290951861839512	56.6045
chr11	48331115	0.42476719490273235	56.6495
chr11	48361720	1.806726582043986	56.6625
chr11	48383306	1.7954070981209953	56.7015
chr11	48443181	0.4820850957950658	56.809
chr11	48475333	0.13192902218606892	56.8245
chr11	48566291	0.0	56.8365
chr11	48592209	0.032665505226482074	56.8365
chr11	48638129	0.35283695929610565	56.838
chr11	48704732	0.5150137710204715	56.8615
chr11	48749391	2.8745189338146795	56.8845
chr11	48770438	1.9137478303439968	56.945
chr11	48792907	5.175046660256969	56.988
chr11	48810588	3.347846767406841	57.0795
chr11	48837919	0.9810216894978385	57.171
chr11	48865951	0.0	57.1985
chr11	48879443	0.41437772305356824	57.1985
chr11	48921675	5.081561192245272	57.216
chr11	48945093	3.192930400567524	57.335
chr11	48976099	0.33115565375424544	57.434
chr11	49164832	0.15036403925297134	57.4965
chr11	49228012	0.16743056863612463	57.506
chr11	49275793	2.610753039079712	57.514
chr11	49300307	0.3134845373751316	57.578
chr11	49364106	0.4843752719172606	57.598
chr11	49536493	0.0	57.6815
chr11	49562497	0.8071490343040011	57.6815
chr11	49579842	0.4485377668799883	57.6955
chr11	49596563	1.6830412555487408	57.703
chr11	49644096	2.8998200927942968	57.783
chr11	49686340	0.3640114056905817	57.9055
chr11	49735789	0.0	57.9235
chr11	49759380	0.6398336432527548	57.9235
chr11	49859406	1.594300733952921	57.9875
chr11	49929029	2.548752296840689	58.0985
chr11	49979642	0.041037426132683116	58.2275
chr11	50028378	0.0	58.2295
chr11	50089826	1.1609158336019931	58.2295
chr11	50151846	0.0	58.3015
chr11	50163573	0.10704059514583983	58.3015
chr11	50200942	0.22038567493100733	58.3055
chr11	50219092	0.06162534033992358	58.3095
chr11	50308341	0.0	58.315
chr11	50354601	0.15123185217787466	58.315
chr11	50390969	0.6860305574288679	58.3205
chr11	50433970	0.7469105065411537	58.35
chr11	50478152	0.04705771628891882	58.383
chr11	50520653	5.190372924739621	58.385
chr11	50548782	0.0	58.531
chr11	50653356	1.335892225483517	58.531
chr11	50679930	0.0	58.5665
chr11	50724652	0.08510017506327809	58.5665
chr11	50765780	0.0	58.57
chr11	50782539	3.0169504981938196	58.57
chr11	50807730	0.2380014444225294	58.646
chr11	50929578	0.12878023652637263	58.675
chr11	51069351	0.5765147573717103	58.693
chr11	51140468	3.7281526832438954	58.734
chr11	51169705	16.181229773461208	58.843
chr11	51174031	0.0	58.913
chr11	51223518	1.1572104421225442	58.913
chr11	51282280	1.6574353810001998	58.981
chr11	51306112	2.4228869630044714	59.0205
chr11	51338305	0.0985943266006196	59.0985
chr11	51373804	0.8984251136244367	59.102
chr11	51421109	2.4480807749522224	59.1445
chr11	51506482	0.15825914935726562	59.3535
chr11	51531757	2.138759230624664	59.3575
chr11	51600956	1.4208090931782957	59.5055
chr11	51653039	0.21120811039144705	59.5795
chr11	51681447	6.382810022200944	59.5855
chr11	51719283	3.5070212735187316	59.827
chr11	51788430	0.442813765182203	60.0695
chr11	51835854	1.239684713022375	60.0905
chr11	51862877	7.647938474684681	60.124
chr11	51886282	0.08028581751043493	60.303
chr11	51911193	0.0	60.305
chr11	51944440	3.2920455948314182	60.305
chr11	51968741	0.1682935038708068	60.385
chr11	52016277	1.4680648236415288	60.393
chr11	52042502	2.082915636347408	60.4315
chr11	52087391	0.44587824900988715	60.525
chr11	52354280	0.9237644650280896	60.644
chr11	52434387	1.7419612770574442	60.718
chr11	52486914	0.9704119493863939	60.8095
chr11	52539469	0.5888376856117802	60.8605
chr11	52558999	0.2596496667183664	60.872
chr11	52688019	0.10205596377937058	60.9055
chr11	52741911	0.0836680053547195	60.911
chr11	52807647	0.09117224716791153	60.9165
chr11	52851520	0.028498553698434636	60.9205
chr11	52921699	0.0753792518608835	60.9225
chr11	52974764	0.0	60.9265
chr11	53006042	0.12884384126439244	60.9265
chr11	53052610	0.9365244536941042	60.9325
chr11	53067025	0.17914955148633854	60.946
chr11	53145172	0.0	60.96
chr11	53205598	0.14221440761229354	60.96
chr11	53244272	0.08521516829991016	60.9655
chr11	53291212	0.13703820141393608	60.9695
chr11	53415265	0.04312017593037049	60.9865
chr11	53461647	0.042618782097271886	60.9885
chr11	53602430	0.013680358425358863	60.9945
chr11	53748625	0.0672570339648047	60.9965
chr11	53837835	0.06416563288702815	61.0025
chr11	53861212	0.27908744344032427	61.004
chr11	53945415	0.037940225175215385	61.0275
chr11	54156273	0.0	61.0355
chr11	54220824	0.2846222655932449	61.0355
chr11	54294606	0.14370706751355172	61.0565
chr11	54364192	0.6909788867562642	61.0665
chr11	54390242	0.5578148054845576	61.0845
chr11	54445816	0.525871583457788	61.1155
chr11	54522831	0.0	61.156
chr11	54603189	0.0	61.156
chr11	54643266	0.0	61.156
chr11	54696699	0.0	61.156
chr11	54737728	0.2871567475158028	61.156
chr11	54812600	0.5577867023649612	61.1775
chr11	54843974	0.9288971457524419	61.195
chr11	54879500	0.12482251798217481	61.228
chr11	54943591	0.35135849247530654	61.236
chr11	55121472	0.1761916965660221	61.2985
chr11	55152688	0.7211885186786391	61.304
chr11	55180420	1.7415594716694673	61.324
chr11	55209417	0.39587899620539285	61.3745
chr11	55312984	0.5437628388448267	61.4155
chr11	55387465	0.42437700468787826	61.456
chr11	55488790	0.12345453215305172	61.499
chr11	55598142	0.06740361283349079	61.5125
chr11	55627814	0.0	61.5145
chr11	55630575	0.17287877740137467	61.5145
chr11	55688419	0.3709158048597963	61.5245
chr11	55870401	0.0	61.592
chr11	56021211	0.2866835491423493	61.592
chr11	56042140	0.07194115213751161	61.598
chr11	56097741	0.0685906339490181	61.602
chr11	56156058	0.46835576908547955	61.606
chr11	56222247	1.089189020974673	61.637
chr11	56286515	0.30428055698812534	61.707
chr11	56383465	0.27221042643710536	61.7365
chr11	56512042	0.0	61.7715
chr11	56578988	1.6260877208402493	61.7715
chr11	56601742	0.02300450313147524	61.8085
chr11	56775621	0.15234411223121952	61.8125
chr11	56851108	0.17096939647808754	61.824
chr11	56897900	1.2320733330047102	61.832
chr11	56918191	0.659995741963081	61.857
chr11	56941676	0.40304851238442324	61.8725
chr11	56955322	0.0	61.878
chr11	57184640	1.060373612489861	61.878
chr11	57273288	0.49836618097368524	61.972
chr11	57370606	0.19421516265523894	62.0205
chr11	57442691	0.10094665530082485	62.0345
chr11	57576425	0.18695646929691587	62.048
chr11	57742239	0.8357211079280089	62.079
chr11	57746427	1.399837182058169	62.0825
chr11	57796790	0.4963670158837133	62.153
chr11	57844134	0.427658233546535	62.1765
chr11	57866348	0.4857063558145516	62.186
chr11	57938408	0.25227043390521875	62.221
chr11	57976066	2.1626870282914545	62.2305
chr11	57998723	0.0	62.2795
chr11	58032018	0.9478672985782055	62.2795
chr11	58112198	0.8437743779153563	62.3555
chr11	58175011	0.5225893459204713	62.4085
chr11	58293651	0.7082745153975847	62.4705
chr11	58496962	0.0	62.6145
chr11	58502046	14.234875444831967	62.6145
chr11	58502327	0.21177848871270788	62.6185
chr11	58613292	0.05461794745740725	62.642
chr11	58649910	5.852355512384644	62.644
chr11	58670500	1.5653932365266847	62.7645
chr11	58752588	0.0647615963733147	62.893
chr11	58814353	1.3024533484891474	62.897
chr11	58856581	1.8162625353162112	62.952
chr11	58953208	1.225219092997579	63.1275
chr11	59011973	0.7603535644074546	63.1995
chr11	59211880	0.02123502930429095	63.3515
chr11	59306064	0.06571813491941131	63.3535
chr11	59336497	0.0	63.3555
chr11	59423315	0.020489494011970415	63.3555
chr11	59520926	0.5354983589564986	63.3575
chr11	59549871	5.172916261900159	63.373
chr11	59591047	0.0366864773644883	63.586
chr11	59700079	2.809646452821044	63.59
chr11	59717163	0.0	63.638
chr11	59718360	0.5528370680123528	63.638
chr11	59979739	0.03917037153102185	63.7825
chr11	60030798	0.9352150994728669	63.7845
chr11	60230752	0.0	63.9715
chr11	60291917	10.48166392993967	63.9715
chr11	60310187	0.9057971014492183	64.163
chr11	60336131	4.560131422421157	64.1865
chr11	60406743	0.07852067056634364	64.5085
chr11	60432214	7.016186531955972	64.5105
chr11	60498133	0.0	64.973
chr11	60542820	0.0	64.973
chr11	60577161	0.0	64.973
chr11	60606306	1.684814826370536	64.973
chr11	60638357	1.0963987517922318	65.027
chr11	60673928	2.937336814621521	65.066
chr11	60713760	0.0	65.183
chr11	60758220	0.0	65.183
chr11	60779836	0.0	65.183
chr11	60818839	0.47607116010967265	65.183
chr11	60838794	0.17874698364486943	65.1925
chr11	60861172	0.5943315627207513	65.1965
chr11	60888093	0.42900042900028273	65.2125
chr11	60946368	0.2418184749316212	65.2375
chr11	61002195	1.6442765183318304	65.251
chr11	61016487	1.7975025849041524	65.2745
chr11	61079352	0.0	65.3875
chr11	61087032	0.35303462681299325	65.3875
chr11	61121023	0.09979044007560817	65.3995
chr11	61141065	1.9897564390729965	65.4015
chr11	61168204	0.4361928195949812	65.4555
chr11	61212909	0.0	65.475
chr11	61248456	7.955338450802814	65.475
chr11	61255621	0.05664278229373672	65.532
chr11	61290930	0.41524901545767795	65.534
chr11	61328257	0.19060160798489226	65.5495
chr11	61357113	2.071690113701821	65.555
chr11	61409003	2.222555939330599	65.6625
chr11	61442298	2.1522921522920497	65.7365
chr11	61506648	0.6092527809442615	65.875
chr11	61532089	1.9753660237045771	65.8905
chr11	61553604	1.281730648993273	65.933
chr11	61617580	1.340786342863579	66.015
chr11	61644057	2.9182317249349636	66.0505
chr11	61678667	0.24015369836705147	66.1515
chr11	61759865	0.3183061397716072	66.171
chr11	61802277	0.20433879371999547	66.1845
chr11	61831640	1.8027153399806477	66.1905
chr11	61867142	0.6243163478010099	66.2545
chr11	61964048	0.0	66.315
chr11	61979335	0.0	66.315
chr11	61993162	0.17854880141920904	66.315
chr11	62079973	1.8110786266847736	66.3305
chr11	62118624	1.351451421801087	66.4005
chr11	62199648	0.3353454057677551	66.51
chr11	62223504	0.09528346831802473	66.518
chr11	62244494	0.2933468924788747	66.52
chr11	62270061	2.927589960867153	66.5275
chr11	62304048	5.415626849160265	66.627
chr11	62342917	0.08383635144178986	66.8375
chr11	62366773	9.274916084092386	66.8395
chr11	62406396	0.0	67.207
chr11	62406802	0.28530389784163246	67.207
chr11	62508448	0.23378141437756586	67.236
chr11	62534113	3.4469818060515443	67.242
chr11	62606060	0.9131051024859256	67.49
chr11	62642748	0.581990874383222	67.5235
chr11	62685704	0.2782995895074569	67.5485
chr11	62700077	1.0184697777675902	67.5525
chr11	62743770	1.005277707966864	67.597
chr11	62755707	3.1973618180514585	67.609
chr11	62825452	2.261860978300932	67.832
chr11	62934212	6.904190511353059	68.078
chr11	62961297	18.94039236359529	68.265
chr11	62987854	1.0087862024082626	68.768
chr11	63018584	0.38799793067751354	68.799
chr11	63053378	0.0	68.8125
chr11	63070466	0.9577443205763968	68.8125
chr11	63096569	0.0	68.8375
chr11	63137017	0.0	68.8375
chr11	63145326	16.000000000000608	68.8375
chr11	63145701	0.4930966469416516	68.8435
chr11	63153813	0.0	68.8475
chr11	63162937	1.1021307861866692	68.8475
chr11	63203767	3.798532780468009	68.8925
chr11	63238254	2.3742243714861613	69.0235
chr11	63272581	5.844937252879306	69.105
chr11	63330751	0.8679733611085885	69.445
chr11	63362434	0.2194486353040674	69.4725
chr11	63398889	3.8444221244758072	69.4805
chr11	63427762	2.5882965950023427	69.5915
chr11	63516044	4.565763753141952	69.82
chr11	63551854	1.3620443637305255	69.9835
chr11	63613526	3.7072093390133505	70.0675
chr11	63626204	0.3677609166920299	70.1145
chr11	63652036	0.0	70.124
chr11	63668462	16.233766233771245	70.124
chr11	63670618	0.1276059528176282	70.159
chr11	63733311	2.091298657976584	70.167
chr11	63772282	6.093413445186911	70.2485
chr11	63789924	0.0	70.356
chr11	63802168	3.257328990228069	70.356
chr11	63872778	1.82075157964744	70.586
chr11	63932918	6.197772726529491	70.6955
chr11	63994069	60.185185185185475	71.0745
chr11	63995257	0.03423309313105008	71.146
chr11	64053680	2.175805047867665	71.148
chr11	64090448	4.157662955770153	71.228
chr11	64127007	0.0	71.38
chr11	64135393	5.164544799423688	71.38
chr11	64160371	4.227733934611209	71.509
chr11	64163919	0.0	71.524
chr11	64212091	2.082934303772962	71.524
chr11	64232975	0.6368375120881435	71.5675
chr11	64275372	1.114365766683539	71.5945
chr11	64291076	5.821139507994131	71.612
chr11	64316157	2.145460034068744	71.758
chr11	64362534	9.702642543233932	71.8575
chr11	64380055	1.5287247378236206	72.0275
chr11	64478176	0.07775243624302125	72.1775
chr11	64921892	2.971261568436086	72.212
chr11	64942422	1.2043281701623958	72.273
chr11	65050366	5.168739921676752	72.403
chr11	65085094	0.0	72.5825
chr11	65108231	2.337317397078568	72.5825
chr11	65145881	0.06229753301739976	72.6705
chr11	65169959	1.0127178520962403	72.672
chr11	65191189	0.5848637267519661	72.6935
chr11	65208287	0.597133757961806	72.7035
chr11	65218335	0.0	72.7095
chr11	65236123	2.287747839348948	72.7095
chr11	65253826	1.431235633430249	72.75
chr11	65276883	0.0	72.783
chr11	65289958	0.2863073509415853	72.783
chr11	65303929	0.0	72.787
chr11	65320621	0.0	72.787
chr11	65339357	0.0	72.787
chr11	65356021	0.0	72.787
chr11	65377465	0.0	72.787
chr11	65399100	0.33405712376738583	72.787
chr11	65411074	0.0	72.791
chr11	65434009	0.1651664051533937	72.791
chr11	65482445	3.550147256911699	72.799
chr11	65526246	6.251924853711209	72.9545
chr11	65542481	5.372045375043811	73.056
chr11	65562492	10.754229997132612	73.1635
chr11	65576440	0.8396507053065106	73.3135
chr11	65597282	0.20314880650028835	73.331
chr11	65616972	0.45984058859605154	73.335
chr11	65705046	42.72025552302342	73.3755
chr11	65708803	19.396798497721257	73.536
chr11	65752470	0.2639155470248484	74.383
chr11	65773310	2.9888078684080797	74.3885
chr11	65796898	3.045404208194834	74.459
chr11	65847466	0.11804981702250848	74.613
chr11	65864408	1.4564520827268095	74.615
chr11	65881573	0.0	74.64
chr11	65900030	0.5966587112170045	74.64
chr11	65923494	0.13422818792010402	74.654
chr11	65938394	3.362188312972409	74.656
chr11	66004125	0.9395820283583296	74.877
chr11	66039247	3.528235686143968	74.91
chr11	66090264	2.8952329652572506	75.09
chr11	66127394	1.3276686139138378	75.1975
chr11	66153756	1.7134154080467714	75.2325
chr11	66169514	1.8147879290675406	75.2595
chr11	66208086	22.204387372927794	75.3295
chr11	66217431	0.21258503401311	75.537
chr11	66226839	29.921517331588085	75.539
chr11	66229897	0.27835711140103897	75.6305
chr11	66350246	0.0	75.664
chr11	66350265	0.4311273981451474	75.664
chr11	66354904	0.0	75.666
chr11	66362909	0.5838734162436572	75.666
chr11	66380036	5.0332192470286845	75.676
chr11	66385003	1.0568930925771338	75.701
chr11	66412915	1.3643848506232117	75.7305
chr11	66434170	0.5416248746236071	75.7595
chr11	66459095	0.0	75.773
chr11	66474375	1.5870052277824291	75.773
chr11	66490443	3.4171159541343004	75.7985
chr11	66516781	3.3626862783048677	75.8885
chr11	66558117	16.819719671338078	76.0275
chr11	66568462	0.6586826347305639	76.2015
chr11	66618562	17.424536857106197	76.2345
chr11	66626281	7.142723758659842	76.369
chr11	66679832	0.07738141298497057	76.7515
chr11	66705678	0.0	76.7535
chr11	66709864	0.2607901942880869	76.7535
chr11	66725202	1.2445010419080333	76.7575
chr11	66742478	0.8259212198224416	76.779
chr11	66766088	0.0	76.7985
chr11	66789870	15.442423131557948	76.7985
chr11	66811693	1.49094307712865	77.1355
chr11	66834162	3.7151518754086665	77.169
chr11	66867808	3.915662650602615	77.294
chr11	66909308	1.5841835118174687	77.4565
chr11	66925089	2.079461994513629	77.4815
chr11	66936390	2.808843993197157	77.505
chr11	66955793	5.366279795332492	77.5595
chr11	66971819	8.06776024672574	77.6455
chr11	66994192	0.0	77.826
chr11	67044287	1.5815992227571203	77.826
chr11	67088546	0.08049153497357499	77.896
chr11	67163088	2.07950478769669	77.902
chr11	67183766	3.9747420646112523	77.945
chr11	67201503	0.44667783361146596	78.0155
chr11	67210458	1.4723713840299775	78.0195
chr11	67222004	4.011730854359834	78.0365
chr11	67240076	0.636334712058567	78.109
chr11	67268363	0.1769643037719942	78.127
chr11	67288141	0.21860312602419268	78.1305
chr11	67297290	0.3535158760773911	78.1325
chr11	67312848	0.09586808551410886	78.138
chr11	67333710	2.9468932221454036	78.14
chr11	67349659	8.583524294092657	78.187
chr11	67375406	1.4871671863752314	78.408
chr11	67396251	0.0	78.439
chr11	67396475	6.225125012757124	78.439
chr11	67406274	2.8110226159547893	78.5
chr11	67429753	1.6614315581097439	78.566
chr11	67528764	2.9103029700012493	78.7305
chr11	67568966	34.81159869747233	78.8475
chr11	67581864	0.0	79.2965
chr11	67588142	320.1438848920814	79.2965
chr11	67588281	0.0	79.341
chr11	67588690	0.0	79.341
chr11	67590036	30.501803870121577	79.341
chr11	67605281	0.0	79.806
chr11	67642199	2.529976019184805	79.806
chr11	67683899	0.13017019753297138	79.9115
chr11	67714628	0.0741674701479474	79.9155
chr11	67741594	1.1129660545327427	79.9175
chr11	67745188	1.019938145686843	79.9215
chr11	67775582	0.6406642406848876	79.9525
chr11	67814604	6.480154526761742	79.9775
chr11	67830653	6.892956441149199	80.0815
chr11	67847917	1.1733318433879814	80.2005
chr11	67919508	5.856611719804279	80.2845
chr11	67949901	0.2200946406949861	80.4625
chr11	67968075	2.9594492485941473	80.4665
chr11	67991897	0.10624169986695027	80.537
chr11	68010722	0.2844242187220666	80.539
chr11	68038849	0.8964415169347988	80.547
chr11	68064506	0.4265984109214407	80.57
chr11	68083259	5.768489454264865	80.578
chr11	68119577	2.0440458921275164	80.7875
chr11	68142326	0.12052549114109551	80.834
chr11	68158920	1.7456992318925546	80.836
chr11	68174673	0.0	80.8635
chr11	68176423	0.0	80.8635
chr11	68196508	0.0	80.8635
chr11	68200260	0.0	80.8635
chr11	68202576	0.07993924617272229	80.8635
chr11	68227595	1.8578727357198739	80.8655
chr11	68229748	8.337071930611065	80.8695
chr11	68243122	0.465161827351649	80.981
chr11	68263545	21.76946692715585	80.9905
chr11	68277877	1.8293026135576802	81.3025
chr11	68331176	13.04765828869645	81.4
chr11	68345738	19.835495096487858	81.59
chr11	68361543	0.40471658900490187	81.9035
chr11	68452965	0.15581177937015728	81.9405
chr11	68465801	5.644273127753518	81.9425
chr11	68487593	0.1884034284884107	82.0655
chr11	68707865	1.2479201331112466	82.107
chr11	68733107	1.8510315149983967	82.1385
chr11	68764711	3.0731763887276626	82.197
chr11	68781957	0.44923629829275535	82.25
chr11	68825364	0.0	82.2695
chr11	68906037	0.18020453214420368	82.2695
chr11	68928234	0.18503955220450982	82.2735
chr11	68949851	0.0	82.2775
chr11	68971416	0.05930846331757721	82.2775
chr11	69005138	0.6831119544592289	82.2795
chr11	69018313	1.341269175958198	82.2885
chr11	69030242	1.054814602924831	82.3045
chr11	69086176	15.571798247605372	82.3635
chr11	69108203	2.1349050425668956	82.7065
chr11	69146378	1.355105359441812	82.788
chr11	69220173	10.97885871433473	82.888
chr11	69266717	0.0	83.399
chr11	69280369	0.10900370612575423	83.399
chr11	69298717	0.2967359050444815	83.401
chr11	69357692	0.0	83.4185
chr11	69377172	0.36813429539114695	83.4185
chr11	69404336	3.4138891384418923	83.4285
chr11	69426598	0.41048094684273295	83.5045
chr11	69441215	0.7687778068570278	83.5105
chr11	69502351	1.8590904757358788	83.5575
chr11	69512840	0.0	83.577
chr11	69533866	0.19223375624714906	83.577
chr11	69544270	0.0	83.579
chr11	69572904	0.0	83.579
chr11	69585653	0.32169709002026703	83.579
chr11	69640052	1.7910521504975643	83.5965
chr11	69680531	0.16781339150884747	83.669
chr11	69704367	0.3717472118955727	83.673
chr11	69724542	0.12008646225339542	83.6805
chr11	69737033	0.26441036488662667	83.682
chr11	69752161	0.23130300693855113	83.686
chr11	69778101	0.0	83.692
chr11	69795360	0.8408071748881586	83.692
chr11	69825688	11.30999213217935	83.7175
chr11	69840940	14.170725108225486	83.89
chr11	69855724	0.0	84.0995
chr11	69872868	0.7653451706712769	84.0995
chr11	69885934	0.3063490847824836	84.1095
chr11	69898991	0.64615316058012	84.1135
chr11	69943872	2.035742595661878	84.1425
chr11	69971626	0.0	84.199
chr11	70005819	0.1131093767670704	84.199
chr11	70023501	0.2541231480776884	84.201
chr11	70062852	2.7117867237032294	84.211
chr11	70075943	0.0	84.2465
chr11	70096588	4.696531791907692	84.2465
chr11	70113196	9.91586538461515	84.3245
chr11	70124844	1.4984801130280683	84.44
chr11	70148201	0.5053950926139094	84.475
chr11	70187774	0.13415615776701115	84.495
chr11	70198955	3.178556214568972	84.4965
chr11	70259989	0.7377421307503644	84.6905
chr11	70286421	5.89414122362422	84.71
chr11	70303387	3.6327812326825626	84.81
chr11	70319628	0.32622879512802	84.869
chr11	70342618	0.0	84.8765
chr11	70410235	1.0303377218088543	84.8765
chr11	70436440	5.171724098520246	84.9035
chr11	70453939	0.8457374830851679	84.994
chr11	70474631	3.5495062716842747	85.0115
chr11	70493366	0.2858095555661519	85.078
chr11	70535352	0.726040658276891	85.09
chr11	70551880	4.089201654700134	85.102
chr11	70572911	0.12353998203049955	85.188
chr11	70617431	1.2333111467833713	85.1935
chr11	70642972	0.08032451102492268	85.225
chr11	70667871	0.9783590326787824	85.227
chr11	70727665	0.8108450525781445	85.2855
chr11	70767130	0.6423707764121694	85.3175
chr11	70790481	1.9991329062093164	85.3325
chr11	70811240	3.9123404746782784	85.374
chr11	70845874	0.7831512452750796	85.5095
chr11	70923126	6.625965164302384	85.57
chr11	70950971	0.4153686396677208	85.7545
chr11	70965416	2.7327466419644146	85.7605
chr11	70987006	40.90909090909065	85.8195
chr11	70998776	0.0	86.301
chr11	71012877	0.11192881327489404	86.301
chr11	71048614	0.0	86.305
chr11	71060569	0.0	86.305
chr11	71085698	0.1360266612252832	86.305
chr11	71100401	0.2540811789369808	86.307
chr11	71116144	8.109765445347177	86.311
chr11	71148759	0.07922570081734814	86.5755
chr11	71224492	2.1807132004647403	86.5815
chr11	71280437	0.27099726995329626	86.7035
chr11	71330253	5.034470246734374	86.717
chr11	71363325	0.7414766182907786	86.8835
chr11	71432781	1.0034069165073591	86.935
chr11	71454208	0.8158463931995967	86.9565
chr11	71480561	0.5914528767262016	86.978
chr11	71599759	0.10041168792023993	87.0485
chr11	71619677	1.119765098166116	87.0505
chr11	71659864	0.6849315068489805	87.0955
chr11	71679574	2.749961085456934	87.109
chr11	71698847	0.3031716417909458	87.162
chr11	71763167	0.7984858342694391	87.1815
chr11	71780074	0.2669870511283466	87.195
chr11	71795056	0.8131636850665188	87.199
chr11	71857774	1.5104796033169114	87.25
chr11	71905772	6.898956439441135	87.3225
chr11	71945923	0.43520921693975434	87.5995
chr11	72009111	0.0	87.627
chr11	72023210	0.4811456158663679	87.627
chr11	72084522	0.6065026598908295	87.6565
chr11	72210655	2.0367054610559485	87.733
chr11	72232995	2.5586417014228093	87.7785
chr11	72266802	3.073885018071099	87.865
chr11	72293641	2.9220511976293504	87.9475
chr11	72305790	0.0	87.983
chr11	72356006	1.8267384977397207	87.983
chr11	72388304	5.538078385108885	88.042
chr11	72403562	3.482376051967898	88.1265
chr11	72448359	1.1078112478196636	88.2825
chr11	72511998	0.5145574154888799	88.353
chr11	72588763	3.338065456777934	88.3925
chr11	72614826	2.192937927673741	88.4795
chr11	72664075	15.257848236104856	88.5875
chr11	72680034	109.48790449261746	88.831
chr11	72683217	0.12022843402465139	89.1795
chr11	72733122	0.0	89.1855
chr11	72740309	1.5082401412594473	89.1855
chr11	72767493	0.5439485721351358	89.2265
chr11	72807938	7.43227043874342	89.2485
chr11	72824622	0.47441143331528	89.3725
chr11	72841485	0.44033962605021776	89.3805
chr11	72885769	2.6768642447410698	89.4
chr11	72890999	1.0668563300142653	89.414
chr11	72902247	1.8999962376311954	89.426
chr11	72928826	2.1114369501467074	89.4765
chr11	72945876	3.910360908771906	89.5125
chr11	72994337	2.6536657615401684	89.702
chr11	73018643	0.6878525244191165	89.7665
chr11	73033181	13.858797161001469	89.7765
chr11	73046566	0.167343011337099	89.962
chr11	73070469	18.284934343672404	89.966
chr11	73091716	0.20035061357399894	90.3545
chr11	73111681	9.85464629357352	90.3585
chr11	73165412	1.1495904583985581	90.888
chr11	73179330	5.294869454080902	90.904
chr11	73195761	4.9760412827130525	90.991
chr11	73212039	0.0	91.072
chr11	73238088	2.5116531655878624	91.072
chr11	73260185	0.08083094208444161	91.1275
chr11	73284928	0.0	91.1295
chr11	73310954	7.606044179428315	91.1295
chr11	73340470	0.0	91.354
chr11	73360587	4.934322466480985	91.354
chr11	73375280	0.13904338153471488	91.4265
chr11	73389664	2.951398466376105	91.4285
chr11	73407791	1.7102562753248889	91.482
chr11	73445797	1.1577633459361136	91.547
chr11	73611634	0.3996802557944322	91.739
chr11	73616638	1.3022828251879126	91.741
chr11	73642746	1.4166216945492733	91.775
chr11	73731690	2.1290117572293386	91.901
chr11	73747425	1.0938079347422598	91.9345
chr11	73774395	0.09876543209853525	91.964
chr11	73794645	1.1565619673727645	91.966
chr11	73835715	0.04833252779143426	92.0135
chr11	73877095	0.14625228519161526	92.0155
chr11	73904445	10.105227993987752	92.0195
chr11	73916419	10.14871382636647	92.1405
chr11	73941299	0.05339313364288907	92.393
chr11	73978757	0.09025270758165838	92.395
chr11	74000917	1.8621973929234883	92.397
chr11	74021323	3.744423199489886	92.435
chr11	74027599	1.4296369965189044	92.4585
chr11	74059775	0.6447255311312027	92.5045
chr11	74108633	3.4801522566608454	92.536
chr11	74127023	1.0157440325040663	92.6
chr11	74148682	2.199055220719839	92.622
chr11	74179377	1.2050646661461344	92.6895
chr11	74208836	0.8140911782121659	92.725
chr11	74235860	0.0428022642398306	92.747
chr11	74329313	2.8530985977792427	92.751
chr11	74351920	0.0	92.8155
chr11	74383838	4.875433939146481	92.8155
chr11	74403426	0.441860465116406	92.911
chr11	74424926	0.9756097560970203	92.9205
chr11	74441326	0.613008030405512	92.9365
chr11	74457639	5.0746805830485995	92.9465
chr11	74485424	1.9624604750348946	93.0875
chr11	74594216	0.12510686211139155	93.301
chr11	74642175	3.9061195873536683	93.307
chr11	74672128	2.3101916713860065	93.424
chr11	74705675	0.6785795068989173	93.5015
chr11	74714517	4.36018957346033	93.5075
chr11	74725067	2.6944122036145632	93.5535
chr11	74737129	2.0612920385365294	93.586
chr11	74804805	0.4268750161697082	93.7255
chr11	74843458	2.031415780348087	93.742
chr11	74882101	0.0	93.8205
chr11	74903774	7.38169340036718	93.8205
chr11	74916305	0.03413493539979775	93.913
chr11	74974896	0.0	93.915
chr11	74999586	0.0	93.915
chr11	75078574	0.2011756200295255	93.915
chr11	75237639	0.2589210055549308	93.947
chr11	75322607	0.0	93.969
chr11	75359558	1.6245290230983425	93.969
chr11	75432810	0.1871374212463423	94.088
chr11	75464872	0.403290853363652	94.094
chr11	75489668	0.10670650376115558	94.104
chr11	75508411	1.8721314115471805	94.106
chr11	75533249	6.754624076762787	94.1525
chr11	75596613	0.4397215097105333	94.5805
chr11	75610258	0.1590583744236078	94.5865
chr11	75635406	0.0	94.5905
chr11	75648641	5.449216961260178	94.5905
chr11	75670479	8.61420537984875	94.7095
chr11	75726317	0.19440124416778587	95.1905
chr11	75739177	0.16959213092472983	95.193
chr11	75750970	3.7647186893337854	95.195
chr11	75806087	0.018618229480832357	95.4025
chr11	75940364	0.0	95.405
chr11	75962984	12.701100762065954	95.405
chr11	75987785	0.21302190366392545	95.72
chr11	76027687	2.1414175344307163	95.7285
chr11	76051503	1.5608485116634656	95.7795
chr11	76092186	2.200480235100184	95.843
chr11	76231701	16.99667414339838	96.15
chr11	76257559	0.2925315425314933	96.5895
chr11	76296871	0.21063717746133112	96.601
chr11	76306366	0.0	96.603
chr11	76337418	0.16122791177685653	96.603
chr11	76352924	0.9064539521389794	96.6055
chr11	76377746	0.04333469115361673	96.628
chr11	76493127	3.182120920594928	96.633
chr11	76520153	0.3207786314490215	96.719
chr11	76584060	0.09079353550006078	96.7395
chr11	76606088	0.24007255526102836	96.7415
chr11	76662321	0.3501400560224222	96.755
chr11	76722297	0.6343686856824218	96.776
chr11	76743578	0.7873493676341301	96.7895
chr11	76803907	0.9349645030425567	96.837
chr11	76835459	2.149245453074889	96.8665
chr11	76878730	0.38966099493442186	96.9595
chr11	76901827	3.1492315874925723	96.9685
chr11	76937550	0.481783379775595	97.081
chr11	76975949	0.4277319050806393	97.0995
chr11	77002835	0.6584229966275384	97.111
chr11	77033970	1.1998529212547677	97.1315
chr11	77085643	1.1731302174541818	97.1935
chr11	77144460	2.1157781554574187	97.2625
chr11	77173291	0.3152088258486288	97.3235
chr11	77179636	0.14147829094202738	97.3255
chr11	77211443	0.0	97.33
chr11	77241741	0.217054014293417	97.33
chr11	77366134	0.48820726923783037	97.357
chr11	77425535	1.0984840919532408	97.386
chr11	77475604	0.6719913985100336	97.441
chr11	77501646	0.22031478576595243	97.4585
chr11	77558383	4.846929683880242	97.471
chr11	77586442	0.8971291866029047	97.607
chr11	77609850	0.0	97.628
chr11	77641338	0.6074842054101067	97.628
chr11	77653684	0.0	97.6355
chr11	77661682	0.0	97.6355
chr11	77675895	1.701837985023985	97.6355
chr11	77700868	0.22019502988376854	97.678
chr11	77748553	0.3273007316133213	97.6885
chr11	77774523	1.9526078898595942	97.697
chr11	77804739	0.040094301797792026	97.756
chr11	77867092	0.0	97.7585
chr11	77869056	0.0	97.7585
chr11	77953491	0.27605865283381503	97.7585
chr11	78031373	1.5057802532299684	97.78
chr11	78062254	0.47692547822624326	97.8265
chr11	78119915	0.11472494693971638	97.854
chr11	78172214	0.6665777896280748	97.86
chr11	78194717	0.22316740180628947	97.875
chr11	78232805	0.28409090909091983	97.8835
chr11	78243365	0.0	97.8865
chr11	78247677	4.2606911787913875	97.8865
chr11	78260351	0.4283266704738466	97.9405
chr11	78298873	0.7259422730706105	97.957
chr11	78316092	0.2620297425235915	97.9695
chr11	78432491	0.2706255315857843	98.0
chr11	78484223	0.0	98.014
chr11	78514806	0.0	98.014
chr11	78538289	0.0	98.014
chr11	78559901	0.14114895247323214	98.014
chr11	78659087	0.5744191983652113	98.028
chr11	78666921	0.37442850386263316	98.0325
chr11	78692293	0.0	98.042
chr11	78751363	0.15685454355303655	98.042
chr11	78780052	0.0	98.0465
chr11	78818688	0.0	98.0465
chr11	78818926	0.0	98.0465
chr11	78901653	0.047961170636345585	98.0465
chr11	79005904	0.0	98.0515
chr11	79036960	0.0	98.0515
chr11	79072521	0.0	98.0515
