Chromosome	Position(bp)	Rate(cM/Mb)	Map(cM)
chr7	171359	0.17450484250937964	0.0
chr7	217203	0.28781001249917765	0.008
chr7	338811	25.17108003570366	0.043
chr7	355616	0.1818073026700355	0.466
chr7	572879	0.05706893927864937	0.5055
chr7	651731	1.7728210417741102	0.51
chr7	713779	0.998297022725939	0.62
chr7	730808	0.5308883771316241	0.637
chr7	870197	1.4885575230402814	0.711
chr7	908825	6.3392369509245565	0.7685
chr7	934459	0.2553571808567212	0.931
chr7	981452	10.925738681047074	0.943
chr7	999254	1.224439818782908	1.1375
chr7	1031922	0.0	1.1775
chr7	1065162	0.0	1.1775
chr7	1072184	0.0	1.1775
chr7	1132634	0.0	1.1775
chr7	1148168	0.0	1.1775
chr7	1183066	0.0	1.1775
chr7	1213416	1.3745704467353965	1.1775
chr7	1236696	0.0	1.2095
chr7	1439965	0.0	1.2095
chr7	1470740	0.0	1.2095
chr7	1505221	3.506639236955303	1.2095
chr7	1569385	0.18487022110478052	1.4345
chr7	1582908	1.9858680090518603	1.437
chr7	1604561	0.0	1.48
chr7	1613539	0.2879493209195184	1.48
chr7	1842746	0.0	1.546
chr7	1901293	8.577593011629745	1.546
chr7	1920296	0.0	1.709
chr7	1927839	0.0	1.709
chr7	1944164	6.376006269145823	1.709
chr7	1958201	0.0	1.7985
chr7	1973238	0.12266928361138109	1.7985
chr7	1993618	3.2690076979858724	1.801
chr7	2012584	2.5596547639194482	1.863
chr7	2083492	0.0	2.0445
chr7	2107720	2.2444065181305883	2.0445
chr7	2150493	0.0	2.1405
chr7	2192688	0.0	2.1405
chr7	2203524	0.22353361945636147	2.1405
chr7	2214708	0.6427194172677316	2.143
chr7	2256717	3.4049977487618315	2.17
chr7	2274485	0.080650364539646	2.2305
chr7	2305483	0.055362810954456956	2.233
chr7	2359671	0.4926549623790744	2.236
chr7	2426655	0.578850769447973	2.269
chr7	2497485	0.0	2.31
chr7	2532659	0.0	2.31
chr7	2553478	1.4885073386873493	2.31
chr7	2582366	1.100079755782283	2.353
chr7	2618727	1.2295081967213248	2.393
chr7	2645567	0.2779594506213123	2.426
chr7	2676147	0.0	2.4345
chr7	2688945	0.8930047957665003	2.4345
chr7	2749415	1.4601714924816611	2.4885
chr7	2781603	3.0701516057164713	2.5355
chr7	2800006	0.3220329059078436	2.592
chr7	2817085	0.07779437391087711	2.5975
chr7	2849221	1.1976944382064536	2.6
chr7	2875939	0.0	2.632
chr7	2898242	0.0	2.632
chr7	2916971	0.0	2.632
chr7	2954492	0.0	2.632
chr7	3005156	0.0	2.632
chr7	3013914	0.0	2.632
chr7	3033395	1.9541631491729983	2.632
chr7	3065378	7.680491551459285	2.6945
chr7	3088163	0.0	2.8695
chr7	3104892	10.723328203346075	2.8695
chr7	3145178	3.50239372232821	3.3015
chr7	3422988	0.0	4.2745
chr7	3482484	0.0	4.2745
chr7	3491343	1.2529808819368895	4.2745
chr7	3516084	2.100161550888514	4.3055
chr7	3540844	16.428392274893433	4.3575
chr7	3552805	5.788475785085565	4.554
chr7	3632446	0.5696257996669836	5.015
chr7	3655268	9.981807736499464	5.028
chr7	3676156	1.404544323151848	5.2365
chr7	3704279	0.3541355158574149	5.276
chr7	3716986	6.8228872576698665	5.2805
chr7	3759490	2.6765772898620908	5.5705
chr7	3844113	0.15587249629808028	5.797
chr7	3856944	5.607648464791317	5.799
chr7	3862383	0.0	5.8295
chr7	3874365	0.0	5.8295
chr7	3893815	37.19629289471487	5.8295
chr7	3905792	0.14302059496567396	6.275
chr7	3951240	3.324171742683113	6.2815
chr7	3978164	0.0	6.371
chr7	3989324	8.175129439549448	6.371
chr7	4022351	0.4065591543569503	6.641
chr7	4059246	5.854951066284904	6.656
chr7	4082645	1.9493008507615275	6.793
chr7	4313497	3.6972760884327687	7.243
chr7	4326750	9.936245252306058	7.292
chr7	4341494	4.417641236206321	7.4385
chr7	4368771	3.0841021240077295	7.559
chr7	4406059	26.307577081512864	7.674
chr7	4422081	1.6841049161530777	8.0955
chr7	4519759	0.0	8.26
chr7	4568723	0.046991377082321095	8.26
chr7	4611284	0.0	8.262
chr7	4645765	0.0	8.262
chr7	4667522	8.570018396374522	8.262
chr7	4689809	1.0626035588214295	8.453
chr7	4717571	12.95387000904509	8.4825
chr7	4733049	0.0	8.683
chr7	4736678	2.968706342553816	8.683
chr7	4765310	0.0	8.768
chr7	4779335	0.0	8.768
chr7	4794544	0.2269323287795531	8.768
chr7	4838610	8.654828819621896	8.778
chr7	4854266	3.8070136906068965	8.9135
chr7	4867925	1.0386417110032322	8.9655
chr7	4915102	0.13065917554064596	9.0145
chr7	4930409	18.725316628081067	9.0165
chr7	4937752	4.478108872981523	9.154
chr7	4997822	1.705226288137111	9.423
chr7	5008671	1.844008997142821	9.4415
chr7	5058020	2.569842971558306	9.5325
chr7	5089734	18.681691095484155	9.614
chr7	5101537	4.179782238505574	9.8345
chr7	5140295	21.51852858566646	9.9965
chr7	5151332	5.996015550956471	10.234
chr7	5203033	0.0	10.544
chr7	5217697	0.26508972267532876	10.544
chr7	5242217	0.19135093761965824	10.5505
chr7	5263121	1.170604153364319	10.5545
chr7	5296010	1.3067340360658315	10.593
chr7	5318968	1.2630035038161713	10.623
chr7	5355785	1.3139371187237094	10.6695
chr7	5366440	0.35180299032522283	10.6835
chr7	5372125	0.9129640900791581	10.6855
chr7	5390198	0.10014201959141357	10.702
chr7	5445120	5.1979017644254535	10.7075
chr7	5455605	6.30964339527877	10.762
chr7	5471533	6.441581519324726	10.8625
chr7	5482788	9.149336826592418	10.935
chr7	5507216	26.97224820704709	11.1585
chr7	5513630	3.996292280247654	11.3315
chr7	5570808	6.858027763951041	11.56
chr7	5588889	7.0105681699278195	11.684
chr7	5608003	3.815337657382767	11.818
chr7	5618487	0.6219734328490536	11.858
chr7	5640996	1.9510300699041918	11.872
chr7	5695070	7.781172426962013	11.9775
chr7	5705544	8.454570409003612	12.059
chr7	5741974	1.7603567656377983	12.367
chr7	5759016	0.22315089057490226	12.397
chr7	5783663	0.7576361751336591	12.4025
chr7	5796202	0.5062329937353109	12.412
chr7	5812005	0.12857808707952387	12.42
chr7	5874224	2.0865722935929294	12.428
chr7	5886445	0.9020182658698512	12.4535
chr7	5913052	4.494291035711421	12.4775
chr7	5937750	3.941518234636282	12.5885
chr7	5974411	2.45898878296893	12.733
chr7	6004098	0.12436264146254619	12.806
chr7	6036262	0.26842034626223416	12.81
chr7	6088419	1.4518332953769622	12.824
chr7	6105983	0.6318180364054918	12.8495
chr7	6168501	5.06109094627065	12.889
chr7	6207623	0.17844396859392112	13.087
chr7	6218831	26.924677486475176	13.089
chr7	6230846	1.7854809911597078	13.4125
chr7	6253809	0.0	13.4535
chr7	6268239	7.261869654969005	13.4535
chr7	6281803	0.2905604184070028	13.552
chr7	6336869	1.311718014260779	13.568
chr7	6351735	1.406114796654093	13.5875
chr7	6365603	0.6286836935167698	13.607
chr7	6378328	1.4115308151093033	13.615
chr7	6403478	2.902063335140513	13.6505
chr7	6434835	0.3655821064176317	13.7415
chr7	6495013	6.244175209692467	13.7635
chr7	6505743	0.05061753391371967	13.8305
chr7	6545255	0.0	13.8325
chr7	6557685	1.3293339695957964	13.8325
chr7	6572354	6.053092182030222	13.852
chr7	6579210	0.5502567865003877	13.8935
chr7	6644634	2.635801054320386	13.9295
chr7	6675175	2.198191809962751	14.01
chr7	6703380	11.860285832888636	14.072
chr7	6720243	6.0250840232805345	14.272
chr7	6732442	2.883300636109637	14.3455
chr7	6799726	0.0	14.5395
chr7	6826487	9.729612671699012	14.5395
chr7	6858811	13.533866041919467	14.854
chr7	6882714	4.810802069857688	15.1775
chr7	6895082	0.060166661652798284	15.237
chr7	6928323	4.286387187941476	15.239
chr7	6938938	8.339607343487584	15.2845
chr7	6956205	0.0	15.4285
chr7	6960057	2.6028547439126974	15.4285
chr7	7019607	7.043149900292698	15.5835
chr7	7043176	6.8126595515640105	15.7495
chr7	7075689	6.466416353775551	15.971
chr7	7104453	5.305131761442396	16.157
chr7	7118873	8.102766798419045	16.2335
chr7	7149233	4.430962200483964	16.4795
chr7	7178572	6.603984777255467	16.6095
chr7	7200907	9.315512353179402	16.757
chr7	7235473	1.7488076311605634	17.079
chr7	7282648	8.191020786646943	17.1615
chr7	7295589	10.972461273666102	17.2675
chr7	7330449	0.7892971309050526	17.65
chr7	7355788	6.186948297603896	17.67
chr7	7368476	6.555247874139199	17.7485
chr7	7409283	4.023470243084714	18.016
chr7	7445073	3.8434163701069077	18.16
chr7	7452098	4.864979200451229	18.187
chr7	7523013	31.320126905517288	18.532
chr7	7548859	11.120395963232102	19.3415
chr7	7564416	6.830627716173225	19.5145
chr7	7615729	20.842149809564212	19.865
chr7	7634633	2.9232391782832283	20.259
chr7	7678249	0.3662332906060432	20.3865
chr7	7705554	0.0	20.3965
chr7	7712565	1.8972820331803415	20.3965
chr7	7723897	2.5858945218566323	20.418
chr7	7754254	8.863525983487177	20.4965
chr7	7766608	3.4464819872544576	20.606
chr7	7797364	7.109729371591751	20.712
chr7	7816985	4.162493740610778	20.8515
chr7	7832961	0.6209251785160124	20.918
chr7	7842624	0.4649721016739172	20.924
chr7	7855528	6.49414062500013	20.93
chr7	7865768	5.093890345721448	20.9965
chr7	7898945	10.907103825136508	21.1655
chr7	7921820	0.19582884558919458	21.415
chr7	7932033	1.0163073239096465	21.417
chr7	8039776	1.1970723031672377	21.5265
chr7	8054395	0.12802223929181566	21.544
chr7	8081734	0.0	21.5475
chr7	8091615	1.6112531969309165	21.5475
chr7	8130715	0.0	21.6105
chr7	8145917	0.0	21.6105
chr7	8153426	0.19749686826396695	21.6105
chr7	8242035	0.0	21.628
chr7	8252549	0.0726946702690942	21.628
chr7	8417623	2.319462715502325	21.64
chr7	8432066	4.580315296122631	21.6735
chr7	8455536	0.6181530959167788	21.781
chr7	8484655	2.400016340536781	21.799
chr7	8533613	4.273504273504243	21.9165
chr7	8558300	2.8207127459524175	22.022
chr7	8601906	10.301654456024556	22.145
chr7	8630979	0.0	22.4445
chr7	8646576	3.7392089941778095	22.4445
chr7	8686424	1.580867450344608	22.5935
chr7	8711094	18.020361150330665	22.6325
chr7	8724551	7.892417129620171	22.875
chr7	8773332	2.332180199790054	23.26
chr7	8799059	9.938749566624121	23.32
chr7	8807712	4.254174470967995	23.406
chr7	8857898	6.737804878048784	23.6195
chr7	8890698	6.8573139691571425	23.8405
chr7	8924093	7.90513833992091	24.0695
chr7	8948634	0.30113679138732086	24.2635
chr7	8961917	9.818156675655205	24.2675
chr7	8990843	4.779950047368903	24.5515
chr7	9014065	3.2530588463779457	24.6625
chr7	9024363	7.333137456539795	24.696
chr7	9065205	17.188615729878777	24.9955
chr7	9075008	20.38408599331454	25.164
chr7	9090265	10.86723664478937	25.475
chr7	9141612	21.449412506899968	26.033
chr7	9154293	1.358030733091905	26.305
chr7	9358633	18.76574307304797	26.5825
chr7	9362603	0.5687447253513156	26.657
chr7	9389856	22.608695652173903	26.6725
chr7	9411706	4.412893323100648	27.1665
chr7	9432554	3.178095587336487	27.2585
chr7	9457097	2.0351739497734744	27.3365
chr7	9483139	0.44879404696410813	27.3895
chr7	9517676	17.840448737924525	27.405
chr7	9530512	2.463424159581841	27.634
chr7	9563799	0.992738824597135	27.716
chr7	9581427	1.6043199248708864	27.7335
chr7	9632539	6.283362989323818	27.8155
chr7	9641531	4.322893692104057	27.872
chr7	9652866	5.764755658980419	27.921
chr7	9671774	10.027201450743977	28.03
chr7	9690523	4.490834406228914	28.218
chr7	9723145	7.007341023929842	28.3645
chr7	9765101	7.87225246330877	28.6585
chr7	9794127	9.745762711864367	28.887
chr7	9831887	10.403313282713663	29.255
chr7	9842028	9.572317063806974	29.3605
chr7	9881099	3.545310015898235	29.7345
chr7	9912549	0.7639203259393681	29.846
chr7	9947893	0.28815675727591217	29.873
chr7	10010359	0.1529137010676544	29.891
chr7	10046327	0.8855744581682375	29.8965
chr7	10110692	1.5410220057943742	29.9535
chr7	10126915	0.0	29.9785
chr7	10140852	3.858077071029361	29.9785
chr7	10185045	1.3941471400797434	30.149
chr7	10224137	0.8491804122385233	30.2035
chr7	10262998	4.03786036818355	30.2365
chr7	10274514	0.13417415805708383	30.283
chr7	10289420	1.5161757605021389	30.285
chr7	10341195	3.502805645298471	30.3635
chr7	10370600	4.126237871361387	30.4665
chr7	10390594	2.2123893805309645	30.549
chr7	10416132	138.70967741935246	30.6055
chr7	10416287	0.7999501329787784	30.627
chr7	10464415	1.448661659497598	30.6655
chr7	10509284	0.7429624941526382	30.7305
chr7	10545625	23.635985006247058	30.7575
chr7	10550427	0.3128199294734042	30.871
chr7	10568009	1.8937080024434214	30.8765
chr7	10584379	0.35637918745588815	30.9075
chr7	10589991	2.9895366218235973	30.9095
chr7	10678968	2.4259476704256064	31.1755
chr7	10724105	1.3226699477083748	31.285
chr7	10756615	10.335248781284898	31.328
chr7	10793334	11.42516005517021	31.7075
chr7	10841911	0.0	32.2625
chr7	10857509	2.3096283109786975	32.2625
chr7	10922671	18.33054693097696	32.413
chr7	10939419	3.1352733471325696	32.72
chr7	10988697	5.194593271505957	32.8745
chr7	11025466	0.18126340593940446	33.0655
chr7	11058567	2.3461401302577	33.0715
chr7	11111846	0.29404351844093934	33.1965
chr7	11123749	2.6937691947321016	33.2
chr7	11162171	3.39219794472702	33.3035
chr7	11182217	0.5665582816043537	33.3715
chr7	11202515	3.8796279241111282	33.383
chr7	11245947	8.657698912421452	33.5515
chr7	11273899	11.667163141693944	33.7935
chr7	11304112	6.641079822329395	34.146
chr7	11327301	4.12932288489517	34.3
chr7	11369923	8.828649589654413	34.476
chr7	11390028	7.76112967554119	34.6535
chr7	11399305	1.408312317820272	34.7255
chr7	11429838	1.5520339813754576	34.7685
chr7	11478806	0.6454836963312771	34.8445
chr7	11502819	1.9656479618103426	34.86
chr7	11545553	2.19932633247468	34.944
chr7	11596023	1.851732230906671	35.055
chr7	11642466	0.0	35.141
chr7	11659041	1.538767000893771	35.141
chr7	11669114	0.6875716220439889	35.1565
chr7	11717109	4.067839038738312	35.1895
chr7	11781025	15.132123767221298	35.4495
chr7	11794308	1.497489502892267	35.6505
chr7	11828365	0.4912797838366228	35.7015
chr7	11844649	1.7021133169301137	35.7095
chr7	11874318	6.008708272859444	35.76
chr7	11891543	0.7908720919899642	35.8635
chr7	11947810	7.835292156372231	35.908
chr7	11971804	1.6809116809120144	36.096
chr7	11989354	1.5877617171544125	36.1255
chr7	12065247	0.3311353623772083	36.246
chr7	12099976	0.05633168093742801	36.2575
chr7	12135480	5.733177100770022	36.2595
chr7	12147428	0.8647681526761999	36.328
chr7	12180963	4.425196256038726	36.357
chr7	12233955	3.7350724146691645	36.5915
chr7	12292990	11.794417829618906	36.812
chr7	12312194	10.122325167331669	37.0385
chr7	12342523	4.902048006263251	37.3455
chr7	12398724	1.4003294892915534	37.621
chr7	12447284	2.888094756478603	37.689
chr7	12491777	10.139915107687298	37.8175
chr7	12504499	14.751507346484953	37.9465
chr7	12521582	2.5093267010126032	38.1985
chr7	12566614	7.236196592632246	38.3115
chr7	12611458	1.1816442310919792	38.636
chr7	12760403	0.6594566077552347	38.812
chr7	12771776	0.09545628102337717	38.8195
chr7	12829394	0.0	38.825
chr7	12845781	0.43012320478236854	38.825
chr7	12914366	2.6565100499295355	38.8545
chr7	12929988	3.674992822279647	38.896
chr7	12947403	0.3470183118893944	38.96
chr7	13003596	0.15926102882587506	38.9795
chr7	13016154	5.4444624352332704	38.9815
chr7	13040858	0.08997863007530724	39.116
chr7	13085313	8.307692307692623	39.12
chr7	13103188	0.3186235462798935	39.2685
chr7	13115742	3.6631164193806494	39.2725
chr7	13148228	1.0349288486420014	39.3915
chr7	13155958	5.157322433870562	39.3995
chr7	13207826	3.601898226656688	39.667
chr7	13283897	0.07237086969098457	39.941
chr7	13332259	0.6326579642829161	39.9445
chr7	13394694	0.9660902328275538	39.984
chr7	13405045	0.2859103385179871	39.994
chr7	13422533	1.5729977604776981	39.999
chr7	13441287	0.0	40.0285
chr7	13478045	1.2002573747772	40.0285
chr7	13518453	0.4392019073912316	40.077
chr7	13550329	0.9106638739639387	40.091
chr7	13572291	0.14857235473679442	40.111
chr7	13646329	1.1412268188302856	40.122
chr7	13656844	2.569625514869737	40.134
chr7	13683307	4.62580213377425	40.202
chr7	13734109	0.0	40.437
chr7	13771169	6.443452380952484	40.437
chr7	13804769	0.8692396159297885	40.6535
chr7	13916936	0.1193317422435826	40.751
chr7	13950456	3.921995860115243	40.755
chr7	13968814	0.0	40.827
chr7	13981459	0.32827647864105447	40.827
chr7	14053045	1.3008758371974922	40.8505
chr7	14091865	0.506938723781482	40.901
chr7	14107646	0.26795284030011735	40.909
chr7	14152430	0.16017940092895175	40.921
chr7	14177402	0.26338315664745426	40.925
chr7	14192589	0.0	40.929
chr7	14209911	0.08046464676016912	40.929
chr7	14278264	0.0	40.9345
chr7	14308273	1.6252390057361992	40.9345
chr7	14323963	0.591296121097412	40.96
chr7	14366243	0.0931156496368525	40.985
chr7	14430679	0.0	40.991
chr7	14454999	2.9651979399678594	40.991
chr7	14474222	0.6803433117019307	41.048
chr7	14502884	0.5789168991103458	41.0675
chr7	14521885	0.0	41.0785
chr7	14529297	0.41752408219268433	41.0785
chr7	14562828	3.224211458826947	41.0925
chr7	14611367	0.0	41.249
chr7	14648102	0.0	41.249
chr7	14660129	1.605009735304888	41.249
chr7	14717138	0.4947127574053968	41.3405
chr7	14733309	2.8251315980100986	41.3485
chr7	14754016	0.15527950310564193	41.407
chr7	14805536	0.2052304444706521	41.415
chr7	14822590	0.0	41.4185
chr7	14838957	0.9135970453882213	41.4185
chr7	14890402	0.0	41.4655
chr7	14946441	0.4796811964971155	41.4655
chr7	14987093	0.5658989304509089	41.485
chr7	15004764	0.08334722453752477	41.495
chr7	15028760	0.26251489267175787	41.497
chr7	15078281	0.5795141739508599	41.51
chr7	15098988	0.580072285931038	41.522
chr7	15166221	0.2291125706430513	41.561
chr7	15192409	0.7399011366140399	41.567
chr7	15224170	3.816971558907077	41.5905
chr7	15245653	2.954454919665338	41.6725
chr7	15260715	19.375926674754105	41.717
chr7	15275553	0.14035087719295455	42.0045
chr7	15346803	1.212751212751464	42.0145
chr7	15358347	0.6098387315354614	42.0285
chr7	15373105	3.371369294605739	42.0375
chr7	15432873	4.276904714541467	42.239
chr7	15488170	0.3865717192269676	42.4755
chr7	15512745	1.4795437001458662	42.485
chr7	15582699	0.4300994838805471	42.5885
chr7	15609437	0.7417373904643493	42.6
chr7	15667409	0.45373965895652707	42.643
chr7	15714793	0.0	42.6645
chr7	15725657	0.8872398773996142	42.6645
chr7	15762851	2.4862268682017508	42.6975
chr7	15798246	1.040615539858768	42.7855
chr7	15829958	3.135653180677949	42.8185
chr7	15892146	0.07928013636193143	43.0135
chr7	15917373	0.15858227446618364	43.0155
chr7	15967820	0.03839655966830065	43.0235
chr7	16019908	1.1547837988110443	43.0255
chr7	16043289	3.0003981571013956	43.0525
chr7	16078451	0.10508617065969625	43.158
chr7	16097483	1.6001732518409184	43.16
chr7	16139041	0.43745766538710346	43.2265
chr7	16174473	0.0	43.242
chr7	16215918	4.062782137648602	43.242
chr7	16230317	1.7184511765846509	43.3005
chr7	16266396	3.828282533095655	43.3625
chr7	16300615	1.3734658094684762	43.4935
chr7	16317725	0.6764106361002008	43.517
chr7	16427126	7.273405445728819	43.591
chr7	16437850	4.619170566403226	43.669
chr7	16487426	18.82464604919715	43.898
chr7	16500069	0.4127304411629052	44.136
chr7	16576390	0.06764984440544054	44.1675
chr7	16605954	0.0	44.1695
chr7	16619553	0.26399852160822646	44.1695
chr7	16657432	10.212917685411838	44.1795
chr7	16677064	3.6773980710639296	44.38
chr7	16728595	2.700918312226259	44.5695
chr7	16745256	0.4427717511622926	44.6145
chr7	16758807	2.457709680276262	44.6205
chr7	16803971	0.7135117993710796	44.7315
chr7	16841812	8.885926913251739	44.7585
chr7	16850815	0.7659073055771262	44.8385
chr7	16876275	0.0	44.858
chr7	16888940	2.465800951625846	44.858
chr7	16929292	11.704681872749068	44.9575
chr7	16944286	23.91480183337828	45.133
chr7	16962831	3.840015958507789	45.5765
chr7	17033013	3.7679226408805153	45.846
chr7	17063003	4.127075535080071	45.959
chr7	17094260	17.65482345176537	46.088
chr7	17112442	2.9330412667768333	46.409
chr7	17166311	3.393934582407242	46.567
chr7	17191503	1.198498484916948	46.6525
chr7	17235725	1.8569281103544981	46.7055
chr7	17280961	0.0	46.7895
chr7	17305644	1.2867341856220285	46.7895
chr7	17317690	0.4138457946900558	46.805
chr7	17364809	2.592650569404772	46.8245
chr7	17415915	6.282809077005788	46.957
chr7	17440108	0.48885412592872557	47.109
chr7	17460564	0.35023089295907517	47.119
chr7	17499110	1.5939682218399551	47.1325
chr7	17518872	0.05683755825836475	47.164
chr7	17554060	10.864522115682258	47.166
chr7	17566992	0.670827743102028	47.3065
chr7	17584135	3.5796471490667696	47.318
chr7	17654533	14.426460239268252	47.57
chr7	17665901	0.06883023023712274	47.734
chr7	17753072	0.7050146426118348	47.74
chr7	17780731	0.0815394651009189	47.7595
chr7	17805259	5.892199531302375	47.7615
chr7	17835129	0.43343886627461437	47.9375
chr7	17861661	0.0	47.949
chr7	17908536	1.3138312715096216	47.949
chr7	17951540	0.0	48.0055
chr7	17964972	0.4954394166518646	48.0055
chr7	18043690	0.7198539223260749	48.0445
chr7	18100646	0.0	48.0855
chr7	18141828	0.5724566568530682	48.0855
chr7	18172398	0.0	48.103
chr7	18210546	0.08724861492803468	48.103
chr7	18233469	1.5871939225395704	48.105
chr7	18307184	0.5444762352137543	48.222
chr7	18354018	0.6116207951070347	48.2475
chr7	18568203	0.13575658843685734	48.3785
chr7	18627132	0.0	48.3865
chr7	18645244	0.7075805462522086	48.3865
chr7	18666443	0.0	48.4015
chr7	18708915	4.498106060606231	48.4015
chr7	18721587	2.483150053209612	48.4585
chr7	18727225	0.0	48.4725
chr7	18751364	0.0	48.4725
chr7	18814544	0.0	48.4725
chr7	18850047	0.0	48.4725
chr7	18854352	0.30420674469812253	48.4725
chr7	18923384	0.0	48.4935
chr7	18948675	0.1871470650458945	48.4935
chr7	19010124	1.5238796972334714	48.505
chr7	19039982	3.6815036815036457	48.5505
chr7	19067009	0.19982238010657952	48.65
chr7	19112049	0.0	48.659
chr7	19138092	4.759590067646928	48.659
chr7	19162779	0.0	48.7765
chr7	19185167	0.09060433088712713	48.7765
chr7	19207241	0.635503459963306	48.7785
chr7	19228484	2.267916540671082	48.792
chr7	19251633	0.8552810209069018	48.8445
chr7	19288463	0.0	48.876
chr7	19326113	0.5407893222875533	48.876
chr7	19369568	2.566546894478008	48.8995
chr7	19396842	1.573517779909559	48.9695
chr7	19456263	0.49991490810071737	49.063
chr7	19503271	0.052648204696221855	49.0865
chr7	19531762	1.6173177407315866	49.088
chr7	19567933	4.44586712192346	49.1465
chr7	19581991	1.2842337902816134	49.209
chr7	19615474	2.4368835608527766	49.252
chr7	19658767	6.618766839782863	49.3575
chr7	19684376	3.189532399715218	49.527
chr7	19718080	2.2078892926061595	49.6345
chr7	19833122	0.84696544380981	49.8885
chr7	19853784	0.9508547008546863	49.906
chr7	19900584	1.2082215260118647	49.9505
chr7	19971763	4.509530450953436	50.0365
chr7	19982518	1.672360315032623	50.085
chr7	20052479	6.46261556413241	50.202
chr7	20074761	0.26076469246072786	50.346
chr7	20105440	0.20655375061636913	50.354
chr7	20180481	2.007050407842829	50.3695
chr7	20219344	10.565549531789168	50.4475
chr7	20235576	9.655402030963847	50.619
chr7	20253597	0.3775213029877747	50.793
chr7	20299952	0.3259564247727819	50.8105
chr7	20329097	2.877385772122586	50.82
chr7	20363677	0.0	50.9195
chr7	20399615	0.20478914032448692	50.9195
chr7	20467978	0.0	50.9335
chr7	20498625	1.3639001741148302	50.9335
chr7	20515855	0.22996853062219144	50.957
chr7	20557165	1.5965758543378301	50.9665
chr7	20586603	0.11409221389094874	51.0135
chr7	20805724	3.3986523348225366	51.0385
chr7	20873545	0.25380150515338823	51.269
chr7	20918856	0.768224910101292	51.2805
chr7	20980036	0.6972616632857301	51.3275
chr7	20987924	0.29444239970591746	51.333
chr7	21001509	0.13221017640613678	51.337
chr7	21133874	0.10884353741471231	51.3545
chr7	21152249	0.7080147267066776	51.3565
chr7	21166373	0.7772370911055736	51.3665
chr7	21181169	0.17247326664367676	51.378
chr7	21294230	0.07287169116973242	51.3975
chr7	21349121	0.2083738504709328	51.4015
chr7	21385114	0.0	51.409
chr7	21483742	0.28450311530905603	51.409
chr7	21518891	0.021894534029606273	51.419
chr7	21610238	0.0	51.421
chr7	21651467	0.0	51.421
chr7	21673793	0.028157513128441565	51.421
chr7	21886880	0.13956557044249493	51.427
chr7	21926288	0.14095426034269112	51.4325
chr7	21940477	0.19921200584355972	51.4345
chr7	22008244	0.0	51.448
chr7	22038961	0.5946947694519426	51.448
chr7	22075114	0.27105517909008514	51.4695
chr7	22126764	0.07891414141423786	51.4835
chr7	22152108	0.33623132715298026	51.4855
chr7	22172927	1.4980026631159025	51.4925
chr7	22184943	1.4824733393906941	51.5105
chr7	22205854	0.7705201687033925	51.5415
chr7	22279830	0.03865688151962617	51.5985
chr7	22616122	0.5028369007235394	51.6115
chr7	22682744	0.29857348225131936	51.645
chr7	22727959	0.31126109891559023	51.6585
chr7	22758480	1.4731434615094612	51.668
chr7	22784954	0.03608176127104154	51.707
chr7	22951243	0.16117265833085564	51.713
chr7	23010186	0.36116729269015874	51.7225
chr7	23037874	0.3136107045787282	51.7325
chr7	23143100	3.1306806705714814	51.7655
chr7	23153002	0.24574049803408532	51.7965
chr7	23232354	0.06233539559596975	51.816
chr7	23360692	0.9480344819983522	51.824
chr7	23406049	2.083713176881343	51.867
chr7	23444442	0.0	51.947
chr7	23460184	0.0	51.947
chr7	23481690	0.513668036448011	51.947
chr7	23504078	5.8352500212965515	51.9585
chr7	23515817	1.583261815276247	52.027
chr7	23583399	0.2460226340823449	52.134
chr7	23607787	0.0	52.14
chr7	23632810	0.5072518223491588	52.14
chr7	23659424	0.7223258893637787	52.1535
chr7	23676037	0.1358853903791356	52.1655
chr7	23701794	0.36972515008341816	52.169
chr7	23781583	0.06079477270683739	52.1985
chr7	23970744	0.3978516013527105	52.21
chr7	23985825	0.0	52.216
chr7	24033839	0.07595667431295677	52.216
chr7	24165493	0.42275172943872713	52.226
chr7	24178503	0.8787918239812857	52.2315
chr7	24193865	0.8102717526801604	52.245
chr7	24217931	0.2057048820625421	52.2645
chr7	24247099	0.42915823677274634	52.2705
chr7	24296032	0.0	52.2915
chr7	24376167	0.0939452299308982	52.2915
chr7	24418745	0.19800019800020552	52.2955
chr7	24479351	0.03328323330846806	52.3075
chr7	24764780	0.17367895445259796	52.317
chr7	24787811	0.47083252849142215	52.321
chr7	24829227	0.7742506359917541	52.3405
chr7	24847309	2.573468371243664	52.3545
chr7	24865378	0.0189556690087456	52.401
chr7	24944510	1.3064951473036521	52.4025
chr7	24979336	1.899001266000916	52.448
chr7	24986445	0.3621438918397047	52.4615
chr7	25003013	0.0	52.4675
chr7	25004228	0.8937811647375692	52.4675
chr7	25014857	0.0	52.477
chr7	25038025	0.6818956699627235	52.477
chr7	25049757	0.8296715115386112	52.485
chr7	25082300	0.4491354143271708	52.512
chr7	25091206	0.3695725629328918	52.516
chr7	25138558	0.29973675293885815	52.5335
chr7	25176925	3.5727045373340514	52.545
chr7	25179724	0.5256804641564001	52.555
chr7	25205405	0.5336382694874366	52.5685
chr7	25231640	0.3293325526932209	52.5825
chr7	25258968	0.2867853411720465	52.5915
chr7	25307785	0.0	52.6055
chr7	25350432	0.0	52.6055
chr7	25400951	0.6876878406602064	52.6055
chr7	25420582	0.6419662509172276	52.619
chr7	25442390	0.04452467881514033	52.633
chr7	25565917	0.0	52.6385
chr7	25616873	0.20487080334970606	52.6385
chr7	25655922	0.6870019236053471	52.6465
chr7	25692312	0.5701457435056209	52.6715
chr7	25720375	0.29481692819786887	52.6875
chr7	25772950	0.39847633455801207	52.703
chr7	25846982	0.6302866434039371	52.7325
chr7	25901719	0.18077189599590934	52.767
chr7	25934910	0.4961701863738716	52.773
chr7	25967157	0.0977080483513971	52.789
chr7	26002978	0.7329681351749655	52.7925
chr7	26015939	0.18745899334516844	52.802
chr7	26069284	1.8300559781829313	52.812
chr7	26083218	0.3222187746139464	52.8375
chr7	26125115	0.7139737257669586	52.851
chr7	26184641	0.54754517247675	52.8935
chr7	26206557	0.4120992334953437	52.9055
chr7	26230823	4.265311990798363	52.9155
chr7	26251689	0.5781947294699986	53.0045
chr7	26313087	3.376580172987408	53.04
chr7	26343147	0.0	53.1415
chr7	26394738	1.2601512181462253	53.1415
chr7	26416164	1.6720974103925887	53.1685
chr7	26451150	0.7280324132695096	53.227
chr7	26466946	0.11419109880378496	53.2385
chr7	26501975	7.844694900948376	53.2425
chr7	26522116	3.0608483838400424	53.4005
chr7	26584517	0.04061408496457109	53.5915
chr7	26633761	0.22172675872434044	53.5935
chr7	26714942	2.211191335740049	53.6115
chr7	26737102	0.0	53.6605
chr7	26745500	0.2985123453256545	53.6605
chr7	26867773	3.0860636825103636	53.697
chr7	26902445	1.2053860175222075	53.804
chr7	26970473	4.078724292980094	53.886
chr7	27011172	8.914312262260871	54.052
chr7	27045611	2.6699029126214606	54.359
chr7	27057971	0.08143322475565519	54.392
chr7	27107091	0.0720668780629304	54.396
chr7	27134843	4.141566265059849	54.398
chr7	27152107	0.39467263698733335	54.4695
chr7	27221785	0.15829547433235733	54.497
chr7	27284958	4.98119936426726	54.507
chr7	27310755	0.7107952021323073	54.6355
chr7	27333265	0.3291515413696145	54.6515
chr7	27386432	0.2502502502505561	54.669
chr7	27394424	0.021385799828939737	54.671
chr7	27487944	0.20610057708134472	54.673
chr7	27504926	0.13947001394717184	54.6765
chr7	27519266	0.0	54.6785
chr7	27549577	0.6110135186743046	54.6785
chr7	27562670	0.0	54.6865
chr7	27652363	0.07218652999346321	54.6865
chr7	27707775	0.0	54.6905
chr7	27739781	0.0	54.6905
chr7	27765368	0.0	54.6905
chr7	27789031	0.0	54.6905
chr7	27809797	0.0	54.6905
chr7	27840937	0.04365382516648356	54.6905
chr7	27886752	0.18245321378279705	54.6925
chr7	27905935	0.04420671057871987	54.696
chr7	27996419	0.0	54.7
chr7	28029699	0.2696302548591608	54.7
chr7	28072350	0.678238878031929	54.7115
chr7	28115845	0.27881040892194364	54.741
chr7	28169645	0.0	54.756
chr7	28209685	0.0	54.756
chr7	28252780	0.07503658033291515	54.756
chr7	28332741	0.0	54.762
chr7	28375935	0.27835768963151625	54.762
chr7	28383120	0.09246844514287941	54.764
chr7	28404749	0.056900623061892065	54.766
chr7	28439898	0.0	54.768
chr7	28451791	0.13278008298747826	54.768
chr7	28481916	0.13922288317946957	54.772
chr7	28521421	0.0	54.7775
chr7	28541774	0.11492271447424805	54.7775
chr7	28559177	0.1609010458567089	54.7795
chr7	28584037	0.04809773459675928	54.7835
chr7	28625619	0.0	54.7855
chr7	28655399	0.06036369123968585	54.7855
chr7	28721664	0.07807925043919875	54.7895
chr7	28798509	0.2409027513630716	54.7955
chr7	28837944	6.127842965606592	54.805
chr7	28897345	0.7324015976925673	55.169
chr7	29029786	0.17437129460999615	55.266
chr7	29107207	0.0	55.2795
chr7	29122742	0.42961477874840526	55.2795
chr7	29136708	0.4702720859927074	55.2855
chr7	29166478	0.03212541763035433	55.2995
chr7	29228734	0.14242478191222674	55.3015
chr7	29256819	4.7146194926568565	55.3055
chr7	29268803	0.0	55.362
chr7	29289201	0.3173363276863861	55.362
chr7	29350650	0.6715616045845527	55.3815
chr7	29372986	0.0	55.3965
chr7	29422512	0.09909820632223461	55.3965
chr7	29442694	0.0	55.3985
chr7	29476173	3.7294015611447757	55.3985
chr7	29487703	10.0696242591634	55.4415
chr7	29522461	0.5311775298949812	55.7915
chr7	29599648	0.0	55.8325
chr7	29685247	0.6161570059330628	55.8325
chr7	29707157	0.0	55.846
chr7	29744642	0.05445140212367123	55.846
chr7	29781372	0.0	55.848
chr7	29822044	0.28742514970060973	55.848
chr7	29842919	0.36327055273006553	55.854
chr7	29878705	0.09699791454495582	55.867
chr7	29899324	0.0	55.869
chr7	29948363	0.45080581539476877	55.869
chr7	29957236	0.03560999928784354	55.873
chr7	30013400	0.1106623139491199	55.875
chr7	30031473	1.8205308902982622	55.877
chr7	30048501	0.05756058251296088	55.908
chr7	30083247	0.6373994104057582	55.91
chr7	30095798	1.909050859072959	55.918
chr7	30116227	0.1256552021254578	55.957
chr7	30144081	0.36993649423495123	55.9605
chr7	30176519	0.2927543303244805	55.9725
chr7	30197014	0.6862803604466893	55.9785
chr7	30213771	1.4101338432121775	55.99
chr7	30234691	0.1775338928340168	56.0195
chr7	30265671	0.07759757895563142	56.025
chr7	30317219	0.14032555528808419	56.029
chr7	30342161	0.0	56.0325
chr7	30356985	0.0	56.0325
chr7	30476053	0.2823263692829017	56.0325
chr7	30497305	0.10336451496195626	56.0385
chr7	30536003	0.12914056950991643	56.0425
chr7	30582464	0.0	56.0485
chr7	30613007	0.08998605216191831	56.0485
chr7	30679684	0.10777023386153918	56.0545
chr7	30716800	0.290905836018576	56.0585
chr7	30761488	0.6321612011062124	56.0715
chr7	30786798	0.4531633727050332	56.0875
chr7	30821002	0.0	56.103
chr7	30836384	0.0	56.103
chr7	30885616	0.0	56.103
chr7	30893735	0.047709923664010945	56.103
chr7	30935655	0.0811398526500691	56.105
chr7	31058899	0.17241379310338056	56.115
chr7	31090799	0.0	56.1205
chr7	31132970	0.5557485237929224	56.1205
chr7	31161760	0.0	56.1365
chr7	31181718	0.07430662629349052	56.1365
chr7	31235549	1.0240736072598582	56.1405
chr7	31267285	0.0	56.173
chr7	31308475	0.08815621280908018	56.173
chr7	31421910	0.0	56.183
chr7	31450019	0.0	56.183
chr7	31496996	0.06949511796804769	56.183
chr7	31525775	0.0	56.185
chr7	31548102	0.4641879032631486	56.185
chr7	31569645	0.021384885163167482	56.195
chr7	31639788	1.0588676817498595	56.1965
chr7	31677092	0.0	56.236
chr7	31763707	0.018240852212628406	56.236
chr7	31955584	0.7019033005779498	56.2395
chr7	31986215	0.3610301393309045	56.261
chr7	32023608	0.0	56.2745
chr7	32054693	0.0	56.2745
chr7	32126160	0.0	56.2745
chr7	32150539	0.0	56.2745
chr7	32183990	0.07911392405044854	56.2745
chr7	32209270	0.0	56.2765
chr7	32256684	0.2821208205166079	56.2765
chr7	32311625	0.1207510716654796	56.292
chr7	32328188	0.7166328742222597	56.294
chr7	32385400	0.0	56.335
chr7	32527532	0.0	56.335
chr7	32564402	0.15023563272915874	56.335
chr7	32627636	0.7830853563042377	56.3445
chr7	32640406	0.033913249906659525	56.3545
chr7	32699380	0.34755134281231886	56.3565
chr7	32715205	0.20036566734278977	56.362
chr7	32755132	1.1827871248969863	56.37
chr7	32792755	0.0	56.4145
chr7	32860742	0.13901438798916213	56.4145
chr7	32947064	0.0	56.4265
chr7	32995069	0.0	56.4265
chr7	33003678	0.0	56.4265
chr7	33022897	1.9645870589124994	56.4265
chr7	33062600	0.07265527795187197	56.5045
chr7	33172709	0.965141364823365	56.5125
chr7	33216744	0.09316625518232131	56.555
chr7	33259678	2.4349384447561166	56.559
chr7	33285346	0.08449157196579968	56.6215
chr7	33332688	8.731391340581055	56.6255
chr7	33359087	0.0	56.856
chr7	33382729	0.0	56.856
chr7	33391054	0.0	56.856
chr7	33435964	0.0	56.856
chr7	33443077	0.0	56.856
chr7	33466657	0.0	56.856
chr7	33510820	0.0	56.856
chr7	33546017	0.0	56.856
chr7	33591401	1.4591439688716508	56.856
chr7	33595513	0.07998371240762375	56.862
chr7	33664277	0.09213617727000856	56.8675
chr7	33729398	2.4893258338453976	56.8735
chr7	33792869	0.01928398561410179	57.0315
chr7	33896582	0.08848513449740779	57.0335
chr7	33964390	0.0	57.0395
chr7	34151758	0.0	57.0395
chr7	34166932	0.0	57.0395
chr7	34187292	0.07277358318939121	57.0395
chr7	34242257	23.560585830782788	57.0435
chr7	34290940	0.07658580482103397	58.1905
chr7	34343169	0.0	58.1945
chr7	34374638	0.0	58.1945
chr7	34402693	0.8388433830061686	58.1945
chr7	34422959	0.05052291214062778	58.2115
chr7	34502131	0.0	58.2155
chr7	34538678	0.5360793896175929	58.2155
chr7	34578784	2.4462498316799377	58.237
chr7	34623342	0.08144317302612063	58.346
chr7	34647899	0.11765536390801716	58.348
chr7	34732893	0.0	58.358
chr7	34759145	0.0	58.358
chr7	34772625	0.17172295363480902	58.358
chr7	34851240	0.16701461377876142	58.3715
chr7	34899140	0.26550552251487836	58.3795
chr7	34927388	0.41678574830900006	58.387
chr7	34969376	0.0	58.4045
chr7	35042872	0.17200602021061204	58.4045
chr7	35066127	0.6894086405883215	58.4085
chr7	35085709	0.6671047653185901	58.422
chr7	35135926	0.7260523725778361	58.4555
chr7	35197905	3.3358042994810733	58.5005
chr7	35245120	0.08595495960096866	58.658
chr7	35268388	0.0	58.66
chr7	35290880	1.8698732034886165	58.66
chr7	35364147	0.0	58.797
chr7	35411077	0.0	58.797
chr7	35436469	0.0	58.797
chr7	35448300	0.0	58.797
chr7	35479883	0.9391992090956727	58.797
chr7	35500113	0.19045603639827194	58.816
chr7	35594623	1.7243568043330728	58.834
chr7	35641887	0.14193960469812225	58.9155
chr7	35670068	0.0	58.9195
chr7	35682343	0.12252990843669304	58.9195
chr7	35727230	2.5644893649118483	58.925
chr7	35747117	0.0	58.976
chr7	35785388	0.03708373507379804	58.976
chr7	35825837	0.32111319240033326	58.9775
chr7	35844522	0.06023733510036878	58.9835
chr7	35877724	0.3193459794340554	58.9855
chr7	35909038	0.0958956655159872	58.9955
chr7	35945536	2.43225858325953	58.999
chr7	35970410	0.14678615574787898	59.0595
chr7	36035130	1.3093350053479502	59.069
chr7	36062243	1.296849771548286	59.1045
chr7	36120461	0.6771397616468879	59.18
chr7	36161073	0.037707746113724516	59.2075
chr7	36267152	0.4399149497763932	59.2115
chr7	36280791	0.5440192605967664	59.2175
chr7	36323988	0.10681893219906853	59.241
chr7	36375477	0.5719039201414872	59.2465
chr7	36423562	0.19741960957364224	59.274
chr7	36509673	0.27634669667007955	59.291
chr7	36560334	0.645351624442169	59.305
chr7	36587451	0.1491257502891134	59.3225
chr7	36614274	0.23389259651968705	59.3265
chr7	36646340	0.260543885360546	59.334
chr7	36677045	0.6639178139634305	59.342
chr7	36691354	0.05186721991689157	59.3515
chr7	36729914	0.3571645692748135	59.3535
chr7	36795710	0.23167812186270087	59.377
chr7	36821608	0.6857309600233009	59.383
chr7	36855878	1.2355927949495153	59.4065
chr7	36907675	0.39180347137867844	59.4705
chr7	36933198	5.345512636709861	59.4805
chr7	36957611	0.08560544450637522	59.611
chr7	36980974	0.31051545565644884	59.613
chr7	37030891	0.0	59.6285
chr7	37089711	0.6661745377288676	59.6285
chr7	37145252	1.0746385306760318	59.6655
chr7	37232258	0.8654057966452562	59.759
chr7	37264035	0.6155758272166826	59.7865
chr7	37349321	0.2433682161110263	59.839
chr7	37406847	1.5187090041740896	59.853
chr7	37460511	0.12017786323756771	59.9345
chr7	37543721	0.015578386546524417	59.9445
chr7	37672104	0.0	59.9465
chr7	37749404	0.0694585934171802	59.9465
chr7	37857382	0.822698027634172	59.954
chr7	37952192	0.05219355267283131	60.032
chr7	38057569	4.205861070911753	60.0375
chr7	38112849	0.13777267508611313	60.27
chr7	38156399	0.13876843018205665	60.276
chr7	38185224	0.3159358018450022	60.28
chr7	38216876	0.16552767859249204	60.29
chr7	38259165	2.307953938098218	60.297
chr7	38279746	0.464439032962696	60.3445
chr7	38359412	0.0	60.3815
chr7	38424548	0.2374169040832584	60.3815
chr7	38439290	0.0	60.385
chr7	38462358	0.23332400037334303	60.385
chr7	38612364	0.4886152643407608	60.42
chr7	38632830	0.3056044106824302	60.43
chr7	38793168	0.568606426877158	60.479
chr7	38823945	4.756575265808964	60.4965
chr7	38838241	1.4292381285730802	60.5645
chr7	38872525	0.6298992161254438	60.6135
chr7	38893957	1.0854423032272906	60.627
chr7	38980097	0.07043741635552904	60.7205
chr7	39036885	1.2144401929796622	60.7245
chr7	39066940	0.14881782837575697	60.761
chr7	39120697	0.5181347150259265	60.769
chr7	39132277	0.45983445959446867	60.775
chr7	39157286	1.1036015465644522	60.7865
chr7	39222980	1.1724578981022895	60.859
chr7	39227671	0.984452440763238	60.8645
chr7	39257129	3.2410956994489895	60.8935
chr7	39271476	0.7304942493007656	60.94
chr7	39303646	0.0	60.9635
chr7	39316386	0.0	60.9635
chr7	39346082	1.3934155212318147	60.9635
chr7	39367253	0.07577695054602565	60.993
chr7	39472826	0.5456728145805018	61.001
chr7	39518641	1.1268837459632848	61.026
chr7	39548369	2.45779612932217	61.0595
chr7	39583970	1.3902681231380865	61.147
chr7	39644390	1.978435057869066	61.231
chr7	39674717	1.936208025442034	61.291
chr7	39728172	0.12344716461358086	61.3945
chr7	39805128	0.0836913463146951	61.404
chr7	39876820	0.0	61.41
chr7	39967035	0.02662779009316324	61.41
chr7	40117254	0.28063610851263926	61.414
chr7	40160014	0.598546387345042	61.426
chr7	40195099	3.4482758620686296	61.447
chr7	40200174	0.4855225988700749	61.4645
chr7	40268142	0.10711225364175726	61.4975
chr7	40305486	1.712411364622979	61.5015
chr7	40326217	0.0	61.537
chr7	40342037	0.9135423518233786	61.537
chr7	40369403	0.22535211267633176	61.562
chr7	40378278	1.2091898428053662	61.564
chr7	40400607	2.8449693929832875	61.591
chr7	40437690	0.20286718961320757	61.6965
chr7	40467266	0.2563280999678169	61.7025
chr7	40482871	0.3799628757584124	61.7065
chr7	40563142	9.949097639979675	61.737
chr7	40565303	2.7266117304896813	61.7585
chr7	40581807	0.5661369242590845	61.8035
chr7	40606536	0.7689093188466256	61.8175
chr7	40666361	4.647849097570921	61.8635
chr7	40681099	0.0	61.932
chr7	40696482	0.20606872391943493	61.932
chr7	40754715	0.3731900283624563	61.944
chr7	40774812	0.6167763157892723	61.9515
chr7	40806428	2.283273182588636	61.971
chr7	40820005	8.429926238145509	62.002
chr7	40830444	9.053879658009318	62.09
chr7	40855240	2.7847049044053644	62.3145
chr7	40867270	7.050365427391245	62.348
chr7	40892446	1.0664786978890317	62.5255
chr7	41001684	0.7635653669945828	62.642
chr7	41053415	1.1843101025091631	62.6815
chr7	41155162	1.414735009250244	62.802
chr7	41182729	0.1649246500504168	62.841
chr7	41231236	1.8819572355253966	62.849
chr7	41243723	1.122922593202618	62.8725
chr7	41257081	0.12784726513392486	62.8875
chr7	41304012	0.0	62.8935
chr7	41375783	0.03322700691114	62.8935
chr7	41435975	0.8552667880595352	62.8955
chr7	41454098	0.4238934614433733	62.911
chr7	41482407	1.0194803405615143	62.923
chr7	41518700	2.688267758589928	62.96
chr7	41546785	1.9648977662214213	63.0355
chr7	41580629	0.4238073795461379	63.102
chr7	41618382	0.6012839725444278	63.118
chr7	41672433	4.089219330855064	63.1505
chr7	41693953	7.344312709909755	63.2385
chr7	41718666	1.3155985184530883	63.42
chr7	41877149	0.13036110024761383	63.6285
chr7	41907833	0.5881430363864715	63.6325
chr7	41971593	0.530626683719305	63.67
chr7	42008342	2.231404958677771	63.6895
chr7	42020442	0.0	63.7165
chr7	42043174	0.9389876403020517	63.7165
chr7	42066071	0.13496642710118376	63.738
chr7	42095708	1.5003958099376913	63.742
chr7	42150027	0.3202433849724017	63.8235
chr7	42175008	1.0640600201990602	63.8315
chr7	42202732	1.6404766016232706	63.861
chr7	42220105	0.0	63.8895
chr7	42248609	0.13234515616744602	63.8895
chr7	42263721	0.0	63.8915
chr7	42284034	0.0	63.8915
chr7	42296344	0.24165846754013948	63.8915
chr7	42354277	2.749770852425812	63.9055
chr7	42356459	0.9075738501624501	63.9115
chr7	42458930	0.3872945416191097	64.0045
chr7	42640962	1.040221914008361	64.075
chr7	42672686	1.3215187299866655	64.108
chr7	42731709	0.5537954305434658	64.186
chr7	42770532	0.12463854821031325	64.2075
chr7	42830706	0.09375585974101533	64.215
chr7	42852038	0.0	64.217
chr7	42881405	0.0	64.217
chr7	42930616	0.11667658417638134	64.217
chr7	43016323	0.32887524665644746	64.227
chr7	43052811	0.37225992286273146	64.239
chr7	43134743	0.6094309438561973	64.2695
chr7	43174124	0.0	64.2935
chr7	43209269	0.8251329380849347	64.2935
chr7	43225630	0.0993443274386717	64.307
chr7	43245762	0.03175712153465574	64.309
chr7	43308740	0.2811884900171533	64.311
chr7	43330078	0.983422309637576	64.317
chr7	43351432	0.3371828373939888	64.338
chr7	43363295	0.46095780225219934	64.342
chr7	43524915	2.267037552155924	64.4165
chr7	43560865	0.8318391038319056	64.498
chr7	43669059	4.949845931947846	64.588
chr7	43714818	0.35117418239460896	64.8145
chr7	43770346	0.0	64.834
chr7	43782672	0.0	64.834
chr7	43797508	0.17791483809733552	64.834
chr7	43839663	0.7603083669284668	64.8415
chr7	43867941	0.5978477481074045	64.863
chr7	43880486	0.0	64.8705
chr7	43894067	0.7680491551457852	64.8705
chr7	43935080	0.5896226415093663	64.902
chr7	44013944	0.5891730782562342	64.9485
chr7	44057225	0.08943343916269457	64.974
chr7	44101951	2.3398198338728804	64.978
chr7	44127594	0.8154764006071753	65.038
chr7	44269229	0.0	65.1535
chr7	44286248	1.017448153440392	65.1535
chr7	44309345	1.017979684786863	65.177
chr7	44489604	0.0	65.3605
chr7	44524117	2.0179745360740706	65.3605
chr7	44548151	0.08934288309484086	65.409
chr7	44615308	1.5419673376375902	65.415
chr7	44746958	0.3334302275876382	65.618
chr7	44805441	0.03681004177931163	65.6375
chr7	44914107	0.0	65.6415
chr7	44940445	0.34383166001959337	65.6415
chr7	44962258	4.380447479557759	65.649
chr7	44984516	0.7424106617414767	65.7465
chr7	45094967	0.0	65.8285
chr7	45120041	0.0	65.8285
chr7	45140741	0.04282380146875659	65.8285
chr7	45187444	0.40380247329016417	65.8305
chr7	45365749	0.14313757565838983	65.9025
chr7	45463557	0.8970397687631158	65.9165
chr7	45493656	0.3834607883953436	65.9435
chr7	45539293	0.543203502318022	65.961
chr7	45632260	0.47407995413559095	66.0115
chr7	45677611	2.2767815228619006	66.033
chr7	45698913	0.0	66.0815
chr7	45711668	6.241860882841429	66.0815
chr7	45733937	8.118020356863344	66.2205
chr7	45758204	0.1918240334199157	66.4175
chr7	45828581	0.07123268155463723	66.431
chr7	45856658	0.25460841226191633	66.433
chr7	45925391	0.058637269848579185	66.4505
chr7	45959499	0.0	66.4525
chr7	46033165	0.041333416000069005	66.4525
chr7	46081552	0.0	66.4545
chr7	46094909	0.0	66.4545
chr7	46108788	0.0	66.4545
chr7	46124358	0.1946472019467099	66.4545
chr7	46144908	0.04137474485554563	66.4585
chr7	46181162	0.21244954323359072	66.46
chr7	46228232	2.640666260410419	66.47
chr7	46257770	0.0	66.548
chr7	46283437	3.162147918252463	66.548
chr7	46334668	0.0	66.71
chr7	46374254	0.7989440044471501	66.71
chr7	46388648	0.36811823412301714	66.7215
chr7	46425321	0.24982824308289	66.735
chr7	46473354	0.825609886012728	66.747
chr7	46492128	0.37227771917852126	66.7625
chr7	46524362	0.0	66.7745
chr7	46569153	0.9865599084928282	66.7745
chr7	46604123	1.6641396398062833	66.809
chr7	46631164	0.5450581395354207	66.854
chr7	46644924	0.0	66.8615
chr7	46678048	1.3776174731985373	66.8615
chr7	46698010	0.0	66.889
chr7	46758293	0.0	66.889
chr7	46774253	0.2385306511886868	66.889
chr7	46799407	0.11049927254645993	66.895
chr7	46908005	0.0	66.907
chr7	46948714	0.45777871681122717	66.907
chr7	46977112	0.0	66.92
chr7	46992038	2.5084715926595154	66.92
chr7	47014761	0.0	66.977
chr7	47080207	2.86738351253812	66.977
chr7	47081602	0.05381652775768654	66.981
chr7	47295291	0.16317206494210157	66.9925
chr7	47307548	0.8100810081004144	66.9945
chr7	47324213	0.4295743531837178	67.008
chr7	47364951	0.23586759965406978	67.0255
chr7	47390389	0.0	67.0315
chr7	47403714	0.11214534036124506	67.0315
chr7	47475050	0.021123487910224493	67.0395
chr7	47546061	0.9785403818584614	67.041
chr7	47590004	1.5647568608564943	67.084
chr7	47602466	7.751937984496418	67.1035
chr7	47604014	3.48713263286148	67.1155
chr7	47636849	0.26041666666665564	67.23
chr7	47750129	0.0	67.2595
chr7	47774244	0.48752870128653963	67.2595
chr7	47806037	0.5715102157447897	67.275
chr7	47820035	5.638692215662704	67.283
chr7	47871022	0.08366625530768032	67.5705
chr7	47918831	0.0	67.5745
chr7	47941333	0.4843553230650189	67.5745
chr7	47972302	0.0	67.5895
chr7	47983938	0.36377809536172	67.5895
chr7	48022423	0.8399741546417335	67.6035
chr7	48045638	0.0	67.623
chr7	48066310	0.0	67.623
chr7	48095614	0.2602560148055484	67.623
chr7	48147486	1.0049076887124646	67.6365
chr7	48168881	1.0857994464549228	67.658
chr7	48192366	0.789295647598316	67.6835
chr7	48218972	0.0	67.7045
chr7	48331185	0.6112228400174674	67.7045
chr7	48356544	1.3349471360932084	67.72
chr7	48384635	4.330504070673991	67.7575
chr7	48419273	0.9503372164318182	67.9075
chr7	48435583	12.434411893309967	67.923
chr7	48472175	0.0	68.378
chr7	48496620	1.414318041555411	68.378
chr7	48516064	0.770234986945137	68.4055
chr7	48554364	1.189844844232196	68.435
chr7	48627903	0.08670019074044454	68.5225
chr7	48737476	0.5944198833452964	68.532
chr7	48764393	0.27282648235723117	68.548
chr7	48841365	0.04602038703145668	68.569
chr7	48971742	0.39849829065188547	68.575
chr7	49019421	9.11992704058834	68.594
chr7	49021614	5.856991783942303	68.614
chr7	49033907	0.050982691376158934	68.686
chr7	49073136	0.1863132655044726	68.688
chr7	49134860	0.7834471675371932	68.6995
chr7	49184640	0.7907221929359569	68.7385
chr7	49209301	0.046219264189534794	68.758
chr7	49252573	0.39329747923747993	68.76
chr7	49361905	0.40487828963607186	68.803
chr7	49463170	0.3979307600496518	68.844
chr7	49468196	6.437450670875978	68.846
chr7	49488468	0.0	68.9765
chr7	49541223	0.0	68.9765
chr7	49605657	0.3691247641701093	68.9765
chr7	49642230	0.0	68.99
chr7	49660081	2.3547880690738725	68.99
chr7	49676643	0.0	69.029
chr7	49723627	0.47251535674911227	69.029
chr7	49736325	2.9359552096134958	69.035
chr7	49765617	1.5331751363679333	69.121
chr7	49830515	0.6813749676933428	69.2205
chr7	49873076	1.0926265332019565	69.2495
chr7	49887262	0.0	69.265
chr7	49935045	0.12233912405202128	69.265
chr7	49967741	0.5755506100831231	69.269
chr7	49980772	0.11166322371700849	69.2765
chr7	49998683	0.2517729008434487	69.2785
chr7	50022514	0.0	69.2845
chr7	50034186	0.0	69.2845
chr7	50046321	0.24089751531437134	69.2845
chr7	50060850	0.0	69.288
chr7	50081649	1.5142592748381156	69.288
chr7	50093536	0.4220570694558424	69.306
chr7	50148031	1.6760158708443904	69.329
chr7	50177267	2.230390407536935	69.378
chr7	50205289	2.2943434006343573	69.4405
chr7	50217275	0.08332828313432278	69.468
chr7	50283279	0.42333885514441627	69.4735
chr7	50310444	0.0	69.485
chr7	50389853	0.7358076424223973	69.485
chr7	50429945	0.09953219866603658	69.5145
chr7	50450039	0.323613571331337	69.5165
chr7	50479395	0.8568980291345655	69.526
chr7	50493399	0.45949328981345144	69.538
chr7	50556512	0.0	69.567
chr7	50570021	0.0	69.567
chr7	50603520	0.4133019647741219	69.567
chr7	50666428	2.9133512937782506	69.593
chr7	50682389	0.0	69.6395
chr7	50716500	0.12436779703234908	69.6395
chr7	50728561	0.06682035347967244	69.641
chr7	50908147	0.40551500405516544	69.653
chr7	50959933	0.0	69.674
chr7	51013727	0.8826990976847033	69.674
chr7	51034119	0.0	69.692
chr7	51118651	0.0	69.692
chr7	51134094	0.20875664542008487	69.692
chr7	51170021	0.3626431282984865	69.6995
chr7	51234823	0.4219967895147545	69.723
chr7	51295250	0.0	69.7485
chr7	51308241	0.09646457338519938	69.7485
chr7	51328974	0.0	69.7505
chr7	51358815	2.14891392728493	69.7505
chr7	51376033	0.0	69.7875
chr7	51398162	0.8359122114328863	69.7875
chr7	51426275	0.0	69.811
chr7	51446311	0.18405359640710642	69.811
chr7	51500643	0.0	69.821
chr7	51555190	1.7582703829122834	69.821
chr7	51570546	0.28947567145765013	69.848
chr7	51610273	0.14983581371398233	69.8595
chr7	51847199	0.27209513252056067	69.895
chr7	51896814	0.0	69.9085
chr7	51910405	0.0	69.9085
chr7	51936027	0.0	69.9085
chr7	51954295	3.613055088016793	69.9085
chr7	52033314	0.0	70.194
chr7	52073536	0.0	70.194
chr7	52139305	0.9713453132589004	70.194
chr7	52151659	1.4003392371109218	70.206
chr7	52177010	0.09138470676943383	70.2415
chr7	52220781	1.1069983049087238	70.2455
chr7	52278595	0.283323449957214	70.3095
chr7	52354480	0.0	70.331
chr7	52406534	0.0	70.331
chr7	52456365	0.0	70.331
chr7	52458631	2.3042233121561995	70.331
chr7	52489010	0.0	70.401
chr7	52520658	0.0	70.401
chr7	52571000	0.0	70.401
chr7	53103004	0.6294180304057565	70.401
chr7	53164966	0.5350604035015081	70.44
chr7	53362140	0.09886850488845	70.5455
chr7	53498685	0.0	70.559
chr7	53514650	0.0	70.559
chr7	53527164	0.05275141570079196	70.559
chr7	53934736	0.3321370997140123	70.5805
chr7	54058179	2.3375221116957126	70.6215
chr7	54145237	0.04961424921225816	70.825
chr7	54185548	0.1484812489394052	70.827
chr7	54303408	1.1422479439539608	70.8445
chr7	54336238	0.17710798757016985	70.882
chr7	54398347	0.14400403211290463	70.893
chr7	54565009	0.14272300469487667	70.917
chr7	54698134	0.023613866062096662	70.936
chr7	54782830	0.10245676690350616	70.938
chr7	54919473	0.08912655971458729	70.952
chr7	54941913	0.4262295081968928	70.954
chr7	54972413	0.0	70.967
chr7	54987917	0.03886936782862152	70.967
chr7	55245189	0.9837140671111969	70.977
chr7	55272636	0.3615095606366646	71.004
chr7	55350089	0.04751526823957445	71.032
chr7	55507933	0.11764475206368949	71.0395
chr7	55558934	0.0	71.0455
chr7	55591480	0.0	71.0455
chr7	55591778	0.8915074227681745	71.0455
chr7	55617577	0.0378159999495801	71.0685
chr7	55776240	0.038199741674259685	71.0745
chr7	56195091	0.0	71.0905
chr7	56252185	0.14746098986535042	71.0905
chr7	56326781	0.2768068430993016	71.1015
chr7	56418903	0.0	71.127
chr7	56540760	0.3824091778204633	71.127
chr7	56566910	0.13762062042610507	71.137
chr7	56752202	0.12912852592621135	71.1625
chr7	56856749	0.0	71.176
chr7	56993586	0.0	71.176
chr7	57114558	0.10506776871082246	71.176
chr7	57228770	0.1313600140117398	71.188
chr7	57274446	0.06645057922755146	71.194
chr7	57409885	0.04385243655098156	71.203
chr7	57592315	0.07767291933649224	71.211
chr7	57618064	0.5398735153482186	71.213
chr7	57650479	0.0	71.2305
chr7	57663757	0.0	71.2305
chr7	57679367	2.8726417615303164	71.2305
chr7	57716789	0.7274314395871911	71.338
chr7	57744283	0.7220160551526273	71.358
chr7	57808686	0.26510093472640833	71.4045
chr7	57859610	3.69712566602594	71.418
chr7	57887199	0.07529411764715084	71.52
chr7	57940324	0.049265937530676394	71.524
chr7	57980920	0.12107854663632711	71.526
chr7	58265859	0.038372249189364965	71.5605
chr7	58474343	0.035643338497624626	71.5685
chr7	58684761	0.24046554128805647	71.576
chr7	58726347	0.0	71.586
chr7	58783933	0.0	71.586
chr7	58880937	0.0	71.586
chr7	58928697	0.030871343675161516	71.586
chr7	58993482	0.0	71.588
chr7	59025162	0.21580170332789497	71.588
chr7	59224419	0.0	71.631
chr7	59251413	0.17906706061410077	71.631
chr7	59296089	0.19216808301661914	71.639
chr7	59342923	0.30276954457087546	71.648
chr7	59531185	0.02981559057224077	71.705
chr7	59598264	0.07608330927283025	71.707
chr7	59854562	0.0	71.7265
chr7	59879935	0.14688242062229742	71.7265
chr7	59961633	0.22446689113303467	71.7385
chr7	59970543	0.0	71.7405
chr7	60044471	0.17763317813808135	71.7405
chr7	60097952	0.0	71.75
chr7	60134455	0.08464704198896685	71.75
chr7	60382544	0.3574833174451994	71.771
chr7	60416112	2.452984464431818	71.783
chr7	60429565	0.1598721023177729	71.816
chr7	60442075	0.07676827496200406	71.818
chr7	60624442	0.0	71.832
chr7	60635853	0.0	71.832
chr7	60756181	0.0	71.832
chr7	60891731	0.12808033198431204	71.832
chr7	61028364	0.08870359693077487	71.8495
chr7	61141099	0.18499831819703466	71.8595
chr7	61170829	0.12629994894256588	71.865
chr7	61356894	0.0	71.8885
chr7	61362991	0.16748314700853698	71.8885
chr7	61386874	0.258064516129042	71.8925
chr7	61410124	0.1813090513507593	71.8985
chr7	61459763	0.19324476912939875	71.9075
chr7	61591720	0.024952590078792032	71.933
chr7	61752024	0.20364725667441344	71.937
chr7	61828136	0.0629180115391955	71.9525
chr7	61987073	0.0	71.9625
chr7	62093766	0.07750586138072396	71.9625
chr7	62196984	0.31004880248682565	71.9705
chr7	62321158	2.513925173756688	72.009
chr7	62341445	0.30196041995727246	72.06
chr7	62470601	0.5871658591323468	72.099
chr7	62700519	0.0	72.234
chr7	62803951	0.04497442882478606	72.234
chr7	62881773	3.655663765118321	72.2375
chr7	62951391	0.5427856704582086	72.492
chr7	63014952	0.09541399450685137	72.5265
chr7	63161681	2.364418297246654	72.5405
chr7	63215394	0.2875105420529471	72.6675
chr7	63241480	0.06195594932010917	72.675
chr7	63306042	1.7366400584973285	72.679
chr7	63388097	0.13769552764913673	72.8215
chr7	63442565	0.2141671574666643	72.829
chr7	63461242	0.0	72.833
chr7	63495356	0.07324665812105251	72.833
chr7	63522661	0.17681902572717495	72.835
chr7	63556594	5.770293553525864	72.841
chr7	63587355	0.21239410636694778	73.0185
chr7	63669749	0.0	73.036
chr7	63701792	0.0	73.036
chr7	63774206	0.1253615337087833	73.036
chr7	63885883	0.5915685908213393	73.05
chr7	64046473	0.015472211907488162	73.145
chr7	64175737	0.010045354776793919	73.147
chr7	64374834	0.1781578478527827	73.149
chr7	64386060	0.027406270554833776	73.151
chr7	64459036	0.2585983966899503	73.153
chr7	64482238	0.491860873638618	73.159
chr7	64524933	0.21197668256472507	73.18
chr7	64572108	0.0	73.19
chr7	64651603	0.02491265002089479	73.19
chr7	64812164	0.0	73.194
chr7	64847978	0.0736097259818728	73.194
chr7	65058548	0.16483516483501492	73.2095
chr7	65104048	0.0	73.217
chr7	65210176	0.6139325709720728	73.217
chr7	65277773	0.18624946785879634	73.2585
chr7	65296565	2.9977691020640247	73.262
chr7	65303737	0.40548441242485683	73.2835
chr7	65356760	0.015349783184276747	73.305
chr7	65487055	0.06345781641661466	73.307
chr7	65550089	0.5634768974471099	73.311
chr7	65570498	0.0	73.3225
chr7	65595703	0.0	73.3225
chr7	65625414	0.08331944675867933	73.3225
chr7	65649418	0.048600311041877405	73.3245
chr7	65690570	0.548866855524184	73.3265
chr7	65718810	0.8056970579063809	73.342
chr7	65738048	0.41952174521047597	73.3575
chr7	65752350	0.20134903855834851	73.3635
chr7	65782149	0.4274722143059306	73.3695
chr7	65827766	4.599167449979873	73.389
chr7	65842660	0.8601833419354322	73.4575
chr7	65883349	1.973978248994287	73.4925
chr7	65923623	1.2449896756952756	73.572
chr7	65989487	0.8972890416188821	73.654
chr7	66041867	0.06959875031581138	73.701
chr7	66235836	0.0	73.7145
chr7	66272608	0.12845426698721146	73.7145
chr7	66424413	0.3789719172093644	73.734
chr7	66475868	0.19038524302823798	73.7535
chr7	66641322	0.29638411381171154	73.785
chr7	66653131	0.5195030087882789	73.7885
chr7	66676230	0.12078448116044777	73.8005
chr7	66854233	0.4678286224079723	73.822
chr7	66900190	0.08110354895613281	73.8435
chr7	67048149	0.12828996232310866	73.8555
chr7	67122200	0.24222459064049692	73.865
chr7	67225410	0.0	73.89
chr7	67278108	0.0	73.89
chr7	67605245	0.06674230794885333	73.89
chr7	67635211	0.0	73.892
chr7	67678462	0.0	73.892
chr7	67724783	0.0	73.892
chr7	67757163	0.09032281373633973	73.892
chr7	67867877	0.05948579228815374	73.902
chr7	68027579	0.10421996096484643	73.9115
chr7	68080352	1.0715430219516036	73.917
chr7	68130280	0.09500800781786968	73.9705
chr7	68167119	0.0	73.974
chr7	68213063	0.2753463567330221	73.974
chr7	68247565	0.020654969069135682	73.9835
chr7	68344394	0.1379869429854435	73.9855
chr7	68460347	0.15215898240540857	74.0015
chr7	68818525	0.0	74.056
chr7	68834102	0.0	74.056
chr7	68912429	0.01005267602240515	74.056
chr7	69111381	0.0	74.058
chr7	69149849	0.01922041977392307	74.058
chr7	69357961	0.0	74.062
chr7	69383999	3.067106439382452	74.062
chr7	69416440	0.07793464974529912	74.1615
chr7	69538337	0.0	74.171
chr7	69618395	0.17670185978697633	74.171
chr7	69663669	0.0	74.179
chr7	69719860	0.0	74.179
chr7	69747754	0.09545400310237176	74.179
chr7	69789659	0.5609100010855678	74.183
chr7	69872560	0.17268174753949614	74.2295
chr7	69895724	0.0	74.2335
chr7	69955893	0.12475049900170528	74.2335
chr7	69987957	0.17233455882353593	74.2375
chr7	70022773	0.9730679892021212	74.2435
chr7	70118347	0.4059265272985743	74.3365
chr7	70133128	0.21113139183266072	74.3425
chr7	70206542	0.0	74.358
chr7	70311552	0.029320354189810282	74.358
chr7	70379764	2.8913694527634406	74.36
chr7	70471589	0.0	74.6255
chr7	70602805	0.05788544470493114	74.6255
chr7	70706458	0.0222626660655228	74.6315
chr7	70886131	0.07786292232524936	74.6355
chr7	71040248	0.016664444740713148	74.6475
chr7	71250276	0.039149669185482315	74.651
chr7	71301362	0.0	74.653
chr7	71321685	0.0	74.653
chr7	71586508	0.0	74.653
chr7	71727466	0.0	74.653
chr7	71829092	0.0	74.653
chr7	71926170	0.0	74.653
chr7	71941528	0.08795074758114946	74.653
chr7	71987008	0.011374881985653713	74.657
chr7	72162834	0.03209448616720166	74.659
chr7	72287466	0.053439856781249136	74.663
chr7	72437167	0.0	74.671
chr7	72528312	0.005491563585429067	74.671
chr7	72892507	0.0	74.673
chr7	72950815	0.0	74.673
chr7	72997611	0.1334077182428467	74.673
chr7	73038838	0.020987239758178084	74.6785
chr7	73134134	0.18080429362622477	74.6805
chr7	73186677	0.3963221306278234	74.69
chr7	73256065	0.2461880559085603	74.7175
chr7	73319025	1.118680291190457	74.733
chr7	73348971	0.0	74.7665
chr7	73390367	0.07237723012349163	74.7665
chr7	73445633	0.0	74.7705
chr7	73467314	0.07437156031538857	74.7705
chr7	73514375	0.19803621760031756	74.774
chr7	73731507	0.0	74.817
chr7	73752763	0.0	74.817
chr7	73776679	0.0	74.817
chr7	73869303	0.015337305695581704	74.817
chr7	73999704	1.210895207704256	74.819
chr7	74034802	0.06231014876533495	74.8615
chr7	74098997	0.0	74.8655
chr7	74216634	0.0842957093484972	74.8655
chr7	74264086	0.0	74.8695
chr7	74302403	0.19297568506368928	74.8695
chr7	74333495	1.4862611469584868	74.8755
chr7	74361081	1.5323943661971344	74.9165
chr7	74405456	0.0	74.9845
chr7	74432515	0.4065145570928182	74.9845
chr7	74510003	2.155055570615232	75.016
chr7	74546893	0.11948145050495515	75.0955
chr7	74580371	0.013672596015773655	75.0995
chr7	74726649	0.18661412538736044	75.1015
chr7	74841860	1.0680480941417343	75.123
chr7	74920040	0.5589655972494386	75.2065
chr7	75014858	0.33604346162104903	75.2595
chr7	75229116	0.20319048909141071	75.3315
chr7	75354614	0.27782286763144654	75.357
chr7	75514788	0.10777023386153918	75.4015
chr7	75551904	0.8495008171387985	75.4055
chr7	75613705	0.13081728096282014	75.458
chr7	75705436	0.11998800119988456	75.47
chr7	75755441	0.0	75.476
chr7	75778619	0.0	75.476
chr7	75792278	0.20602488422293805	75.476
chr7	75903915	0.35249411076921977	75.499
chr7	76020229	0.4778118998357553	75.54
chr7	76235795	0.7438318987437752	75.643
chr7	76446192	0.4379050621827429	75.7995
chr7	76469028	0.24177949709842614	75.8095
chr7	76489708	0.1394019655683801	75.8145
chr7	76504055	0.21123196984252718	75.8165
chr7	76719458	0.35621883085240275	75.862
chr7	76746127	1.2644538723901109	75.8715
chr7	76806232	0.6115537903854349	75.9475
chr7	77166789	0.1067953664444347	76.168
chr7	77386836	0.0	76.1915
chr7	77439938	0.12700428639436984	76.1915
chr7	77471433	0.0	76.1955
chr7	77511980	0.015382367192560701	76.1955
chr7	77641999	0.3997201958619644	76.1975
chr7	77652006	1.9205863307234627	76.2015
chr7	77719954	0.20188496807035647	76.332
chr7	77814067	0.0373130847659929	76.351
chr7	78350072	0.2040092247649116	76.371
chr7	78406442	0.0	76.3825
chr7	78429656	0.4419619348531696	76.3825
chr7	78482828	0.0	76.406
chr7	78690127	0.0	76.406
chr7	78733017	0.0	76.406
chr7	78784489	0.09523356030643011	76.406
chr7	78805490	0.0	76.408
chr7	78822466	0.0868394772261447	76.408
chr7	78845497	0.0	76.41
chr7	78864968	0.022335138757156175	76.41
chr7	78954513	0.0	76.412
chr7	78976341	0.22909984587819554	76.412
chr7	79000348	0.01212565084429804	76.4175
chr7	79825046	0.0	76.4275
chr7	79859428	0.0515804636128776	76.4275
chr7	80121155	0.041026843277488	76.441
chr7	80206465	0.0	76.4445
chr7	80260732	0.022298284146982917	76.4445
chr7	80350425	0.07669495858472528	76.4465
chr7	80428657	0.4472788134126784	76.4525
chr7	80463311	0.0696027423478863	76.468
chr7	80520780	0.43336139864326945	76.472
chr7	80561162	0.2514932411190055	76.4895
chr7	80592972	0.2962132735568964	76.4975
chr7	80717882	1.1039310716211908	76.5345
chr7	80755022	0.7008183750054642	76.5755
chr7	80799256	1.3200476920459	76.6065
chr7	80810998	0.4587013310113004	76.622
chr7	80875310	1.5083150702589947	76.6515
chr7	80914095	0.5012684537091289	76.71
chr7	81077680	2.4123512383403938	76.792
chr7	81102552	0.037774336115954724	76.852
chr7	81155498	0.5503490785583462	76.854
chr7	81187296	4.3827443781551745	76.8715
chr7	81209086	1.3034516207257971	76.967
chr7	81258570	2.0798102902015536	77.0315
chr7	81310017	0.401634235856389	77.1385
chr7	81382222	1.0116627536314353	77.1675
chr7	81434611	0.05558489202621769	77.2205
chr7	81470592	1.9879251951116004	77.2225
chr7	81490965	0.26912467200415685	77.263
chr7	81550417	1.9045793255205028	77.279
chr7	81670391	0.5216717343353159	77.5075
chr7	81703937	6.804164897999794	77.525
chr7	81784035	0.18994254238116193	78.07
chr7	81805094	0.15975953231885184	78.074
chr7	81889596	0.0	78.0875
chr7	81919663	0.05123300771886575	78.0875
chr7	81948941	0.29497654936426687	78.089
chr7	82016743	0.0	78.109
chr7	82044933	0.6471561084346258	78.109
chr7	82128375	0.06953297021671373	78.163
chr7	82214665	0.7121628918490469	78.169
chr7	82449864	1.079692327091612	78.3365
chr7	82513308	0.12304474214429403	78.405
chr7	82578325	0.1525097805185076	78.413
chr7	82653730	0.0	78.4245
chr7	82675975	0.0	78.4245
chr7	82693734	0.6516464471405373	78.4245
chr7	82765859	0.09267349802706834	78.4715
chr7	82803626	0.4797121726964004	78.475
chr7	82828641	3.0628756356915594	78.487
chr7	82854597	0.38328861632808847	78.5665
chr7	83303345	2.7376009490350994	78.7385
chr7	83325262	0.016547798315395566	78.7985
chr7	83446124	10.559424848349085	78.8005
chr7	83459477	0.1964917294844	78.9415
chr7	83487468	0.03655438378439016	78.947
chr7	83542181	0.14527548820214287	78.949
chr7	83607574	0.5379627206375024	78.9585
chr7	83676352	1.6857089342568832	78.9955
chr7	83703047	0.8247756125172141	79.0405
chr7	83764882	0.9343945123560808	79.0915
chr7	83810366	2.8174514617272677	79.134
chr7	83828290	1.5320722226443986	79.1845
chr7	83867779	0.02881034867717772	79.245
chr7	84006618	0.0	79.249
chr7	84035626	0.5482585422219076	79.249
chr7	84120440	0.6899195093905973	79.2955
chr7	84146530	0.8802131206281414	79.3135
chr7	84210719	0.0	79.37
chr7	84244611	0.06892630055297293	79.37
chr7	84302644	0.4374654632530267	79.374
chr7	84324360	1.8723362321698804	79.3835
chr7	84364951	0.16916346698549894	79.4595
chr7	84492047	0.13265825023768438	79.481
chr7	84537276	1.8265851160989264	79.487
chr7	84609542	4.8463939543286925	79.619
chr7	84615629	1.3679355897755252	79.6485
chr7	84654008	0.47307498741847476	79.701
chr7	84703683	1.6141452434542773	79.7245
chr7	84737447	0.7385681909079196	79.779
chr7	84924972	0.0	79.9175
chr7	84947739	0.8162685878552058	79.9175
chr7	84975916	0.08636790568619912	79.9405
chr7	85068543	2.220029600394756	79.9485
chr7	85076651	1.2534776361245168	79.9665
chr7	85109360	0.8926180487370396	80.0075
chr7	85187781	2.043164618584587	80.0775
chr7	85255568	0.0	80.216
chr7	85328472	0.0	80.216
chr7	85352911	0.1496753914948788	80.216
chr7	85406360	0.0	80.224
chr7	85427416	0.0681266736889075	80.224
chr7	85618237	0.2752419835772387	80.237
chr7	85640036	0.16307893020237854	80.243
chr7	85686026	0.496259536330696	80.2505
chr7	85753531	0.9678230266465332	80.284
chr7	85793311	3.4047564191177218	80.3225
chr7	85832374	0.7219536694078766	80.4555
chr7	85848303	0.8433687678971947	80.467
chr7	85873796	5.687457057790706	80.4885
chr7	85886895	0.16771019677981167	80.563
chr7	85931615	0.5058711714750168	80.5705
chr7	85996849	0.062488283447152085	80.6035
chr7	86028855	0.04576659038890936	80.6055
chr7	86072555	0.14441823520917121	80.6075
chr7	86114101	0.3566333808845188	80.6135
chr7	86157563	0.10015022533777361	80.629
chr7	86197503	0.0	80.633
chr7	86219716	0.03988751720168225	80.633
chr7	86269857	0.6016217630132392	80.635
chr7	86288972	1.7423337315808738	80.6465
chr7	86309060	2.5021294718908136	80.6815
chr7	86327844	1.2323603324960406	80.7285
chr7	86348536	0.8545756421524707	80.754
chr7	86389492	0.0	80.789
chr7	86401731	0.1551831160770817	80.789
chr7	86424285	0.18409782376998873	80.7925
chr7	86475888	2.440725244072066	80.802
chr7	86501700	0.2657236882448997	80.865
chr7	86550623	0.045278576441451154	80.878
chr7	86594794	0.0	80.88
chr7	86623643	0.0	80.88
chr7	86656052	0.5656474238799629	80.88
chr7	86686990	0.0	80.8975
chr7	86746286	0.2210433244916087	80.8975
chr7	86773430	0.8329119195645377	80.9035
chr7	86874281	0.1754484462286001	80.9875
chr7	87016773	0.01874273718929545	81.0125
chr7	87123481	0.3081189339085916	81.0145
chr7	87175409	0.18674136321195853	81.0305
chr7	87207539	1.6880569967479542	81.0365
chr7	87247822	0.12125131355578657	81.1045
chr7	87309677	0.5972377752894865	81.112
chr7	87336467	0.0	81.128
chr7	87374896	0.03901068892881416	81.128
chr7	87477432	0.0	81.132
chr7	87492472	0.08372404554568566	81.132
chr7	87516360	0.6288144997224304	81.134
chr7	87543395	0.8103727714749789	81.151
chr7	87577330	0.08950748506354782	81.1785
chr7	87622019	0.8184161036427708	81.1825
chr7	87650733	0.0	81.206
chr7	87719056	0.4591368227733183	81.206
chr7	87739747	0.0	81.2155
chr7	87757640	1.278380036816909	81.2155
chr7	87777196	0.0	81.2405
chr7	87795031	0.2647330683011204	81.2405
chr7	87906464	0.0	81.27
chr7	87932452	0.0	81.27
chr7	87935024	0.04532303996736913	81.27
chr7	88067407	0.6315829463107473	81.276
chr7	88172698	0.0	81.3425
chr7	88213056	0.32274722437357684	81.3425
chr7	88236294	0.3132281599756372	81.35
chr7	88367189	0.0	81.391
chr7	88404445	0.1796582002738792	81.391
chr7	88448974	0.029319207990323712	81.399
chr7	88500135	0.14594634039552012	81.4005
chr7	88541246	0.0	81.4065
chr7	88600627	0.823260110035963	81.4065
chr7	88650429	11.106752316971583	81.4475
chr7	88670822	1.4005072107192524	81.674
chr7	88697241	0.0	81.711
chr7	88712394	0.7677769903142271	81.711
chr7	88763190	4.1152263374484805	81.75
chr7	88843866	0.3258110981549739	82.082
chr7	88873024	3.8921133492661086	82.0915
chr7	88887669	10.618262111962533	82.1485
chr7	88903067	0.9576850542196741	82.312
chr7	88970939	0.0	82.377
chr7	89023136	1.4376513317195414	82.377
chr7	89029744	0.4690231526883732	82.3865
chr7	89100103	0.04038119851387778	82.4195
chr7	89149631	0.0	82.4215
chr7	89173248	0.0	82.4215
chr7	89189894	0.3085989607183976	82.4215
chr7	89240121	0.05390448125926179	82.437
chr7	89379256	0.0	82.4445
chr7	89387381	0.0	82.4445
chr7	89414420	0.0	82.4445
chr7	89430642	0.0	82.4445
chr7	89503338	0.0	82.4445
chr7	89580378	0.0	82.4445
chr7	89602164	0.0	82.4445
chr7	89628760	0.31979315506563954	82.4445
chr7	89702245	0.6287912413077343	82.468
chr7	89742799	0.611756854457506	82.4935
chr7	89796742	0.1622191580827678	82.5265
chr7	89821400	0.16864259574668033	82.5305
chr7	89880697	0.0247224900493158	82.5405
chr7	89961595	0.9928343261674926	82.5425
chr7	89984761	0.01717313091932354	82.5655
chr7	90101222	0.0	82.5675
chr7	90190395	0.0	82.5675
chr7	90222188	0.0	82.5675
chr7	90234248	0.0	82.5675
chr7	90262588	0.04809542131612037	82.5675
chr7	90304172	0.0	82.5695
chr7	90355671	0.0	82.5695
chr7	90380507	0.10205256492109836	82.5695
chr7	90571585	0.0	82.589
chr7	90619801	0.0	82.589
chr7	90664160	0.9976720984370182	82.589
chr7	90697237	0.0	82.622
chr7	90742918	0.0	82.622
chr7	90822614	0.359712230214989	82.622
chr7	90828174	0.3875000000000739	82.624
chr7	90948174	0.08480685239347575	82.6705
chr7	90971757	0.013460671283645545	82.6725
chr7	91120338	0.28159382102721414	82.6745
chr7	91170055	1.2947156420831027	82.6885
chr7	91190909	0.7617086978896949	82.7155
chr7	91239484	0.85361496009859	82.7525
chr7	91264671	0.3757683119949484	82.774
chr7	91301928	0.1438331535425782	82.788
chr7	91315833	0.0923020121838691	82.79
chr7	91380837	0.09698823019298324	82.796
chr7	91556116	0.07510044684748372	82.813
chr7	91609378	0.0	82.817
chr7	91652131	0.07467448712220888	82.817
chr7	91725784	0.2949728203614638	82.8225
chr7	91773246	0.22380663107076335	82.8365
chr7	91867077	0.8968756115059783	82.8575
chr7	91928401	0.8321952884947015	82.9125
chr7	91951833	0.09160025648050467	82.932
chr7	91973667	0.7677828412920029	82.934
chr7	91993855	2.019257549834908	82.9495
chr7	92044121	0.7201294748252269	83.051
chr7	92111470	8.396543265783487	83.0995
chr7	92137969	6.130025613721871	83.322
chr7	92172716	3.2874391588458622	83.535
chr7	92247090	5.558575028410354	83.7795
chr7	92267329	0.8577184688729252	83.892
chr7	92317462	2.7669386307202184	83.935
chr7	92331557	0.49390846229833946	83.974
chr7	92355853	0.43319909509524	83.986
chr7	92418180	0.12346441138313098	84.013
chr7	92434379	3.048092120116989	84.015
chr7	92447666	23.83508696585799	84.0555
chr7	92466294	1.5031917993272312	84.4995
chr7	92541800	1.253132832080248	84.613
chr7	92558558	3.069445858935646	84.634
chr7	92735300	0.0	85.1765
chr7	92749262	0.0	85.1765
chr7	92797479	0.0	85.1765
chr7	92809231	0.15626220798500476	85.1765
chr7	92847628	1.0533272749801255	85.1825
chr7	92871837	1.4059392359919354	85.208
chr7	92900999	0.20075944429783862	85.249
chr7	92988168	2.0048512449883	85.2665
chr7	93008369	0.4051969780148735	85.307
chr7	93046622	0.0	85.3225
chr7	93068811	0.22656287929046645	85.3225
chr7	93130604	1.3669064748205364	85.3365
chr7	93137554	0.1336862650730048	85.346
chr7	93212356	2.777998253829962	85.356
chr7	93237554	0.0	85.426
chr7	93276177	0.0	85.426
chr7	93291167	0.8833922261484434	85.426
chr7	93335315	0.16827752847768065	85.465
chr7	93451195	1.765316718587912	85.4845
chr7	93475270	5.421675823677535	85.527
chr7	93530419	0.15245064410415765	85.826
chr7	93556657	2.5330321078934097	85.83
chr7	93585871	0.4078994766172853	85.904
chr7	93680257	4.574132492113631	85.9425
chr7	93702447	0.506735357459586	86.044
chr7	93726128	0.0	86.056
chr7	93744624	5.386812045690447	86.056
chr7	93767736	0.40427252223510485	86.1805
chr7	93791235	0.0	86.19
chr7	93817315	0.0	86.19
chr7	93863399	0.6812983600173145	86.19
chr7	93883948	1.3656335352102094	86.204
chr7	93900790	0.06799483239257968	86.227
chr7	93930204	0.09500961972411316	86.229
chr7	93972305	0.019315087014421986	86.233
chr7	94075851	0.0	86.235
chr7	94104887	0.0294264779447862	86.235
chr7	94172853	0.0	86.237
chr7	94172854	0.07603695395998744	86.237
chr7	94199157	0.4445863067416072	86.239
chr7	94243018	2.882698421251127	86.2585
chr7	94280136	0.39392934151598813	86.3655
chr7	94497180	0.0	86.451
chr7	94503796	2.7052238805980013	86.451
chr7	94514516	0.11510791366879648	86.48
chr7	94531891	0.0	86.482
chr7	94570644	0.6142506142506375	86.482
chr7	94609716	2.8738240009679905	86.506
chr7	94642773	0.752445447705961	86.601
chr7	94648089	0.34477589566775796	86.605
chr7	94714799	0.44563279857372806	86.628
chr7	94732751	0.26771580221617625	86.636
chr7	94775707	0.08613635384824687	86.6475
chr7	94822145	1.6992090954030779	86.6515
chr7	94854513	1.9051226631608578	86.7065
chr7	94899392	4.052470542282326	86.792
chr7	94930114	2.2823984526111216	86.9165
chr7	94943039	2.659366445052712	86.946
chr7	94994179	0.0	87.082
chr7	95024992	0.0	87.082
chr7	95042866	0.4387700672782159	87.082
chr7	95100983	0.28416356454789904	87.1075
chr7	95136174	2.1691973969628515	87.1175
chr7	95149543	4.11441144114375	87.1465
chr7	95172268	0.8580779054918256	87.24
chr7	95197324	0.0	87.2615
chr7	95211457	3.3646346312666147	87.2615
chr7	95276843	0.6543432030101972	87.4815
chr7	95301295	1.948841422713825	87.4975
chr7	95385191	2.162287840036952	87.661
chr7	95406696	0.48238670096991504	87.7075
chr7	95447120	0.0	87.727
chr7	95472972	5.368458108425039	87.727
chr7	95490016	0.8838908742796266	87.8185
chr7	96014402	0.34205575508809233	88.282
chr7	96031943	1.9728430983556193	88.288
chr7	96077309	0.0	88.3775
chr7	96081801	0.12806010287495417	88.3775
chr7	96128654	0.6741228742148255	88.3835
chr7	96226559	0.3570918440224652	88.4495
chr7	96254563	3.1387710983616453	88.4595
chr7	96278617	0.0	88.535
chr7	96334585	0.0	88.535
chr7	96355215	0.283871220352552	88.535
chr7	96457374	0.0	88.564
chr7	96549425	0.2445211969315578	88.564
chr7	96582142	0.8587119321016905	88.572
chr7	96632217	0.13964530093579416	88.615
chr7	96660861	0.0	88.619
chr7	96694364	0.06036278030952038	88.619
chr7	96727497	0.0	88.621
chr7	96731838	0.9839993154785717	88.621
chr7	96743525	0.09261617541514942	88.6325
chr7	96786714	0.8723393649368574	88.6365
chr7	96806775	0.1282374792648514	88.654
chr7	97048514	4.029972923618976	88.685
chr7	97064395	0.0	88.749
chr7	97068300	4.391774137330247	88.749
chr7	97082645	2.2118184834298766	88.812
chr7	97109772	0.11896972220542139	88.872
chr7	97126583	3.1101176013221483	88.874
chr7	97147161	3.403266305588443	88.938
chr7	97195350	0.0	89.102
chr7	97247184	1.2208483330725146	89.102
chr7	97279129	0.08070077619470661	89.141
chr7	97347282	0.0	89.1465
chr7	97394296	0.0	89.1465
chr7	97427849	0.0	89.1465
chr7	97442733	0.0	89.1465
chr7	97482101	3.721991077246943	89.1465
chr7	97521999	2.6459026307829294	89.295
chr7	97528613	0.6805979178745437	89.3125
chr7	97568284	0.5896226415101546	89.3395
chr7	97575068	0.0	89.3435
chr7	97584287	0.0	89.3435
chr7	97617907	1.7998560115190785	89.3435
chr7	97652632	4.346571438877204	89.406
chr7	97680355	0.7535649418402729	89.5265
chr7	97732109	0.09819806549788083	89.5655
chr7	97752476	1.9746492646785683	89.5675
chr7	97779063	6.120356970574136	89.62
chr7	97795647	2.3311991064817756	89.7215
chr7	97872646	9.644970414201829	89.901
chr7	97881096	0.6024096385542758	89.9825
chr7	97946666	0.0	90.022
chr7	97954258	0.0	90.022
chr7	97973860	0.0	90.022
chr7	97991041	0.6264657692676336	90.022
chr7	98022168	2.648458976823132	90.0415
chr7	98066911	0.0670391061455715	90.16
chr7	98089286	1.9770151892628858	90.1615
chr7	98151501	3.4236722481155355	90.2845
chr7	98186259	1.3465612126503004	90.4035
chr7	98280202	0.03130429338376464	90.53
chr7	98344091	1.085969917012566	90.532
chr7	98374939	1.8750794525192456	90.5655
chr7	98469335	5.177721802406806	90.7425
chr7	98483627	4.573602622738476	90.8165
chr7	98508334	0.9409261986581285	90.9295
chr7	98618332	2.2671956789916927	91.033
chr7	98648325	0.7861130719374735	91.101
chr7	98710657	2.261079288511661	91.15
chr7	98713974	1.2782694198628546	91.1575
chr7	98729229	0.5242862941411427	91.177
chr7	98758793	4.028925619836332	91.1925
chr7	98763633	0.7295901823351265	91.212
chr7	98843815	0.08641548565513499	91.2705
chr7	98890103	0.12031625988320734	91.2745
chr7	98919193	2.507147569825729	91.278
chr7	98941928	0.018644541810474036	91.335
chr7	99049198	0.0	91.337
chr7	99073236	0.0	91.337
chr7	99085708	0.11342645104846553	91.337
chr7	99116565	3.9093405314836405	91.3405
chr7	99138052	1.9685039370081654	91.4245
chr7	99159896	1.5655002874160697	91.4675
chr7	99241659	7.10799159154881	91.5955
chr7	99269726	3.024341545056653	91.795
chr7	99303783	0.28876934754637473	91.898
chr7	99424987	0.49901708755462026	91.933
chr7	99491117	3.9308352184917137	91.966
chr7	99535764	1.8037625592559752	92.1415
chr7	99569305	3.076258435502934	92.202
chr7	99636432	0.21337885415556127	92.4085
chr7	99664551	0.5204217343536367	92.4145
chr7	99716432	0.6397952655146806	92.4415
chr7	99741440	1.4224098375702448	92.4575
chr7	99774131	1.5573383671541534	92.504
chr7	99837701	10.745755426607406	92.603
chr7	99847007	0.22382249902682108	92.703
chr7	99949767	5.344493169168547	92.726
chr7	99997199	3.6757440417374325	92.9795
chr7	100073102	4.205647583898943	93.2585
chr7	100084753	0.4711240233991777	93.3075
chr7	100110224	1.2397832675175078	93.3195
chr7	100142891	1.0990544642543558	93.36
chr7	100171552	0.46333477481975593	93.3915
chr7	100187739	1.6836548962507345	93.399
chr7	100209715	0.3503018558544909	93.436
chr7	100276800	0.717932354818151	93.4595
chr7	100314408	0.41476878525518385	93.4865
chr7	100380710	0.14287230481600738	93.514
chr7	100503197	1.0975005310488533	93.5315
chr7	100545566	1.081081081081122	93.578
chr7	100576091	0.0	93.611
chr7	100621452	0.3349567734616449	93.611
chr7	100825956	1.8015421200541524	93.6795
chr7	100839833	0.3052202508714128	93.7045
chr7	100890616	0.7914523149980514	93.72
chr7	100905778	0.1905669366365008	93.732
chr7	100937263	0.24819826445053328	93.738
chr7	100991655	1.085584916864781	93.7515
chr7	101045543	0.1289959424912128	93.81
chr7	101088180	0.5768095723561514	93.8155
chr7	101125454	0.5986590038313593	93.837
chr7	101154686	0.0	93.8545
chr7	101155361	1.905833666097756	93.8545
chr7	101182908	0.8277107527151735	93.907
chr7	101222777	1.0706018518520295	93.94
chr7	101257337	0.0	93.977
chr7	101284557	2.4152158599175717	93.977
chr7	101314368	0.10627204314639062	94.049
chr7	101464925	1.3510878346381092	94.065
chr7	101500822	0.26975506240309244	94.1135
chr7	101528625	2.069821995308482	94.121
chr7	101550366	2.194072761073074	94.166
chr7	101596627	0.8309412297930515	94.2675
chr7	101636341	3.0508474576272344	94.3005
chr7	101659941	2.4817224495265897	94.3725
chr7	101674850	1.8054375531011728	94.4095
chr7	101703098	0.34395548811350773	94.4605
chr7	101752523	1.849050260547265	94.4775
chr7	101770370	1.13934447947872	94.5105
chr7	101808111	2.8002678517075164	94.5535
chr7	101840965	2.45015397756636	94.6455
chr7	101885452	1.667161486285893	94.7545
chr7	101973026	0.0	94.9005
chr7	102031354	2.5943286227322746	94.9005
chr7	102117118	1.1762948579110941	95.123
chr7	102170676	0.3108003107995865	95.186
chr7	102177111	0.0	95.188
chr7	102182548	2.163841402097269	95.188
chr7	102238236	4.414314992905583	95.3085
chr7	102269951	2.975004060179386	95.4485
chr7	102337682	0.10416074844228244	95.65
chr7	102390485	0.0918737654462803	95.6555
chr7	102455792	0.7312079555424851	95.6615
chr7	102479725	0.21414755457312734	95.679
chr7	102552105	4.09499162734019	95.6945
chr7	102584950	0.10829542993298918	95.829
chr7	102658822	1.1166881561979647	95.837
chr7	102702254	0.7712633965099265	95.8855
chr7	102851360	0.3335088643146473	96.0005
chr7	102879845	3.676834703377204	96.01
chr7	102920233	0.2255674802925902	96.1585
chr7	102962349	0.0	96.168
chr7	103002983	1.1703811156534016	96.168
chr7	103033315	0.42640892616020376	96.2035
chr7	103061457	0.0	96.2155
chr7	103081537	0.0	96.2155
chr7	103109678	0.0	96.2155
chr7	103132434	0.0	96.2155
chr7	103151323	3.1192660550451206	96.2155
chr7	103164948	2.7493185449761355	96.258
chr7	103207504	0.07447048024801504	96.375
chr7	103496209	0.0	96.3965
chr7	103561166	1.528951435241333	96.3965
chr7	103591579	0.6380402892448778	96.443
chr7	103683266	0.4809955584668058	96.5015
chr7	103732123	1.0395051638014166	96.525
chr7	103984166	0.31833616298799045	96.787
chr7	104087830	8.631831610044859	96.82
chr7	104098662	3.153792435403586	96.9135
chr7	104143053	0.5708335997223465	97.0535
chr7	104252542	0.06434023114224471	97.116
chr7	104376881	0.7920135563251745	97.124
chr7	104404027	0.24717126222138522	97.1455
chr7	104458645	0.0	97.159
chr7	104480447	0.5646965033105357	97.159
chr7	104525604	5.329894023681345	97.1845
chr7	104557781	2.5752483927531333	97.356
chr7	104585157	0.23267036641274882	97.4265
chr7	104701201	0.8343868520859988	97.4535
chr7	104740751	1.3986572890024214	97.4865
chr7	104803311	0.06521987249522898	97.574
chr7	104864642	0.16219284729505629	97.578
chr7	104876973	0.3034717164361834	97.58
chr7	104909925	0.3939130074222635	97.59
chr7	104934042	0.0	97.5995
chr7	104935373	0.43727528908756885	97.5995
chr7	104976537	3.769342679538947	97.6175
chr7	104984098	1.919946575399615	97.646
chr7	105032016	0.15682338550332647	97.738
chr7	105095782	1.3065471196027671	97.748
chr7	105137495	0.19444849545500406	97.8025
chr7	105158066	0.0	97.8065
chr7	105165335	5.9370160041291005	97.8065
chr7	105167272	2.5062656641616834	97.818
chr7	105171262	1.53262297474827	97.828
chr7	105184964	0.03601916219420342	97.849
chr7	105240490	0.21869077124946154	97.851
chr7	105267926	0.18867924528294477	97.857
chr7	105297076	0.04531345583092529	97.8625
chr7	105341213	0.48765561951375686	97.8645
chr7	105393504	4.385771587252883	97.89
chr7	105416191	0.7024063080613018	97.9895
chr7	105438258	0.16665277893588448	98.005
chr7	105450259	1.295678144764527	98.007
chr7	105473027	0.08367734017588706	98.0365
chr7	105490953	0.44559308439555817	98.038
chr7	105535837	0.4989340953415739	98.058
chr7	105557884	0.11590470057946689	98.069
chr7	105674359	0.7206233391886385	98.0825
chr7	105696562	0.8086679475643272	98.0985
chr7	105778796	0.0	98.165
chr7	105789903	0.0	98.165
chr7	105810038	2.9293733173034124	98.165
chr7	105869095	0.9262457220008746	98.338
chr7	105932793	0.4331570308220189	98.397
chr7	105954725	0.0	98.4065
chr7	105990032	0.0	98.4065
chr7	106020333	6.004574914221941	98.4065
chr7	106025579	0.4496111995238054	98.438
chr7	106180157	0.13976240391401465	98.5075
chr7	106194467	0.0	98.5095
chr7	106207252	0.10031599538523042	98.5095
chr7	106227189	0.20845819110393116	98.5115
chr7	106265566	0.6893646355942201	98.5195
chr7	106291677	0.0	98.5375
chr7	106301845	0.21530720939198897	98.5375
chr7	106345968	0.33249882647483536	98.547
chr7	106422660	0.36751194413732796	98.5725
chr7	106433544	0.5916054303152776	98.5765
chr7	106465660	1.5238436715669277	98.5955
chr7	106499128	0.7590597453478432	98.6465
chr7	106519548	7.7423197180997425	98.662
chr7	106539697	3.6157685908101733	98.818
chr7	106555323	0.12401997260774172	98.8745
chr7	106648050	5.386760338958489	98.886
chr7	106703278	5.217909854395665	99.1835
chr7	106723401	0.5104459109634956	99.2885
chr7	106750828	0.2885188723400272	99.3025
chr7	106906797	8.068459657702016	99.3475
chr7	106910887	9.000419511079066	99.3805
chr7	106937108	5.081541006853804	99.6165
chr7	106949801	5.29661016949134	99.681
chr7	106968209	2.5978884362789922	99.7785
chr7	106992267	0.0	99.841
chr7	107004857	0.0	99.841
chr7	107017794	0.0	99.841
chr7	107059627	0.4819869201982398	99.841
chr7	107112533	0.0	99.8665
chr7	107121033	0.0735267085767192	99.8665
chr7	107148234	1.537447836591317	99.8685
chr7	107161893	1.3987384626350692	99.8895
chr7	107218015	1.4558478703393485	99.968
chr7	107256824	0.1432305654023231	100.0245
chr7	107284751	2.0097616996842564	100.0285
chr7	107336996	0.28358738036141673	100.1335
chr7	107365206	0.05549697541510488	100.1415
chr7	107401244	1.5083172924984882	100.1435
chr7	107436051	1.1568469195589552	100.196
chr7	107454636	0.16915352017383156	100.2175
chr7	107510798	6.609155419507364	100.227
chr7	107532359	0.9509411879446812	100.3695
chr7	107552865	2.411289217701276	100.389
chr7	107589360	0.0	100.477
chr7	107611784	3.0844251219079304	100.477
chr7	107628805	0.18341892883346256	100.5295
chr7	107661517	0.9875035909222712	100.5355
chr7	107689365	0.20325203252024537	100.563
chr7	107716425	0.814967046984485	100.5685
chr7	107730536	1.2119113573408293	100.58
chr7	107768080	0.5988023952094802	100.6255
chr7	107787285	0.9247106550532727	100.637
chr7	107804047	6.4216683621566055	100.6525
chr7	107819775	2.8845227113135437	100.7535
chr7	107892404	19.818497264114875	100.963
chr7	107899897	0.0	101.1115
chr7	107915362	0.16806722689076267	101.1115
chr7	107951062	1.080861264500654	101.1175
chr7	107997784	1.5525758645018604	101.168
chr7	108019039	11.039215686274835	101.201
chr7	108044539	0.3706678198554536	101.4825
chr7	108076913	3.413865546217373	101.4945
chr7	108082625	0.19659884006778233	101.514
chr7	108092798	0.1880141010574751	101.516
chr7	108135348	2.4933119315142225	101.524
chr7	108182073	0.0	101.6405
chr7	108190681	0.9973695747480074	101.6405
chr7	108236301	2.039151712885584	101.686
chr7	108239979	0.6490201068972732	101.6935
chr7	108279269	3.6296900489395854	101.719
chr7	108291529	9.942794878780001	101.7635
chr7	108313555	1.0627766130910499	101.9825
chr7	108416587	4.321497385081494	102.092
chr7	108434752	2.939700293969801	102.1705
chr7	108462646	0.10649910807010006	102.2525
chr7	108500205	0.0	102.2565
chr7	108516875	0.0	102.2565
chr7	108542994	0.0	102.2565
chr7	108566266	0.5692992443844156	102.2565
chr7	108575927	0.7662835249042436	102.262
chr7	108626822	1.513977888881289	102.301
chr7	108641023	0.0	102.3225
chr7	108689672	0.3196511704149504	102.3225
chr7	108750676	2.480439487264873	102.342
chr7	108780711	0.4138094112086192	102.4165
chr7	108789169	1.2390068509787602	102.42
chr7	108809750	3.211897219289313	102.4455
chr7	108821114	3.04338202744615	102.482
chr7	108839186	5.380677486112622	102.537
chr7	108885091	24.42593994448623	102.784
chr7	108904906	18.256333830104662	103.268
chr7	108918326	0.30549898166978323	103.513
chr7	108942876	2.4007793834519453	103.5205
chr7	108985987	0.23856858846919396	103.624
chr7	109011137	6.048834628191391	103.63
chr7	109029157	0.0	103.739
chr7	109047374	1.4981203707150161	103.739
chr7	109101108	1.5188335358439535	103.8195
chr7	109117568	0.777461522243273	103.8445
chr7	109155512	16.15414558193957	103.874
chr7	109165788	2.015135909721351	104.04
chr7	109188119	0.18387986515477253	104.085
chr7	109286009	0.3122212310439341	104.103
chr7	109297219	0.6313856044082434	104.1065
chr7	109349485	0.30534351145039323	104.1395
chr7	109388785	5.118438281156918	104.1515
chr7	109405587	8.332000639693188	104.2375
chr7	109436852	11.8063014679555	104.498
chr7	109492712	2.791120342724027	105.1575
chr7	109508118	1.2756108466371214	105.2005
chr7	109546139	1.1109388725263878	105.249
chr7	109565492	2.231297099313656	105.2705
chr7	109612998	5.5362912759083835	105.3765
chr7	109638376	1.6113376043486394	105.517
chr7	109664131	7.521386109902969	105.5585
chr7	109719307	7.928808002408814	105.9735
chr7	109779089	1.707723530285228	106.4475
chr7	109839696	0.3715794781961354	106.551
chr7	109877373	1.1001445904317781	106.565
chr7	109893280	0.0	106.5825
chr7	109946021	0.11428571428625998	106.5825
chr7	109963521	0.09189065012613548	106.5845
chr7	110007051	0.0	106.5885
chr7	110009581	0.0	106.5885
chr7	110017502	0.48477315102567664	106.5885
chr7	110057727	2.8750126097045374	106.608
chr7	110077553	0.0	106.665
chr7	110088932	5.564941439693126	106.665
chr7	110176534	0.11194134273614524	107.1525
chr7	110212267	0.0	107.1565
chr7	110249512	0.14580447619811546	107.1565
chr7	110263229	0.0	107.1585
chr7	110378434	0.17557207233570046	107.1585
chr7	110412608	0.5074574177035596	107.1645
chr7	110435270	0.0	107.176
chr7	110469471	0.050798811307697006	107.176
chr7	110508842	0.0	107.178
chr7	110525738	0.0	107.178
chr7	110575707	0.0	107.178
chr7	110592380	0.09656704166868214	107.178
chr7	110654513	0.0	107.184
chr7	110664165	0.0	107.184
chr7	110697419	0.0	107.184
chr7	110714271	0.5692223927138577	107.184
chr7	110734474	0.7385308354904218	107.1955
chr7	110802853	5.533723634614052	107.246
chr7	110827791	0.0	107.384
chr7	110840795	0.6180962635085121	107.384
chr7	110865872	0.43649550073870125	107.3995
chr7	110955220	0.0	107.4385
chr7	110972131	7.862580128204952	107.4385
chr7	110992099	0.0	107.5955
chr7	111047679	0.19403347077394562	107.5955
chr7	111068294	0.0	107.5995
chr7	111088111	2.2311005032947264	107.5995
chr7	111126657	0.0	107.6855
chr7	111157815	0.258799171842047	107.6855
chr7	111173271	3.1149677378341116	107.6895
chr7	111236193	10.281487903335247	107.8855
chr7	111273104	4.475338030850985	108.265
chr7	111283606	1.575396629268988	108.312
chr7	111364538	15.951460586192084	108.4395
chr7	111384975	12.199142762940664	108.7655
chr7	111415305	4.084967320262699	109.1355
chr7	111423873	10.194558116160234	109.1705
chr7	111437802	4.078382161301147	109.3125
chr7	111479240	0.033863293882757654	109.4815
chr7	111538301	1.5509601181680988	109.4835
chr7	111558611	1.1572114027659277	109.515
chr7	111594041	0.4080957940304767	109.556
chr7	111690832	1.843280219555225	109.5955
chr7	111715245	4.725510935207633	109.6405
chr7	111773863	4.425682576427978	109.9175
chr7	111788550	0.0	109.9825
chr7	111804212	1.6915137614678182	109.9825
chr7	111821652	9.445139208846381	110.012
chr7	111836845	7.656330087134941	110.1555
chr7	111852453	0.8075759121357311	110.275
chr7	111911271	0.6862586791537182	110.3225
chr7	111948429	0.2768549280177292	110.348
chr7	111991773	0.0	110.36
chr7	112013868	0.4920614092638948	110.36
chr7	112044352	1.5143031660388855	110.375
chr7	112083644	2.181899368771473	110.4345
chr7	112132913	2.9366522164733317	110.542
chr7	112154366	7.150377259168131	110.605
chr7	112177162	2.2028920018075846	110.768
chr7	112194866	2.6942711287578405	110.807
chr7	112233652	1.047279928403995	110.9115
chr7	112286169	2.6453160270886373	110.9665
chr7	112300345	8.594603681600232	111.004
chr7	112324139	3.47822027172139	111.2085
chr7	112345558	0.06266645777832802	111.283
chr7	112377473	6.370854142655848	111.285
chr7	112408709	0.04105258836589248	111.484
chr7	112457427	4.204347136284093	111.486
chr7	112495245	4.804656398429485	111.645
chr7	112531668	0.10301313417509914	111.82
chr7	112551083	0.0	111.822
chr7	112575006	1.1731581417164365	111.822
chr7	112583530	43.364886586890975	111.832
chr7	112611525	1.9323144104802674	113.046
chr7	112657325	0.11524056467849834	113.1345
chr7	112674680	9.411981114722433	113.1365
chr7	112690989	0.873037563389972	113.29
chr7	112756851	6.85349312856588	113.3475
chr7	112784720	1.1282187417043168	113.5385
chr7	112829924	10.328397816712437	113.5895
chr7	112863085	2.7156290531779863	113.932
chr7	112875421	5.498297086125145	113.9655
chr7	112920344	2.7772133035288777	114.2125
chr7	112935107	0.5109943630933758	114.2535
chr7	112997730	0.44172863137747387	114.2855
chr7	113011313	3.883611160900862	114.2915
chr7	113028050	0.06074227054636305	114.3565
chr7	113060976	0.03249865943022276	114.3585
chr7	113122517	0.04736642667666112	114.3605
chr7	113164741	0.0	114.3625
chr7	113184190	0.9235424731287859	114.3625
chr7	113235081	0.24582104228122859	114.4095
chr7	113259489	0.0	114.4155
chr7	113296814	2.9781601588353213	114.4155
chr7	113317968	0.0	114.4785
chr7	113326066	0.0	114.4785
chr7	113335066	11.227735368957019	114.4785
chr7	113366506	0.5820721769496192	114.8315
chr7	113393994	22.753397795658998	114.8475
chr7	113408783	7.2655378196111045	115.184
chr7	113450005	0.03505143798516165	115.4835
chr7	113507064	6.422160321881647	115.4855
chr7	113519988	1.4562131762183497	115.5685
chr7	113549860	1.764187003822472	115.612
chr7	113553261	0.1340572424426868	115.618
chr7	113583099	0.0	115.622
chr7	113612765	0.23331324247079607	115.622
chr7	113664198	0.7421499351925195	115.634
chr7	113712032	0.4230789571101362	115.6695
chr7	113730941	3.7259422076880395	115.6775
chr7	113749594	0.3057240957621496	115.747
chr7	113834638	2.608221737776677	115.773
chr7	113847482	1.1042245494053542	115.8065
chr7	113861519	7.742519112403909	115.822
chr7	113917896	2.2843935606978945	116.2585
chr7	113955105	2.631793146484907	116.3435
chr7	113991962	1.7814104579275922	116.4405
chr7	114011048	1.9350533807826755	116.4745
chr7	114033528	1.1315941074807137	116.518
chr7	114082132	4.367165386170808	116.573
chr7	114094497	0.0	116.627
chr7	114112034	1.5270443841872317	116.627
chr7	114147069	0.060516203213699354	116.6805
chr7	114180118	1.7416648894573252	116.6825
chr7	114208252	0.45636631002486394	116.7315
chr7	114247694	0.30227461648918125	116.7495
chr7	114300626	4.253378306709752	116.7655
chr7	114347765	11.848229262645763	116.966
chr7	114390092	3.311949095081874	117.4675
chr7	114409265	1.4448562479665945	117.531
chr7	114566028	0.4195950907379512	117.7575
chr7	114585094	0.0	117.7655
chr7	114653104	0.0	117.7655
chr7	114674294	4.251937214385031	117.7655
chr7	114724624	0.0	117.9795
chr7	114734588	0.028477250236751947	117.9795
chr7	114875051	4.374887245174046	117.9835
chr7	114908309	0.0	118.129
chr7	114920896	0.0	118.129
chr7	114938250	1.1901830419435426	118.129
chr7	114962616	0.4597290152860072	118.158
chr7	115040923	0.0	118.194
chr7	115057230	1.5828002374200956	118.194
chr7	115072393	2.666222296282475	118.218
chr7	115078394	0.10929558992346848	118.234
chr7	115096693	1.0282188963784236	118.236
chr7	115114199	20.76124567474127	118.254
chr7	115114488	5.092786382028274	118.26
chr7	115128822	8.421052631579267	118.333
chr7	115145922	1.3148411477101398	118.477
chr7	115197259	6.156213928433336	118.5445
chr7	115202457	24.282982791588825	118.5765
chr7	115205072	5.32403974492079	118.64
chr7	115238787	19.840924895688076	118.8195
chr7	115261795	9.081152480805699	119.276
chr7	115273908	3.8716275445607344	119.386
chr7	115294442	4.405016824716336	119.4655
chr7	115310787	2.5660842682969545	119.5375
chr7	115425943	9.93028221553332	119.833
chr7	115464814	0.7679926795592074	120.219
chr7	115587211	4.876859302609016	120.313
chr7	115603615	0.46185820952969187	120.393
chr7	115616606	0.0	120.399
chr7	115633119	2.08695652173921	120.399
chr7	115647494	6.782081028020115	120.429
chr7	115653097	2.3496240601515783	120.467
chr7	115657353	0.5217958473747345	120.477
chr7	115749343	4.323155903809785	120.525
chr7	115778951	1.976528721432473	120.653
chr7	115803236	3.124744153044421	120.701
chr7	115839879	0.03006569354031567	120.8155
chr7	115906400	0.027153990279001134	120.8175
chr7	115980054	1.1951000896325519	120.8195
chr7	116000136	2.0580057787709487	120.8435
chr7	116036822	0.658260834159044	120.919
chr7	116110501	0.9991881596206422	120.9675
chr7	116126514	0.9461297380398044	120.9835
chr7	116143425	1.7772282965655635	120.9995
chr7	116169308	0.17641351327470572	121.0455
chr7	116180645	0.7806858325039767	121.0475
chr7	116231882	2.3200973680198778	121.0875
chr7	116245028	0.38288503876757807	121.118
chr7	116255475	0.6489819096289094	121.122
chr7	116267802	1.6838054002048108	121.13
chr7	116284431	1.292326809568179	121.158
chr7	116364906	0.704671975195907	121.262
chr7	116379097	3.336670003336006	121.272
chr7	116391085	0.8425782895661041	121.312
chr7	116412448	1.6279787801388534	121.33
chr7	116448075	1.9374323323265665	121.388
chr7	116483173	2.0974068424492858	121.456
chr7	116501529	8.120221460585096	121.4945
chr7	116520494	3.807284721735086	121.6485
chr7	116548992	0.8559653386874021	121.757
chr7	116596307	0.7638446849140964	121.7975
chr7	116612017	1.6770707164819418	121.8095
chr7	116654949	5.152689798620066	121.8815
chr7	116665526	3.9369424741273904	121.936
chr7	116725725	0.9630115999120753	122.173
chr7	116748570	3.714184648037431	122.195
chr7	116762705	2.463054187192057	122.2475
chr7	116824011	0.09904912836743952	122.3985
chr7	116844203	0.9609698403315516	122.4005
chr7	116878023	0.07459903021243339	122.433
chr7	116931643	0.33818058843430954	122.437
chr7	116996697	0.0	122.459
chr7	117014716	0.07839140830146744	122.459
chr7	117040229	2.660901380342692	122.461
chr7	117058268	2.3650495590788463	122.509
chr7	117100339	0.45472261920199614	122.6085
chr7	117123430	0.14856160531421622	122.619
chr7	117217667	5.363417791751637	122.633
chr7	117250109	5.58690904965834	122.807
chr7	117285370	0.6000413821642119	123.004
chr7	117333700	8.664587691943176	123.033
chr7	117359033	0.9885636751311523	123.2525
chr7	117384828	0.04732831653167066	123.278
chr7	117427086	3.330532885261342	123.28
chr7	117443750	0.0	123.3355
chr7	117450277	0.3426743831866643	123.3355
chr7	117463409	13.256328924531198	123.34
chr7	117480118	0.6038323224735108	123.5615
chr7	117517380	3.9139510611153567	123.584
chr7	117551872	0.12151406525320156	123.719
chr7	117584790	11.532166063191395	123.723
chr7	117604951	0.20437050101050636	123.9555
chr7	117737064	3.715415019762612	123.9825
chr7	117749714	1.243977568912736	124.0295
chr7	117775036	4.934924791746174	124.061
chr7	117851025	7.728447263330497	124.436
chr7	117872310	13.800959495279407	124.6005
chr7	117917959	0.40148664770116305	125.2305
chr7	117961547	0.0	125.248
chr7	117974467	0.26144316627738734	125.248
chr7	117999329	0.8087936560482847	125.2545
chr7	118132243	0.4089914714182147	125.362
chr7	118289948	4.664034680290785	125.4265
chr7	118315784	7.8908082746856065	125.547
chr7	118353296	5.512514898688889	125.843
chr7	118383500	0.09715864927871719	126.0095
chr7	118429816	6.126252038201845	126.014
chr7	118451281	5.090649988124461	126.1455
chr7	118514436	0.26689034619509694	126.467
chr7	118540664	0.16479894528660027	126.474
chr7	118571004	1.7276595744681102	126.479
chr7	118629754	10.265955946639714	126.5805
chr7	118665211	0.5826126536185067	126.9445
chr7	118720136	1.3170238868443298	126.9765
chr7	118747850	0.18200349446692823	127.013
chr7	118761586	8.009153318077505	127.0155
chr7	118773385	0.1650528169016753	127.11
chr7	118800649	5.5371281831798	127.1145
chr7	118819341	0.19482543640880035	127.218
chr7	118832173	0.6447697792610145	127.2205
chr7	118858539	0.6963967914162911	127.2375
chr7	118897310	1.021596834436613	127.2645
chr7	119005474	2.095591198517236	127.375
chr7	119030288	0.09182736455455377	127.427
chr7	119057513	0.054977679062250706	127.4295
chr7	119102986	0.0861089105499854	127.432
chr7	119132019	2.7839464452383544	127.4345
chr7	119163090	0.0	127.521
chr7	119190574	3.161600919738229	127.521
chr7	119204491	0.3915662650603985	127.565
chr7	119237691	3.1177965600801514	127.578
chr7	119271529	0.5000576989654664	127.6835
chr7	119297526	0.28891713856464324	127.6965
chr7	119470586	5.443936477382447	127.7465
chr7	119487210	4.461362148002401	127.837
chr7	119511642	4.272852128796133	127.946
chr7	119531301	0.0	128.03
chr7	119557069	0.0	128.03
chr7	119590214	0.0	128.03
chr7	119602428	0.0	128.03
chr7	119734569	0.9253547193093342	128.03
chr7	119765368	0.20495426706741676	128.0585
chr7	119889786	1.0210965847962943	128.084
chr7	119944629	0.2526528549799038	128.14
chr7	119954524	0.36031707902785287	128.1425
chr7	119962850	0.44696333112841585	128.1455
chr7	120018783	0.7325319308787992	128.1705
chr7	120045403	0.5530317993282953	128.19
chr7	120096033	2.7921027737946593	128.218
chr7	120128804	1.3766296866139693	128.3095
chr7	120141153	1.8122722348071416	128.3265
chr7	120191918	2.326872735926224	128.4185
chr7	120229737	6.539811564752297	128.5065
chr7	120256802	0.9174754937455712	128.6835
chr7	120277511	3.379123910405006	128.7025
chr7	120313763	8.528272904733198	128.825
chr7	120345012	2.2146692459277615	129.0915
chr7	120400325	0.42942476381637334	129.214
chr7	120503952	1.8186627868529468	129.2585
chr7	120564436	2.749810544548687	129.3685
chr7	120610621	2.605014653207716	129.4955
chr7	120659757	7.840541335686358	129.6235
chr7	120693747	4.063310635538367	129.89
chr7	120743091	0.8510501637869688	130.0905
chr7	120805367	11.037055154703646	130.1435
chr7	120821721	0.08115533527049829	130.324
chr7	121074323	1.1392451582072503	130.3445
chr7	121101534	0.523084818696801	130.3755
chr7	121152195	0.6322754988916637	130.402
chr7	121209923	0.3642464513567128	130.4385
chr7	121255222	0.6125484934220047	130.455
chr7	121289505	0.7852073615696584	130.476
chr7	121439147	2.465599023152241	130.5935
chr7	121460440	1.1329305135959757	130.646
chr7	121478976	1.126933715807364	130.667
chr7	121498498	1.711800196436286	130.689
chr7	121534133	2.215106060241566	130.75
chr7	121575666	3.24784679786342	130.842
chr7	121596449	0.0	130.9095
chr7	121619842	8.690330477352452	130.9095
chr7	121623927	2.348796241926102	130.945
chr7	121629036	0.0	130.957
chr7	121644042	1.9710551895462773	130.957
chr7	121662560	0.0	130.9935
chr7	121679393	1.6519928954756578	130.9935
chr7	121731754	0.6333282667066237	131.08
chr7	121751491	0.0	131.0925
chr7	121754359	0.0	131.0925
chr7	121764797	0.0	131.0925
chr7	121779461	0.0	131.0925
