Chromosome	Position(bp)	Rate(cM/Mb)	Map(cM)
chr14	1000000	5.36524782474113	5.1475569922996804
chr14	2000000	1.98416610127959	10.51280481704081
chr14	3000000	4.87308279956819	12.496970918320399
chr14	4000000	2.53331398693505	17.370053717888588
chr14	5000000	1.6711091045442499	19.903367704823637
chr14	6000000	2.18261669422431	21.574476809367887
chr14	7000000	1.19704613895648	23.7570935035922
chr14	8000000	1.9092131003496897	24.95413964254868
chr14	9000000	2.24101166714133	26.863352742898368
chr14	10000000	1.4277448746337	29.104364410039697
chr14	11000000	0.90341932861734	30.532109284673396
chr14	12000000	1.1424354816292301	31.435528613290735
chr14	13000000	1.30429465521328	32.57796409491996
chr14	14000000	0.92584178386577	33.882258750133246
chr14	15000000	1.3081846746159398	34.80810053399902
chr14	16000000	0.8051274385512	36.116285208614954
chr14	17000000	0.77904554902113	36.92141264716616
chr14	18000000	0.7268532795798299	37.700458196187284
chr14	19000000	0.9651797730004699	38.42731147576711
chr14	20000000	0.9660483984471399	39.392491248767584
chr14	21000000	0.7879488194475	40.35853964721473
chr14	22000000	0.9670239235881201	41.14648846666223
chr14	23000000	0.6334260432508599	42.11351239025035
chr14	24000000	1.01289738360067	42.74693843350121
chr14	25000000	0.8189037984688801	43.75983581710187
chr14	26000000	0.8881006265668698	44.578739615570754
chr14	27000000	0.7364216346349399	45.46684024213762
chr14	28000000	0.49153645530723994	46.20326187677256
chr14	29000000	0.34639784613118996	46.6947983320798
chr14	30000000	0.26296103448274	47.04119617821099
chr14	31000000	0.33312544181731	47.30415721269373
chr14	32000000	0.5290673437801	47.63728265451104
chr14	33000000	0.44956274097801996	48.16634999829114
chr14	34000000	0.44541353073846	48.615912739269156
chr14	35000000	0.44774791100299	49.06132627000762
chr14	36000000	0.48981145815293997	49.50907418101061
chr14	37000000	0.47084775853634997	49.998885639163554
chr14	38000000	0.18916387253927003	50.469733397699905
chr14	39000000	0.23587258153607998	50.65889727023917
chr14	40000000	0.38561218857320995	50.89476985177525
chr14	41000000	0.37110913084846997	51.280382040348464
chr14	42000000	0.38405145594758994	51.65149117119693
chr14	43000000	0.32403196504693	52.03554262714452
chr14	44000000	0.23133289416957997	52.35957459219145
chr14	45000000	0.18455888599243997	52.59090748636103
chr14	46000000	0.26459025773733	52.77546637235347
chr14	47000000	0.18358854165812	53.0400566300908
chr14	48000000	0.21396744362289	53.22364517174892
chr14	49000000	0.10306290296281	53.43761261537181
chr14	50000000	0.15639146658539	53.54067551833462
chr14	51000000	0.11276715528998998	53.69706698492001
chr14	52000000	0.20333842879807998	53.80983414021
chr14	53000000	0.30921089709981	54.01317256900808
chr14	54000000	0.2426375170257	54.32238346610789
chr14	55000000	0.40066475512155	54.565020983133586
chr14	56000000	0.42654652487958	54.96568573825513
chr14	57000000	0.31950699824495	55.392232263134716
chr14	58000000	0.36484276860879	55.71173926137966
chr14	59000000	0.25689633908391996	56.07658202998845
chr14	60000000	0.25722188077596997	56.333478369072374
chr14	61000000	0.22104954301202998	56.59070024984835
chr14	62000000	0.27566385136091004	56.811749792860375
chr14	63000000	0.21787242409682	57.087413644221286
chr14	64000000	0.21784102212345	57.305286068318104
chr14	65000000	0.17539828468491	57.523127090441555
chr14	66000000	0.18012633683010998	57.698525375126465
chr14	67000000	0.16796625206076998	57.87865171195657
chr14	68000000	0.19312961982682	58.046617964017344
chr14	69000000	0.27304070459083	58.239747583844164
chr14	70000000	0.22141432807921996	58.51278828843499
chr14	71000000	0.37135167734494995	58.73420261651421
chr14	72000000	0.39147372975838	59.10555429385916
chr14	73000000	0.64610605140084	59.49702802361754
chr14	74000000	0.36695751163765	60.14313407501838
chr14	75000000	0.35556961868883996	60.51009158665603
chr14	76000000	0.33810004498185997	60.86566120534487
chr14	77000000	0.40116779728534996	61.20376125032673
chr14	78000000	0.46497375122275997	61.60492904761208
chr14	79000000	0.40412158276523996	62.06990279883484
chr14	80000000	0.72600890263805	62.47402438160008
chr14	81000000	0.50517740515885	63.20003328423813
chr14	82000000	0.28785853296862	63.70521068939698
chr14	83000000	0.30702299024811996	63.9930692223656
chr14	84000000	0.2187077460322	64.30009221261372
chr14	85000000	0.30092160935536	64.51879995864591
chr14	86000000	0.35552723224226995	64.81972156800127
chr14	87000000	0.5052382478048699	65.17524880024354
chr14	88000000	0.67383147669736	65.6804870480484
chr14	89000000	0.44466634027537005	66.35431852474576
chr14	90000000	0.44326305227008994	66.79898486502114
chr14	91000000	0.23666791905978	67.24224791729122
chr14	92000000	0.17187761634402998	67.478915836351
chr14	93000000	0.20111901655593	67.65079345269504
chr14	94000000	0.26969670391352996	67.85191246925098
chr14	95000000	0.28616554140451994	68.1216091731645
chr14	96000000	0.2955950166325	68.40777471456902
chr14	97000000	0.47581016322721	68.70336973120152
chr14	98000000	0.5122691472191	69.17917989442873
chr14	99000000	0.43632497701007994	69.69144904164783
chr14	100000000	0.44489564577935	70.1277740186579
chr14	101000000	0.68715175156058	70.57266966443726
chr14	102000000	0.55762606820943	71.25982141599783
chr14	103000000	0.48236042486076997	71.81744748420726
chr14	104000000	0.48114469473453	72.29980790906804
chr14	105000000	0.44917670064267995	72.78095260380256
chr14	106000000	0.54092009571847	73.23012930444524
chr14	107000000	0.5503033475820299	73.77104940016372
chr14	108000000	0.66657280946311	74.32135274774575
chr14	109000000	0.45053214233303995	74.98792555720885
chr14	110000000	0.66204054568062	75.4384576995419
chr14	111000000	0.55416929300865	76.10049824522252
chr14	112000000	0.58428603793515	76.65466753823118
chr14	113000000	0.8735926647953499	77.23895357616632
chr14	114000000	0.9346447101146499	78.11254624096168
chr14	115000000	0.66324161949605	79.04719095107633
chr14	116000000	0.7499506784650399	79.71043257057238
chr14	117000000	0.53490257827588	80.46038324903742
chr14	118000000	0.52942491768987	80.9952858273133
chr14	119000000	0.67737844541324	81.52471074500316
chr14	120000000	1.4041660013119	82.2020891904164
chr14	121000000	1.1547250960109	83.6062551917283
chr14	122000000	1.94846561764018	84.7609802877392
chr14	123000000	1.76964091939479	86.70944590537938
chr14	124000000	1.40474932702449	88.47908682477417
chr14	125000000	1.92296447647332	89.88383615179866
chr14	126000000	1.8819993360173901	91.80680062827199
chr14	127000000	1.8129632221614698	93.68879996428937
chr14	128000000	1.83831439408991	95.50176318645084
chr14	129000000	2.78730072810859	97.34007758054075
chr14	130000000	3.4883718939303394	100.12737830864934
chr14	131000000	2.9704509042284	103.61575020257968
chr14	132000000	3.4612929169865296	106.58620110680808
chr14	133000000	2.0655352123812603	110.0474940237946
chr14	134000000	2.9000791513107598	112.11302923617586
chr14	135000000	1.62786850116344	115.01310838748662
chr14	136000000	2.7506334050447196	116.64097688865006
chr14	137000000	1.54239600871516	119.39161029369478
chr14	138000000	1.43284365020746	120.93400630240994
chr14	139000000	0.58406970754135	122.3668499526174
chr14	140000000	0.6505213669186499	122.95091966015875
chr14	141000000	0.0	123.41881756165685
