Chromosome	Position(bp)	Rate(cM/Mb)	Map(cM)
chr2	0	0.0	0.0
chr2	27458	0.0	0.0
chr2	44047	0.42200567789457527	0.0
chr2	70113	0.0	0.011
chr2	90566	0.0	0.011
chr2	212944	0.6240531607216636	0.011
chr2	677648	0.0	0.301
chr2	680575	18.288270508519176	0.301
chr2	695776	4.393695869666886	0.579
chr2	2047144	359.9755201958385	6.5165
chr2	2051229	3.7735016329773012	7.987
chr2	2096545	0.970741099530106	8.158
chr2	2594103	0.0	8.641
chr2	2615284	0.0	8.641
chr2	2636399	2.1058343238075588	8.641
chr2	2675101	0.405541963620891	8.7225
chr2	2825517	2.1298849481791406	8.7835
chr2	2878102	2.049262506115702	8.8955
chr2	3127460	0.0	9.4065
chr2	3195266	2.091678780279422	9.4065
chr2	3285385	0.0	9.595
chr2	3288819	4.220398593200351	9.595
chr2	3301614	5.9586138120169725	9.649
chr2	3321669	2.0851193676348974	9.7685
chr2	3390490	0.6287151348879305	9.912
chr2	3407986	0.6072079151337451	9.923
chr2	3435983	5.935399873633432	9.94
chr2	3488212	24.679351243839303	10.25
chr2	3556589	4.934021067182045	11.9375
chr2	3634720	1.2521418215367308	12.323
chr2	3642307	1.6743194906009975	12.3325
chr2	3681726	27.20371151412903	12.3985
chr2	3710178	1.0750917702209328	13.1725
chr2	3813425	5.374583947181732	13.2835
chr2	3831752	0.7299089469517154	13.382
chr2	3912584	0.45879977977601444	13.441
chr2	3923482	0.0	13.446
chr2	3945247	26.1219022103146	13.446
chr2	3946740	1.090829757835835	13.485
chr2	3960491	0.24594195769799257	13.5
chr2	3978788	0.739754401538542	13.5045
chr2	3985547	0.0	13.5095
chr2	4031615	1.89698411677709	13.5095
chr2	4047166	0.0	13.539
chr2	4067804	0.5161720356687025	13.539
chr2	4190825	0.0	13.6025
chr2	4209350	0.5439761795694544	13.6025
chr2	4226814	2.6340937492342733	13.612
chr2	4267625	1.267925848198667	13.7195
chr2	4279061	0.19863164864269128	13.734
chr2	4301716	0.0	13.7385
chr2	4341270	6.417445482866065	13.7385
chr2	4365345	0.36686477364436165	13.893
chr2	4378974	7.40895024994056	13.898
chr2	4395778	0.2664140666626247	14.0225
chr2	4412669	0.0	14.027
chr2	4424055	0.0	14.027
chr2	4444552	0.0	14.027
chr2	4457239	0.5148741418764498	14.027
chr2	4465979	1.5711868503746556	14.0315
chr2	4474253	0.0	14.0445
chr2	4531356	0.6526624591244992	14.0445
chr2	4605667	1.202501202501177	14.093
chr2	4638931	8.971082042800596	14.133
chr2	4658884	4.032567785544221	14.312
chr2	4671903	0.5720545277507376	14.3645
chr2	4795143	0.0	14.435
chr2	4820506	0.0	14.435
chr2	4839069	1.6541054150187688	14.435
chr2	4879272	4.660353441204981	14.5015
chr2	4892683	4.770034143402322	14.564
chr2	4912599	13.279634265810373	14.659
chr2	4930973	5.877484604917992	14.903
chr2	5002262	3.3353964651674657	15.322
chr2	5147672	3.367366503690907	15.807
chr2	5189396	1.8737118231216305	15.9475
chr2	5216081	1.556859205776152	15.9975
chr2	5238241	0.0	16.032
chr2	5304658	0.0	16.032
chr2	5313410	2.5019943433172314	16.032
chr2	5327199	1.4767280037111135	16.0665
chr2	5391869	0.15685659385911674	16.162
chr2	5417370	2.6056641748130396	16.166
chr2	5445194	0.7547169811322317	16.2385
chr2	5454469	0.46611925119591957	16.2455
chr2	5560665	0.0	16.295
chr2	5565633	1.000500250124508	16.295
chr2	5569631	2.6881720430108023	16.299
chr2	5592137	2.144435298704602	16.3595
chr2	5615220	3.7087384378971717	16.409
chr2	5649059	0.05738312101578157	16.5345
chr2	5840753	0.0	16.5455
chr2	5854818	1.7606021259270297	16.5455
chr2	5900257	17.118093174431337	16.6255
chr2	5904872	0.34176349965819885	16.7045
chr2	5928280	0.0	16.7125
chr2	5958097	10.170412639260917	16.7125
chr2	5983858	7.276578300082023	16.9745
chr2	5998494	7.610606230599566	17.081
chr2	6025233	1.8198024214513662	17.2845
chr2	6052159	0.6139701032078422	17.3335
chr2	6150698	2.502748920946013	17.394
chr2	6211631	0.33721938529713347	17.5465
chr2	6232389	0.726017230808972	17.5535
chr2	6263380	0.0	17.576
chr2	6285300	0.0	17.576
chr2	6306764	0.6658365328075662	17.576
chr2	6364586	1.686939536535728	17.6145
chr2	6375849	8.471016521982296	17.6335
chr2	6382991	4.651162790697749	17.694
chr2	6406426	1.1165208478236983	17.803
chr2	6433743	4.854368932038815	17.8335
chr2	6457021	0.15532084849556	17.9465
chr2	6479555	0.2584742633482718	17.95
chr2	6493096	1.0187667560322737	17.9535
chr2	6511746	3.9183846371080593	17.9725
chr2	6525910	0.0	18.028
chr2	6537998	1.5277350558802512	18.028
chr2	6586763	1.7453577083633458	18.1025
chr2	6614551	2.5867727114783277	18.151
chr2	6640452	5.258257106863126	18.218
chr2	6658709	4.676212590299264	18.314
chr2	6689717	1.1479949523275397	18.459
chr2	6746773	0.27346313716911996	18.5245
chr2	6774199	14.443310802193691	18.532
chr2	6789881	0.0	18.7585
chr2	6806375	4.456327985739579	18.7585
chr2	6823766	0.812802543168877	18.836
chr2	6851448	14.97170821226486	18.8585
chr2	6884143	1.6900326483579982	19.348
chr2	6910178	4.120117264875969	19.392
chr2	6922799	9.446618222470747	19.444
chr2	6949634	0.0	19.6975
chr2	6962059	1.1291992095605543	19.6975
chr2	7047075	1.5088310996715595	19.7935
chr2	7069609	1.1946525078221075	19.8275
chr2	7122344	0.8696469703379643	19.8905
chr2	7143617	0.661586025267492	19.909
chr2	7222216	0.590358983674299	19.961
chr2	7266257	3.70132898111455	19.987
chr2	7283413	1.7198897318923452	20.0505
chr2	7324404	0.9568635564291557	20.121
chr2	7363072	5.783783783783747	20.158
chr2	7381572	3.105131638602736	20.265
chr2	7476415	4.98007968127495	20.5595
chr2	7493483	3.684172505959574	20.6445
chr2	7507326	5.983683926645159	20.6955
chr2	7536990	3.3183546491530085	20.873
chr2	7551455	11.189053005977447	20.921
chr2	7571698	1.861042183622799	21.1475
chr2	7642626	0.38205148473116046	21.2795
chr2	7680579	5.431335236282923	21.294
chr2	7705803	1.044727391446257	21.431
chr2	7751748	0.5558231741208941	21.479
chr2	7778735	18.950127514876865	21.494
chr2	7792851	1.717363229192427	21.7615
chr2	7829244	3.833824293883201	21.824
chr2	7852328	0.28101341150278714	21.9125
chr2	7943071	0.43630017452008635	21.938
chr2	7960261	5.7163931403282735	21.9455
chr2	7987376	0.10749297712549853	22.1005
chr2	8057148	8.295838020247118	22.108
chr2	8060704	0.26670730778015306	22.1375
chr2	8073827	1.1510490242244555	22.141
chr2	8092940	7.697888118652365	22.163
chr2	8105346	2.1730247761969714	22.2585
chr2	8132267	5.240717711849445	22.317
chr2	8143525	1.9679079624583355	22.376
chr2	8186464	0.6071920539404061	22.4605
chr2	8241636	1.5581717451523454	22.494
chr2	8293620	0.046439423089667205	22.575
chr2	8368987	0.0	22.5785
chr2	8374644	0.0	22.5785
chr2	8393234	0.430451358996741	22.5785
chr2	8401365	1.9450131617431348	22.582
chr2	8435555	0.7432365474185199	22.6485
chr2	8465828	0.1200603732162098	22.671
chr2	8494980	1.294065149486991	22.6745
chr2	8506185	0.9675090252707605	22.689
chr2	8540810	1.2585324232081883	22.7225
chr2	8611130	0.0	22.811
chr2	8615767	0.0	22.811
chr2	8627088	0.5339805825242346	22.811
chr2	8647688	4.027954256670904	22.822
chr2	8687038	0.7366054121113349	22.9805
chr2	8751523	10.73205401563609	23.028
chr2	8765593	6.555116300450501	23.179
chr2	8819978	1.2316846887197155	23.5355
chr2	8882494	8.874076453581615	23.6125
chr2	8894946	3.300730529330456	23.723
chr2	8936149	0.0	23.859
chr2	8963107	3.694637628111197	23.859
chr2	9006819	22.23315737675583	24.0205
chr2	9017996	0.41887052794114404	24.269
chr2	9078874	2.757181713178644	24.2945
chr2	9105713	3.0764086273198044	24.3685
chr2	9135618	1.2745435756114032	24.4605
chr2	9150133	0.3946107446869299	24.479
chr2	9167872	1.7202721509200292	24.486
chr2	9193740	2.0543667619892845	24.5305
chr2	9224163	5.625287004438944	24.593
chr2	9237229	2.618315114223941	24.6665
chr2	9252506	5.5536204961493505	24.7065
chr2	9278345	9.56313844816316	24.85
chr2	9287547	199.7041420118349	24.938
chr2	9288561	10.887248154173468	25.1405
chr2	9352489	1.2615805389163912	25.8365
chr2	9404408	0.4590496090163099	25.902
chr2	9435995	0.21176982337251476	25.9165
chr2	9523354	2.447620912473076	25.935
chr2	9548889	1.181222374638021	25.9975
chr2	9614499	4.780114722753375	26.075
chr2	9668891	2.446705923387825	26.335
chr2	9766369	9.766002707406775	26.5735
chr2	9787053	1.148933896221858	26.7755
chr2	9805766	2.1524029812387617	26.797
chr2	9821330	0.0	26.8305
chr2	9860197	0.20825895513500825	26.8305
chr2	9877003	18.784067085953897	26.834
chr2	9888928	1.115150774495133	27.058
chr2	9921659	0.7253808249330878	27.0945
chr2	9961638	0.824888050907129	27.1235
chr2	9965881	2.5809226798581473	27.127
chr2	9984479	5.810875538861	27.175
chr2	10024146	7.3838233301721825	27.4055
chr2	10031527	7.295134216304128	27.46
chr2	10045646	4.924375659514656	27.563
chr2	10082605	0.0	27.745
chr2	10099015	8.258290299176315	27.745
chr2	10122446	0.0	27.9385
chr2	10135130	9.731249543562297	27.9385
chr2	10162516	0.0	28.205
chr2	10174887	14.60713351356069	28.205
chr2	10186354	1.3560635412640454	28.3725
chr2	10188935	18.43947413351524	28.376
chr2	10200649	0.2755037783377284	28.592
chr2	10213353	0.0	28.5955
chr2	10230000	0.24861632157577485	28.5955
chr2	10521614	4.10483107041369	28.668
chr2	10543783	0.0866787191361586	28.759
chr2	10584162	0.20920502092057197	28.7625
chr2	10603282	0.0	28.7665
chr2	10612107	0.0	28.7665
chr2	10626487	2.599792016638578	28.7665
chr2	10638988	0.43640172233214736	28.799
chr2	10656174	4.028308742219875	28.8065
chr2	10687825	1.0490363503293305	28.934
chr2	10708320	0.2523818537445759	28.9555
chr2	10724169	0.0	28.9595
chr2	10739144	2.706297166893546	28.9595
chr2	10771476	0.392300449837864	29.047
chr2	10790594	0.8830022075054942	29.0545
chr2	10851749	1.1731871171705057	29.1085
chr2	10892237	0.5867918489279198	29.156
chr2	10910983	10.762516954649847	29.167
chr2	10927940	22.146213377556847	29.3495
chr2	10942412	0.0	29.67
chr2	10951957	0.3053901358984412	29.67
chr2	10965055	0.48744820862785176	29.674
chr2	11001982	1.3009668549126425	29.692
chr2	11035803	6.162336169234322	29.736
chr2	11057548	0.0	29.87
chr2	11078949	0.0	29.87
chr2	11120516	0.5800464037121227	29.87
chr2	11132584	0.11644154634377434	29.877
chr2	11166936	0.36360330879023145	29.881
chr2	11177937	0.21708118836438306	29.885
chr2	11210183	0.08017960230914845	29.892
chr2	11253835	0.7588823732323412	29.8955
chr2	11268330	0.0	29.9065
chr2	11287501	1.9396599499013227	29.9065
chr2	11332612	0.0	29.994
chr2	11353977	0.9549189429269211	29.994
chr2	11376492	4.793556459180478	30.0155
chr2	11440432	0.05346813785057713	30.322
chr2	11646162	0.5406551468249966	30.333
chr2	11693327	2.0338794160258664	30.3585
chr2	11711273	4.958349861166627	30.395
chr2	11716315	4.761904761904657	30.42
chr2	11745400	0.1806731364857785	30.5585
chr2	11764772	0.7521136988432067	30.562
chr2	11784051	1.9554099675770371	30.5765
chr2	11813968	0.0	30.635
chr2	11829183	0.44998714322434413	30.635
chr2	11836961	0.10937329104226684	30.6385
chr2	11873533	0.12757891667283303	30.6425
chr2	11900967	1.3078380084783943	30.646
chr2	11923141	0.6189650903688815	30.675
chr2	11975648	0.2671674543351202	30.7075
chr2	12168411	1.1817591991843992	30.759
chr2	12189989	2.6005458571501903	30.7845
chr2	12209408	8.8597487946442	30.835
chr2	12241971	0.0	31.1235
chr2	12254843	14.800514800514776	31.1235
chr2	12275045	0.10205271751804725	31.4225
chr2	12309341	6.510476365136996	31.426
chr2	12331152	3.989576223863006	31.568
chr2	12411737	0.39843661063244584	31.8895
chr2	12438090	11.124845488257012	31.9
chr2	12451843	0.0	32.053
chr2	12505214	0.0	32.053
chr2	12521314	0.0	32.053
chr2	12535659	0.9089009611366831	32.053
chr2	12583519	3.193567778779624	32.0965
chr2	12623443	0.0	32.224
chr2	12643351	0.0	32.224
chr2	12656029	0.0	32.224
chr2	12677852	0.1707566961019906	32.224
chr2	12718846	25.654450261780365	32.231
chr2	12725531	0.0	32.4025
chr2	12776097	0.5249475052491397	32.4025
chr2	12796099	2.0942408376988944	32.413
chr2	12798009	0.0	32.417
chr2	12799158	3.416627587593082	32.417
chr2	12814085	58.045356371489284	32.468
chr2	12817789	0.0	32.683
chr2	12842136	0.8066684592632734	32.683
chr2	12864450	1.5832805573147006	32.701
chr2	12884977	0.0	32.7335
chr2	12914724	23.513474285161212	32.7335
chr2	12935393	0.12455516014243777	33.2195
chr2	12991593	4.947174241153572	33.2265
chr2	12997556	6.8979306208136615	33.256
chr2	13017562	3.4995154517065643	33.394
chr2	13026849	0.9512175584748365	33.4265
chr2	13076785	3.0014063732722427	33.474
chr2	13105938	0.0	33.5615
chr2	13143790	0.0	33.5615
chr2	13156927	0.0	33.5615
chr2	13167683	0.0	33.5615
chr2	13179580	0.0	33.5615
chr2	13192804	0.0	33.5615
chr2	13206111	0.0	33.5615
chr2	13218266	0.10870240387587415	33.5615
chr2	13250464	0.27116805640328717	33.565
chr2	13265215	2.4515605450917395	33.569
chr2	13294788	0.0	33.6415
chr2	13307466	1.0900206728057267	33.6415
chr2	13334071	13.308573197152796	33.6705
chr2	13350226	2.2862511744438865	33.8855
chr2	13366191	0.0	33.922
chr2	13371348	0.9790216373195776	33.922
chr2	13583805	31.506181592590885	34.13
chr2	13606372	38.848617073685666	34.841
chr2	13620581	0.21653563932146674	35.393
chr2	13906908	5.57050464995514	35.455
chr2	13970457	1.7138248538208862	35.809
chr2	13985336	0.25902361971632726	35.8345
chr2	14417729	2.443243899477986	35.9465
chr2	14450677	2.6127695357079492	36.027
chr2	14467326	0.0	36.0705
chr2	14548797	0.09127418765960976	36.0705
chr2	14587143	7.265668330560191	36.074
chr2	14596158	9.453258886616142	36.1395
chr2	14614247	0.0	36.3105
chr2	14632820	0.43396784692781476	36.3105
chr2	14683515	6.142750559562295	36.3325
chr2	14703620	0.541167375338067	36.456
chr2	14716555	3.488372093023388	36.463
chr2	14726015	0.0	36.496
chr2	14735783	5.736576411197471	36.496
chr2	14740141	0.7581561642086354	36.521
chr2	14802793	10.912571793235442	36.5685
chr2	14818463	0.3067735602094357	36.7395
chr2	14842911	0.6150061500614235	36.747
chr2	14866488	0.0	36.7615
chr2	14905790	2.825409197195106	36.7615
chr2	14910922	5.092820765565764	36.776
chr2	14935270	0.026768642447437867	36.9
chr2	15066020	0.9216296955444321	36.9035
chr2	15113219	0.33512064343155473	36.947
chr2	15189311	2.4742407809113174	36.9725
chr2	15204063	4.211851278078824	37.009
chr2	15224719	14.056870818322563	37.096
chr2	15240263	1.087979298988236	37.3145
chr2	15257267	1.177638718913846	37.333
chr2	15300574	0.07922507315115387	37.384
chr2	15395241	0.0	37.3915
chr2	15408725	0.0	37.3915
chr2	15466163	0.0	37.3915
chr2	15485288	0.0	37.3915
chr2	15540472	0.5542066927056053	37.3915
chr2	15559418	0.4947600413797364	37.402
chr2	15581651	0.5132233101565068	37.413
chr2	15693688	0.0	37.4705
chr2	15714734	0.0	37.4705
chr2	15737457	0.0	37.4705
chr2	15759683	0.0	37.4705
chr2	15767777	0.0	37.4705
chr2	15776249	0.0	37.4705
chr2	15792366	0.09265479141084948	37.4705
chr2	15835537	0.0	37.4745
chr2	15856366	2.170184465679499	37.4745
chr2	15884935	0.0	37.5365
chr2	15964516	0.0	37.5365
chr2	15979112	0.04195334787719058	37.5365
chr2	16062538	0.207296849088042	37.54
chr2	16079422	0.36148062463853303	37.5435
chr2	16100170	2.155683885768425	37.551
chr2	16125452	1.6544635313997518	37.6055
chr2	16153860	2.041903409090746	37.6525
chr2	16193284	4.90451388888887	37.733
chr2	16216324	0.10055448616664754	37.846
chr2	16285938	0.0	37.853
chr2	16304748	0.09070444369311949	37.853
chr2	16426021	0.0	37.864
chr2	16448561	0.0	37.864
chr2	16479420	0.19632039488459171	37.864
chr2	16497248	0.5455229495862202	37.8675
chr2	16550408	1.2079137422439077	37.8965
chr2	16589732	4.814541881601522	37.944
chr2	16610087	0.9528346831819398	38.042
chr2	16614285	0.053227351761827364	38.046
chr2	16755190	1.08508568435218	38.0535
chr2	16768553	3.0879972740440036	38.068
chr2	16792031	0.23345784418325743	38.1405
chr2	16807023	0.0	38.144
chr2	16821261	10.797219346250614	38.144
chr2	16828022	0.0	38.217
chr2	16831552	0.2779321845471691	38.217
chr2	16844145	82.77870216306076	38.2205
chr2	16848953	3.068530514831347	38.6185
chr2	16860685	1811.3772455089938	38.6545
chr2	16860852	0.9089907448215417	38.957
chr2	16897156	0.715307582259431	38.99
chr2	16902049	0.0	38.9935
chr2	16905059	0.25953353173230964	38.9935
chr2	16933957	17.977528089888853	39.001
chr2	16938407	8.569790770994334	39.081
chr2	16955852	0.4339739615621759	39.2305
chr2	16971982	10.790203327171875	39.2375
chr2	16993622	2.4176954732512423	39.471
chr2	17013062	18.991947220335724	39.518
chr2	17033676	0.0927189159833887	39.9095
chr2	17109173	1.531510835439128	39.9165
chr2	17135291	5.370597511827577	39.9565
chr2	17192361	1.7580559017270725	40.263
chr2	17214829	7.931556902236756	40.3025
chr2	17248492	15.394542772861502	40.5695
chr2	17253916	0.7591254874384619	40.653
chr2	17316488	3.0055682105795642	40.7005
chr2	17332292	15.591231861685877	40.748
chr2	17354965	2.9964774234868985	41.1015
chr2	17376824	0.0	41.167
chr2	17398535	1.5361445783133112	41.167
chr2	17431735	0.0	41.218
chr2	17445162	3.0180254671735276	41.218
chr2	17469350	0.4820715302327899	41.291
chr2	17491131	2.1171782027510284	41.3015
chr2	17563397	11.558811558811225	41.4545
chr2	17575682	0.5461638491547671	41.5965
chr2	17594907	1.93058663507527	41.607
chr2	17640489	0.19051766370924286	41.695
chr2	17658860	11.348973607038136	41.6985
chr2	17710010	10.232658336923617	42.279
chr2	17723936	6.392440244580235	42.4215
chr2	17745524	4.21631784124536	42.5595
chr2	17781693	0.3831784653700338	42.712
chr2	17792132	5.013020833333347	42.716
chr2	17845892	0.16757636694414418	42.9855
chr2	17866778	0.5857918841198628	42.989
chr2	17885556	0.21619440200629225	43.0
chr2	17920247	6.3934725689579786	43.0075
chr2	17936670	2.514742982019205	43.1125
chr2	17998903	9.106772821463714	43.269
chr2	18017241	0.11402880041698536	43.436
chr2	18078629	0.8354218880534452	43.443
chr2	18122918	7.058105375605749	43.48
chr2	18149129	0.0	43.665
chr2	18171687	0.0	43.665
chr2	18199196	0.0	43.665
chr2	18218290	1.8657670091501175	43.665
chr2	18237853	2.124259432491321	43.7015
chr2	18263509	0.563960128018937	43.756
chr2	18334436	0.8837656099904273	43.796
chr2	18412511	0.6716458008704147	43.865
chr2	18449733	0.0	43.89
chr2	18451515	1.0982428115016392	43.89
chr2	18481563	0.8924358369407227	43.923
chr2	18530306	0.12428535918465071	43.9665
chr2	18586628	0.5301715828031818	43.9735
chr2	18648872	0.2486678507989624	44.0065
chr2	18662947	0.40171642472379193	44.01
chr2	18717712	0.2861896838602753	44.032
chr2	18792837	0.06499897858752579	44.0535
chr2	18846684	0.0	44.057
chr2	18892394	0.0	44.057
chr2	18905761	0.0	44.057
chr2	18913943	0.24154131777366125	44.057
chr2	19019515	2.390046160695381	44.0825
chr2	19062192	2.3653946680606035	44.1845
chr2	19100452	0.0	44.275
chr2	19138047	0.10942735532947581	44.275
chr2	19270555	0.0	44.2895
chr2	19298444	0.2716547656009392	44.2895
chr2	19324212	0.0	44.2965
chr2	19367562	0.22214066333129995	44.2965
chr2	19419331	0.0	44.308
chr2	19494105	0.17939993813792987	44.308
chr2	19574930	0.0	44.3225
chr2	19625595	0.0	44.3225
chr2	19705273	0.0	44.3225
chr2	19736600	0.8118986335919458	44.3225
chr2	19794489	0.3553059014618435	44.3695
chr2	19824041	0.2464212907994283	44.38
chr2	19868680	0.0	44.391
chr2	19923546	0.2724993641681606	44.391
chr2	19978592	0.0	44.406
chr2	20003685	0.0	44.406
chr2	20016597	0.12978585334194673	44.406
chr2	20070532	0.16256008917593653	44.413
chr2	20113593	0.34198131538447196	44.42
chr2	20177924	0.6229763514898193	44.442
chr2	20299919	12.307276169867606	44.518
chr2	20314707	0.3125404147087594	44.7
chr2	20361101	0.0	44.7145
chr2	20373792	4.826254826254768	44.7145
chr2	20383634	1.7015228955877468	44.762
chr2	20460330	4.23139346162766	44.8925
chr2	20477582	0.5865272938443618	44.9655
chr2	20563682	9.246011392165892	45.016
chr2	20600725	1.3708637730984212	45.3585
chr2	20717075	2.1393462912104075	45.518
chr2	20801914	0.08726873784477387	45.6995
chr2	20842020	1.02516309412854	45.703
chr2	20863480	5.46845215402215	45.725
chr2	20905448	0.07310704960825891	45.9545
chr2	20953323	0.28923896519719616	45.958
chr2	21027656	0.0	45.9795
chr2	21054635	0.1784758165267617	45.9795
chr2	21077047	0.0	45.9835
chr2	21133046	4.580896686160248	45.9835
chr2	21143306	0.0	46.0305
chr2	21186839	1.9415167604405852	46.0305
chr2	21237315	0.0	46.1285
chr2	21353490	0.09058791557201248	46.1285
chr2	21397646	0.053950735271487825	46.1325
chr2	21462520	0.103903814754205	46.136
chr2	21496205	1.0922534027894089	46.1395
chr2	21525960	0.2796528447444886	46.172
chr2	21629660	0.08683139823366333	46.201
chr2	21669968	0.0	46.2045
chr2	21691720	0.0	46.2045
chr2	21715766	0.09798980905972887	46.2045
chr2	21751484	0.09743875278403401	46.208
chr2	21787404	1.1189418484250153	46.2115
chr2	21817343	0.025483643141641737	46.245
chr2	21954686	0.05218350702990117	46.2485
chr2	22021757	0.2841947139782346	46.252
chr2	22046388	0.0	46.259
chr2	22116907	0.0	46.259
chr2	22147008	0.08724861492818965	46.259
chr2	22192854	0.0	46.263
chr2	22212229	0.0	46.263
chr2	22243024	0.0	46.263
chr2	22270861	0.0	46.263
chr2	22300641	0.21614277774362384	46.263
chr2	22333027	0.0	46.27
chr2	22379100	0.0	46.27
chr2	22408386	16.74746584398407	46.27
chr2	22428807	0.0	46.612
chr2	22478496	0.0	46.612
chr2	22504468	0.0	46.612
chr2	22529206	0.12577772560331857	46.612
chr2	22588835	0.0	46.6195
chr2	22670785	0.0	46.6195
chr2	22706184	0.0	46.6195
chr2	22742059	0.0	46.6195
chr2	22773623	0.0	46.6195
chr2	22816983	0.13219519564871565	46.6195
chr2	22843459	0.775412378401437	46.623
chr2	22857645	0.4433030664342591	46.634
chr2	22890354	0.21431215539584986	46.6485
chr2	22941681	0.0	46.6595
chr2	22967922	0.39433611997523405	46.6595
chr2	23050339	4.9636314655172065	46.692
chr2	23124579	0.1256191228197007	47.0605
chr2	23152441	0.0	47.064
chr2	23186162	0.0	47.064
chr2	23215074	0.0	47.064
chr2	23221340	0.4665761791652202	47.064
chr2	23268492	0.07668711656447198	47.086
chr2	23314132	1.956419078458906	47.0895
chr2	23328955	0.19604548255209214	47.1185
chr2	23346808	0.0	47.122
chr2	23364941	4.599156118143534	47.122
chr2	23388641	0.0	47.231
chr2	23395976	0.21362541754050493	47.231
chr2	23447468	0.0	47.242
chr2	23498065	0.0	47.242
chr2	23523747	0.0	47.242
chr2	23567003	0.0	47.242
chr2	23569427	0.0	47.242
chr2	23597998	0.0	47.242
chr2	23601257	0.0	47.242
chr2	23617126	0.0	47.242
chr2	23632008	3.2897476472061182	47.242
chr2	23644015	1.7133418794990114	47.2815
chr2	23684579	3.461584371145637	47.351
chr2	23709712	0.0	47.438
chr2	23734383	10.028363047001426	47.438
chr2	23759063	0.5365080987175105	47.6855
chr2	23778634	0.0	47.696
chr2	23792145	0.0	47.696
chr2	23817786	0.0	47.696
chr2	23839964	0.15646513956691044	47.696
chr2	23887898	0.0870430241234146	47.7035
chr2	23928108	0.0	47.707
chr2	23989840	0.1118912417129929	47.707
chr2	24025589	1.5338640150212846	47.711
chr2	24101215	0.17754115937858947	47.827
chr2	24532101	0.3460207612452196	47.9035
chr2	24542216	0.6098073849779329	47.907
chr2	24565994	48.67586721372542	47.9215
chr2	24568675	0.0	48.052
chr2	24569055	0.5292891924718299	48.052
chr2	24658798	0.0	48.0995
chr2	24665977	0.4802069168814084	48.0995
chr2	24771140	0.31488881167473465	48.15
chr2	24817188	1.2528865523510522	48.1645
chr2	24837541	4.393939393939561	48.19
chr2	24847441	6.853214223156471	48.2335
chr2	24870277	1.7309299271813514	48.39
chr2	24878654	0.9261709446950255	48.4045
chr2	24882433	0.0	48.408
chr2	24891158	0.7450176941698237	48.408
chr2	24896527	0.49426822288897315	48.412
chr2	24954188	0.0	48.4405
chr2	24964647	0.5064330687107328	48.4405
chr2	25001177	0.0	48.459
chr2	25019809	3.823437985700667	48.459
chr2	25035894	2.0502530099460894	48.5205
chr2	25058818	1.6199637128127922	48.5675
chr2	25128264	1.2422057677319254	48.68
chr2	25148792	0.19984012789782465	48.7055
chr2	25166306	0.8292332356677242	48.709
chr2	25184395	1.1646716273051234	48.724
chr2	25215305	1.884162709064823	48.76
chr2	25234677	2.243944423951595	48.7965
chr2	25250943	0.0	48.833
chr2	25261030	0.0	48.833
chr2	25261091	7.231969779810051	48.833
chr2	25281210	0.05903386857378392	48.9785
chr2	25340498	0.32228360957633045	48.982
chr2	25362218	0.6915629322268588	48.989
chr2	25377401	5.604857543204322	48.9995
chr2	25392388	0.06509205876887672	49.0835
chr2	25446158	0.7784697508886557	49.087
chr2	25450654	4.933689403883663	49.0905
chr2	25472747	0.8649158672747616	49.1995
chr2	25510901	2.1231422505307447	49.2325
chr2	25549994	0.19841269841258846	49.3155
chr2	25570154	0.16783350915903428	49.3195
chr2	25591008	2.1452006393539973	49.323
chr2	25614782	3.984753984753931	49.374
chr2	25649414	7.57680837783476	49.512
chr2	25678252	3.00612462774623	49.7305
chr2	25749440	3.050200242153307	49.9445
chr2	25770914	1.5131714698396357	50.01
chr2	25785453	2.375371151742476	50.032
chr2	25817448	3.124078195811377	50.108
chr2	25854739	0.23840337851662022	50.2245
chr2	25869420	4.755706848217804	50.228
chr2	25879408	5.635935397039045	50.2755
chr2	25903184	0.7210514240765122	50.4095
chr2	25964206	0.0	50.4535
chr2	25982875	11.959557302441006	50.4535
chr2	26021547	0.7494293336267489	50.916
chr2	26094269	0.24678063445047965	50.9705
chr2	26138843	1.198807186849113	50.9815
chr2	26272309	1.416219439475307	51.1415
chr2	26292433	0.1958192588239968	51.17
chr2	26312860	0.2560887303297669	51.174
chr2	26426102	0.0	51.203
chr2	26430548	1.471178280058586	51.203
chr2	26452979	0.0	51.236
chr2	26475887	0.3459591965840068	51.236
chr2	26526471	3.529944184643154	51.2535
chr2	26559616	13.481785832202197	51.3705
chr2	26586875	7.898658718330746	51.738
chr2	26610360	3.1121623303871973	51.9235
chr2	26674624	6.181038005721284	52.1235
chr2	26703988	1.5469811447661057	52.305
chr2	26748591	0.663949814551865	52.374
chr2	26792269	0.17091381922010326	52.403
chr2	26941467	1.303485406630756	52.4285
chr2	27047337	0.27921262041078376	52.5665
chr2	27061663	4.772415438763843	52.5705
chr2	27078426	0.0	52.6505
chr2	27110324	0.14795400744007867	52.6505
chr2	27133980	0.3946909478089343	52.654
chr2	27188453	1.0805771553277101	52.6755
chr2	27235650	0.0	52.7265
chr2	27247113	0.8563738683628452	52.7265
chr2	27255287	0.45586406962299153	52.7335
chr2	27279417	0.14566339270831513	52.7445
chr2	27303445	1.8805099805048353	52.748
chr2	27361408	0.035954323627265285	52.857
chr2	27570006	0.1449803655161988	52.8645
chr2	27690712	0.13041786768996247	52.882
chr2	27916908	0.49571430070188727	52.9115
chr2	28107542	0.0	53.006
chr2	28160204	0.0	53.006
chr2	28291545	0.32715499249795654	53.006
chr2	28380188	0.14284548200157132	53.035
chr2	28404690	1.2278770429335029	53.0385
chr2	28428308	2.1101651749980883	53.0675
chr2	28469537	7.896267974399373	53.1545
chr2	28481568	2.848419992446362	53.2495
chr2	28513340	0.2831836131082096	53.34
chr2	28640466	0.5140194664146704	53.376
chr2	28761084	1.910924433344668	53.438
chr2	28787511	2.265572832204495	53.4885
chr2	28808477	0.3624562264403326	53.536
chr2	28898143	5.305838739573661	53.5685
chr2	28941303	0.22288261515602628	53.7975
chr2	28974953	0.2614476731158961	53.805
chr2	28988340	1.686725018234497	53.8085
chr2	28999308	0.23109937273043915	53.827
chr2	29029598	0.15745637372539803	53.834
chr2	29121687	0.6959273947528342	53.8485
chr2	29174135	0.3883169884875581	53.885
chr2	29239803	0.0	53.9105
chr2	29311955	0.04302899539588456	53.9105
chr2	29474636	0.48037032184823725	53.9175
chr2	29520434	0.0	53.9395
chr2	29616474	0.2914480806061244	53.9395
chr2	29640492	0.09320160839353717	53.9465
chr2	29678045	0.09883642571540213	53.95
chr2	29789340	0.6138345610023783	53.961
chr2	29812962	0.0	53.9755
chr2	29818901	2.2610483042138574	53.9755
chr2	29833496	0.6905461997683591	54.0085
chr2	29900834	13.605442176871264	54.055
chr2	29907008	0.4731217880740087	54.139
chr2	29968303	0.0	54.168
chr2	30046926	0.16869854694318873	54.168
chr2	30091384	0.23972602739718823	54.1755
chr2	30120584	0.5222711333287325	54.1825
chr2	30133987	0.5199325729547433	54.1895
chr2	30225345	0.1776184260528731	54.237
chr2	30346391	0.0	54.2585
chr2	30388130	0.0	54.2585
chr2	30421809	0.30810944047326777	54.2585
chr2	30446151	5.326309628329007	54.266
chr2	30480321	0.2214255588359426	54.448
chr2	30527741	0.0	54.4585
chr2	30544296	0.3878145978763321	54.4585
chr2	30581685	0.1336183858899035	54.473
chr2	30637815	0.0	54.4805
chr2	30689910	0.0	54.4805
chr2	30773385	0.35474874003029266	54.4805
chr2	30814259	0.0	54.495
chr2	30912568	0.0	54.495
chr2	30934322	0.0	54.495
chr2	30983589	0.07955111954942548	54.495
chr2	31077868	2.2436197064598398	54.5025
chr2	31109959	0.0	54.5745
chr2	31141065	0.6501215444625512	54.5745
chr2	31158754	0.7083257518650988	54.586
chr2	31235696	0.20645719454167286	54.6405
chr2	31286554	0.0	54.651
chr2	31316068	2.196975001750557	54.651
chr2	31430316	0.0	54.902
chr2	31569620	0.0	54.902
chr2	31660205	0.2431267413130942	54.902
chr2	31736297	5.13354394026424	54.9205
chr2	31778081	0.21070375052681273	55.135
chr2	31830287	0.08789001192790377	55.146
chr2	31909932	3.382871682183671	55.153
chr2	31927225	1.1506916391235302	55.2115
chr2	32008915	0.0	55.3055
chr2	32106514	0.373840245601727	55.3055
chr2	32194787	0.2521169126979671	55.3385
chr2	32309813	0.2232156697400242	55.3675
chr2	32471092	0.0	55.4035
chr2	32484907	0.0	55.4035
chr2	32486227	0.556426728716459	55.4035
chr2	32505996	0.29922202274108756	55.4145
chr2	32517693	6.6894835096453615	55.418
chr2	32578759	0.6118952435343301	55.8265
chr2	32591016	0.859226041913839	55.834
chr2	32713219	0.37731468044347666	55.939
chr2	32799354	0.0	55.9715
chr2	32828100	0.22313324458428196	55.9715
chr2	32960308	0.11214184697622394	56.001
chr2	33120819	0.9269085584557248	56.019
chr2	33195260	0.22719011268630449	56.088
chr2	33228272	0.0	56.0955
chr2	33358540	0.5452919493096294	56.0955
chr2	33404387	0.24695353015816496	56.1205
chr2	33521818	0.2726642986631485	56.1495
chr2	33589667	0.0	56.168
chr2	33613421	0.0	56.168
chr2	33673991	0.0	56.168
chr2	33713461	0.0	56.168
chr2	33822029	0.0	56.168
chr2	33924891	0.50114260513969	56.168
chr2	33974777	0.0	56.193
chr2	34014086	1.8588715556204232	56.193
chr2	34055240	0.0	56.2695
chr2	34096004	0.2883460575951268	56.2695
chr2	34285013	0.06776904310112858	56.324
chr2	34447329	0.0	56.335
chr2	34639879	0.0	56.335
chr2	34643627	1.9704134836909701	56.335
chr2	34676615	0.0	56.4
chr2	34698011	0.16024707184896592	56.4
chr2	34903943	0.1364894903093437	56.433
chr2	34929586	0.03966095548902406	56.4365
chr2	35017834	0.0	56.44
chr2	35031949	0.0	56.44
chr2	35120507	0.0	56.44
chr2	35151039	0.06870255229990191	56.44
chr2	35209261	0.015875463790314133	56.444
chr2	35429727	0.0	56.4475
chr2	35466009	0.5478779176860643	56.4475
chr2	35571872	0.0	56.5055
chr2	35724534	0.4936321453254158	56.5055
chr2	35775179	0.035317385571638625	56.5305
chr2	35987539	0.0	56.538
chr2	36040991	0.0	56.538
chr2	36053950	2.9624753127058394	56.538
chr2	36066102	0.0	56.574
chr2	36098406	0.08956560680709558	56.574
chr2	36143066	0.7062283536171786	56.578
chr2	36194749	0.25835342748881446	56.6145
chr2	36235391	0.04719079914250949	56.625
chr2	36309558	0.23264022590165226	56.6285
chr2	36371886	0.0	56.643
chr2	36448774	0.0	56.643
chr2	36484823	0.0	56.643
chr2	36623484	0.0	56.643
chr2	36663995	0.0	56.643
chr2	36668182	0.042816598160140204	56.643
chr2	36749926	0.3577591649479336	56.6465
chr2	36821203	0.0	56.672
chr2	36882118	0.0	56.672
chr2	36897739	0.0	56.672
chr2	36921855	3.8972814085784155	56.672
chr2	36990236	0.0	56.9385
chr2	37035910	0.20796609162392596	56.9385
chr2	37086399	12.808637046028153	56.949
chr2	37117706	0.0	57.35
chr2	37186142	0.0	57.35
chr2	37286674	0.07715556690716951	57.35
chr2	37474606	0.0	57.3645
chr2	37497172	0.2074319919399337	57.3645
chr2	37514045	0.0	57.368
chr2	37535334	0.2623791962450721	57.368
chr2	37603937	0.0	57.386
chr2	37730395	0.0	57.386
chr2	37748511	0.0	57.386
chr2	37783290	17.976892623414123	57.386
chr2	37795667	0.0	57.6085
chr2	37859538	0.0	57.6085
chr2	37916338	0.0	57.6085
chr2	37928901	0.0	57.6085
chr2	38075516	0.0	57.6085
chr2	38109157	0.1810750685499768	57.6085
chr2	38128486	0.0	57.612
chr2	38192987	0.0	57.612
chr2	38236736	0.07978662776108227	57.612
chr2	38280603	0.0	57.6155
chr2	38329719	1.03522966171899	57.6155
chr2	38361113	0.0	57.648
chr2	38411114	11.948571515827068	57.648
chr2	38476603	0.31083225335835507	58.4305
chr2	38875532	0.20109792410494545	58.5545
chr2	39017254	0.0	58.583
chr2	39035907	1.2978263884760965	58.583
chr2	39237783	1.1047090932721468	58.845
chr2	39260866	0.05083145741053665	58.8705
chr2	39329721	4.864035517252666	58.874
chr2	39360354	0.28030317000753646	59.023
chr2	39631489	2.127347417841151	59.099
chr2	39638305	0.2355934599255614	59.1135
chr2	39701974	0.0	59.1285
chr2	39715380	1.082230888362283	59.1285
chr2	39768973	0.4991582821125351	59.1865
chr2	39820059	0.0	59.212
chr2	39837400	1.5757842274989795	59.212
chr2	39851044	0.29054986562052615	59.2335
chr2	39864811	0.10643797707029472	59.2375
chr2	39897694	0.0	59.241
chr2	39898921	0.8789992035587201	59.241
chr2	40001879	7.692307692307712	59.3315
chr2	40063044	0.16675401400745635	59.802
chr2	40084033	0.0	59.8055
chr2	40137163	0.22432254591135625	59.8055
chr2	40170597	0.0	59.813
chr2	40227282	0.0	59.813
chr2	40240208	0.172379826635094	59.813
chr2	40280816	0.05428460643664213	59.82
chr2	40345291	0.09484966328365808	59.8235
chr2	40461264	0.11878600700851959	59.8345
chr2	40494938	0.2840876808217927	59.8385
chr2	40582939	0.0	59.8635
chr2	40607530	0.0	59.8635
chr2	40629868	0.0	59.8635
chr2	40688231	0.0	59.8635
chr2	40749717	0.0	59.8635
chr2	40802299	1.9250513347023317	59.8635
chr2	40810091	0.22017735665692087	59.8785
chr2	40875947	0.0	59.893
chr2	40908105	0.0	59.893
chr2	41032368	0.0	59.893
chr2	41055664	3.0829804620755668	59.893
chr2	41082586	0.0	59.976
chr2	41099958	0.15883821193567058	59.976
chr2	41121993	0.031066513405183314	59.9795
chr2	41250749	0.6842269179588144	59.9835
chr2	41356708	0.16515772562801656	60.056
chr2	41423311	0.10637974529657157	60.067
chr2	41456212	0.0	60.0705
chr2	41479088	0.4423184037219666	60.0705
chr2	41570651	0.5196704904149861	60.111
chr2	41674563	0.0	60.165
chr2	41714898	0.0	60.165
chr2	41747256	0.0	60.165
chr2	41793634	0.0	60.165
chr2	41830636	0.0	60.165
chr2	41860910	0.0	60.165
chr2	41880099	0.0	60.165
chr2	41991740	0.0	60.165
chr2	42031933	0.0	60.165
chr2	42078427	0.0	60.165
chr2	42090368	0.4457384946306695	60.165
chr2	42212637	0.21364408837101792	60.2195
chr2	42315612	0.0	60.2415
chr2	42362843	0.016727522988373874	60.2415
chr2	42572079	0.06834080940371268	60.245
chr2	42733037	0.0	60.256
chr2	42756442	0.0	60.256
chr2	42796852	0.0	60.256
chr2	42812065	0.0	60.256
chr2	42837436	0.7224389539083537	60.256
chr2	42872041	0.0	60.281
chr2	42889591	0.0	60.281
chr2	42971164	0.2861453618438891	60.281
chr2	43009606	0.24011525532256392	60.292
chr2	43040841	0.0	60.2995
chr2	43124328	1.9547706514778682	60.2995
chr2	43153999	0.763841331717757	60.3575
chr2	43191965	0.0	60.3865
chr2	43228657	0.4124440254539832	60.3865
chr2	43237143	0.6767538610588624	60.39
chr2	43307331	0.3017631590292473	60.4375
chr2	43353725	0.4414988632672392	60.4515
chr2	43452253	0.0	60.495
chr2	43485296	0.0	60.495
chr2	43500474	0.0	60.495
chr2	43614372	0.024206188312071556	60.495
chr2	43779619	0.20961936015494748	60.499
chr2	43848792	0.6395518279847926	60.5135
chr2	43910554	2.560423173236574	60.553
chr2	43946095	0.01742004200719946	60.644
chr2	44147013	0.0	60.6475
chr2	44209215	4.448550312677692	60.6475
chr2	44244395	0.0	60.804
chr2	44279927	0.02086702488391561	60.804
chr2	44471617	0.0	60.808
chr2	44638258	0.0	60.808
chr2	44685734	0.0	60.808
chr2	44758948	0.07146269851316055	60.808
chr2	45003831	0.0	60.8255
chr2	45055679	0.0	60.8255
chr2	45073097	30.287984111221743	60.8255
chr2	45084174	0.0	61.161
chr2	45201440	0.0	61.161
chr2	45302405	0.0	61.161
chr2	45347960	0.7157783326096345	61.161
chr2	45495352	0.0	61.2665
chr2	45621155	0.48096743163425876	61.2665
chr2	45628432	7.969662556781181	61.27
chr2	45677744	0.0	61.663
chr2	45836641	0.0	61.663
chr2	45905451	0.0	61.663
chr2	45943025	0.0	61.663
chr2	45965838	0.07231404958682854	61.663
chr2	46014238	0.0	61.6665
chr2	46105856	0.0	61.6665
chr2	46123723	0.0	61.6665
chr2	46162208	0.0	61.6665
chr2	46178278	0.3370029206919921	61.6665
chr2	46245043	0.03300936994543031	61.689
chr2	46457104	0.0	61.696
chr2	46513621	0.0	61.696
chr2	46605609	0.0	61.696
chr2	46704200	0.0	61.696
chr2	46761172	0.5618838432856303	61.696
chr2	46800326	0.0	61.718
chr2	47290470	0.6814641744543933	61.718
chr2	47305878	0.0	61.7285
chr2	47326957	0.7635478146024628	61.7285
chr2	47351186	0.0	61.747
chr2	47362845	0.2256608639586685	61.747
chr2	47393865	1.4110319996108034	61.754
chr2	47455522	0.0	61.841
chr2	47511985	0.0	61.841
chr2	47692122	0.0	61.841
chr2	47713672	0.0	61.841
chr2	47721569	0.0	61.841
chr2	47904448	0.0	61.841
chr2	47968856	0.0	61.841
chr2	48041247	0.0	61.841
chr2	48116996	0.0	61.841
chr2	48232764	0.0	61.841
chr2	48237666	0.0	61.841
chr2	48237999	0.0	61.841
chr2	48488672	0.0	61.841
chr2	48528982	0.1216841080553279	61.841
chr2	48557745	0.0	61.8445
chr2	48695566	0.10619898655831844	61.8445
chr2	48728523	0.0	61.848
chr2	48797426	0.23623012379796005	61.848
chr2	49246141	0.0	61.954
chr2	49306109	0.0	61.954
chr2	49471634	0.0	61.954
chr2	49637537	0.0	61.954
chr2	49801247	0.0	61.954
chr2	49954881	0.09310389110054051	61.954
chr2	50110621	0.014583333333343754	61.9685
chr2	50350621	0.017495494910055403	61.972
chr2	50750724	0.0	61.979
chr2	50934473	0.0	61.979
chr2	50948035	0.0	61.979
chr2	51204494	0.0	61.979
chr2	51235274	0.044055774610632675	61.979
chr2	51326068	0.0	61.983
chr2	51334561	0.0	61.983
chr2	51343290	0.0	61.983
chr2	51451750	0.14544877558579872	61.983
chr2	51527378	0.0	61.994
chr2	51785253	0.0	61.994
chr2	51834327	0.0	61.994
chr2	52112889	0.0	61.994
chr2	52120138	0.019426205396058705	61.994
chr2	52300307	0.06728892904861045	61.9975
chr2	52404336	0.0	62.0045
chr2	52906889	0.15673981191223166	62.0045
chr2	52954739	0.0	62.012
chr2	52964373	0.0	62.012
chr2	53228151	0.019727645759133907	62.012
chr2	53405567	0.0	62.0155
chr2	53572583	0.0	62.0155
chr2	53688338	0.026506416446087453	62.0155
chr2	53952425	0.0	62.0225
chr2	54037614	0.1557753719136141	62.0225
chr2	54063292	2.435186572755797	62.0265
chr2	54076638	0.06128309287019367	62.059
chr2	54133750	0.04803865052571442	62.0625
chr2	54206608	0.0	62.066
chr2	54248245	0.0	62.066
chr2	54926561	0.012859544836403388	62.066
chr2	55237614	0.0	62.07
chr2	55655284	0.009544170420713852	62.07
chr2	56022000	0.0	62.0735
chr2	56661113	0.0	62.0735
chr2	56862318	0.0	62.0735
chr2	57790965	0.021873359498008872	62.0735
chr2	57950977	0.0	62.077
chr2	58780687	0.0121020165417364	62.077
chr2	59069895	0.10899776554579871	62.0805
chr2	59271734	0.0	62.1025
chr2	59920312	0.0	62.1025
chr2	60015959	0.0	62.1025
chr2	60455289	0.1225533106902378	62.1025
chr2	60483848	0.1111481604979001	62.106
chr2	60582815	0.04345343033797459	62.117
chr2	60663361	0.22006396525924368	62.1205
chr2	60697442	0.0	62.128
chr2	60754593	0.0	62.128
chr2	60895073	0.028499191844336993	62.128
chr2	61140694	0.05588007391071321	62.135
chr2	61274910	0.09886206355806736	62.1425
chr2	61421579	0.0	62.157
chr2	61629254	0.03707177094856255	62.157
chr2	62128286	0.0	62.1755
chr2	62230579	0.0	62.1755
chr2	62454602	0.26967908189255807	62.1755
chr2	62588094	0.02052673892839097	62.2115
chr2	63464999	0.0	62.2295
chr2	63584960	0.025939052658624808	62.2295
chr2	64009031	0.0	62.2405
chr2	64217962	0.0	62.2405
chr2	64625238	0.0	62.2405
chr2	64657539	0.0	62.2405
chr2	64683709	0.09241445362056964	62.2405
chr2	64802738	0.0	62.2515
chr2	64814334	0.0	62.2515
chr2	65107968	0.41540900637212513	62.2515
chr2	65239164	0.0	62.306
chr2	65266822	0.4416240895749866	62.306
chr2	65414006	0.0	62.371
chr2	65492322	0.022941699406370815	62.371
chr2	65666677	0.0	62.375
chr2	65720177	0.06519838205740773	62.375
chr2	66111291	0.0	62.4005
chr2	66140758	0.06976608980446379	62.4005
chr2	66398763	0.0	62.4185
chr2	66621971	0.0	62.4185
chr2	66703117	0.07251974054796617	62.4185
chr2	66999588	0.0	62.44
chr2	67065302	0.017465767096503357	62.44
chr2	67265694	0.0	62.4435
chr2	67269054	0.0	62.4435
chr2	67329440	0.3002488328309818	62.4435
chr2	68105463	0.13144297188031698	62.6765
chr2	68215777	0.01677713477855364	62.691
chr2	68662814	0.0	62.6985
chr2	68692549	0.0551454658610011	62.6985
chr2	68819486	0.04836206479638597	62.7055
chr2	69046937	0.09719432385139867	62.7165
chr2	69124102	0.0	62.724
chr2	69257673	0.04541178760261443	62.724
chr2	69411818	0.4091348657292152	62.731
chr2	69438704	0.0	62.742
chr2	69626666	0.0	62.742
chr2	69788795	0.06302360233908903	62.742
chr2	70010934	0.20697226571635924	62.756
chr2	70066497	0.0	62.7675
chr2	70066498	0.0	62.7675
chr2	70066499	0.0	62.7675
chr2	70066500	0.035446268520682646	62.7675
chr2	70461464	0.013673958142042716	62.7815
chr2	70717425	0.05527997464492039	62.785
chr2	70853098	0.024240409455162176	62.7925
chr2	70997485	0.0	62.796
chr2	71160201	0.1329795271973263	62.796
chr2	71325640	0.0	62.818
chr2	71338591	0.033973449749062655	62.818
chr2	71456330	0.0	62.822
chr2	71588074	0.18408184641869535	62.822
chr2	71780923	0.012641425952840474	62.8575
chr2	72097343	0.055406405987935434	62.8615
chr2	72295876	0.05908166716240198	62.8725
chr2	72541299	0.2957403196034669	62.887
chr2	72639358	0.13191477158671028	62.916
chr2	73162423	0.3435431960365962	62.985
chr2	73521912	1.0951661631418566	63.1085
chr2	73535152	0.06740173292181996	63.123
chr2	73750280	0.0	63.1375
chr2	73837975	0.15178806338670103	63.1375
chr2	73887386	0.0	63.145
chr2	73920994	0.10370691942213361	63.145
chr2	74335624	0.0	63.188
chr2	74381085	0.0	63.188
chr2	74424764	0.030958314629334422	63.188
chr2	74553970	0.0	63.192
chr2	74636204	0.0	63.192
chr2	74768505	0.0	63.192
chr2	74851905	0.023137283418517104	63.192
chr2	75003176	0.0	63.1955
chr2	75013263	0.18992018149082995	63.1955
chr2	75205449	0.05544510538528722	63.232
chr2	75331700	0.0	63.239
chr2	75381518	0.012714096300207063	63.239
chr2	75656803	0.0	63.2425
chr2	75838875	0.04297403222479593	63.2425
chr2	76013399	0.11912497292617269	63.25
chr2	76105739	0.0	63.261
chr2	76387302	0.0	63.261
chr2	76416245	0.0	63.261
chr2	76440899	0.037189336223427114	63.261
chr2	76535012	0.0	63.2645
chr2	76599982	0.013081685313534928	63.2645
chr2	76905753	0.0	63.2685
chr2	76915079	0.16604572484145994	63.2685
chr2	77107797	0.2233903484337939	63.3005
chr2	77289094	0.0	63.341
chr2	77301579	0.0	63.341
chr2	77362554	0.0	63.341
chr2	77435287	0.07557762902171013	63.341
chr2	77481597	0.0297396506016119	63.3445
chr2	77599285	0.04521431585716467	63.348
chr2	77997389	0.054764512595807543	63.366
chr2	78070429	0.0	63.37
chr2	78095041	0.35624618307662337	63.37
chr2	78124515	0.0	63.3805
chr2	78275713	4.4733631557555045	63.3805
chr2	78280631	0.10359362720581682	63.4025
chr2	78420601	0.11348694508795772	63.417
chr2	78548369	0.12130606193348843	63.4315
chr2	78696754	0.033639980443959314	63.4495
chr2	78919703	0.0	63.457
chr2	78991921	0.0	63.457
chr2	79041875	0.11452879581148392	63.457
chr2	79102995	0.0	63.464
chr2	79151786	0.09209799226383446	63.464
chr2	79189789	0.15849870031066346	63.4675
chr2	79237108	0.0	63.475
chr2	79256187	0.6826999770180144	63.475
chr2	79330158	0.0	63.5255
chr2	79370920	0.062060726420768354	63.5255
chr2	79435373	0.13628212791393224	63.5295
chr2	79644498	0.0	63.558
chr2	79916852	0.0	63.558
chr2	79937325	0.0	63.558
chr2	79949295	0.3405236205519541	63.558
chr2	80025648	0.4920318180573921	63.584
chr2	80062231	0.20157624720363126	63.602
chr2	80188734	1.7976692288620162	63.6275
chr2	80229064	0.12220830405419277	63.7
chr2	80261795	0.0	63.704
chr2	80285165	0.18223155556327597	63.704
chr2	80342784	0.028655046726830617	63.7145
chr2	80604518	0.0	63.722
chr2	80643859	0.0	63.722
chr2	80757262	0.012076044577840098	63.722
chr2	81047092	0.0	63.7255
chr2	81089941	1.2849820386489343	63.7255
chr2	81160370	0.0	63.816
chr2	81238436	0.0	63.816
chr2	81244060	0.0	63.816
chr2	81259420	0.9414382609067106	63.816
chr2	81306157	0.028399870172042364	63.86
chr2	81429397	0.0	63.8635
chr2	81513886	0.0	63.8635
chr2	81576389	0.03660615610956884	63.8635
chr2	81863226	0.0	63.874
chr2	81908518	0.027766208524210627	63.874
chr2	82052578	0.0	63.878
chr2	82068690	0.0	63.878
chr2	82068844	0.48104835365341897	63.878
chr2	82129129	0.2464018578025258	63.907
chr2	82277261	0.0	63.9435
chr2	82318054	3.332430799991598	63.9435
chr2	82366067	0.0	64.1035
chr2	82412426	1.2037506335533108	64.1035
chr2	82436102	0.054028877503486464	64.132
chr2	82704477	0.0	64.1465
chr2	82710912	0.0	64.1465
chr2	82731592	0.16711229946536005	64.1465
chr2	82752536	0.1329653098091552	64.15
chr2	82861587	0.0	64.1645
chr2	82875946	0.9734421210635057	64.1645
chr2	82943233	0.0	64.23
chr2	83072215	0.0	64.23
chr2	83102385	0.0	64.23
chr2	83143388	0.0	64.23
chr2	83220714	0.04703036818063022	64.23
chr2	83295134	0.10132533538676798	64.2335
chr2	83369153	0.0	64.241
chr2	83395465	0.0	64.241
chr2	83408571	0.0	64.241
chr2	83464029	0.0	64.241
chr2	83503110	0.41928882460651806	64.241
chr2	83633092	0.13082155939281587	64.2955
chr2	83686600	1.3475437951745548	64.3025
chr2	83694763	0.0	64.3135
chr2	83720103	0.0	64.3135
chr2	83726939	0.14801959983664947	64.3135
chr2	83824899	0.0	64.328
chr2	83936084	0.6486231499496243	64.328
chr2	83953043	0.45070522111082173	64.339
chr2	84009621	0.0	64.3645
chr2	84025401	0.11012522811617552	64.3645
chr2	84057183	0.0	64.368
chr2	84070992	2.544021549359103	64.368
chr2	84091039	0.0	64.419
chr2	84123085	0.0	64.419
chr2	84172706	0.0992935969815456	64.419
chr2	84207955	0.41416738074830567	64.4225
chr2	84242965	0.5472111102724048	64.437
chr2	84269463	0.0	64.4515
chr2	84343374	0.16954899966105444	64.4515
chr2	84408252	0.0	64.4625
chr2	84453835	0.6690557412448166	64.4625
chr2	84802087	0.06346040524006168	64.6955
chr2	84912392	0.10653517182608897	64.7025
chr2	84945245	0.0	64.706
chr2	84975793	0.0	64.706
chr2	85003251	0.0	64.706
chr2	85026065	0.0	64.706
chr2	85053422	0.0	64.706
chr2	85069242	0.0	64.706
chr2	85114524	0.32483000563009135	64.706
chr2	85137613	0.0	64.7135
chr2	85151134	0.708052325066933	64.7135
chr2	85207627	2.175674723416124	64.7535
chr2	85264391	0.12575000898223335	64.877
chr2	85347890	0.0	64.8875
chr2	85384183	0.0	64.8875
chr2	85402079	5.211307824100035	64.8875
chr2	85416087	0.0	64.9605
chr2	85463126	0.0	64.9605
chr2	85469951	2.463240867060699	64.9605
chr2	85483145	0.052575544485546834	64.993
chr2	85559226	0.0	64.997
chr2	85611971	0.16414970453064914	64.997
chr2	85633293	0.3521352199243127	65.0005
chr2	85664531	0.5399684658417175	65.0115
chr2	85710830	0.6110696826580236	65.0365
chr2	85759106	0.5079825834536134	65.066
chr2	85772886	0.49264431080777654	65.073
chr2	85831752	1.486199575371405	65.102
chr2	85890627	0.0	65.1895
chr2	85954905	0.19758383199743149	65.1895
chr2	86008047	0.24124394148728381	65.2
chr2	86053644	0.0	65.211
chr2	86112966	0.7269992479317213	65.211
chr2	86152856	5.791991941576648	65.24
chr2	86176682	0.05607716217519308	65.378
chr2	86239096	0.35547492675986275	65.3815
chr2	86320677	0.0	65.4105
chr2	86483002	0.0	65.4105
chr2	86542826	3.521126760563338	65.4105
chr2	86556316	1.1514104778353917	65.458
chr2	86571949	1.3706904562772395	65.476
chr2	86593471	0.0	65.5055
chr2	86670070	1.781574938737701	65.5055
chr2	86745565	0.0	65.64
chr2	86760635	3.6140527819807	65.64
chr2	86766584	0.0	65.6615
chr2	86799397	0.0	65.6615
chr2	86842614	0.0	65.6615
chr2	86869011	0.0	65.6615
chr2	86998118	0.6172576731513422	65.6615
chr2	87021609	0.0	65.676
chr2	87286296	0.0	65.676
chr2	87306023	0.046419713789340726	65.676
chr2	87381422	3.0831965786462585	65.6795
chr2	87401531	0.0	65.7415
chr2	87434795	0.20874958995631177	65.7415
chr2	87468328	0.22136137243999324	65.7485
chr2	87486398	5.657566239832493	65.7525
chr2	87610568	0.0	66.455
chr2	87662400	0.0	66.455
chr2	87708843	0.0	66.455
chr2	87732672	0.0	66.455
chr2	87745744	0.0	66.455
chr2	87754841	1.3038754074611143	66.455
chr2	87768646	0.0	66.473
chr2	87792988	5.854800936767945	66.473
chr2	87798539	0.09150177284696073	66.5055
chr2	87842254	0.4761698627763162	66.5095
chr2	87888456	1.067542980208766	66.5315
chr2	87942318	3.2330227997060055	66.589
chr2	87974950	0.0	66.6945
chr2	88005602	0.0	66.6945
chr2	88052458	0.0	66.6945
chr2	88083521	0.0	66.6945
chr2	88104386	1.1494252873562416	66.6945
chr2	88142666	0.0	66.7385
chr2	88205563	7.88405249740353	66.7385
chr2	88226745	0.0	66.9055
chr2	88286275	0.08654312155262028	66.9055
chr2	88372937	0.0	66.913
chr2	88399979	0.0	66.913
chr2	88438622	0.12240318248274919	66.913
chr2	88585677	3.3234859675035686	66.931
chr2	88614111	0.0	67.0255
chr2	88625034	0.6458446356146035	67.0255
chr2	88663743	0.6934812760054313	67.0505
chr2	88680326	0.0	67.062
chr2	88729137	0.0	67.062
chr2	88754503	0.07811976876554029	67.062
chr2	88844109	0.22377085864091179	67.069
chr2	88859750	1.9569471624220536	67.0725
chr2	88861794	0.23240800516463114	67.0765
chr2	88939244	0.09861655067488943	67.0945
chr2	88974735	0.1124209038641474	67.098
chr2	89005868	0.03793256673424987	67.1015
chr2	89098137	0.0	67.105
chr2	89123544	0.6683528378785948	67.105
chr2	89199851	0.0	67.156
chr2	89229462	0.0	67.156
chr2	89377877	0.023696261322314636	67.156
chr2	89546680	0.0	67.16
chr2	89626109	0.0	67.16
chr2	89642220	0.0	67.16
chr2	89657214	0.5458345029786437	67.16
chr2	89689275	0.3481894150421258	67.1775
chr2	89710815	0.0	67.185
chr2	89729363	0.0	67.185
chr2	89753474	2.0365587124973583	67.185
chr2	89783672	0.022867204427118724	67.2465
chr2	89958595	0.33136522472588315	67.2505
chr2	90058183	0.0	67.2835
chr2	90080205	0.1134580723797558	67.2835
chr2	90234447	0.8213311431169829	67.301
chr2	90336720	0.0	67.385
chr2	90362906	0.0	67.385
chr2	90510148	0.18619002021429357	67.385
chr2	90528946	0.07303839732893366	67.3885
chr2	90576866	0.6130552649636604	67.392
chr2	90665765	0.12574446438568893	67.4465
chr2	90753244	0.10599636583896127	67.4575
chr2	90786264	0.0	67.461
chr2	90814780	0.6650149954363821	67.461
chr2	90853125	0.0	67.4865
chr2	90875350	0.6162536911027877	67.4865
chr2	91070075	0.0	67.6065
chr2	91138592	0.0	67.6065
chr2	91157402	0.6516463432904208	67.6065
chr2	91224156	0.0	67.65
chr2	91235780	0.0	67.65
chr2	91295003	0.05545520803606633	67.65
chr2	91358117	0.03450179409331751	67.6535
chr2	91459561	0.1660945631714625	67.657
chr2	91504716	0.15804848273454591	67.6645
chr2	91596460	0.0	67.679
chr2	91623377	0.5445692563958882	67.679
chr2	91670203	0.22790909682897056	67.7045
chr2	91685560	0.0	67.708
chr2	91698857	0.46311889525074434	67.708
chr2	91722609	0.0	67.719
chr2	91773578	0.0	67.719
chr2	91815118	0.0	67.719
chr2	91853147	0.12126765118034306	67.719
chr2	92001579	0.0	67.737
chr2	92080172	0.0	67.737
chr2	92135429	0.0	67.737
chr2	92174745	0.0	67.737
chr2	92232633	0.28363966417091707	67.737
chr2	92259075	0.13752455795659707	67.7445
chr2	92309975	0.0	67.7515
chr2	92359283	0.15310312191197809	67.7515
chr2	92431130	0.11646091904310721	67.7625
chr2	92461183	0.0	67.766
chr2	92482456	0.0	67.766
chr2	92530969	0.14373725713931396	67.766
chr2	92757076	0.06753603968660625	67.7985
chr2	92919952	0.0	67.8095
chr2	92958394	0.0	67.8095
chr2	93018301	0.0	67.8095
chr2	93175113	134.86930746429599	67.8095
chr2	93178824	0.0	68.31
chr2	93266279	0.0	68.31
chr2	93308723	0.0	68.31
chr2	93463907	0.0	68.31
chr2	93633942	0.06587904607135298	68.31
chr2	93747787	0.0	68.3175
chr2	93817551	0.0	68.3175
chr2	93873539	0.0	68.3175
chr2	93899137	0.0	68.3175
chr2	93959063	0.0	68.3175
chr2	94198323	0.0	68.3175
chr2	94253940	0.029373258585404856	68.3175
chr2	94373096	0.06428387760354298	68.321
chr2	94427542	0.0	68.3245
chr2	94473403	0.0	68.3245
chr2	94486659	0.04700762866662863	68.3245
chr2	94561115	0.0	68.328
chr2	94595398	0.0	68.328
chr2	94633672	0.081613998432937	68.328
chr2	94725568	0.01998481154324143	68.3355
chr2	94900701	0.0	68.339
chr2	95058843	0.0	68.339
chr2	95220922	0.0	68.339
chr2	95234925	0.0	68.339
chr2	95260761	0.0	68.339
chr2	95295990	0.0	68.339
chr2	95482794	0.0	68.339
chr2	95595644	0.0	68.339
chr2	95611343	0.36281837312242865	68.339
chr2	95652686	0.0	68.354
chr2	95673705	0.0	68.354
chr2	95702077	0.024646151679476806	68.354
chr2	95844087	6.852539150900743	68.3575
chr2	95899322	0.0	68.736
chr2	95911616	0.0	68.736
chr2	95961442	0.0	68.736
chr2	96004481	0.0	68.736
chr2	96063898	0.0	68.736
chr2	96104512	0.0	68.736
chr2	96132652	0.0	68.736
chr2	96161652	0.0	68.736
chr2	96288157	0.08449157196549952	68.736
chr2	96335499	0.0	68.74
chr2	96360728	0.0	68.74
chr2	96382059	0.0	68.74
chr2	96507328	0.28284727117654773	68.74
chr2	96622231	0.0	68.7725
chr2	96652511	0.6888179023773905	68.7725
chr2	96768652	0.09628875622405816	68.8525
chr2	96805001	0.0	68.856
chr2	96841353	0.1762632197416543	68.856
chr2	96883903	0.06221116246005157	68.8635
chr2	96940163	0.0	68.867
chr2	97247922	0.0	68.867
chr2	97288849	0.2691686533878721	68.867
chr2	97301852	0.09538474116656617	68.8705
chr2	97375239	0.0	68.8775
chr2	97448508	0.09704089950454009	68.8775
chr2	97525795	0.0	68.885
chr2	97542951	0.0	68.885
chr2	97603921	0.0	68.885
chr2	97649366	0.0	68.885
chr2	97702586	0.4991222333137648	68.885
chr2	97731637	0.0	68.8995
chr2	97761884	17.478714809520852	68.8995
chr2	97794066	0.0	69.462
chr2	97873900	0.087756688313201	69.462
chr2	97953666	0.0	69.469
chr2	98041220	0.1109490902175395	69.469
chr2	98072766	0.13303937965647336	69.4725
chr2	98099074	0.0	69.476
chr2	98126022	0.39165420494181014	69.476
chr2	98154108	0.2878187265330347	69.487
chr2	98306982	0.4086488723359161	69.531
chr2	98403642	0.0	69.5705
chr2	98421878	0.04101290148703994	69.5705
chr2	98507217	0.0	69.574
chr2	98534515	0.0	69.574
chr2	98569350	0.0	69.574
chr2	98588225	0.01974433901595625	69.574
chr2	98765491	0.02247784527377953	69.5775
chr2	98943444	0.150108077815891	69.5815
chr2	98993408	0.0	69.589
chr2	99059797	0.15113455144305543	69.589
chr2	99155738	0.0530307047781044	69.6035
chr2	99287737	0.0	69.6105
chr2	99356151	0.0	69.6105
chr2	99414165	0.0	69.6105
chr2	99417727	0.0	69.6105
chr2	99486534	0.0	69.6105
chr2	99569183	0.0	69.6105
chr2	99630417	0.0	69.6105
chr2	99680210	0.0	69.6105
chr2	99738390	0.3105327047397364	69.6105
chr2	99809236	0.0	69.6325
chr2	99837331	0.0	69.6325
chr2	99903640	0.0	69.6325
chr2	99920376	0.0	69.6325
chr2	99940237	0.27474684041153163	69.6325
chr2	99965715	0.0	69.6395
chr2	99987827	0.0	69.6395
chr2	100023119	0.0	69.6395
chr2	100066502	1.4423892754119618	69.6395
chr2	100084181	0.0	69.665
chr2	100145510	0.07206687806277677	69.665
chr2	100249580	0.0	69.6725
chr2	100300725	0.22266640430008372	69.6725
chr2	100397282	0.18513789581202988	69.694
chr2	100475602	0.0	69.7085
chr2	100522426	0.0	69.7085
chr2	100757355	0.0	69.7085
chr2	100801150	0.11414873580289049	69.7085
chr2	100836192	0.024033784634385005	69.7125
chr2	101273077	0.0	69.723
chr2	101384739	0.39800539823408704	69.723
chr2	101494034	0.49867398055184103	69.7665
chr2	101538151	2.0074380863832064	69.7885
chr2	101561813	0.16357942949738277	69.836
chr2	101626002	0.0	69.8465
chr2	101636480	0.0	69.8465
chr2	101702240	0.0	69.8465
chr2	101759270	1.2078300708036802	69.8465
chr2	101771275	0.0	69.861
chr2	101940091	0.0	69.861
chr2	101956407	0.0	69.861
chr2	102007279	0.01781816561980791	69.861
chr2	102231769	0.28534159465185543	69.865
chr2	102293099	0.03877428932269626	69.8825
chr2	102383365	0.0	69.886
chr2	102418487	0.7380073800747027	69.886
chr2	102423907	0.7525412739944627	69.89
chr2	102467094	0.0	69.9225
chr2	102514479	0.5583216697642621	69.9225
chr2	102645228	0.047335677576351036	69.9955
chr2	102793108	0.034619827089686375	70.0025
chr2	103110845	0.0	70.0135
chr2	103188414	0.0	70.0135
chr2	103205808	0.10730765103564997	70.0135
chr2	103243084	0.0	70.0175
chr2	103263822	0.0	70.0175
chr2	103263823	0.0	70.0175
chr2	103263824	0.0	70.0175
chr2	103263825	0.0	70.0175
chr2	103298787	0.0	70.0175
chr2	103298788	0.0	70.0175
chr2	103298789	0.0	70.0175
chr2	103298790	0.0	70.0175
chr2	103299001	0.0	70.0175
chr2	103299002	0.0	70.0175
chr2	103299003	0.0	70.0175
chr2	103299004	0.0	70.0175
chr2	103299525	0.0	70.0175
chr2	103299526	0.0	70.0175
chr2	103299527	0.0	70.0175
chr2	103299528	0.0	70.0175
chr2	103299529	0.0	70.0175
chr2	103299530	0.0	70.0175
chr2	103299531	0.0	70.0175
chr2	103299532	0.0	70.0175
chr2	103299830	0.0	70.0175
chr2	103299831	0.0	70.0175
chr2	103299832	0.0	70.0175
chr2	103299833	0.0	70.0175
chr2	103300111	0.0	70.0175
chr2	103300112	0.0	70.0175
chr2	103300113	0.0	70.0175
chr2	103300114	0.0	70.0175
chr2	103337398	0.0	70.0175
chr2	103337399	0.0	70.0175
chr2	103337550	0.0	70.0175
chr2	103337551	0.0	70.0175
chr2	103337552	0.0	70.0175
chr2	103337553	37.2340425532181	70.0175
chr2	103337647	1.9589767227467052	70.021
chr2	103350664	0.06496278560429312	70.0465
chr2	103404541	0.0	70.05
chr2	103480561	0.0	70.05
chr2	103511038	0.0	70.05
chr2	103570941	1.092840623173466	70.05
chr2	103610288	6.464952092788614	70.093
chr2	103659863	0.07137467626491223	70.4135
chr2	103708900	0.36395399621454744	70.417
chr2	103729507	0.0	70.4245
chr2	103759081	0.5414286247712252	70.4245
chr2	103785862	0.0981546917943379	70.439
chr2	103821520	0.04109223151368257	70.4425
chr2	103918862	0.29335344899861715	70.4465
chr2	103930793	0.0686101476774196	70.45
chr2	104142132	0.05320038304279592	70.4645
chr2	104207921	0.22918508332484663	70.468
chr2	104238464	0.0	70.475
chr2	104286180	0.0	70.475
chr2	104311554	0.0	70.475
chr2	104400617	0.0	70.475
chr2	104421857	0.0	70.475
chr2	104494688	0.04045266532503604	70.475
chr2	104593569	0.0	70.479
chr2	104606715	0.15611409710307997	70.479
chr2	104651554	0.0	70.486
chr2	104690332	0.7507507507500679	70.486
chr2	104700322	0.0	70.4935
chr2	104789635	0.0	70.4935
chr2	104843977	0.0	70.4935
chr2	104894180	0.054678956413099535	70.4935
chr2	105086210	0.0	70.504
chr2	105100151	0.0	70.504
chr2	105190611	0.0425599182848145	70.504
chr2	105272848	0.10579771476949028	70.5075
chr2	105310656	0.0	70.5115
chr2	105327006	1.1292967420563642	70.5115
chr2	105359327	0.13998472893860625	70.548
chr2	105437907	0.0	70.559
chr2	105518656	0.05499599314910986	70.559
chr2	105645938	0.0	70.566
chr2	105718860	0.0	70.566
chr2	105739780	0.1362822210109221	70.566
chr2	105765462	0.0	70.5695
chr2	105790234	0.0	70.5695
chr2	105811070	0.07684426229501208	70.5695
chr2	105908670	0.1255875704188346	70.577
chr2	105936539	0.0	70.5805
chr2	105950050	0.0	70.5805
chr2	105981808	0.0	70.5805
chr2	106052753	0.1329931931665157	70.5805
chr2	106135464	0.04893868309271199	70.5915
chr2	106288717	0.0	70.599
chr2	106309025	0.06822878084920467	70.599
chr2	106360323	0.0	70.6025
chr2	106390623	0.0	70.6025
chr2	106420353	0.0	70.6025
chr2	106442412	0.0	70.6025
chr2	106594431	0.22191273473008036	70.6025
chr2	106659772	0.0	70.617
chr2	106682768	0.0	70.617
chr2	106707785	0.0	70.617
chr2	106740920	0.0	70.617
chr2	106764367	0.0	70.617
chr2	106795520	0.0	70.617
chr2	106843583	0.0	70.617
chr2	106871532	0.04795243118829551	70.617
chr2	106944521	0.0	70.6205
chr2	107039073	0.0	70.6205
chr2	107059390	0.0	70.6205
chr2	107149350	0.0	70.6205
chr2	107190209	0.028057236762902643	70.6205
chr2	107314954	0.0	70.624
chr2	107342482	0.0	70.624
chr2	107394629	0.19902194927797687	70.624
chr2	107412215	0.0	70.6275
chr2	107463113	0.0	70.6275
chr2	107486565	0.0	70.6275
chr2	107513119	0.0	70.6275
chr2	107544493	0.0	70.6275
chr2	107573424	0.0	70.6275
chr2	107609030	0.10521590303312743	70.6275
chr2	107680312	0.0	70.635
chr2	107703783	0.0	70.635
chr2	107809198	0.0	70.635
chr2	107819784	0.0	70.635
chr2	107853101	0.0	70.635
chr2	107984867	0.04646030547640023	70.635
chr2	108070962	0.0	70.639
chr2	108086306	0.2171081198438373	70.639
chr2	108134669	0.0	70.6495
chr2	108176641	0.030886440852437677	70.6495
chr2	108419466	0.2296395193591795	70.657
chr2	108513091	0.0	70.6785
chr2	108541688	0.025093683083536503	70.6785
chr2	108840568	0.1444987270349314	70.686
chr2	108913233	0.0	70.6965
chr2	108998866	0.0	70.6965
chr2	109052956	0.0	70.6965
chr2	109070421	0.0	70.6965
chr2	109131083	0.0	70.6965
chr2	109177855	0.0	70.6965
chr2	109262427	0.0	70.6965
chr2	109401458	0.0	70.6965
chr2	109429723	0.0	70.6965
chr2	109521624	0.0	70.6965
chr2	109582507	0.0	70.6965
chr2	109619222	0.4424461291943431	70.6965
chr2	109661035	0.0	70.715
chr2	109694703	0.013530910398321012	70.715
chr2	109953370	0.0	70.7185
chr2	109999432	0.0	70.7185
chr2	110173913	0.0	70.7185
chr2	110216638	0.0	70.7185
chr2	110273167	0.0	70.7185
chr2	110358069	0.060307395409666335	70.7185
chr2	110474141	0.0	70.7255
chr2	110482101	0.09998250306208635	70.7255
chr2	110522108	0.0	70.7295
chr2	110574816	0.0	70.7295
chr2	110600067	0.05704072707909806	70.7295
chr2	110784146	0.021815841573385158	70.74
chr2	110967499	0.0	70.744
chr2	111068634	0.0	70.744
chr2	111121194	0.0	70.744
chr2	111210379	0.0	70.744
chr2	111323944	0.0	70.744
chr2	111359811	0.0	70.744
chr2	111391300	0.0	70.744
chr2	111404415	0.0	70.744
chr2	111442813	0.5812727957943571	70.744
chr2	111599366	0.0	70.835
chr2	111641376	0.0	70.835
chr2	111790037	0.0	70.835
chr2	112028406	0.0	70.835
chr2	112065643	0.0	70.835
chr2	112115879	0.1508880841525479	70.835
chr2	112139075	0.04425562046383053	70.8385
chr2	112218161	0.0	70.842
chr2	112270438	0.0	70.842
chr2	112282003	0.0	70.842
chr2	112423954	0.12038454262481302	70.842
chr2	112482101	0.15260821309649944	70.849
chr2	112554181	1.269098691086496	70.86
chr2	112594367	0.0	70.911
chr2	112636402	1.6827202042472067	70.911
chr2	112653636	0.0	70.94
chr2	112667954	0.0	70.94
chr2	112849631	0.0789800293354959	70.94
chr2	112893946	0.26031723994284056	70.9435
chr2	112922757	0.0	70.951
chr2	112937492	0.04803271714222489	70.951
chr2	113010359	0.0	70.9545
chr2	113022675	0.0	70.9545
chr2	113054513	0.0	70.9545
chr2	113091326	0.0	70.9545
chr2	113119031	0.0	70.9545
chr2	113122872	1.366257207320123	70.9545
chr2	113242542	0.0	71.118
chr2	113265480	0.0	71.118
chr2	113288675	0.0	71.118
chr2	113312642	0.19488428745456216	71.118
chr2	113333167	0.0	71.122
chr2	113472948	0.11492177110863222	71.122
chr2	113594770	0.2919913812198832	71.136
chr2	113644429	0.18622898716279865	71.1505
chr2	113684702	0.8511845651865836	71.158
chr2	113705849	0.0	71.176
chr2	113747308	0.6566434199799919	71.176
chr2	113769390	0.10541702976967333	71.1905
chr2	113840536	0.0	71.198
chr2	113925434	0.0	71.198
chr2	114001747	0.3012566706836376	71.198
chr2	114024983	0.24836306163925906	71.205
chr2	114113563	0.08039508441489608	71.227
chr2	114157098	0.138370001383518	71.2305
chr2	114207687	8.12076202776904	71.2375
chr2	114238657	0.4429150064214533	71.489
chr2	114542327	0.0	71.6235
chr2	114582083	1.1053514255220445	71.6235
chr2	114595201	0.19516003122495207	71.638
chr2	114613135	0.13148356100128689	71.6415
chr2	114753837	1.7756551555229672	71.66
chr2	114802833	1.0343253345508192	71.747
chr2	114872927	7.344434706397843	71.8195
chr2	114929977	0.08461975508631218	72.2385
chr2	115012700	0.16234519226254884	72.2455
chr2	115034259	0.192225358019778	72.249
chr2	115148708	3.190519598908388	72.271
chr2	115149805	0.19250405932469689	72.2745
chr2	115209544	0.0	72.286
chr2	115226553	0.023011479440903242	72.286
chr2	115378651	0.19309763718701822	72.2895
chr2	115435617	0.24484085344543555	72.3005
chr2	115449912	0.2402691013937325	72.304
chr2	115479046	2.4145707702109904	72.311
chr2	115519840	0.0	72.4095
chr2	115711234	1.7661453346103335	72.4095
chr2	115758229	0.10796138067146704	72.4925
chr2	115790648	0.994126654021271	72.496
chr2	115834405	0.0	72.5395
chr2	115869851	1.309886647717472	72.5395
chr2	115928253	0.0	72.616
chr2	115978935	4.6454840534828	72.616
chr2	116012516	0.0	72.772
chr2	116050153	0.0	72.772
chr2	116080957	0.0	72.772
chr2	116128461	0.0	72.772
chr2	116153146	0.0	72.772
chr2	116174128	0.0	72.772
chr2	116267026	1.5527950310559007	72.772
chr2	116307276	0.0	72.8345
chr2	116329875	0.0	72.8345
chr2	116386625	0.0	72.8345
chr2	116444037	0.0	72.8345
chr2	116468228	0.0	72.8345
chr2	116497890	1.2269938650290608	72.8345
chr2	116503595	0.0	72.8415
chr2	116599741	0.45336624436442285	72.8415
chr2	116639444	48.95833333333025	72.8595
chr2	116640404	6.596248723131417	72.9065
chr2	116732426	0.0	73.5135
chr2	116768444	1.7602489859435857	73.5135
chr2	116807643	0.11305125332740558	73.5825
chr2	116904944	0.0	73.5935
chr2	116921195	0.43187799446651565	73.5935
chr2	116995290	0.0	73.6255
chr2	117024095	0.3804017041992888	73.6255
chr2	117043811	0.0	73.633
chr2	117065977	0.0	73.633
chr2	117072432	0.12628084860739286	73.633
chr2	117100148	0.2055882627792316	73.6365
chr2	117207158	0.7666306582566595	73.6585
chr2	117235855	3.2672822032330764	73.6805
chr2	117273654	2.8008737316796757	73.804
chr2	117302038	0.0	73.8835
chr2	117314595	0.1692620176034567	73.8835
chr2	117338227	0.0	73.8875
chr2	117351181	0.0	73.8875
chr2	117358410	0.06211069901159698	73.8875
chr2	117414761	0.5140427122760727	73.891
chr2	117436160	0.5166875310012854	73.902
chr2	117605508	0.2785118926611109	73.9895
chr2	117851458	0.0	74.058
chr2	117861917	0.0	74.058
chr2	117878073	2.6513374002815473	74.058
chr2	117920693	13.118621220873951	74.171
chr2	117941465	0.3078944127424434	74.4435
chr2	117965824	0.0	74.451
chr2	117984240	0.0	74.451
chr2	117990342	0.6890848952592525	74.451
chr2	118026622	0.1936697653830512	74.476
chr2	118044694	0.25150905432613546	74.4795
chr2	118058610	0.0	74.483
chr2	118094454	0.0	74.483
chr2	118128186	0.0	74.483
chr2	118141169	0.0	74.483
chr2	118173390	0.0	74.483
chr2	118199738	0.2781795927448232	74.483
chr2	118226699	0.31771583495722633	74.4905
chr2	118273911	0.0	74.5055
chr2	118305345	0.2908426125978478	74.5055
chr2	118317379	0.0	74.509
chr2	118360009	0.09089728606680954	74.509
chr2	118398514	1.9677617005231842	74.5125
chr2	118440948	0.5482456140351787	74.596
chr2	118474692	22.054170358182148	74.6145
chr2	118506296	0.3285374419394626	75.3115
chr2	118550431	0.0	75.326
chr2	118640964	0.0	75.326
chr2	118689053	2.4004152069551146	75.326
chr2	118696760	0.5727376861401573	75.3445
chr2	118715093	0.27606404685882485	75.355
chr2	118756750	0.315570788664008	75.3665
chr2	118870829	0.4261822884518761	75.4025
chr2	118904852	0.0	75.417
chr2	118929642	1.6108896137888946	75.417
chr2	118954473	0.12153991066831418	75.457
chr2	118987384	0.0	75.461
chr2	119014009	0.04127942633394468	75.461
chr2	119098797	0.1590114033893281	75.4645
chr2	119142819	0.0	75.4715
chr2	119200546	0.5665776787600352	75.4715
chr2	119252613	7.403236569903023	75.501
chr2	119276589	0.7597734493716525	75.6785
chr2	119305545	0.9722897423428364	75.7005
chr2	119328172	0.16449687455950093	75.7225
chr2	119349449	1.3474584146453101	75.726
chr2	119370971	0.0	75.755
chr2	119406709	0.19321360223773562	75.755
chr2	119461053	0.25486856891288545	75.7655
chr2	119547372	0.0	75.7875
chr2	119563890	3.40160412489254	75.7875
chr2	119577854	0.0	75.835
chr2	119598506	0.2457136616795987	75.835
chr2	119671762	0.0	75.853
chr2	119689682	0.2722111321392555	75.853
chr2	119728255	11.726294490940655	75.8635
chr2	119739128	0.0	75.991
chr2	119740602	10.951213726574952	75.991
chr2	119753249	0.0	76.1295
chr2	119786464	0.0	76.1295
chr2	119928514	0.7423904974021638	76.1295
chr2	119937943	0.0	76.1365
chr2	119972651	0.09601009477574787	76.1365
chr2	120045560	0.0	76.1435
chr2	120074988	0.0	76.1435
chr2	120077652	1.8041237113401134	76.1435
chr2	120180472	1.0784678319081658	76.329
chr2	120207362	0.0	76.358
chr2	120436759	9.720483938256324	76.358
chr2	120448744	0.0	76.4745
chr2	120472016	0.0	76.4745
chr2	120479237	0.0	76.4745
chr2	120479521	0.0	76.4745
chr2	120493506	0.0	76.4745
chr2	120518576	0.22167682685449758	76.4745
chr2	120581731	1.3430445787487086	76.4885
chr2	120601090	2.1515220874340604	76.5145
chr2	120622935	1.7761503989506429	76.5615
chr2	120641233	1.088098454149859	76.594
chr2	120707863	10.295504558315013	76.6665
chr2	120714225	0.0	76.732
chr2	120722604	0.5836251459067036	76.732
chr2	120728601	1.1721039265481168	76.7355
chr2	120902647	0.566794558772216	76.9395
chr2	120959987	0.3992846349534286	76.972
chr2	121169111	0.0	77.0555
chr2	121188863	0.447606846841448	77.0555
chr2	121253652	0.2699298182470833	77.0845
chr2	121292551	0.0	77.095
chr2	121326565	3.092158447857742	77.095
chr2	121400785	0.9334758812171108	77.3245
chr2	121463454	0.34664775860719405	77.383
chr2	121526919	0.1796825266443343	77.405
chr2	121624313	0.0	77.4225
chr2	121660705	0.0	77.4225
chr2	121757391	0.0	77.4225
chr2	121764485	0.27762354247644805	77.4225
chr2	121831122	0.060887566758911355	77.441
chr2	121888605	0.06486526557684487	77.4445
chr2	121996521	0.034411088629233776	77.4515
chr2	122214474	0.0	77.459
chr2	122234830	0.48672853527115184	77.459
chr2	122250239	0.0	77.4665
chr2	122266538	0.0	77.4665
chr2	122299108	0.0	77.4665
chr2	122344687	0.0	77.4665
chr2	122400585	0.7410481384872446	77.4665
chr2	122434321	0.0	77.4915
chr2	122460460	0.23454357819661567	77.4915
chr2	122492437	0.0	77.499
chr2	122538391	4.677986929564988	77.499
chr2	122574197	2.210080422371009	77.6665
chr2	122590486	0.15290519877686767	77.7025
chr2	122613376	0.02977785718541822	77.706
chr2	122730913	0.0	77.7095
chr2	122917823	0.0	77.7095
chr2	122979790	0.0	77.7095
chr2	122988584	0.515570220664074	77.7095
chr2	123017678	12.455671181908018	77.7245
chr2	123086482	0.11534532192322716	78.5815
chr2	123177513	0.3724568182874234	78.592
chr2	123198992	0.0	78.6
chr2	123208432	0.7529796480363369	78.6
chr2	123231673	1.2284376858820034	78.6175
chr2	123270340	1.4662241654814097	78.665
chr2	123327289	0.0	78.7485
chr2	123357527	0.0	78.7485
chr2	123374606	0.9642248856958809	78.7485
chr2	123627659	0.0	78.9925
chr2	123832775	0.05872507854474842	78.9925
chr2	124139288	0.5510773020985903	79.0105
chr2	124185561	3.432765151514721	79.036
chr2	124194009	3.5110711771674605	79.065
chr2	124368742	0.0	79.6785
chr2	124507387	0.0	79.6785
chr2	124524956	0.0	79.6785
chr2	124568505	0.0	79.6785
chr2	124588348	0.16989878886446935	79.6785
chr2	124629549	0.3555555555547269	79.6855
chr2	124640799	0.0	79.6895
chr2	124726729	0.22009118063213337	79.6895
chr2	124758534	0.0	79.6965
chr2	124772702	0.0	79.6965
chr2	124786855	0.0	79.6965
chr2	124872245	0.7509182657650414	79.6965
chr2	124988769	0.3621883072583168	79.784
chr2	125249683	0.43008110100705277	79.8785
chr2	125265959	0.0	79.8855
chr2	125308634	0.0	79.8855
chr2	125327919	0.6775693738644729	79.8855
chr2	125392857	0.0	79.9295
chr2	125411164	0.0	79.9295
chr2	125428158	0.0	79.9295
chr2	125470839	0.3384585630011987	79.9295
chr2	125491521	0.0	79.9365
chr2	125512461	0.0	79.9365
chr2	125533751	0.0	79.9365
chr2	125556286	0.26938995420395	79.9365
chr2	125597119	0.40524609490110813	79.9475
chr2	125624263	2.7970766038075254	79.9585
chr2	125646429	5.720247517628141	80.0205
chr2	125660327	0.7519739315704007	80.1
chr2	125684264	0.0	80.118
chr2	125702717	2.7740790057702647	80.118
chr2	125734259	3.555339842424667	80.2055
chr2	125946475	0.24003840614515473	80.96
chr2	125961056	2.760327431943846	80.9635
chr2	125987321	3.615338432222021	81.036
chr2	126025630	1.1671715425765774	81.1745
chr2	126878975	0.4501233487187231	82.1705
chr2	127080031	0.0	82.261
chr2	127096116	0.0	82.261
chr2	127110010	0.1748557440113157	82.261
chr2	127150043	0.4384400451815996	82.268
chr2	127217327	0.4648880394638467	82.2975
chr2	127256046	2.9602304699335678	82.3155
chr2	127463969	0.0	82.931
chr2	127492531	0.0	82.931
chr2	127512035	0.12341939030816342	82.931
chr2	127601162	2.942430703624845	82.942
chr2	127624612	0.46625974906759854	83.011
chr2	127671796	0.0	83.033
chr2	127690069	1.143801952390649	83.033
chr2	127734220	34.21674294994805	83.0835
chr2	127747766	0.6307788122196047	83.547
chr2	127810387	0.606930037519073	83.5865
chr2	127828511	0.11302354118908842	83.5975
chr2	127890445	2.512840337990666	83.6045
chr2	127926659	2.778161236885722	83.6955
chr2	127955635	0.5001667222412397	83.776
chr2	127970630	0.21064034665397816	83.7835
chr2	127987246	0.2553998832449132	83.787
chr2	128000950	2.986337505910573	83.7905
chr2	128041133	2.0337871084138954	83.9105
chr2	128071618	0.0	83.9725
chr2	128074208	0.0	83.9725
chr2	128079502	0.5017561465131534	83.9725
chr2	128093453	0.0	83.9795
chr2	128106376	0.9620275560075755	83.9795
chr2	128151593	10.251771445801685	84.023
chr2	128171492	3.8745301842142266	84.227
chr2	128193043	17.182687631706614	84.3105
chr2	128217719	1.043991953623031	84.7345
chr2	128335536	22.788248153423286	84.8575
chr2	128365727	1.0331764435771256	85.5455
chr2	128383149	0.8055555555554545	85.5635
chr2	128401149	5.482723329596821	85.578
chr2	128421668	4.462465455533972	85.6905
chr2	128443741	0.0	85.789
chr2	128463416	0.0	85.789
chr2	128477737	0.15349530742928255	85.789
chr2	128500539	0.1790098199673947	85.7925
chr2	128520091	0.0	85.796
chr2	128537288	0.22359931003566666	85.796
chr2	128552941	2.3774501419630214	85.7995
chr2	128582174	1.8722466960351394	85.869
chr2	128623034	0.16219472635444188	85.9455
chr2	128644613	0.12370113805055848	85.949
chr2	128672907	0.9143073333752557	85.9525
chr2	128688766	1.798561151079418	85.967
chr2	128711006	0.8455748250821026	86.007
chr2	128771320	0.5031386266708177	86.058
chr2	128792189	2.822109770338299	86.0685
chr2	128812741	3.5896811876384715	86.1265
chr2	128820959	0.8108345021032984	86.156
chr2	128843775	1.9135015019961676	86.1745
chr2	128868076	0.9461551694474178	86.221
chr2	128879702	0.13892265481210322	86.232
chr2	128908495	0.0	86.236
chr2	128970467	0.39529952923404177	86.236
chr2	128998294	1.0884251613870426	86.247
chr2	129038260	0.841406033767037	86.2905
chr2	129128585	0.14146772767479712	86.3665
chr2	129156860	2.802199726785467	86.3705
chr2	129185409	2.195040721789667	86.4505
chr2	129218438	12.58564731337966	86.523
chr2	129232303	80.39462636439873	86.6975
chr2	129237067	0.7336862699963707	87.0805
chr2	129271823	0.27344319673353473	87.106
chr2	129299251	0.1289566236810748	87.1135
chr2	129384551	2.049904573408035	87.1245
chr2	129412845	27.303699418249348	87.1825
chr2	129443958	24.390720199968662	88.032
chr2	129469562	0.8742787200559871	88.6565
chr2	129486719	2.925513278677065	88.6715
chr2	129543803	0.12609545425902807	88.8385
chr2	129575525	0.37469221710764383	88.8425
chr2	129584866	0.2375704462364972	88.846
chr2	129660633	0.21525744790750181	88.864
chr2	129695475	0.0	88.8715
chr2	129708649	0.0	88.8715
chr2	129720318	0.0	88.8715
chr2	129741152	0.20650998131591117	88.8715
chr2	129791997	0.6942117106333212	88.882
chr2	129812884	0.19241870309749268	88.8965
chr2	129833672	0.16370056827494686	88.9005
chr2	129876433	0.2568027553425857	88.9075
chr2	129975731	0.16105004630151298	88.933
chr2	130000568	0.0	88.937
chr2	130010905	1.2335054503731029	88.937
chr2	130045765	0.5274416151434548	88.98
chr2	130079892	0.0	88.998
chr2	130107186	0.235360572396698	88.998
chr2	130139052	1.352918438346541	89.0055
chr2	130141639	4.5153311242824525	89.009
chr2	130227347	2.060370531676181	89.396
chr2	130287045	0.0	89.519
chr2	130287401	0.0	89.519
chr2	130308469	1.5427897268350945	89.519
chr2	130341526	0.4162447969401073	89.57
chr2	130385971	0.10921799912633405	89.5885
chr2	130418017	0.10918392812585791	89.592
chr2	130450073	0.0	89.5955
chr2	130494311	0.0	89.5955
chr2	130526244	0.0	89.5955
chr2	130538000	0.270772087266169	89.5955
chr2	130563852	0.0	89.6025
chr2	130580194	0.0	89.6025
chr2	130608056	1.6076187681848995	89.6025
chr2	130689854	1.1923189557799518	89.734
chr2	130713757	4.036430135470008	89.7625
chr2	130796875	1.2306908843997777	90.098
chr2	130832221	0.19166004983174992	90.1415
chr2	130868744	1.0427645594600443	90.1485
chr2	131047116	0.0	90.3345
chr2	131064955	0.0	90.3345
chr2	131091964	0.6249644906536947	90.3345
chr2	131109565	3.7927579791038553	90.3455
chr2	131130526	0.0	90.425
chr2	131132193	0.0	90.425
chr2	131156104	0.0	90.425
chr2	131175398	0.0	90.425
chr2	131191970	0.0	90.425
chr2	131204839	0.0	90.425
chr2	131206219	0.19900907206870863	90.425
chr2	131351941	0.7041985459252815	90.454
chr2	131378212	0.0	90.4725
chr2	131411181	0.5923213612627155	90.4725
chr2	131429752	1.159557475004425	90.4835
chr2	131514267	0.10257913247348756	90.5815
chr2	131582507	0.5858349157609058	90.5885
chr2	131607258	4.428568208965323	90.603
chr2	131651629	5.186897446016931	90.7995
chr2	131722577	1.3179440073485862	91.1675
chr2	131747616	2.19883537546982	91.2005
chr2	131780588	0.8143322475571239	91.273
chr2	131806990	0.0	91.2945
chr2	131823980	0.271071273673825	91.2945
chr2	131851648	1.8621608907009344	91.302
chr2	131877156	0.0	91.3495
chr2	131921038	0.0	91.3495
chr2	131950583	0.0	91.3495
chr2	131966593	1.6255101334992408	91.3495
chr2	131995507	0.05281902692265032	91.3965
chr2	132061771	1.3140841013821118	91.4
chr2	132089547	1.569573406469928	91.4365
chr2	132119810	0.0	91.484
chr2	132144545	2.171294535311279	91.484
chr2	132176093	0.8928258814470107	91.5525
chr2	132204654	15.746785929995093	91.578
chr2	132239423	6.4758524336364705	92.1255
chr2	132265906	0.14876830106598316	92.297
chr2	132363373	0.32585420351945826	92.3115
chr2	132384855	0.2800763844683814	92.3185
chr2	132424130	1.779157360790557	92.3295
chr2	132476964	2.5209306628424173	92.4235
chr2	132498583	0.0	92.478
chr2	132513412	0.14358017157848052	92.478
chr2	132541271	2.071626485744576	92.482
chr2	132579888	0.0	92.562
chr2	132607616	0.0	92.562
chr2	132637336	11.287997300696581	92.562
chr2	132669937	0.27828575971975794	92.93
chr2	132695091	5.398110661275153	92.937
chr2	132695832	0.2167316861726733	92.941
chr2	132711981	2.978299379982031	92.9445
chr2	132757141	18.086747814161903	93.079
chr2	132762974	14.809667102972682	93.1845
chr2	132837081	0.6043973994577762	94.282
chr2	132867690	0.7771690661231628	94.3005
chr2	132946180	0.0	94.3615
chr2	132970276	0.0	94.3615
chr2	133101608	0.33755274261524704	94.3615
chr2	133113458	0.0	94.3655
chr2	133150589	0.0	94.3655
chr2	133180110	0.0	94.3655
chr2	133223825	3.546756919653011	94.3655
chr2	133245394	0.0	94.442
chr2	133266361	0.17427675148147692	94.442
chr2	133286444	0.3227832641240023	94.4455
chr2	133343758	0.0	94.464
chr2	133372134	0.8969759097895819	94.464
chr2	133387742	0.0	94.478
chr2	133405405	1.5151515151515726	94.478
chr2	133427185	0.5889281507660274	94.511
chr2	133439071	0.0	94.518
chr2	133473095	0.0	94.518
chr2	133481161	0.46623151725089934	94.518
chr2	133488668	0.0	94.5215
chr2	133536319	0.0	94.5215
chr2	133570131	0.0	94.5215
chr2	133590609	0.22143489814010509	94.5215
chr2	133606415	0.0	94.525
chr2	133641487	0.0	94.525
chr2	133658994	0.0	94.525
chr2	133684587	0.0	94.525
chr2	133760974	0.0	94.525
chr2	133780840	0.0	94.525
chr2	133827558	0.07171396373298414	94.525
chr2	133876363	0.0	94.5285
chr2	133907697	0.0	94.5285
chr2	133954271	0.05731890807487122	94.5285
chr2	134024056	0.0	94.5325
chr2	134044108	0.0	94.5325
chr2	134055066	0.0	94.5325
chr2	134118258	0.06928086462524004	94.5325
chr2	134168777	0.5314061005420544	94.536
chr2	134197004	0.18801031370877208	94.551
chr2	134215620	0.16845550368207637	94.5545
chr2	134236397	0.3839635631818182	94.558
chr2	134274161	0.13841925214037276	94.5725
chr2	134324732	0.5924170616113	94.5795
chr2	134349208	0.09838162231307217	94.594
chr2	134389866	0.0	94.598
chr2	134454156	5.709945994599543	94.598
chr2	134471932	0.0	94.6995
chr2	134496050	0.0	94.6995
chr2	134514073	0.31456774053581044	94.6995
chr2	134560168	0.0	94.714
chr2	134585622	0.0	94.714
chr2	134598603	0.0	94.714
chr2	134613839	0.0	94.714
chr2	134631276	0.0	94.714
chr2	134646976	0.0	94.714
chr2	134669138	0.0	94.714
chr2	134685738	0.5375945424884392	94.714
chr2	134712710	20.530425417340258	94.7285
chr2	134720138	0.0	94.881
chr2	134743243	0.19980019980044397	94.881
chr2	134763263	0.0	94.885
chr2	134784024	0.0	94.885
chr2	134792961	0.0	94.885
chr2	134810477	0.0	94.885
chr2	134824423	0.5837711617043826	94.885
chr2	134843266	0.0	94.896
chr2	134865927	0.0	94.896
chr2	134890881	0.3129433363929391	94.896
chr2	134914847	0.0	94.9035
chr2	134938032	0.5322114653559483	94.9035
chr2	134957761	0.0	94.914
chr2	134975191	2.6054970879739416	94.914
chr2	134994765	0.0	94.965
chr2	135023626	0.0	94.965
chr2	135054434	0.0	94.965
chr2	135068797	0.0	94.965
chr2	135089714	0.0	94.965
chr2	135112288	0.09027598658763221	94.965
chr2	135151058	0.17489506296163754	94.9685
chr2	135171070	2.2500639222710888	94.972
chr2	135190625	1.2522981002370586	95.016
chr2	135228156	19.452527211984275	95.063
chr2	135246714	0.0	95.424
chr2	135282066	0.0	95.424
chr2	135360095	0.0	95.424
chr2	135375967	0.0	95.424
chr2	135393161	0.0	95.424
chr2	135398415	0.45436842788464177	95.424
chr2	135413821	0.13612176710797774	95.431
chr2	135494631	0.0	95.442
chr2	135536231	0.2236850514477217	95.442
chr2	135551878	8.211426994203684	95.4455
chr2	135573616	0.0	95.624
chr2	135594195	0.6407642570052945	95.624
chr2	135611362	1.591150174267812	95.635
chr2	135617961	0.0	95.6455
chr2	135632601	1.119194180191631	95.6455
chr2	135636175	0.0	95.6495
chr2	135647127	0.0	95.6495
chr2	135666310	0.0	95.6495
chr2	135687320	0.31912468657354875	95.6495
chr2	135709255	0.0	95.6565
chr2	135727034	0.0	95.6565
chr2	135745869	0.19338203695746328	95.6565
chr2	135838949	0.0	95.6745
chr2	135854430	0.0	95.6745
chr2	135906323	0.0	95.6745
chr2	135923416	0.0	95.6745
chr2	135931748	0.0	95.6745
chr2	135945435	0.0	95.6745
chr2	135945903	0.9401709401717855	95.6745
chr2	135957603	0.0	95.6855
chr2	135961466	1.2919228980410045	95.6855
chr2	135980817	0.9708012844451669	95.7105
chr2	136007599	0.0	95.7365
chr2	136019824	0.3057836798871475	95.7365
chr2	136031270	0.0	95.74
chr2	136051928	0.0	95.74
chr2	136052106	0.0	95.74
chr2	136056963	0.0	95.74
chr2	136072891	0.43972611344965146	95.74
chr2	136088810	0.1990986262195295	95.747
chr2	136199308	2.9936604836808947	95.769
chr2	136207826	3.7599968169337714	95.7945
chr2	136232959	0.7633185933879859	95.889
chr2	136251955	1.6009961753980861	95.9035
chr2	136263198	0.6775067750683297	95.9215
chr2	136284600	1.0717069368662977	95.936
chr2	136305128	0.5610241240371132	95.958
chr2	136324735	2.4290747264973156	95.969
chr2	136351700	1.0944802697747777	96.0345
chr2	136368603	3.2714146047987334	96.053
chr2	136381900	1.9334293729618515	96.0965
chr2	136395089	65.09695290858316	96.122
chr2	136395811	16.085376227669816	96.169
chr2	136408742	0.45995809270712634	96.377
chr2	136447876	0.04788813332059738	96.395
chr2	136520963	0.10195313068942168	96.3985
chr2	136589622	0.2401911142271438	96.4055
chr2	136666644	11.706881143878483	96.424
chr2	136683429	10.540093689721107	96.6205
chr2	136705203	0.6066120715802474	96.85
chr2	136734876	1.145346748113909	96.868
chr2	136757140	6.78639347279301	96.8935
chr2	136822344	0.373078644978729	97.336
chr2	136842447	1.646463418676872	97.3435
chr2	136932944	17.87424998739411	97.4925
chr2	136952777	1.02872191589193	97.847
chr2	136977079	0.0	97.872
chr2	137000412	0.0	97.872
chr2	137024266	0.0	97.872
chr2	137044559	4.31923357960551	97.872
chr2	137106144	3.715361213584382	98.138
chr2	137372067	0.0	99.126
chr2	137384262	16.842993444537452	99.126
chr2	137399669	1.7320710810239082	99.3855
chr2	137513117	0.0	99.582
chr2	137670951	4.421205636532937	99.582
chr2	137695718	0.5312719979810607	99.6915
chr2	137771009	13.855759786726393	99.7315
chr2	137799517	7.289879931389642	100.1265
chr2	137834497	7.622973207856433	100.3815
chr2	137874770	3.0012902743235217	100.6885
chr2	137928247	2.0978268665278312	100.849
chr2	137956133	0.39899680802582094	100.9075
chr2	137964905	0.0	100.911
chr2	137978733	2.809533036232936	100.911
chr2	137983894	4.645053818554914	100.9255
chr2	137999502	0.22614201718603671	100.998
chr2	138014979	0.4325001491383521	101.0015
chr2	138048505	3.3342050209203187	101.016
chr2	138071449	5.244504047128552	101.0925
chr2	138092328	0.0	101.202
chr2	138098291	4.740365940918038	101.202
chr2	138137423	3.2512772875055904	101.3875
chr2	138165412	3.602293432292025	101.4785
chr2	138225235	0.7655535945955436	101.694
chr2	138310794	0.17404168298266884	101.7595
chr2	138333777	0.23838714071669398	101.7635
chr2	138377823	39.26033885953831	101.774
chr2	138383312	2.1054847878719887	101.9895
chr2	138402310	1.9897539108953683	102.0295
chr2	138424172	1.6296853453680793	102.073
chr2	138480011	0.1829874000105872	102.164
chr2	138499138	0.957562568008329	102.1675
chr2	138522113	0.0	102.1895
chr2	138535593	0.0	102.1895
chr2	138553515	0.5372217958561015	102.1895
chr2	138566545	0.0	102.1965
chr2	138589830	0.0	102.1965
chr2	138611464	0.9216240783760163	102.1965
chr2	138651068	141.20370370369807	102.233
chr2	138651716	0.08935295694470331	102.3245
chr2	138730057	0.5931198102014278	102.3315
chr2	138748603	0.0	102.3425
chr2	138749134	0.8912286519649802	102.3425
chr2	138773258	3.40352595494568	102.364
chr2	138793678	6.957621758382533	102.4335
chr2	138796840	14.844444444444585	102.4555
chr2	138802465	71.4603739982186	102.539
chr2	138804711	0.0	102.6995
chr2	138817816	0.40226377406642017	102.6995
chr2	138853862	1.2206928484237685	102.714
chr2	138901376	0.40151816130040685	102.772
chr2	139019677	0.939929932495572	102.8195
chr2	139031380	14.825345247766414	102.8305
chr2	139043690	94.43603330809903	103.013
chr2	139046332	1.201866427864159	103.2625
chr2	139067549	0.6740664180110802	103.288
chr2	139089802	0.7832757130508956	103.303
chr2	139108314	49.56846279449631	103.3175
chr2	139112601	0.0	103.53
chr2	139115730	0.0	103.53
chr2	139120650	0.2553092723684735	103.53
chr2	139163735	0.0	103.541
chr2	139183399	35.353535353560616	103.541
chr2	139183597	0.41486890142677174	103.548
chr2	139201675	35.832414553471736	103.5555
chr2	139202582	2.85669866687434	103.588
chr2	139228311	0.3153887982598843	103.6615
chr2	139274286	0.4816955684003327	103.676
chr2	139289856	9.233610341644557	103.6835
chr2	139297437	1.0927255697780045	103.7535
chr2	139310249	1.500150015001557	103.7675
chr2	139320248	2.196738401965802	103.7825
chr2	139333677	0.0	103.812
chr2	139348003	1.188571428571257	103.812
chr2	139369878	0.6179620983246594	103.838
chr2	139428134	0.3734873761270549	103.874
chr2	139448215	0.0	103.8815
chr2	139463024	0.0	103.8815
chr2	139480047	0.4787812840041645	103.8815
chr2	139503022	1.182601723792293	103.8925
chr2	139527967	0.3663779065981886	103.922
chr2	139589379	0.961686413294025	103.9445
chr2	139615375	0.23512024721231364	103.9695
chr2	139630261	2.1453532091831824	103.973
chr2	139652868	2.500312539066886	104.0215
chr2	139668866	0.09905193151273528	104.0615
chr2	139704201	0.0	104.065
chr2	139720521	0.0	104.065
chr2	139826282	0.0	104.065
chr2	139850101	0.0	104.065
chr2	139877859	0.0	104.065
chr2	139898532	0.0	104.065
chr2	139914531	0.9215457393868999	104.065
chr2	139930808	0.21703900914479077	104.08
chr2	139965364	0.0	104.0875
chr2	139983680	0.10117843113912574	104.0875
chr2	140235710	0.11959270142836402	104.113
chr2	140264976	0.3134141245295938	104.1165
chr2	140288906	0.6501053958748103	104.124
chr2	140390428	0.28882653903305006	104.19
chr2	140426782	0.0	104.2005
chr2	140458840	0.0	104.2005
chr2	140480851	0.0	104.2005
chr2	140497688	0.2227419534464126	104.2005
chr2	140515646	0.5960177186503309	104.2045
chr2	140583597	2.1017362168744564	104.245
chr2	140616427	2.3439609258032363	104.314
chr2	140657170	0.14514389980934314	104.4095
chr2	140681284	0.09485351906562513	104.413
chr2	140718183	0.6631299734754544	104.4165
chr2	140729493	0.4921314885858706	104.424
chr2	140818900	6.140610120513499	104.468
chr2	140849353	0.0	104.655
chr2	140859680	2.772643253234083	104.655
chr2	140868877	0.12024650533608564	104.6805
chr2	140902142	1.4926577376152228	104.6845
chr2	140914536	0.0	104.703
chr2	140946763	0.0	104.703
chr2	141009507	0.0	104.703
chr2	141043490	0.2993115833578822	104.703
chr2	141066877	0.49104950671889164	104.71
chr2	141089278	0.28862111263371654	104.721
chr2	141103137	1.0583146722292496	104.725
chr2	141168335	0.22184128264616096	104.794
chr2	141217920	0.0	104.805
chr2	141236965	0.0	104.805
chr2	141253440	0.36929570034243164	104.805
chr2	141272395	2.6956791560005047	104.812
chr2	141298177	1.0176273759011607	104.8815
chr2	141327166	0.0	104.911
chr2	141341427	15.900195694715684	104.911
chr2	141355735	14.373495274713632	105.1385
chr2	141383564	1.0980509595467278	105.5385
chr2	141423635	11.452696398582148	105.5825
chr2	141445071	2.861384011406535	105.828
chr2	141496270	38.86759707860252	105.9745
chr2	141510099	0.16266863314955057	106.512
chr2	141556205	0.0	106.5195
chr2	141595967	0.07800833574793281	106.5195
chr2	141640834	0.28531688005992734	106.523
chr2	141809068	1.8770702981235239	106.571
chr2	141822653	4.142992424242279	106.5965
chr2	141877565	0.0	106.824
chr2	141907754	0.8508224617138275	106.824
chr2	141916569	2.362490913496289	106.8315
chr2	141941331	0.8680898078367032	106.89
chr2	141966674	0.19567283501919217	106.912
chr2	141984561	0.25957347978749756	106.9155
chr2	142057758	1.7938130372976806	106.9345
chr2	142116850	0.12556504269213312	107.0405
chr2	142288076	7.215503023639635	107.062
chr2	142317180	0.0	107.272
chr2	142339762	0.0	107.272
chr2	142361386	0.11929513616647773	107.272
chr2	142390725	0.0	107.2755
chr2	142401363	0.0	107.2755
chr2	142421583	0.0	107.2755
chr2	142443442	0.0	107.2755
chr2	142476637	2.8312131554455284	107.2755
chr2	142489529	2.337326579386486	107.312
chr2	142622587	1.6358796155175004	107.623
chr2	142671796	0.0	107.7035
chr2	142674547	31.87772925763279	107.7035
chr2	142675692	0.09565030249419854	107.74
chr2	142717511	0.3613412989011938	107.744
chr2	142738267	0.995857233906947	107.7515
chr2	142801027	0.3615615496627448	107.814
chr2	142901978	0.0	107.8505
chr2	142913972	1.0483828694240773	107.8505
chr2	142952126	2.0261143628994835	107.8905
chr2	142989883	0.1162537237520245	107.967
chr2	143058698	0.4896783485357843	107.975
chr2	143162848	0.1609981887705731	108.026
chr2	143187693	0.27786683766160364	108.03
chr2	143281263	2.983264012675949	108.056
chr2	143321655	6.134969325152946	108.1765
chr2	143335999	2.997791101293748	108.2645
chr2	143351844	1.7585133433140387	108.312
chr2	143393925	1.2208550773212081	108.386
chr2	143414812	0.5488200369204052	108.4115
chr2	143434855	4.09947147309917	108.4225
chr2	143464371	3.96918596458291	108.5435
chr2	143485660	31.37463440574308	108.628
chr2	143496943	0.0	108.982
chr2	143520294	0.367032855768698	108.982
chr2	143559800	13.691447215102169	108.9965
chr2	143568382	0.0	109.114
chr2	143577983	0.13289036544819527	109.114
chr2	143608083	9.823677581865546	109.118
chr2	143614038	3.456058682465589	109.1765
chr2	143635305	1.6301722749957506	109.25
chr2	143660149	2.2721106890941156	109.2905
chr2	143674893	36.34850166481693	109.324
chr2	143682101	0.9370385085345467	109.586
chr2	143815500	2.392441506832549	109.711
chr2	143840161	0.1455604075692452	109.77
chr2	143864206	0.0	109.7735
chr2	143881779	0.9464916708742289	109.7735
chr2	143889703	1.2422148861583073	109.781
chr2	143919086	2.5626250985626724	109.8175
chr2	143952060	14.93930905695668	109.902
chr2	143955273	3.537139969681313	109.95
chr2	143975063	0.0	110.02
chr2	143979197	11.950219205205144	110.02
chr2	143986268	0.0	110.1045
chr2	143987648	0.26775195458902495	110.1045
chr2	144015659	0.9349410019987221	110.112
chr2	144031168	3.982505422608149	110.1265
chr2	144059291	3.3047516970345687	110.2385
chr2	144081683	1.0149777802163313	110.3125
chr2	144099910	11.175320812441191	110.331
chr2	144123444	0.0	110.594
chr2	144137237	2.9169907767534777	110.594
chr2	144155235	2.0969245107174728	110.6465
chr2	144187425	4.2966751918160195	110.714
chr2	144216750	0.0	110.84
chr2	144243483	1.376795415643601	110.84
chr2	144256920	1.7703349282292788	110.8585
chr2	144277820	2.295093368571217	110.8955
chr2	144306577	3.243533592265323	110.9615
chr2	144330779	2.9872610550201557	111.04
chr2	144400408	2.4964034865023907	111.248
chr2	144412225	21.80183237190345	111.2775
chr2	144459377	3.074082120356457	112.3055
chr2	144505407	4.050285511929369	112.447
chr2	144550589	2.0710973724886332	112.63
chr2	144566764	7.691397467755026	112.6635
chr2	144583666	5.609834657504917	112.7935
chr2	144602294	0.0	112.898
chr2	144602805	0.0	112.898
chr2	144606716	0.5798542080852388	112.898
chr2	144612752	2.629528632644934	112.9015
chr2	144638422	2.2544965372927557	112.969
chr2	144678564	0.35183187127612603	113.0595
chr2	144699881	6.787118517132102	113.067
chr2	144721245	4.433718711415059	113.212
chr2	144739063	14.08529741863102	113.291
chr2	144747973	1.0047894966005002	113.4165
chr2	144777830	0.25737186557853525	113.4465
chr2	144791429	0.1410225071920196	113.45
chr2	144844612	1.888473187243801	113.4575
chr2	144872677	0.5572479381826498	113.5105
chr2	144899595	3.3624603786518183	113.5255
chr2	144946287	1.159758770175658	113.6825
chr2	145008800	0.0	113.755
chr2	145019987	1.946998377501426	113.755
chr2	145084702	3.255370324292869	113.881
chr2	145132930	2.8828514021142007	114.038
chr2	145167271	1.0263860158852616	114.137
chr2	145230600	0.041896097677789096	114.202
chr2	145314140	0.14147130153607523	114.2055
chr2	145338880	28.070175438596277	114.209
chr2	145342585	0.0	114.313
chr2	145384768	0.9778080095228354	114.313
chr2	145420051	1.7218289649895429	114.3475
chr2	145451413	0.4123489547849714	114.4015
chr2	145479302	0.6886119389506801	114.413
chr2	145523594	1.1853110882497042	114.4435
chr2	145545951	0.7431260837255669	114.47
chr2	145602469	0.02439634298821589	114.512
chr2	145766428	3.0206112295657266	114.516
chr2	145777684	0.37044980405165745	114.55
chr2	145828973	0.24096385542164625	114.569
chr2	145876698	4.0491118077326504	114.5805
chr2	145899666	0.8461352497747102	114.6735
chr2	145945167	1.0770445896460523	114.712
chr2	145959094	9.398018796037707	114.727
chr2	145978779	10.437826182067845	114.912
chr2	146010778	7.380073800747027	115.246
chr2	146011320	0.4419647948902659	115.25
chr2	146116532	0.0	115.2965
chr2	146118711	0.726265475366196	115.2965
chr2	146177918	0.11961349240192283	115.3395
chr2	146274061	9.714822939517019	115.351
chr2	146286825	0.0	115.475
chr2	146307817	0.0	115.475
chr2	146327990	2.841891009639586	115.475
chr2	146380068	0.08894044856920393	115.623
chr2	146509368	0.0	115.6345
chr2	146572439	0.143489668743953	115.6345
chr2	146596831	0.9184250188394107	115.638
chr2	146660527	0.20913273563800155	115.6965
chr2	146715516	0.0	115.708
chr2	146737277	0.16568635572880822	115.708
chr2	146761419	2.110711401512016	115.712
chr2	146788661	0.5980861244025524	115.7695
chr2	146807889	0.2633118782914085	115.781
chr2	146910429	1.081094831094571	115.808
chr2	146949741	0.08818342151681786	115.8505
chr2	146989431	0.0	115.854
chr2	147039079	0.0	115.854
chr2	147043376	1.3984636596414803	115.854
chr2	147068761	0.0	115.8895
chr2	147084226	0.12172642854667343	115.8895
chr2	147112979	1.4489558068478716	115.893
chr2	147176473	0.6331637079943021	115.985
chr2	147219116	20.861524582769768	116.012
chr2	147223550	1.6978680682691947	116.1045
chr2	147257416	0.07720020586714543	116.162
chr2	147354566	0.08655011251525205	116.1695
chr2	147400782	0.0	116.1735
chr2	147415413	0.7473841554558278	116.1735
chr2	147528474	0.0	116.258
chr2	147530239	0.7022200461275391	116.258
chr2	147607850	1.609962369554223	116.3125
chr2	147685181	0.0	116.437
chr2	147686011	2.7786381133578795	116.437
chr2	147799016	0.0	116.751
chr2	147836122	0.0	116.751
chr2	147856610	3.4393809114358325	116.751
chr2	147876381	1.3669598389317652	116.819
chr2	147923566	0.0	116.8835
chr2	147934065	0.0	116.8835
chr2	147968628	0.0	116.8835
chr2	147990505	0.0	116.8835
chr2	148000702	2.3880597014954557	116.8835
chr2	148002377	0.0	116.8875
chr2	148016839	3.9720368605029686	116.8875
chr2	148019986	0.0	116.9
chr2	148038106	25.974025974026958	116.9
chr2	148038568	3.273851341857182	116.912
chr2	148074153	1.2635092180546827	117.0285
chr2	148262913	1.3813517513566202	117.267
chr2	148303453	0.0	117.323
chr2	148384812	0.10424720487182333	117.323
chr2	148499923	0.19490327924791154	117.335
chr2	148520446	0.0	117.339
chr2	148536881	0.0	117.339
chr2	148616043	1.822797994922583	117.339
chr2	148631404	16.14028965276586	117.367
chr2	148637135	0.12948336138775987	117.4595
chr2	148668027	126.19372442019254	117.4635
chr2	148668760	0.0	117.556
chr2	148679861	1.187473985750415	117.556
chr2	148720704	0.1870819886817683	117.6045
chr2	148742085	0.0	117.6085
chr2	148751960	3.554208568673114	117.6085
chr2	148788255	2.190340597963326	117.7375
chr2	148806517	21.42351274787533	117.7775
chr2	148814989	0.8223684210521758	117.959
chr2	148824717	7.178853285157411	117.967
chr2	148856268	0.08757334267459692	118.1935
chr2	148901944	0.0	118.1975
chr2	148905197	1.3320545609536052	118.1975
chr2	148914581	1.5788456168240474	118.21
chr2	148961134	0.0	118.2835
chr2	148963571	0.13986258501014992	118.2835
chr2	149020770	1.5438054805113426	118.2915
chr2	149023361	0.18642803877659758	118.2955
chr2	149044817	7.91282916072215	118.2995
chr2	149052526	2.7355217507337084	118.3605
chr2	149082502	0.3961713995944106	118.4425
chr2	149114054	0.47421802415614933	118.455
chr2	149165718	1.6966656830920723	118.4795
chr2	149192830	2.3838763273857726	118.5255
chr2	149220516	1.4366809166723953	118.5915
chr2	149234785	4.683032633343136	118.612
chr2	149255071	1.5082410289823596	118.707
chr2	149296510	0.0	118.7695
chr2	149334904	0.23230152738282644	118.7695
chr2	149352123	1.145186779963747	118.7735
chr2	149395784	0.4200833445356513	118.8235
chr2	149425540	0.0	118.836
chr2	149455508	4.745733194009442	118.836
chr2	149466992	1.4757177354434774	118.8905
chr2	149478173	0.909129350078362	118.907
chr2	149501822	1.0788355017391356	118.9285
chr2	149532874	0.05266175937078636	118.962
chr2	149618325	0.0	118.9665
chr2	149629405	0.0	118.9665
chr2	149644357	0.1793561115597206	118.9665
chr2	149666659	1.187986109700772	118.9705
chr2	149715902	0.0	119.029
chr2	149745904	0.05789633660937181	119.029
chr2	149814993	0.0	119.033
chr2	149817033	1.364113326338429	119.033
chr2	149826563	0.0	119.046
chr2	149849104	0.0	119.046
chr2	149873386	0.17397355601907957	119.046
chr2	149896378	0.0	119.05
chr2	149925822	0.0	119.05
chr2	149950728	0.0	119.05
chr2	149975296	0.0	119.05
chr2	150034850	0.0	119.05
chr2	150057123	0.0	119.05
chr2	150088178	0.2538904985214001	119.05
chr2	150121657	1.2806904190513477	119.0585
chr2	150164993	0.0	119.114
chr2	150209554	0.0	119.114
chr2	150209674	13.657957244653286	119.114
chr2	150212200	0.5946935041173481	119.1485
chr2	150234060	0.14807015234750634	119.1615
chr2	150264451	0.48489080259136674	119.166
chr2	150290230	0.8402419896927981	119.1785
chr2	150317008	0.30497649887022943	119.201
chr2	150344879	1.0067435840069703	119.2095
chr2	150376168	0.0	119.241
chr2	150382203	1.032463356013795	119.241
chr2	150411744	1.3238075225885306	119.2715
chr2	150435539	0.8802235767886419	119.303
chr2	150480982	0.2075581931673904	119.343
chr2	150546024	0.7458048477315385	119.3565
chr2	150570159	0.7709033405812654	119.3745
chr2	150646044	0.45479812016706905	119.433
chr2	150665833	0.40331615505267043	119.442
chr2	150688148	3.766530885553801	119.451
chr2	150706069	0.0	119.5185
chr2	150724206	6.175562417289719	119.5185
chr2	150726473	1.4728022517515191	119.5325
chr2	150741750	0.9152307012559605	119.555
chr2	150757593	1.421915653173505	119.5695
chr2	150774120	0.818260120585325	119.593
chr2	150797340	0.36456434560701345	119.612
chr2	150838485	0.0	119.627
chr2	150854754	0.0	119.627
chr2	150874927	0.8641050751771743	119.627
chr2	150909645	0.20145855997460266	119.657
chr2	150934464	0.46748632602453855	119.662
chr2	150955855	0.0	119.672
chr2	150991200	0.0	119.672
chr2	151024832	0.0	119.672
chr2	151064111	0.17997264415843578	119.672
chr2	151091893	0.0	119.677
chr2	151115521	0.0	119.677
chr2	151120298	0.34342803621591256	119.677
chr2	151136313	0.7154099298891762	119.6825
chr2	151143302	1.1524277811920585	119.6875
chr2	151162826	0.0	119.71
chr2	151172289	0.0	119.71
chr2	151188708	0.0	119.71
chr2	151201720	0.0	119.71
chr2	151206575	0.2582064753696232	119.71
chr2	151251113	0.15304560759100203	119.7215
chr2	151287050	0.2992057447501817	119.727
chr2	151305432	0.0	119.7325
chr2	151328029	0.0	119.7325
chr2	151333465	0.0	119.7325
chr2	151354952	0.0	119.7325
chr2	151366080	0.0	119.7325
chr2	151385318	0.0	119.7325
