Chromosome	Position(bp)	Rate(cM/Mb)	Map(cM)
chr15	0	0.0	0.0
chr15	118374	2.1874658208465494	0.0
chr15	136660	0.0	0.04
chr15	166183	2.8843155597131274	0.04
chr15	179011	5.42502692568511	0.077
chr15	204080	12.841011292095535	0.213
chr15	234101	6.004747940231801	0.5985
chr15	241262	0.1581232211137642	0.6415
chr15	276045	0.0	0.647
chr15	295579	0.5543367700469878	0.647
chr15	678018	0.0	0.859
chr15	702590	0.0	0.859
chr15	711683	9.075395594166926	0.859
chr15	718129	3.8807064719183524	0.9175
chr15	734492	4.79337436537425	0.981
chr15	769749	0.0	1.15
chr15	833215	3.901479169493833	1.15
chr15	847953	1.5437566432150616	1.2075
chr15	887467	0.15822546375129903	1.2685
chr15	953828	3.5019775873434393	1.279
chr15	965964	0.0	1.3215
chr15	968137	3.013698630137019	1.3215
chr15	969962	37.165510406343	1.327
chr15	970971	0.15671301572828986	1.3645
chr15	1006067	0.26172529313232273	1.37
chr15	1025171	16.550973891421464	1.375
chr15	1044475	0.23561162636280164	1.6945
chr15	1091162	2.3810692719328386	1.7055
chr15	1111531	16.252884060757545	1.754
chr15	1194747	0.47288776796973314	3.1065
chr15	1216951	0.0	3.117
chr15	1239785	15.047879616963026	3.117
chr15	1244171	0.1443759023493913	3.183
chr15	1282266	0.0	3.1885
chr15	1303185	1.6884849495539147	3.1885
chr15	1327171	2.7672955974842695	3.229
chr15	1351021	3.8394957610191316	3.295
chr15	1373550	1.1041915109756597	3.3815
chr15	1396191	0.8650327159809281	3.4065
chr15	1441276	0.17741821020509166	3.4455
chr15	1497640	0.4836057645807178	3.4555
chr15	1528657	0.0	3.4705
chr15	1541983	0.0	3.4705
chr15	1558349	0.0	3.4705
chr15	1573232	0.0	3.4705
chr15	1573987	0.0	3.4705
chr15	1591432	0.0	3.4705
chr15	1610384	0.0	3.4705
chr15	1624419	10.28806584362118	3.4705
chr15	1624905	0.15438293142311227	3.4755
chr15	1657292	0.0	3.4805
chr15	1657521	1.3390589647688929	3.4805
chr15	1679178	0.0	3.5095
chr15	1701576	3.2118475514701914	3.5095
chr15	1738782	0.08619352169490757	3.629
chr15	1796791	3.928781315978493	3.634
chr15	1842734	5.636301213092242	3.8145
chr15	1860210	5.593433507645479	3.913
chr15	1875317	4.178413209826787	3.9975
chr15	1885249	4.078496276155571	4.039
chr15	1902167	11.891653820744324	4.108
chr15	1915790	3.0444185659624288	4.27
chr15	1945845	4.580984110712449	4.3615
chr15	1977061	0.4121633998900783	4.5045
chr15	2009815	71.4285714285732	4.518
chr15	2010137	3.256181105691972	4.541
chr15	2081079	0.0	4.772
chr15	2082186	1.1650768222529684	4.772
chr15	2109652	0.24722557960662972	4.804
chr15	2164258	0.2857142857142796	4.8175
chr15	2181758	0.39886544938842144	4.8225
chr15	2215604	20.04454342984288	4.836
chr15	2216053	0.0	4.845
chr15	2221645	11.35241855873671	4.845
chr15	2223671	0.0	4.868
chr15	2284153	8.463313981954256	4.868
chr15	2312747	0.2745744096649754	5.11
chr15	2329136	0.0	5.1145
chr15	2366578	0.0	5.1145
chr15	2375270	0.1692938565140578	5.1145
chr15	2428432	0.0	5.1235
chr15	2457046	1.1144635624779247	5.1235
chr15	2493835	0.4549130610593694	5.1645
chr15	2503727	3.472557152503181	5.169
chr15	2514094	0.0	5.205
chr15	2543625	0.4880299561660342	5.205
chr15	2599974	0.48958276668663114	5.2325
chr15	2618357	0.38473595713755376	5.2415
chr15	2653446	3.0138413454382915	5.255
chr15	2666884	2.7510499176014136	5.2955
chr15	2704506	0.742655957751107	5.399
chr15	2722684	0.8722712056202746	5.4125
chr15	2743893	13.119533527696642	5.431
chr15	2746637	0.3290736576537173	5.467
chr15	2801336	0.06353195304282373	5.485
chr15	2942997	3.031664046710098	5.494
chr15	2951903	2.9759318793987415	5.521
chr15	2997939	1.5393552134765915	5.658
chr15	3015154	0.0	5.6845
chr15	3021504	2.826365187713323	5.6845
chr15	3049632	1.1296598468683374	5.764
chr15	3073533	9.955752212387793	5.791
chr15	3073985	0.0	5.7955
chr15	3088031	19.766489143793546	5.7955
chr15	3102677	14.719239194315334	6.085
chr15	3177545	4.339282790240702	7.187
chr15	3189759	0.0	7.24
chr15	3204204	2.1940516821061564	7.24
chr15	3208306	0.25888163135255493	7.249
chr15	3258522	0.7055248019103628	7.262
chr15	3295374	8.489884393063585	7.288
chr15	3303678	1.9536652835407946	7.3585
chr15	3332598	0.0	7.415
chr15	3373764	0.9315068493150875	7.415
chr15	3392014	0.46992481203000025	7.432
chr15	3401590	0.7165605095541673	7.4365
chr15	3414150	0.6442322267697234	7.4455
chr15	3427344	0.0	7.454
chr15	3454089	2.2933333333333343	7.454
chr15	3519714	0.8067407673001381	7.6045
chr15	3525292	0.08076964497254138	7.609
chr15	3581006	0.6272401433691753	7.6135
chr15	3642386	0.0	7.652
chr15	3664009	0.5283550545966805	7.652
chr15	3695238	0.48533676304645934	7.6685
chr15	3777655	0.3159616385398755	7.7085
chr15	3804557	0.5953891502527958	7.717
chr15	3855784	0.0	7.7475
chr15	3995080	0.0	7.7475
chr15	3999080	0.07297006403123935	7.7475
chr15	4053897	0.0689705536306889	7.7515
chr15	4177138	0.0	7.76
chr15	4177320	0.12627059789129516	7.76
chr15	4208998	0.0	7.764
chr15	4243274	0.0	7.764
chr15	4262912	0.0	7.764
chr15	4287967	0.5295962846783681	7.764
chr15	4312514	0.17307775518149623	7.777
chr15	4335625	0.5458515283843002	7.781
chr15	4352113	0.2626433595004039	7.79
chr15	4386380	0.0	7.799
chr15	4411459	1.9807767242499006	7.799
chr15	4426857	0.08623663332182137	7.8295
chr15	4479039	0.0	7.834
chr15	4507521	0.7310857668045315	7.834
chr15	4531458	0.525697322036033	7.8515
chr15	4547627	0.0	7.86
chr15	4568347	0.2600104004159752	7.86
chr15	4585654	0.0	7.8645
chr15	4589287	0.18662906436629773	7.8645
chr15	4613399	2.348360162177369	7.869
chr15	4638310	0.8827568168442833	7.9275
chr15	4653603	0.0	7.941
chr15	4669335	0.0	7.941
chr15	4701366	3.3266129032258247	7.941
chr15	4726166	3.0894028305142993	8.0235
chr15	4755136	3.0565461029037055	8.113
chr15	4768877	12.96194153337013	8.155
chr15	4781568	0.10937628175328974	8.3195
chr15	4818139	0.0	8.3235
chr15	4841508	1.6740311058338095	8.3235
chr15	4892881	6.0089275495021415	8.4095
chr15	4901618	16.46897113475539	8.462
chr15	4940904	4.956088541934194	9.109
chr15	4960375	0.5787455689791737	9.2055
chr15	4974198	0.3686805843587265	9.2135
chr15	5104392	5.4020161095837596	9.2615
chr15	5145858	1.3855427915585323	9.4855
chr15	5242571	1.7727116770233686	9.6195
chr15	5268802	1.4556040756912947	9.666
chr15	5279107	0.07663716135956884	9.681
chr15	5331301	0.7316053511703487	9.685
chr15	5336085	0.9406406257735594	9.6885
chr15	5356284	0.0	9.7075
chr15	5410071	0.17248070372125218	9.7075
chr15	5433262	0.0	9.7115
chr15	5440654	0.5461606926126916	9.7115
chr15	5490090	0.16200234903404315	9.7385
chr15	5514781	0.0	9.7425
chr15	5540495	1.6002389690193584	9.7425
chr15	5563929	0.27153381186248216	9.78
chr15	5606281	0.0	9.7915
chr15	5634137	0.5388940955952024	9.7915
chr15	5655477	0.0	9.803
chr15	5660062	1.1987720988594783	9.803
chr15	5704691	0.22781873912681702	9.8565
chr15	5752975	0.0	9.8675
chr15	5788466	0.2462447672986678	9.8675
chr15	5804710	0.0	9.8715
chr15	5809150	0.06671495558691481	9.8715
chr15	5861612	0.30293850348375945	9.875
chr15	5888020	0.15771937779707224	9.883
chr15	5938743	0.8063559824499158	9.891
chr15	5980908	0.0	9.925
chr15	6015716	9.400248601615806	9.925
chr15	6022152	1.27872428447857	9.9855
chr15	6048741	0.0	10.0195
chr15	6048755	3.592742488681549	10.0195
chr15	6107067	5.790211495093597	10.229
chr15	6123474	0.8189561039528591	10.324
chr15	6141790	2.3950586159081917	10.339
chr15	6173522	4.308452594478666	10.415
chr15	6253249	0.0	10.7585
chr15	6287508	0.0	10.7585
chr15	6303583	0.13090290277185454	10.7585
chr15	6334140	0.0	10.7625
chr15	6354664	1.5548945375879843	10.7625
chr15	6369456	0.0	10.7855
chr15	6384509	2.2573784560277352	10.7855
chr15	6411310	1.4732645809862508	10.846
chr15	6434388	0.0	10.88
chr15	6453281	0.1598146150465284	10.88
chr15	6478310	0.7977819047369928	10.884
chr15	6554772	1.5114355786231912	10.945
chr15	6572305	0.4690431519699822	10.9715
chr15	6677839	0.20807324178110112	11.021
chr15	6807601	0.0	11.048
chr15	6840613	0.11953524695982473	11.048
chr15	6903356	0.0	11.0555
chr15	6951097	20.487845837356716	11.0555
chr15	6974916	2.7390931291664566	11.5435
chr15	6990067	0.5708414202534076	11.585
chr15	7016344	1.5379094683960188	11.6
chr15	7035851	0.0	11.63
chr15	7088721	0.11651907583723778	11.63
chr15	7118759	0.0	11.6335
chr15	7169722	16.17143811034142	11.6335
chr15	7193684	0.0	12.021
chr15	7215482	1.8322492185395793	12.021
chr15	7338009	10.190237002395998	12.2455
chr15	7407291	0.6552689581224166	12.9515
chr15	7424078	0.7775396124910485	12.9625
chr15	7447871	0.0	12.981
chr15	7458909	1.7986562979421623	12.981
chr15	7477812	3.6575029481131933	13.015
chr15	7532084	0.0	13.2135
chr15	7578101	1.1211236620552698	13.2135
chr15	7601738	0.8179959100204002	13.24
chr15	7623743	3.7173042771574427	13.258
chr15	7656966	1.2692843506526943	13.3815
chr15	7753871	13.100759893417518	13.5045
chr15	7774137	0.7382264300283213	13.77
chr15	7839835	9.473114399133925	13.8185
chr15	7845377	13.126037977469611	13.871
chr15	7895354	0.1270930638960803	14.527
chr15	7926827	2.0816440146683144	14.531
chr15	8009454	1.0273972602740116	14.703
chr15	8031354	0.0	14.7255
chr15	8097541	18.531932874562344	14.7255
chr15	8122390	0.1005602643298585	15.186
chr15	8157195	0.0	15.1895
chr15	8188481	2.7870680044587544	15.1895
chr15	8191172	0.0	15.197
chr15	8219133	0.1190314242960388	15.197
chr15	8248537	1.0495626822157418	15.2005
chr15	8291412	1.55459650099773	15.2455
chr15	8312961	1.1159400796919896	15.279
chr15	8550877	0.0	15.5445
chr15	8659708	0.06725823686688626	15.5445
chr15	9321337	0.0	15.589
chr15	9344540	0.0	15.589
chr15	9380801	0.10788241400021878	15.589
chr15	9723767	0.1830998809851385	15.626
chr15	9745613	0.0	15.63
chr15	9746577	0.6044543636955364	15.63
chr15	9832605	1.5478033099178468	15.682
chr15	9992186	2.3371585582673426	15.929
chr15	10146861	0.00727877716543402	16.2905
chr15	10627711	0.0	16.294
chr15	10632989	0.11548055307486657	16.294
chr15	10762881	1.161350263239437	16.309
chr15	10769339	0.40060090135201354	16.3165
chr15	10889159	1.4760269996848705	16.3645
chr15	10949456	0.19382918362676932	16.4535
chr15	11006207	0.0	16.4645
chr15	11021474	1.1295474020408338	16.4645
chr15	11034311	0.6898869014426907	16.479
chr15	11314067	0.8353623129348798	16.672
chr15	11412228	0.0	16.754
chr15	11430187	1.008072333067091	16.754
chr15	11559146	0.1628816083394894	16.884
chr15	11602122	0.8234543539221962	16.891
chr15	11669521	0.0	16.9465
chr15	11747563	0.69878876613868	16.9465
chr15	11837719	0.387074576368395	17.0095
chr15	11942350	0.2795638803466397	17.05
chr15	12021044	0.16667222240741988	17.072
chr15	12111041	0.0	17.087
chr15	12161233	0.0	17.087
chr15	12206737	0.2904500038726777	17.087
chr15	12232559	6.516688388961208	17.0945
chr15	12250206	0.0	17.2095
chr15	12279646	0.0	17.2095
chr15	12296851	0.0	17.2095
chr15	12318706	0.045476397749600474	17.2095
chr15	12395669	0.20469781485071303	17.213
chr15	12415210	0.0	17.217
chr15	12507654	0.24252579592562806	17.217
chr15	12553010	0.0	17.228
chr15	12554517	0.0	17.228
chr15	12588633	0.35883450552589496	17.228
chr15	12609534	0.0	17.2355
chr15	12797500	0.05744001347925867	17.2355
chr15	12928071	0.6350122672824431	17.243
chr15	12997361	0.0	17.287
chr15	13041181	2.7863632106396876	17.287
chr15	13062535	0.0	17.3465
chr15	13143205	0.0	17.3465
chr15	13222888	2.255203730228922	17.3465
chr15	13255701	0.657397686352622	17.4205
chr15	13357618	0.3631441682347639	17.4875
chr15	13418200	0.652902770425252	17.5095
chr15	13446535	4.815902725596193	17.528
chr15	13461174	0.0	17.5985
chr15	13515543	0.21216782474937512	17.5985
chr15	13760632	0.0	17.6505
chr15	13769606	0.0	17.6505
chr15	13813971	0.0	17.6505
chr15	13842872	0.2761363008781239	17.6505
chr15	13897193	0.9316670414752438	17.6655
chr15	13928320	0.6981551113749552	17.6945
chr15	14019274	0.0	17.758
chr15	14024161	0.0	17.758
chr15	14033339	0.0	17.758
chr15	14054327	3.104466815359622	17.758
chr15	14070916	2.173226816890489	17.8095
chr15	14112099	0.029096108603294913	17.899
chr15	14232390	66.37168141593172	17.9025
chr15	14232503	2.0203807754133	17.91
chr15	14300312	0.0	18.047
chr15	14341439	2.8215198078315504	18.047
chr15	14367666	0.729507815046496	18.121
chr15	14560947	1.5902954990939002	18.262
chr15	14696142	0.0	18.477
chr15	14710713	0.0	18.477
chr15	14711240	0.14998125234350715	18.477
chr15	14737910	0.25700334104335637	18.481
chr15	14765147	0.3770508509120456	18.488
chr15	14814212	4.563575325220484	18.5065
chr15	14823744	1.6257896692679037	18.55
chr15	14877564	0.0	18.6375
chr15	14903908	0.0	18.6375
chr15	15114913	4.275687869965103	18.6375
chr15	15218639	0.40326975476838184	19.081
chr15	15264514	0.0	19.0995
chr15	15369913	15.699840340607931	19.0995
chr15	15371792	10.255458978164098	19.129
chr15	15390660	17.1672529388773	19.3225
chr15	15423921	3.1294612971133273	19.8935
chr15	15547904	0.379231883058651	20.2815
chr15	15576910	16.901279077778046	20.2925
chr15	15620457	0.37666810159278225	21.0285
chr15	15648333	2.1799355102410765	21.039
chr15	15670352	0.0	21.087
chr15	15687538	0.0	21.087
chr15	15713600	0.055428422111200894	21.087
chr15	15839889	0.0	21.094
chr15	15881995	0.0	21.094
chr15	16018293	0.04481812803642987	21.094
chr15	16185636	0.685109061956061	21.1015
chr15	16212639	0.4663599054844102	21.12
chr15	16228721	0.0	21.1275
chr15	16258842	0.0815888852626917	21.1275
chr15	16301740	0.0	21.131
chr15	16339305	0.19775128538336248	21.131
chr15	16392402	0.08357244337967278	21.1415
chr15	16571887	1.436153605994361	21.1565
chr15	16683992	0.29031187790317886	21.3175
chr15	16708104	0.9123717610802827	21.3245
chr15	16732765	0.0	21.347
chr15	16805453	0.0	21.347
chr15	16873358	1.0794367302879382	21.347
chr15	16893739	0.0	21.369
chr15	16926419	12.621745179884721	21.369
chr15	16941512	0.26232293202089585	21.5595
chr15	16981539	0.029019363170084925	21.57
chr15	17119378	0.14281051085355592	21.574
chr15	17168394	6.210651693040701	21.581
chr15	17174271	0.11357736240910399	21.6175
chr15	17205087	0.35025154429098854	21.621
chr15	17236493	15.408320493066137	21.632
chr15	17253367	0.4544274214489915	21.892
chr15	17276473	0.2771327990412631	21.9025
chr15	17343228	2.911646586345492	21.921
chr15	17358168	0.2650762094100585	21.9645
chr15	17373258	1.587462424426676	21.9685
chr15	17402865	18.068010299209803	22.0155
chr15	17425391	1.9412878787879522	22.4225
chr15	17457071	7.287998614558614	22.484
chr15	17491717	0.0	22.7365
chr15	17511174	1.134897695912759	22.7365
chr15	17572413	1.9844849359552807	22.806
chr15	17594585	2.217294900221595	22.85
chr15	17610821	19.193745989148862	22.886
chr15	17627962	0.9381514940931558	23.215
chr15	17671132	0.0	23.2555
chr15	17694188	0.0	23.2555
chr15	17703116	6.749000935294597	23.2555
chr15	17750160	1.6424789174347953	23.573
chr15	17770556	2.2164038239054813	23.6065
chr15	17852671	0.9037760894738336	23.7885
chr15	17994299	4.162812210915977	23.9165
chr15	17998623	0.22521139160164677	23.9345
chr15	18047466	0.0	23.9455
chr15	18087578	0.5558987029030477	23.9455
chr15	18119958	0.9389867289875992	23.9635
chr15	18143920	0.39621893926517787	23.986
chr15	18161587	1.2071064523451336	23.993
chr15	18210050	0.9346166083359966	24.0515
chr15	18260338	0.3134017053375543	24.0985
chr15	18352871	10.322493590608467	24.1275
chr15	18360282	0.0	24.204
chr15	18419099	8.15593032900159	24.204
chr15	18422716	4.2456556082147765	24.2335
chr15	18427780	5.981595092024766	24.255
chr15	18437560	0.6737425011536723	24.3135
chr15	18491735	0.6858710562414526	24.35
chr15	18502670	1.279685732992062	24.3575
chr15	18536272	1.4299332697805986	24.4005
chr15	18554105	0.23463162834366838	24.426
chr15	18569022	0.3350158574172638	24.4295
chr15	18591409	0.11719894520942815	24.437
chr15	18625539	1.4520073364581763	24.441
chr15	18645167	4.59674049310494	24.4695
chr15	18654739	14.941805599244866	24.5135
chr15	18661097	0.32843804250933467	24.6085
chr15	18682410	0.24133603629694897	24.6155
chr15	18713487	0.09849444209930909	24.623
chr15	18749022	1.2002317688933	24.6265
chr15	18773184	0.0	24.6555
chr15	18774269	0.9781589173254777	24.6555
chr15	18848899	1.2365035236309456	24.7285
chr15	18910767	1.565750809686215	24.805
chr15	18957390	0.09203502590125821	24.878
chr15	18995419	0.0	24.8815
chr15	19010067	1.7044296644867685	24.8815
chr15	19064044	0.25253436271142166	24.9735
chr15	19091763	8.41396718552817	24.9805
chr15	19101271	0.3388681802777701	25.0605
chr15	19121928	0.4934048222098144	25.0675
chr15	19152329	3.126628452319035	25.0825
chr15	19158086	0.5991067862459833	25.1005
chr15	19213168	0.18222681163820634	25.1335
chr15	19394261	15.166733627963136	25.1665
chr15	19409195	7.627412458106893	25.393
chr15	19417848	0.8817916072765974	25.459
chr15	19459241	1.3436525851874974	25.4955
chr15	19477847	62.13307240704505	25.5205
chr15	19487045	0.19980590283738658	26.092
chr15	19504562	0.3973088944217041	26.0955
chr15	19542316	0.5570923620716818	26.1105
chr15	19568344	0.9635731559854592	26.125
chr15	19621272	0.2953555342244212	26.176
chr15	19634815	0.5058578337143841	26.18
chr15	19684236	8.637709772951839	26.205
chr15	19694366	2.5044927924138762	26.2925
chr15	19720519	2.851791946880062	26.358
chr15	19779254	3.9956803455723087	26.5255
chr15	19839444	1.7944165312984477	26.766
chr15	19892386	9.855398591490582	26.861
chr15	19916383	0.0	27.0975
chr15	19961513	0.27944409255189406	27.0975
chr15	19988352	0.0	27.105
chr15	19991136	1.3423440103684465	27.105
chr15	20012740	0.6832532277824042	27.134
chr15	20033962	2.242637960900815	27.1485
chr15	20066290	1.9157088122599606	27.221
chr15	20068117	0.0	27.2245
chr15	20160734	0.4048364460758007	27.2245
chr15	20179260	0.4846302963168281	27.232
chr15	20200926	4.1848256735341725	27.2425
chr15	20221118	0.1874062968515179	27.327
chr15	20258470	0.0	27.334
chr15	20300393	0.5478491442596835	27.334
chr15	20346026	0.15138602314523333	27.359
chr15	20613554	1.2076139461475812	27.3995
chr15	20655372	0.20401501550514892	27.45
chr15	20692134	0.0	27.4575
chr15	20711863	0.6752608962553243	27.4575
chr15	20728153	0.4859086491739539	27.4685
chr15	20787835	0.991507522524502	27.4975
chr15	20857426	1.7862667025915686	27.5665
chr15	20957635	0.32634032634022825	27.7455
chr15	20968360	0.4104698447851168	27.749
chr15	21020739	0.0	27.7705
chr15	21040843	0.0	27.7705
chr15	21054746	0.0	27.7705
chr15	21060040	1.6077170418011801	27.7705
chr15	21062528	0.1073487915593401	27.7745
chr15	21127736	0.5346920802666627	27.7815
chr15	21175427	1.4774520667539868	27.807
chr15	21205208	5.074569049002527	27.851
chr15	21231023	0.5201420525881748	27.982
chr15	21314654	11.958838043965924	28.0255
chr15	21350318	1.1100363870848862	28.452
chr15	21458873	2.0490950696899897	28.5725
chr15	21506943	1.7700560971624988	28.671
chr15	21543665	0.5256351812743609	28.736
chr15	21758643	0.0	28.849
chr15	21787465	0.04945931970953545	28.849
chr15	22009870	7.250119912924781	28.86
chr15	22036973	0.035928758404752334	29.0565
chr15	22134388	0.0	29.06
chr15	22180634	0.0	29.06
chr15	22270212	0.0	29.06
chr15	22379781	0.44694524685494497	29.06
chr15	22486058	1.9232365719345241	29.1075
chr15	22522195	2.1507578861123307	29.177
chr15	22527077	1.868728240835562	29.1875
chr15	22546609	36.93613786112509	29.224
chr15	22554501	0.14516086463090883	29.5155
chr15	22706057	0.0	29.5375
chr15	22751699	26.189213755491508	29.5375
chr15	22778103	0.10621791613893926	30.229
chr15	23149980	0.0	30.2685
chr15	23196848	0.44598005341959407	30.2685
chr15	23400893	0.0	30.3595
chr15	23416331	0.15045997764590097	30.3595
chr15	23439593	0.0	30.363
chr15	23571899	0.17218372002932875	30.363
chr15	23595130	0.0	30.367
chr15	23626604	0.6280318780317993	30.367
chr15	23649692	0.11776613555200181	30.3815
chr15	23806783	0.9072636927028758	30.4
chr15	23842605	0.5803249819898985	30.4325
chr15	23967535	0.0	30.505
chr15	24021928	0.6073552818966966	30.505
chr15	24045802	0.19433598925850631	30.5195
chr15	24102405	0.0	30.5305
chr15	24108102	0.0	30.5305
chr15	24114850	0.0	30.5305
chr15	24130943	0.31948881789135153	30.5305
chr15	24165373	0.7321568330429932	30.5415
chr15	24204982	0.0	30.5705
chr15	24252100	1.7560255038210821	30.5705
chr15	24318443	0.39217084388032486	30.687
chr15	24346492	0.6344445726150209	30.698
chr15	24381168	3.240969816922321	30.72
chr15	24421588	0.35132777670092435	30.851
chr15	24545404	11.998394863563382	30.8945
chr15	24557864	1.4106297779395625	31.044
chr15	24634780	0.07254919742452773	31.1525
chr15	24689915	1.1343012704173987	31.1565
chr15	24725179	8.690970619904595	31.1965
chr15	24738181	3.684801020744889	31.3095
chr15	24783638	0.11653071416677038	31.477
chr15	24813673	1.2533026217735599	31.4805
chr15	24828434	1.4565126924687897	31.499
chr15	24830837	5.204185069871802	31.5025
chr15	24886081	0.0	31.79
chr15	24913060	3.273301413296055	31.79
chr15	24990963	0.8388500952206386	32.045
chr15	25013017	0.6973333012721156	32.0635
chr15	25054604	1.1792215122256489	32.0925
chr15	25104213	0.04562341132758125	32.151
chr15	25180928	5.648004671113208	32.1545
chr15	25225457	1.9594959284725504	32.406
chr15	25268070	3.14352893068914	32.4895
chr15	25287634	0.3250371471020984	32.551
chr15	25298402	14.73888972018575	32.5545
chr15	25311768	2.2052609338686033	32.7515
chr15	25349632	0.0	32.835
chr15	25354227	1.5566790846195375	32.835
chr15	25391807	0.0	32.8935
chr15	25404136	2.8466715839940977	32.8935
chr15	25447520	0.14245014244995508	33.017
chr15	25472090	7.7737568690523835	33.0205
chr15	25479551	0.5109679872615249	33.0785
chr15	25521628	7.010231148160654	33.1
chr15	25524267	0.40825848594453534	33.1185
chr15	25541413	0.0	33.1255
chr15	25543963	0.0	33.1255
chr15	25553756	153.01724137930591	33.1255
chr15	25554684	0.5816207832493435	33.2675
chr15	25567579	0.331910858226548	33.275
chr15	25588669	0.992720052945107	33.282
chr15	25596224	0.0	33.2895
chr15	25602993	0.0	33.2895
chr15	25606817	0.1435720731808393	33.2895
chr15	25631195	0.0	33.293
chr15	25646961	2.475011899095988	33.293
chr15	25657466	0.19622133766863237	33.319
chr15	25675303	0.0	33.3225
chr15	25679119	0.0	33.3225
chr15	25697576	0.0	33.3225
chr15	25725705	0.0	33.3225
chr15	25731291	3.3969589129732767	33.3225
chr15	25734382	3.266242937853649	33.333
chr15	25740046	14.453254046911132	33.3515
chr15	25770316	0.8460893594559774	33.789
chr15	25834730	0.31070374398015504	33.8435
chr15	25918411	0.2870423159761735	33.8695
chr15	26170987	0.2430455820942307	33.942
chr15	26216246	0.0	33.953
chr15	26259064	0.06062075654696195	33.953
chr15	26316800	0.0	33.9565
chr15	26329149	0.0	33.9565
chr15	26333870	0.14636390247992728	33.9565
chr15	26357783	0.8400440298938753	33.96
chr15	26392305	1.1463356787101973	33.989
chr15	26404954	1.1195700850873689	34.0035
chr15	26411653	0.0	34.011
chr15	26440456	0.0	34.011
chr15	26461655	0.10917030567671228	34.011
chr15	26493715	0.0	34.0145
chr15	26531033	0.0	34.0145
chr15	26534437	0.6456770384946746	34.0145
chr15	26550699	0.07113252463556706	34.025
chr15	26656136	14.669086984251559	34.0325
chr15	26676519	0.0	34.3315
chr15	26699993	0.10372214319590152	34.3315
chr15	26733737	0.1951981260979308	34.335
chr15	26769598	0.0	34.342
chr15	26801276	1.2244670785327805	34.342
chr15	26819243	0.17286831755931062	34.364
chr15	26842382	1.0801951800944747	34.368
chr15	26869229	0.740427332346125	34.397
chr15	26883410	0.48423805142607074	34.4075
chr15	26966014	0.7807146628324215	34.4475
chr15	27055035	0.0	34.517
chr15	27081418	0.0	34.517
chr15	27094638	0.0	34.517
chr15	27145949	0.0	34.517
chr15	27169971	4.051573622241066	34.517
chr15	27192308	1.2637394933284005	34.6075
chr15	27209321	0.5287648054145716	34.629
chr15	27223505	1.9377005952935638	34.6365
chr15	27298594	0.37653302732555394	34.782
chr15	27326480	1.4084507042254055	34.7925
chr15	27342455	2.452645083390026	34.815
chr15	27382208	0.0	34.9125
chr15	27412162	1.0018214936248102	34.9125
chr15	27445102	1.4970368993784307	34.9455
chr15	27493531	1.9012024699383236	35.018
chr15	27524301	0.9652016709734389	35.0765
chr15	27622208	0.0	35.171
chr15	27635400	0.8379108090494685	35.171
chr15	27699846	4.349488576617966	35.225
chr15	27720768	0.4212063349432935	35.316
chr15	27738574	0.6949960285939135	35.3235
chr15	27748646	5.822416302765523	35.3305
chr15	27755516	0.7081115397762456	35.3705
chr15	27775993	0.45451790800559266	35.385
chr15	27792494	0.324526191760019	35.3925
chr15	27892640	1.35647130361586	35.425
chr15	27914019	0.0	35.454
chr15	27922032	0.6004886735411513	35.454
chr15	27946179	0.052815739090219624	35.4685
chr15	28021914	0.05575734403875493	35.4725
chr15	28273002	0.3718762395874794	35.4865
chr15	28293170	0.06500501467260691	35.494
chr15	28347012	0.0	35.4975
chr15	28412268	0.21649799633227745	35.4975
chr15	28530052	0.0	35.523
chr15	28543616	0.07686563886316589	35.523
chr15	28589150	1.7967922529883278	35.5265
chr15	28615586	0.8181074447777785	35.574
chr15	28637588	0.0	35.592
chr15	28658317	0.0	35.592
chr15	28678097	0.0	35.592
chr15	28700106	0.07858083020642757	35.592
chr15	28751009	0.0	35.596
chr15	28789449	0.0	35.596
chr15	28815294	0.0	35.596
chr15	28841722	0.0	35.596
chr15	28864950	0.0	35.596
chr15	28910074	0.14485555831481256	35.596
chr15	28958398	2.144792293798998	35.603
chr15	28971686	0.15599296613533428	35.6315
chr15	29112718	0.0	35.6535
chr15	29158771	1.7345597897503944	35.6535
chr15	29177796	0.0	35.6865
chr15	29195698	0.0	35.6865
chr15	29209545	0.8346764909047997	35.6865
chr15	29226917	1.065026927095933	35.701
chr15	29301563	0.23262576330315693	35.7805
chr15	29318758	0.21337560202373929	35.7845
chr15	29335161	1.313161495274204	35.788
chr15	29398748	0.19085010087804685	35.8715
chr15	29417087	1.8320018391861275	35.875
chr15	29486683	3.4891501768474247	36.0025
chr15	29538988	10.278348797155129	36.185
chr15	29556987	0.0	36.37
chr15	29598930	0.10033360925088139	36.37
chr15	29638797	2.819470065403229	36.374
chr15	29686501	0.9735744089019474	36.5085
chr15	29693691	3.228200371057109	36.5155
chr15	29707166	3.4584072963212202	36.559
chr15	29739840	0.0	36.672
chr15	29778183	0.0	36.672
chr15	29844257	2.4223187437354743	36.672
chr15	29862215	1.0191888662401196	36.7155
chr15	29876442	6.622516556291642	36.73
chr15	29891844	0.7718601830408972	36.832
chr15	29909982	0.0	36.846
chr15	29927413	0.0	36.846
chr15	29964763	0.0	36.846
chr15	29979945	1.3342615152575905	36.846
chr15	29988564	0.0	36.8575
chr15	30024268	9.233405254473817	36.8575
chr15	30040026	0.1754122187141032	37.003
chr15	30059979	1.7125310027164233	37.0065
chr15	30093847	8.543726600748645	37.0645
chr15	30114681	10.473397570171594	37.2425
chr15	30131390	3.474126897056158	37.4175
chr15	30153266	18.174802238086194	37.4935
chr15	30179181	0.27808676306999436	37.9645
chr15	30204353	2.4181930438363937	37.9715
chr15	30223789	2.279556522639982	38.0185
chr15	30243091	5.506855473139974	38.0625
chr15	30260887	2.6349542716931627	38.1605
chr15	30296751	1.2412145284160288	38.255
chr15	30361204	51.30249867091915	38.335
chr15	30364966	0.8071025020177104	38.528
chr15	30395941	0.10785159620375562	38.553
chr15	30433029	0.3549875754347531	38.557
chr15	30452748	1.8075011296881676	38.564
chr15	30474878	0.33542976939184765	38.604
chr15	30486803	0.3487618952720344	38.608
chr15	30506874	2.3720403899720286	38.615
chr15	30529850	0.21018496276738538	38.6695
chr15	30546502	1.982872578883715	38.673
chr15	30581300	13.164687661332454	38.742
chr15	30585174	8.623277846348799	38.793
chr15	30615151	0.0	39.0515
chr15	30616056	0.458235140089356	39.0515
chr15	30623694	1.5384615384617224	39.055
chr15	30642544	7.082548321819438	39.084
chr15	30656875	3.7217364704682963	39.1855
chr15	30735333	0.09406131087265625	39.4775
chr15	30852278	15.247584541062665	39.4885
chr15	30855590	0.0	39.539
chr15	30859108	0.0	39.539
chr15	30861978	4.326047358834193	39.539
chr15	30883938	1.992996982976914	39.634
chr15	30929347	3.0347495497899377	39.7245
chr15	30959333	0.1349489985853453	39.8155
chr15	31066781	1.209653626010549	39.83
chr15	31117622	1.137941675667287	39.8915
chr15	31143546	1.0474938153291615	39.921
chr15	31188415	0.1540967727730989	39.968
chr15	31211128	0.5965319430598616	39.9715
chr15	31272315	0.05532809560693258	40.008
chr15	31398833	0.0	40.015
chr15	31429513	0.10833900823373208	40.015
chr15	31494125	3.8044029623618147	40.022
chr15	31563124	5.985375633919181	40.2845
chr15	31580082	0.3560936526304445	40.386
chr15	31591315	11.623352686388355	40.39
chr15	31634719	0.31680118532380847	40.8945
chr15	31839895	0.0	40.9595
chr15	31862001	0.15357980565177573	40.9595
chr15	31933625	0.0	40.9705
chr15	31939336	0.0	40.9705
chr15	31939539	0.7494646680932325	40.9705
chr15	31944209	0.0	40.974
chr15	31970186	7.205703883495598	40.974
chr15	31983370	6.947333388801131	41.069
chr15	31995389	0.0	41.1525
chr15	32005183	0.35607152596516706	41.1525
chr15	32646908	3.8075942292242204	41.381
chr15	32675535	10.113255702663906	41.49
chr15	32706880	0.6218157018493763	41.807
chr15	32806588	0.02721871403243305	41.869
chr15	32935176	0.0	41.8725
chr15	33029037	5.857016343289526	41.8725
chr15	33053879	0.08003475795208208	42.018
chr15	33097610	0.46752961020853395	42.0215
chr15	33152152	2.9075546719683008	42.047
chr15	33172272	2.1167838307915288	42.1055
chr15	33351081	0.0	42.484
chr15	33406223	0.1589608502132526	42.484
chr15	33428241	2.1831514040496662	42.4875
chr15	33488246	0.049277035493579924	42.6185
chr15	33559273	1.9893785966770046	42.622
chr15	33617834	0.0	42.7385
chr15	33626748	0.0	42.7385
chr15	33679137	4.422999597908819	42.7385
chr15	33684111	0.21404741519291107	42.7605
chr15	33751853	0.2137476598316285	42.775
chr15	33819690	0.0	42.7895
chr15	33820963	0.2847380410022887	42.7895
chr15	33857839	10.538028537766813	42.8
chr15	33865478	0.0	42.8805
chr15	33869345	0.0	42.8805
chr15	33876652	0.13075313807540725	42.8805
chr15	33903420	1.7035775127763195	42.884
chr15	33907529	0.019041090673687394	42.891
chr15	34091342	0.14294439463052494	42.8945
chr15	34168295	0.5879620220085715	42.9055
chr15	34237177	0.3482677696931907	42.946
chr15	34330496	0.11189616036318721	42.9785
chr15	34424333	0.0	42.989
chr15	34446980	0.3888987095633875	42.989
chr15	34531835	0.057190476968618786	43.022
chr15	34593034	0.0	43.0255
chr15	34645352	2.2856150908457793	43.0255
chr15	34662634	0.2827683918515045	43.065
chr15	34830616	0.22971908637454064	43.1125
chr15	34845852	0.07714155475299124	43.116
chr15	34988447	0.41952174521047597	43.127
chr15	35024202	0.2528154447252512	43.142
chr15	35067712	0.21244309559954483	43.153
chr15	35084187	1.3172293600291356	43.1565
chr15	35108860	0.6501950585174737	43.189
chr15	35131161	2.64298255444732	43.2035
chr15	35184699	0.0	43.345
chr15	35216246	0.03713738001089504	43.345
chr15	35498980	0.0	43.3555
chr15	35545676	0.06799252082267182	43.3555
chr15	35604506	0.4826736793051259	43.3595
chr15	35634547	0.0	43.374
chr15	35704832	0.0	43.374
chr15	35731374	0.08589723567074559	43.374
chr15	35859434	0.8982484155896343	43.385
chr15	35879473	0.9681511651199662	43.403
chr15	35909427	0.08666619000261981	43.432
chr15	36370968	4.296455424272592	43.472
chr15	36371899	0.1704849892026238	43.476
chr15	36433488	0.0	43.4865
chr15	36446995	0.0	43.4865
chr15	36506506	0.0	43.4865
chr15	36563652	0.10092446812805679	43.4865
chr15	36637965	0.7814244250946525	43.494
chr15	36646923	0.2713629499119156	43.501
chr15	36901195	0.14512218719055378	43.57
chr15	37076909	0.0	43.5955
chr15	37230997	0.9693919643593153	43.5955
chr15	37279481	0.4732719657350996	43.6425
chr15	37363999	1.8377848566528507	43.6825
chr15	37368080	0.24291035179135398	43.69
chr15	37578034	0.35416014627642917	43.741
chr15	37638741	0.3765004285169376	43.7625
chr15	37840600	0.16490100904312127	43.8385
chr15	38237808	2.2849630649803836	43.904
chr15	38253782	0.06272794888566395	43.9405
chr15	38365375	0.0	43.9475
chr15	38398643	0.0	43.9475
chr15	38438719	0.09860369435175212	43.9475
chr15	38697330	0.11345879125128784	43.973
chr15	38891233	0.1705970898143567	43.995
chr15	39040708	0.0937618876678916	44.0205
chr15	39227351	0.0	44.038
chr15	39396965	0.1371275096699037	44.038
chr15	39502706	0.0	44.0525
chr15	39574080	0.04391164976065717	44.0525
chr15	39665172	0.5969043306437585	44.0565
chr15	39689464	0.0	44.071
chr15	39829365	0.03410674436510296	44.071
chr15	39931984	0.0	44.0745
chr15	40064273	0.0	44.0745
chr15	40099165	1.249392656347656	44.0745
chr15	40113572	0.015384142026378948	44.0925
chr15	40341079	0.0	44.096
chr15	40373913	0.0	44.096
chr15	40601650	0.1073018938785581	44.096
chr15	40638928	0.0	44.1
chr15	40763303	0.0	44.1
chr15	40823433	0.0	44.1
chr15	40873002	0.0	44.1
chr15	40946160	0.0	44.1
chr15	40989496	0.16346316442137626	44.1
chr15	41078201	0.0	44.1145
chr15	41151358	0.012925383606929856	44.1145
chr15	41422143	0.598726345773559	44.118
chr15	41477260	0.0	44.151
chr15	41482273	0.37218127417344904	44.151
chr15	41550788	0.212840776591233	44.1765
chr15	41820943	0.14361625736033862	44.234
chr15	41946277	0.14458441018589158	44.252
chr15	42001608	0.0686422561729491	44.26
chr15	42052597	0.14869362033562838	44.2635
chr15	42123212	0.14397367338539482	44.274
chr15	42171832	0.13980365353548438	44.281
chr15	42332772	0.0	44.3035
chr15	42385149	0.44322498944704086	44.3035
chr15	42408839	0.9482082134450519	44.314
chr15	42439423	0.7341238707941203	44.343
chr15	42528645	0.18635107395560813	44.4085
chr15	42703047	0.1525253845816619	44.441
chr15	42725994	0.40926487180061216	44.4445
chr15	42771197	0.049034029616588926	44.463
chr15	42842576	0.0	44.4665
chr15	42865836	1.8655235373500454	44.4665
chr15	42891030	0.0	44.5135
chr15	42916397	0.34778465936156877	44.5135
chr15	43021347	0.0461479635563269	44.55
chr15	43097190	0.0	44.5535
chr15	43121599	0.174319750695932	44.5535
chr15	43308038	0.0	44.586
chr15	43328188	0.4770688887475532	44.586
chr15	43359630	0.0	44.601
chr15	43471838	0.9319181982915187	44.601
chr15	43510468	0.0	44.637
chr15	43516183	0.0	44.637
chr15	43536445	0.0	44.637
chr15	43578426	0.0	44.637
chr15	43640296	0.1051343808541001	44.637
chr15	43744924	0.325945241199419	44.648
chr15	43810886	0.9914077990747238	44.6695
chr15	43851737	1.0379473553100798	44.71
chr15	43875823	0.5332821791674498	44.735
chr15	44006148	1.368547418967639	44.8045
chr15	44026973	6.3703531328177405	44.833
chr15	44044162	1.6463401425384074	44.9425
chr15	44090325	0.8605851979345815	45.0185
chr15	44192000	0.4578899169481852	45.106
chr15	44223667	1.1077246183792762	45.1205
chr15	44301755	1.9081340240273408	45.207
chr15	44374339	2.5967048710602096	45.3455
chr15	44413427	0.7102605329295323	45.447
chr15	44669671	2.6083253486638713	45.629
chr15	44707243	1.140877901441364	45.727
chr15	44768161	0.9562644341800893	45.7965
chr15	44851297	3.7183456817428597	45.876
chr15	44887469	3.576762833110647	46.0105
chr15	44912911	0.09728744903460497	46.1015
chr15	45025978	0.15864382195641832	46.1125
chr15	45048040	0.7530902669574208	46.116
chr15	45067294	1.0685891773288525	46.1305
chr15	45172573	0.05888142122925815	46.243
chr15	45291456	0.18322568824138993	46.25
chr15	45313287	1.9633234470948724	46.254
chr15	45337226	0.23589674462461385	46.301
chr15	45352063	0.31674264349685083	46.3045
chr15	45432570	1.9536356505824992	46.33
chr15	45501416	9.03794442784582	46.4645
chr15	45521498	0.0	46.646
chr15	45565815	1.1520737327182555	46.646
chr15	45569287	2.4178756044689926	46.65
chr15	45587278	4.37247613189632	46.6935
chr15	45624671	0.30411775439451305	46.857
chr15	45673994	0.5441163836306919	46.872
chr15	45813670	1.2038080091886407	46.948
chr15	45858943	3.87997087304778	47.0025
chr15	45950954	0.0	47.3595
chr15	45954598	0.0	47.3595
chr15	45993433	0.0	47.3595
chr15	46078687	0.0	47.3595
chr15	46090938	0.0	47.3595
chr15	46111695	0.0	47.3595
chr15	46166697	0.08987032995251572	47.3595
chr15	46322477	0.4822271267337824	47.3735
chr15	46768325	3.2724719101122175	47.5885
chr15	46803925	0.0	47.705
chr15	46842768	0.04209057892587851	47.705
chr15	46925922	0.8738888051830621	47.7085
chr15	46992292	2.355865548712667	47.7665
chr15	47046200	0.011691188935452311	47.8935
chr15	47388338	0.0	47.8975
chr15	47494492	2.4800089025960417	47.8975
chr15	47557395	1.6027639425792308	48.0535
chr15	47693722	0.9528714911152752	48.272
chr15	47713137	0.0	48.2905
chr15	47809292	0.7709367409440626	48.2905
chr15	47856637	0.0	48.327
chr15	47871840	0.1283273447240046	48.327
chr15	47899114	0.0	48.3305
chr15	47939785	0.0	48.3305
chr15	47970348	0.0	48.3305
chr15	48026968	0.36341553218857686	48.3305
chr15	48236095	0.36369716985077255	48.4065
chr15	48355700	0.6322594086565971	48.45
chr15	48701286	3.5415325177062718	48.6685
chr15	48704392	0.0	48.6795
chr15	48724690	1.576543925775647	48.6795
chr15	48779874	0.19603649843175766	48.7665
chr15	48835986	0.6443470174040051	48.7775
chr15	49061796	0.0	48.923
chr15	49073400	0.23769530631002705	48.923
chr15	49104953	0.3155963302751718	48.9305
chr15	49173078	0.19099460440265906	48.952
chr15	49194021	0.674787955705293	48.956
chr15	49305908	0.08541035794701204	49.0315
chr15	49434698	0.010472125296885149	49.0425
chr15	50150885	0.2571694677287497	49.05
chr15	50222822	0.09076057360689005	49.0685
chr15	50261385	0.15609823782434334	49.072
chr15	50376697	0.46266751754939955	49.09
chr15	50408037	0.12206605517369636	49.1045
chr15	50436710	0.15216068168003988	49.108
chr15	50462998	1.2880373530832119	49.112
chr15	50494053	0.5715192887760179	49.152
chr15	50557043	0.0	49.188
chr15	50593799	0.1014934029286761	49.188
chr15	50628284	0.24724337842447225	49.1915
chr15	50804224	0.0449663394830477	49.235
chr15	50882060	0.0	49.2385
chr15	50915342	0.07492351557785044	49.2385
chr15	51155587	0.04588138133545581	49.2565
chr15	51319052	0.12267530300800308	49.264
chr15	51380189	0.0	49.2715
chr15	51396473	0.03010985796745895	49.2715
chr15	51512714	0.059001480400795905	49.275
chr15	51699150	0.1532780603357581	49.286
chr15	51770915	0.8023925888104738	49.297
chr15	51784624	0.0	49.308
chr15	51805788	0.6219458018659662	49.308
chr15	51828298	0.0613361466179272	49.322
chr15	51950575	1.1692329831630042	49.3295
chr15	51978371	0.230668939925746	49.362
chr15	52028226	3.2952716683270182	49.3735
chr15	52041275	0.09613905552991511	49.4165
chr15	52379327	0.11530605521521055	49.449
chr15	52409681	1.144318793753409	49.4525
chr15	52431965	0.0	49.478
chr15	52505733	0.46666068383731935	49.478
chr15	52561448	0.29849473370026874	49.504
chr15	52584899	0.4872475553613421	49.511
chr15	52674176	0.2883685438719996	49.5545
chr15	52786879	0.6024562528326203	49.587
chr15	52877342	1.7809439002670584	49.6415
chr15	52924508	1.103244498167742	49.7255
chr15	52976627	0.6223977336136919	49.783
chr15	52999924	0.060386473429994834	49.7975
chr15	53057884	1.4429068013378674	49.801
chr15	53088378	0.0	49.845
chr15	53114027	0.13980427401633508	49.845
chr15	53164097	0.06209006446079174	49.852
chr15	53341259	0.029407151819323574	49.863
chr15	53596299	0.2565260219996571	49.8705
chr15	53693755	0.09460260598645649	49.8955
chr15	53773034	0.0	49.903
chr15	53800182	0.5121692458046491	49.903
chr15	53991525	0.0586441473141129	50.001
chr15	54179097	0.07060083747199426	50.012
chr15	54384477	0.0371311418886909	50.0265
chr15	54572998	2.5646522025386838	50.0335
chr15	54638309	0.0	50.201
chr15	54653873	0.5505395287381842	50.201
chr15	54667496	1.4449127031909037	50.2085
chr15	54692411	0.3190646637718177	50.2445
chr15	54828747	0.7774382070669287	50.288
chr15	54847398	0.0	50.3025
chr15	54888935	0.0	50.3025
chr15	54914944	0.24699792416636648	50.3025
chr15	55105229	0.21668380309816174	50.3495
chr15	55340595	0.0	50.4005
chr15	55352647	0.007079774903618981	50.4005
chr15	55847013	0.0	50.404
chr15	55874068	0.8503401360540512	50.404
chr15	55891708	0.6517916691930875	50.419
chr15	55924694	0.1684473962846521	50.4405
chr15	55945472	1.0235558048232374	50.444
chr15	55981132	0.28187479514917313	50.4805
chr15	56057407	0.11309619092028585	50.502
chr15	56344773	0.0	50.5345
chr15	56388271	0.0	50.5345
chr15	56452923	0.08361728369249291	50.5345
chr15	56500760	0.0	50.5385
chr15	56538805	0.0	50.5385
chr15	56591478	0.0	50.5385
chr15	56654763	0.06157852141177558	50.5385
chr15	56711601	0.0	50.542
chr15	56770748	0.0	50.542
chr15	56878986	0.6944592833179953	50.542
chr15	56925785	0.0	50.5745
chr15	56954135	0.0	50.5745
chr15	57001160	0.0531971486328038	50.5745
chr15	57076352	0.0	50.5785
chr15	57098258	0.04832318546442034	50.5785
chr15	57170687	0.6830176963677607	50.582
chr15	57186792	0.14363099146402641	50.593
chr15	57211160	0.13955342902721296	50.5965
chr15	57236240	0.0	50.6
chr15	57264102	0.0	50.6
chr15	57293039	0.0	50.6
chr15	57311611	0.0	50.6
chr15	57333032	0.4207426107076663	50.6
chr15	57342539	0.048023160884434986	50.604
chr15	57488302	0.4611385931081909	50.611
chr15	57512156	0.19114193654101366	50.622
chr15	57530467	0.08191797280323614	50.6255
chr15	57622022	0.1481544192344817	50.633
chr15	57645646	0.2493410272852106	50.6365
chr15	57673720	0.0	50.6435
chr15	57706183	0.0	50.6435
chr15	57706595	0.0	50.6435
chr15	57713404	0.22684738841931512	50.6435
chr15	57731037	0.0	50.6475
chr15	57794719	0.17538766722304694	50.6475
chr15	57877393	0.0	50.662
chr15	58005140	0.02980422879431251	50.662
chr15	58122573	0.0	50.6655
chr15	58167409	0.053180945750579814	50.6655
chr15	58374250	0.07738911245749129	50.6765
chr15	58464702	0.5430366943573938	50.6835
chr15	58585320	0.5620402876994267	50.749
chr15	58708087	1.5213219117164658	50.818
chr15	58729450	0.0	50.8505
chr15	58731621	0.0	50.8505
chr15	58732853	0.2412295816391551	50.8505
chr15	58747362	3.0110353682022857	50.854
chr15	58780075	0.733532656130973	50.9525
chr15	58833924	2.0924099977069592	50.992
chr15	58868812	0.36069535025572613	51.065
chr15	59039316	3.363631695167674	51.1265
chr15	59058789	0.19135524538496898	51.192
chr15	59192049	0.0	51.2175
chr15	59208854	0.01746716173591346	51.2175
chr15	59409230	0.0	51.221
chr15	59702071	0.2216811514682538	51.221
chr15	60110315	0.0	51.3115
chr15	60144578	0.026874586383304047	51.3115
chr15	60442257	0.044349269504206854	51.3195
chr15	60521176	0.03129009042835194	51.323
chr15	60744889	0.0	51.33
chr15	60866716	0.3627492767686217	51.33
chr15	60976985	0.0	51.37
chr15	61031394	1.071833886763943	51.37
chr15	61055185	0.03191887134871032	51.3955
chr15	61384144	0.07853320907634773	51.406
chr15	61575146	0.0	51.421
chr15	61752319	0.17057753239013101	51.421
chr15	62007335	0.03425696639879953	51.4645
chr15	62211673	0.0	51.4715
chr15	62234983	0.05708274551694866	51.4715
chr15	62357612	0.0	51.4785
chr15	62383959	0.057517070244817316	51.4785
chr15	62505662	0.16520915478997036	51.4855
chr15	62551059	0.0	51.493
chr15	62628157	0.08477776664533786	51.493
chr15	62887659	0.2340415767977694	51.515
chr15	62996614	0.0	51.5405
chr15	63239300	0.031189848149955405	51.5405
chr15	63351516	0.6145325069233921	51.544
chr15	63541091	0.04323994877095757	51.6605
chr15	63783922	0.0712695315379992	51.671
chr15	64394281	0.40838551592705064	51.7145
chr15	64431011	0.030639668741400748	51.7295
chr15	64659473	0.0	51.7365
chr15	64803722	0.44266856537911903	51.7365
chr15	65017200	0.38887808671980506	51.831
chr15	65120060	1.974766867800144	51.871
chr15	65147405	0.0	51.925
chr15	65181211	0.0	51.925
chr15	65226991	0.08673995598839289	51.925
chr15	65647789	3.6107236944057663	51.9615
chr15	65680054	0.0	52.078
chr15	65724402	0.0	52.078
chr15	65749903	0.0	52.078
chr15	65839852	2.917249885665925	52.078
chr15	65912009	0.11461137753887109	52.2885
chr15	66134500	0.0917285834604961	52.314
chr15	66374338	0.00735482623698196	52.336
chr15	66850216	0.0	52.3395
chr15	66877166	0.0	52.3395
chr15	66879978	0.0	52.3395
chr15	66900646	0.0	52.3395
chr15	66902770	0.0	52.3395
chr15	66935428	0.0	52.3395
chr15	66940846	0.0	52.3395
chr15	66971673	0.189552925884749	52.3395
chr15	67008602	0.0	52.3465
chr15	67038306	0.0	52.3465
chr15	67063971	0.030193692537612157	52.3465
chr15	67196449	0.15680636103099443	52.3505
chr15	67403711	0.0	52.383
chr15	67540583	0.0	52.383
chr15	67624469	0.589527222286299	52.383
chr15	67667724	0.5296854129243301	52.4085
chr15	68340765	0.0	52.765
chr15	68583246	0.010652633597335199	52.765
chr15	68958740	0.0	52.769
chr15	69006760	0.13271517553794387	52.769
chr15	69063272	0.0	52.7765
chr15	69276410	0.0	52.7765
chr15	69465989	0.020105814026979137	52.7765
chr15	69640068	0.02209330951461249	52.78
chr15	69798487	0.0	52.7835
chr15	69961536	0.028044647078168453	52.7835
chr15	70086337	0.0	52.787
chr15	70328738	0.0	52.787
chr15	70333754	0.0	52.787
chr15	70495534	0.0	52.787
chr15	70607899	0.026053394571209126	52.787
chr15	70876578	0.0	52.794
chr15	70935415	0.0	52.794
chr15	71025399	0.0	52.794
chr15	71092266	0.0	52.794
chr15	71112458	0.0	52.794
chr15	71349030	0.8181689942164894	52.794
chr15	71384475	0.0	52.823
chr15	71547875	0.0	52.823
chr15	71590817	0.0	52.823
chr15	71609356	0.0	52.823
chr15	71631491	0.12945300855791497	52.823
chr15	71774400	0.017261872469263487	52.8415
chr15	71977159	0.014317973556758498	52.845
chr15	72221607	0.0	52.8485
chr15	72382358	0.0	52.8485
chr15	72569631	0.0	52.8485
chr15	72586614	0.10670916062574656	52.8485
chr15	72727183	0.24292599502486178	52.8635
chr15	72830095	0.061214266755886954	52.8885
chr15	73900107	0.0	52.954
chr15	74004748	0.0	52.954
chr15	74346165	0.0	52.954
chr15	74411289	0.13796365643103584	52.954
chr15	74462027	0.0	52.961
chr15	74548181	0.0	52.961
chr15	74578911	0.0	52.961
chr15	74594280	0.0	52.961
chr15	74677609	0.0	52.961
chr15	74696679	0.0	52.961
chr15	74715519	0.0	52.961
chr15	74717544	0.0	52.961
chr15	74843011	0.0	52.961
chr15	74906916	0.3808549933742057	52.961
chr15	75002753	0.0220551631136559	52.9975
chr15	75161446	0.6909820073705009	53.001
chr15	75198350	0.0	53.0265
chr15	75210583	0.0	53.0265
chr15	75245534	0.38966251026656085	53.0265
chr15	75459822	0.0	53.11
chr15	75482657	0.0	53.11
chr15	75490477	0.18059873793353234	53.11
chr15	75631674	0.0	53.1355
chr15	75639256	0.06838593985076927	53.1355
chr15	75902468	0.012410379332092518	53.1535
chr15	76184490	0.0	53.157
chr15	76249569	0.0	53.157
chr15	76328934	0.0	53.157
chr15	76409887	0.0	53.157
chr15	76427808	0.2276867030965478	53.157
chr15	76460748	0.7523167937628003	53.1645
chr15	76489991	8.441053895599	53.1865
chr15	76504148	0.0	53.306
chr15	76576373	0.2943009486877752	53.306
chr15	76663019	0.0	53.3315
chr15	76681109	1.4673485598463	53.3315
chr15	76936672	0.06004460456343286	53.7065
chr15	76994962	0.0	53.71
chr15	77070265	0.0	53.71
chr15	77098992	0.0	53.71
chr15	77128889	0.0	53.71
chr15	77157076	0.0	53.71
chr15	77178700	0.0	53.71
chr15	77232828	0.0	53.71
chr15	77318064	0.238559965300275	53.71
chr15	77364174	0.0	53.721
chr15	77440816	0.0	53.721
chr15	77469770	0.0	53.721
chr15	77529730	0.0	53.721
chr15	77542252	0.0	53.721
chr15	77566995	0.0	53.721
chr15	77592966	0.0	53.721
chr15	77643032	0.7453584496546135	53.721
chr15	77657790	0.29726516052326196	53.732
chr15	77694794	0.04601690792668055	53.743
chr15	77770853	0.0	53.7465
chr15	77775474	0.010848281361038638	53.7465
chr15	78144196	0.0	53.7505
chr15	78190259	0.0	53.7505
chr15	78210640	0.06781912405753952	53.7505
chr15	78424444	0.5061826596281652	53.765
chr15	78438273	0.0	53.772
chr15	78483424	0.0	53.772
chr15	78520134	0.0	53.772
chr15	78545265	0.6817900086775	53.772
chr15	78561399	0.11268149769792975	53.783
chr15	78592460	0.08086852799071809	53.7865
chr15	78641923	0.0	53.7905
chr15	78700695	0.0	53.7905
chr15	78725765	0.0	53.7905
chr15	78785319	0.0	53.7905
chr15	78829814	0.11789275127982335	53.7905
chr15	78859502	1.6337183017550247	53.794
chr15	78908164	1.564410756976534	53.8735
chr15	78998933	0.0	54.0155
chr15	79022295	0.1852685070004472	54.0155
chr15	79060078	0.0	54.0225
chr15	79082229	0.6774562450278109	54.0225
chr15	79162677	0.02514422006223195	54.077
chr15	79301874	6.505793941141436	54.0805
chr15	79357363	0.0	54.4415
chr15	79376485	0.0	54.4415
chr15	79413836	0.5617276245163114	54.4415
chr15	79445880	0.1750904634060998	54.4595
chr15	79488715	0.6008287292817908	54.467
chr15	79633515	0.22711318495262997	54.554
chr15	79681949	0.179342952637202	54.565
chr15	79743284	0.13598781549173708	54.576
chr15	79798436	0.3265898575705467	54.5835
chr15	79853551	0.0	54.6015
chr15	79908340	0.06775854725665768	54.6015
chr15	79959994	0.0	54.605
chr15	80076088	0.2043398301805762	54.605
chr15	80306097	0.0	54.652
chr15	80367795	0.0	54.652
chr15	80515675	0.0	54.652
chr15	80584371	0.0	54.652
chr15	80603419	0.0	54.652
chr15	80619961	0.2858927330465509	54.652
chr15	80733640	0.04139464471570751	54.6845
chr15	80818192	0.05793323195014531	54.688
chr15	80887237	1.98580151913812	54.692
chr15	80907380	0.0	54.732
chr15	81087198	0.09873515075298919	54.732
chr15	81375849	0.04417400139145656	54.7605
chr15	81466400	0.29145648170390287	54.7645
chr15	81778625	0.6993817122409125	54.8555
chr15	82011688	0.0	55.0185
chr15	82043861	0.11853863957823851	55.0185
chr15	82292725	0.27729828283037766	55.048
chr15	82436974	0.0372685357724969	55.088
chr15	82530887	0.023298618391920208	55.0915
chr15	83003018	0.01692251903784601	55.1025
chr15	83209843	0.06454366942712984	55.106
chr15	84673968	0.2765117565171291	55.2005
chr15	84778846	0.1894277054733536	55.2295
chr15	84913462	0.006043777671859818	55.255
chr15	85492570	0.03234122767302558	55.2585
chr15	85600791	0.0	55.262
chr15	85645388	0.0	55.262
chr15	85706013	0.0	55.262
chr15	85739213	0.12080661648545252	55.262
chr15	86008238	0.13760171369920318	55.2945
chr15	86142684	0.015273304881343649	55.313
chr15	86601000	0.09208026050345122	55.32
chr15	86720461	0.0	55.331
chr15	86891924	0.0	55.331
chr15	86923126	0.09140615911315816	55.331
chr15	87043468	0.05247638562647008	55.342
chr15	87243558	0.024190763966323785	55.3525
chr15	87698277	0.0	55.3635
chr15	87715384	0.0	55.3635
chr15	87848919	0.0352289884247146	55.3635
chr15	87948269	0.0	55.367
chr15	88317233	0.0	55.367
chr15	88361296	0.0	55.367
chr15	88403121	0.0	55.367
chr15	88435883	0.0486127802999427	55.367
chr15	88806156	0.0	55.385
chr15	88875316	0.0728611606297175	55.385
chr15	89081187	0.0	55.4
chr15	89218524	0.0	55.4
chr15	89521036	0.0	55.4
chr15	89613563	0.054090954873215205	55.4
chr15	89881630	0.718555989882895	55.4145
chr15	89916422	0.0	55.4395
chr15	90012605	0.016321805061065932	55.4395
chr15	90472113	0.02912354029285409	55.447
chr15	91605217	0.12245488650661573	55.48
chr15	91695046	0.0	55.491
chr15	91737823	0.11139756198486588	55.491
chr15	91769242	0.1385393336258105	55.4945
chr15	92029096	0.0	55.5305
chr15	92433596	0.0	55.5305
chr15	92577748	0.0	55.5305
chr15	92649431	0.0	55.5305
chr15	92733413	0.2430182419748123	55.5305
chr15	92957676	0.09673944110985848	55.585
chr15	93185091	0.03390262623303659	55.607
chr15	93922497	0.0	55.632
chr15	94008437	0.03302455375575773	55.632
chr15	94129559	0.0	55.636
chr15	94161401	0.0	55.636
chr15	94194832	0.0	55.636
chr15	94216442	0.02177700348429191	55.636
chr15	94377162	0.0	55.6395
chr15	94478425	0.0	55.6395
chr15	94558267	0.06923563855045302	55.6395
chr15	94608819	0.11243360601712234	55.643
chr15	94737784	0.0	55.6575
chr15	94744719	0.0	55.6575
chr15	94765098	0.0	55.6575
chr15	94839329	0.08079828707626921	55.6575
chr15	94888835	0.0	55.6615
chr15	94923470	0.0	55.6615
chr15	94967309	0.0	55.6615
chr15	94989603	0.0	55.6615
chr15	95009657	0.4763265694961548	55.6615
chr15	95062142	0.0	55.6865
chr15	95079909	0.28983189749941396	55.6865
chr15	95129938	0.0	55.701
chr15	95286912	0.0	55.701
chr15	95334901	0.022494440659681616	55.701
chr15	95490495	0.07365987074292749	55.7045
chr15	95646618	0.0	55.716
chr15	95680725	0.0	55.716
chr15	95715164	0.0	55.716
chr15	95737890	0.12881424985169035	55.716
chr15	95904797	0.0	55.7375
chr15	96104734	0.04518461141237414	55.7375
chr15	96182194	0.3482677696931907	55.741
chr15	96275513	0.15066291683407562	55.7735
chr15	96494545	0.14634248322283563	55.8065
chr15	96542378	0.0	55.8135
chr15	96548883	0.0	55.8135
chr15	96584432	0.03810614518235968	55.8135
chr15	97069918	0.06663483002565694	55.832
chr15	97340047	0.0	55.85
chr15	97429332	0.0	55.85
chr15	97889666	1.1536634469654565	55.85
chr15	97933873	0.0	55.901
chr15	98056546	0.0294203353357653	55.901
chr15	98413442	0.3492921013412949	55.9115
chr15	98434914	0.15664160401021648	55.919
chr15	98460450	0.0	55.923
chr15	98535605	0.06762370307396001	55.923
chr15	98639119	0.0	55.93
chr15	98744576	0.12202349823946244	55.93
chr15	98773259	0.033265324226028056	55.9335
chr15	98998719	0.086139003740868	55.941
chr15	99161247	0.026162600562527887	55.955
chr15	99314137	0.059005933148305025	55.959
chr15	99559875	0.014078671616977251	55.9735
chr15	99808478	0.4147536556194912	55.977
chr15	99860316	0.0	55.9985
chr15	99881626	0.0	55.9985
chr15	99994722	0.07180400379125412	55.9985
chr15	100099173	0.14128284826214266	56.006
chr15	100127485	0.06225431778165635	56.01
chr15	100183706	0.07588679136191782	56.0135
chr15	100322070	0.7766655160511168	56.024
chr15	100345246	1.1109686792289983	56.042
chr15	100368649	0.400411852191111	56.068
chr15	100386131	0.15716210148160736	56.075
chr15	100408401	0.0	56.0785
chr15	100419794	0.0	56.0785
chr15	100452567	0.39887222975044534	56.0785
chr15	100544075	0.0	56.115
chr15	100612539	0.0	56.115
chr15	100642544	0.0	56.115
chr15	100691066	0.0	56.115
chr15	100767412	0.35998434850656325	56.115
chr15	100959087	0.23310023310024194	56.184
chr15	101081352	0.0	56.2125
chr15	101081510	0.0	56.2125
chr15	101084147	4.2759407069556925	56.2125
chr15	101085901	0.6108907727298145	56.22
chr15	101139102	0.4296203718169199	56.2525
chr15	101215914	0.3099747744665907	56.2855
chr15	101262692	0.043677931413199485	56.3
chr15	101342824	0.2211476086572001	56.3035
chr15	101376738	0.0	56.311
chr15	101401119	0.0	56.311
chr15	101425854	0.3851810350865882	56.311
chr15	101454412	0.5340521845277294	56.322
chr15	101651022	0.45492084377316755	56.427
chr15	101722463	0.8734200490874011	56.4595
chr15	101972629	2.4528862867075407	56.678
chr15	102060077	0.5698503916591003	56.8925
chr15	102225910	2.202255109231728	56.987
chr15	102237262	0.5647324579980113	57.012
chr15	102308092	0.5806270772434923	57.052
chr15	102358038	0.33059308399253884	57.081
chr15	102403411	1.5448087027307185	57.096
chr15	102457463	2.208425994563885	57.1795
chr15	102554591	0.5229276736931942	57.394
chr15	102610048	0.12354281252624584	57.423
chr15	102812407	0.05599283291742659	57.448
chr15	102874915	0.12696667907344464	57.4515
chr15	103162392	0.09929410915133131	57.488
chr15	103273174	0.15833975489006544	57.499
chr15	103367907	0.39167899730162714	57.514
chr15	103413863	0.0	57.532
chr15	103480721	0.0	57.532
chr15	103546158	0.23585214690969067	57.532
chr15	103622477	0.06080928470911446	57.55
chr15	103680034	2.3207839092316505	57.5535
chr15	103712997	0.4630105977981449	57.63
chr15	103751873	0.10604453870622477	57.648
chr15	103817883	0.5103470359844887	57.655
chr15	103867849	2.389771776795265	57.6805
chr15	103901325	1.1566226618273188	57.7605
chr15	103926398	1.237491732275061	57.7895
chr15	103973267	0.23907326508884366	57.8475
chr15	104019278	25.085910652921097	57.8585
chr15	104022188	0.15318292229244582	57.9315
chr15	104067885	0.0	57.9385
chr15	104093911	0.4600934401149286	57.9385
chr15	104361248	0.5194187941335945	58.0615
chr15	104508528	0.4230809631073699	58.138
chr15	104679890	0.0	58.2105
chr15	104771811	0.3332286963030715	58.2105
chr15	104978876	0.0	58.2795
chr15	104996645	0.0	58.2795
chr15	105035422	0.0	58.2795
chr15	105139845	0.0	58.2795
chr15	105208637	0.09493105399529798	58.2795
chr15	105477253	0.9431376658552278	58.305
chr15	105539280	2.8082633957391403	58.3635
chr15	105585750	0.0	58.494
chr15	105637782	0.0	58.494
chr15	105653056	0.0	58.494
chr15	105723847	0.0	58.494
chr15	105846929	0.0	58.494
chr15	105868892	0.08529211077385344	58.494
chr15	106038896	0.024003511370823395	58.5085
chr15	106184708	0.0	58.512
chr15	106189155	0.04017954516757742	58.512
chr15	106276264	0.3863906932057053	58.5155
chr15	106324143	0.0	58.534
chr15	106539638	0.0	58.534
chr15	106554996	0.0	58.534
chr15	106573134	0.13381762569307976	58.534
chr15	106599289	0.18177096857953512	58.5375
chr15	106637799	0.020169118054879077	58.5445
chr15	106836122	0.09196489568559832	58.5485
chr15	106874180	0.0	58.552
chr15	106893697	0.0	58.552
chr15	107002776	0.25914408411077544	58.552
chr15	107043294	0.6685941452838117	58.5625
chr15	107070964	0.0	58.581
chr15	107134694	0.23752969121133005	58.581
chr15	107164164	0.08706440589421202	58.588
chr15	107210107	0.435710207638396	58.592
chr15	107243386	0.643693302595826	58.6065
chr15	107276787	0.7465725532780801	58.628
chr15	107306255	0.42006721075402076	58.65
chr15	107314587	0.17059185897740306	58.6535
chr15	107420102	0.0	58.6715
chr15	107430688	0.4510511452776148	58.6715
chr15	107456184	0.0	58.683
chr15	107494020	0.3867260874369415	58.683
chr15	107521171	0.5011241433486759	58.6935
chr15	107558088	1.0865121883000826	58.712
chr15	107604567	0.8772253822855771	58.7625
chr15	107658715	12.254595473302361	58.81
chr15	107666712	0.03787755808789104	58.908
chr15	107759115	0.5102160044244695	58.9115
chr15	107887492	0.0	58.977
chr15	107980637	0.15917049433819186	58.977
chr15	108024615	0.0	58.984
chr15	108072205	0.16003414061667096	58.984
chr15	108184681	0.34134685717061963	59.002
chr15	108205188	0.0	59.009
chr15	108292920	0.0	59.009
chr15	108311748	0.0	59.009
chr15	108335352	0.3351805505899305	59.009
chr15	108424856	0.15817779183781785	59.039
chr15	108446983	1.2273285149325435	59.0425
chr15	108461649	0.0	59.0605
chr15	108472426	0.1306953896075108	59.0605
chr15	108583371	0.2003205128202493	59.075
chr15	108600843	0.0	59.0785
chr15	108608332	0.0	59.0785
chr15	108618606	2.9130482576674734	59.0785
chr15	108645897	1.5944475708122907	59.158
chr15	108677883	0.636896046852043	59.209
chr15	108746183	0.0	59.2525
chr15	108770603	2.405229833073029	59.2525
chr15	108794925	1.8425208693690114	59.311
chr15	108848113	1.0401129606427542	59.409
chr15	109099528	0.20684804942290178	59.6705
chr15	109172045	1.252862141962391	59.6855
chr15	109195192	2.3696682464453485	59.7145
chr15	109215026	0.4006166453680994	59.7615
chr15	109313624	0.0	59.801
chr15	109326327	1.606466450216431	59.801
chr15	109355895	0.5631062991117884	59.8485
chr15	109394964	0.0	59.8705
chr15	109432757	0.5189677629436863	59.8705
chr15	109531029	0.28722793132062113	59.9215
chr15	109593697	0.9540362344850951	59.9395
chr15	109646630	0.12682161962732522	59.99
chr15	109733366	0.661680977441393	60.001
chr15	109765859	0.6999420737593253	60.0225
chr15	109786575	0.7429122158863974	60.037
chr15	109811477	1.877296692762304	60.0555
chr15	109836513	4.767811458252758	60.1025
chr15	109849412	1.718843344198395	60.164
chr15	109944825	3.2653980407610326	60.328
chr15	109971468	0.610835892492853	60.415
chr15	110060690	3.18630513557428	60.4695
chr15	110068693	3.183058334416204	60.495
chr15	110099481	1.5401756455628866	60.593
chr15	110129997	0.855321741575588	60.64
chr15	110172671	7.163727250325812	60.6765
chr15	110201078	0.19051577817028092	60.88
chr15	110258816	0.08152351138068528	60.891
chr15	110350814	1.5920966688438807	60.8985
chr15	110448798	1.7763436654607374	61.0545
chr15	110510160	0.0	61.1635
chr15	110565041	0.9446715637571841	61.1635
chr15	110626438	0.2526869040800608	61.2215
chr15	110685800	0.05405099325134946	61.2365
chr15	110880061	2.778685845047313	61.247
chr15	110916769	2.0354305286504832	61.349
chr15	110988007	1.780311416131631	61.494
chr15	111096415	3.0805881869712826	61.687
chr15	111132934	0.31094527363185254	61.7995
chr15	111190822	2.6124738752612164	61.8175
chr15	111209004	0.2756086357372636	61.865
chr15	111274314	3.8544928932786453	61.883
chr15	111315824	0.2899511225252673	62.043
chr15	111327895	0.3420936129110284	62.0465
chr15	111402436	0.04784950646645607	62.072
chr15	111475582	0.0	62.0755
chr15	111522289	0.05029494392117347	62.0755
chr15	111661468	0.3037111000166138	62.0825
chr15	111781648	0.4143200932840489	62.119
chr15	111983183	0.0	62.2025
chr15	112005830	0.14372060713972584	62.2025
chr15	112131073	0.5892523199604869	62.2205
chr15	112272778	0.0	62.304
chr15	112303383	1.5499809233116588	62.304
chr15	112324351	0.0	62.3365
chr15	112350859	1.6973280770915782	62.3365
chr15	112423915	0.0	62.4605
chr15	112430687	0.46286092131334766	62.4605
chr15	112453372	1.9599507774919003	62.471
chr15	112676847	0.0937298960024134	62.909
chr15	112911564	0.0	62.931
chr15	112971329	0.041592394533600724	62.931
chr15	113055479	0.0	62.9345
chr15	113116875	0.0	62.9345
chr15	113155839	1.5741918788950553	62.9345
chr15	113202212	1.8401295451198718	63.0075
chr15	113215798	23.40847163735448	63.0325
chr15	113223872	1.3936399341188324	63.2215
chr15	113263337	0.0	63.2765
chr15	113300941	6.1340109558226095	63.2765
chr15	113348952	1.1376906685287502	63.571
chr15	113432015	0.7665671010546884	63.6655
chr15	113507677	0.016157251605317103	63.7235
chr15	113724298	2.0007240715688344	63.727
chr15	113776779	0.021368662855909947	63.832
chr15	113963969	0.0	63.836
chr15	113975357	0.284318540153604	63.836
chr15	114014046	1.1396985497335712	63.847
chr15	114084240	0.0	63.927
chr15	114096723	0.0	63.927
chr15	114153819	0.0	63.927
chr15	114209428	0.14106113236823709	63.927
chr15	114492993	0.12813472451043387	63.967
chr15	114520308	0.02557600824274844	63.9705
chr15	114657155	0.09325590267477245	63.974
chr15	114775110	0.7916788463411981	63.985
chr15	114816162	0.0	64.0175
chr15	114865130	0.0	64.0175
chr15	114898049	0.9272727272730208	64.0175
chr15	114925549	0.12250826930801714	64.043
chr15	114982688	0.0	64.05
chr15	115021920	0.42129452317157756	64.05
chr15	115048030	1.6825249477834974	64.061
chr15	115091120	0.0	64.1335
chr15	115105783	0.30901225142700733	64.1335
chr15	115188304	0.26607753338053153	64.159
chr15	115312328	0.0	64.192
chr15	115323878	0.0	64.192
chr15	115335454	0.0	64.192
chr15	115432060	0.0	64.192
chr15	115440740	0.6839945280439488	64.192
chr15	115472904	1.2798179814426878	64.214
chr15	115529162	0.0	64.286
chr15	115593712	7.300441235459372	64.286
chr15	115618642	0.3267585551329515	64.468
chr15	115652306	2.0164094006394353	64.479
chr15	115659497	0.5359056806005973	64.4935
chr15	115666028	0.485590387568958	64.497
chr15	115710304	0.0	64.5185
chr15	115731591	0.0	64.5185
chr15	115760264	1.4756640488219073	64.5185
chr15	115780255	0.08941573205943594	64.548
chr15	115819398	0.0	64.5515
chr15	115843650	0.0	64.5515
chr15	115859962	0.11421112742706807	64.5515
chr15	115890607	0.0	64.555
chr15	115906732	0.09152240991549318	64.555
chr15	115944974	0.0	64.5585
chr15	115987499	0.0	64.5585
chr15	116010282	0.0	64.5585
chr15	116018446	0.0667033535111793	64.5585
chr15	116078413	0.0	64.5625
chr15	116134507	0.4442290606572845	64.5625
chr15	116159269	0.3553840686401484	64.5735
chr15	116178966	0.0	64.5805
chr15	116249432	0.03255571678389051	64.5805
chr15	116356940	0.6333345061750354	64.584
chr15	116385361	0.0	64.602
chr15	116438712	0.45151158225355587	64.602
chr15	116464182	0.44194815220922457	64.6135
chr15	116553559	0.0	64.653
chr15	116593229	0.0	64.653
chr15	116693562	1.4565544952283456	64.653
chr15	116713472	0.9820956410062359	64.682
chr15	116779657	0.0	64.747
chr15	116787416	0.07599323153610872	64.747
chr15	116886109	3.962019853258551	64.7545
chr15	116944034	0.0	64.984
chr15	116961820	1.9091153535896834	64.984
chr15	117184960	0.0	65.41
chr15	117256051	0.05698655117396368	65.41
chr15	117317469	0.0	65.4135
chr15	117321810	0.0	65.4135
chr15	117399034	0.14535728821457428	65.4135
chr15	117450631	0.273312296568581	65.421
chr15	117490878	0.1506061899144112	65.432
chr15	117610395	0.0	65.45
chr15	117620153	0.4341691088668922	65.45
chr15	117629366	0.0	65.454
chr15	117653874	0.0	65.454
chr15	117674401	0.16801174313662118	65.454
chr15	117844032	1.7629846378930902	65.4825
chr15	117912382	0.0	65.603
chr15	117951520	0.0	65.603
chr15	117977261	0.08155656530356521	65.603
chr15	118020176	0.08854258898536521	65.6065
chr15	118059705	0.15706806282737987	65.61
chr15	118107455	0.09129799666079638	65.6175
chr15	118145791	1.375836085005756	65.621
chr15	118193035	0.0	65.686
chr15	118207966	0.0	65.686
chr15	118222067	1.9778481012640239	65.686
chr15	118225859	0.4860715363212155	65.6935
chr15	118285521	1.0240905100953384	65.7225
chr15	118295774	1.2990651825057904	65.733
chr15	118374292	0.0	65.835
chr15	118399750	0.0	65.835
chr15	118430590	0.5395406197013258	65.835
chr15	118443564	0.0	65.842
chr15	118475253	0.0	65.842
chr15	118494149	0.0	65.842
chr15	118507142	0.0	65.842
chr15	118519593	1.4321518080918816	65.842
chr15	118547523	6.147827301941726	65.882
chr15	118554680	0.01636263335547354	65.926
chr15	118768582	0.0	65.9295
chr15	118772017	1.056418893056765	65.9295
chr15	118837332	7.8254638708702675	65.9985
chr15	118863848	1.1358104819066674	66.206
chr15	118870011	0.08742132081133233	66.213
chr15	118910047	4.812216613910393	66.2165
chr15	118933425	1.1935483870969723	66.329
chr15	118948925	1.3543210507488819	66.3475
chr15	119007626	0.0	66.427
chr15	119022985	1.7653667148127183	66.427
chr15	119060371	0.2382086707957872	66.493
chr15	119075064	0.0	66.4965
chr15	119092404	0.1624733079566661	66.4965
chr15	119113946	11.83641647175573	66.5
chr15	119128055	0.0	66.667
chr15	119141742	0.5572865212653282	66.667
chr15	119181219	0.0	66.689
chr15	119210793	0.36875098772612347	66.689
chr15	119229776	3.6320905886124653	66.696
chr15	119257859	0.0	66.798
chr15	119270940	0.0	66.798
chr15	119313349	0.0	66.798
chr15	119352102	0.0	66.798
chr15	119382223	0.0	66.798
chr15	119410370	0.31544319769298373	66.798
chr15	119432561	0.0	66.805
chr15	119447644	1.8731138783859251	66.805
chr15	119476473	1.0513036164854765	66.859
chr15	119483607	0.35440191621445427	66.8665
chr15	119524521	0.0	66.881
chr15	119546822	3.466400833748507	66.881
chr15	119568891	0.0	66.9575
chr15	119595242	0.0788845721498982	66.9575
chr15	119645949	3.299634934007094	66.9615
chr15	119660193	0.07304601899201713	67.0085
chr15	119708108	0.13096841790160535	67.012
chr15	119734832	0.3946400703175303	67.0155
chr15	119790579	0.0	67.0375
chr15	119811984	2.8026905829602784	67.0375
chr15	119820904	0.7887264696596044	67.0625
chr15	119830413	0.17569399126562427	67.07
chr15	119850334	0.814150250630825	67.0735
chr15	119881655	2.1152443471915654	67.099
chr15	119909075	0.4473605726219737	67.157
chr15	119925840	0.240570495746985	67.1645
chr15	119984035	4.5670278499151005	67.1785
chr15	119995202	0.4733653117895215	67.2295
chr15	120011046	2.687244218727106	67.237
chr15	120031327	0.0	67.2915
chr15	120041792	0.34852418036722865	67.2915
chr15	120083396	15.924831267369722	67.306
chr15	120106065	1.8325434439176216	67.667
chr15	120121890	1.0506040973560196	67.696
chr15	120139023	1.3724900353464597	67.714
chr15	120165617	0.07284382284387489	67.7505
chr15	120213665	2.265647125459759	67.754
chr15	120231320	0.0	67.794
chr15	120265456	0.5312469815517189	67.794
chr15	120286162	2.7847128864985944	67.805
chr15	120296576	0.8851059702217312	67.834
chr15	120337814	2.9003597914670425	67.8705
chr15	120351433	0.2515265056896715	67.91
chr15	120409081	5.576208178438627	67.9245
chr15	120437864	0.24854054678923973	68.085
chr15	120524369	0.0	68.1065
chr15	120576436	0.5353912048147613	68.1065
chr15	120603519	0.27469272118158883	68.121
chr15	120696350	0.0	68.1465
chr15	120699143	0.05598790661204129	68.1465
chr15	120770587	0.0	68.1505
chr15	120801237	0.57553036722037	68.1505
chr15	120863788	0.0	68.1865
chr15	120863789	0.0	68.1865
chr15	120863913	0.0	68.1865
chr15	120863914	0.04686223840832408	68.1865
chr15	120938601	0.5890956366294866	68.19
chr15	120963215	0.06849583153944384	68.2045
chr15	121014313	259.25925925944455	68.208
chr15	121014340	0.9329114950919175	68.215
chr15	121026667	0.48439554356134534	68.2265
chr15	121041118	3.3468602267497087	68.2335
chr15	121065021	0.20008003201233882	68.3135
chr15	121085013	0.855102826114822	68.3175
chr15	121178569	0.7590772993716814	68.3975
chr15	121249708	2.2071945148873513	68.4515
chr15	121271002	0.44576523031163023	68.4985
chr15	121287827	0.3516483516487814	68.506
chr15	121299202	0.8506394462042813	68.51
chr15	121316248	0.30206445430490136	68.5245
chr15	121364251	0.0	68.539
chr15	121381644	1.486237441293114	68.539
chr15	121398465	4.206751491328126	68.564
chr15	121456467	10.499557913350891	68.808
chr15	121460991	2.2668081412171817	68.8555
chr15	121481725	1.2226310122036572	68.9025
chr15	121526301	8.933882406771975	68.957
chr15	121570011	0.0	69.3475
chr15	121570229	113.04423850323539	69.3475
chr15	121575948	9.344790547798421	69.994
chr15	121585258	1.1765172042781202	70.081
chr15	121913345	0.3607621921221239	70.467
chr15	121943836	6.579911128473262	70.478
chr15	121984794	3.942783788740727	70.7475
chr15	121990247	1.4906131657391715	70.769
chr15	122002658	0.0	70.7875
chr15	122018467	2.9597961029352433	70.7875
chr15	122030630	2.3780733575170294	70.8235
chr15	122043035	0.963089052141336	70.853
chr15	122065359	3.753883327581011	70.8745
chr15	122076947	0.7537085888516688	70.918
chr15	122106136	0.40576930170776054	70.94
chr15	122133245	0.3502276479714316	70.951
chr15	122153232	0.5566688933427886	70.958
chr15	122166705	1.1174636174630443	70.9655
chr15	122185945	4.416292333316797	70.987
chr15	122205758	1.280933173443722	71.0745
chr15	122242450	0.1858637353301737	71.1215
chr15	122280112	1.8187005206471623	71.1285
chr15	122294133	0.0	71.154
chr15	122319785	6.701851386445363	71.154
chr15	122331722	1.7535469472346221	71.234
chr15	122344268	2.1945313288262813	71.256
chr15	122364090	0.0	71.2995
chr15	122374212	0.0	71.2995
chr15	122385446	2.7950840658871776	71.2995
chr15	122408880	0.08030469897215724	71.365
chr15	122452464	0.0	71.3685
chr15	122463288	1.529318147908923	71.3685
chr15	122503502	1.9258680361725022	71.43
chr15	122539330	9.018526630420999	71.499
chr15	122578139	0.0	71.849
chr15	122598271	0.0	71.849
chr15	122608398	0.0	71.849
chr15	122619037	0.0	71.849
chr15	122644954	0.0	71.849
chr15	122663667	0.0	71.849
chr15	122682397	0.0	71.849
chr15	122692544	0.0	71.849
chr15	122704299	0.2895822775639382	71.849
chr15	122718112	1.936733376371926	71.853
chr15	122736700	0.08228517691318916	71.889
chr15	122779235	1.1226780975704918	71.8925
chr15	122789033	2.102178621480523	71.9035
chr15	122804731	0.0	71.9365
chr15	122842979	0.17088174982924034	71.9365
chr15	122863461	5.156549126165676	71.94
chr15	122895847	0.0	72.107
chr15	122914762	0.0	72.107
chr15	122927749	0.0	72.107
chr15	122942510	0.6568218880231103	72.107
chr15	122964586	1.20586856032697	72.1215
chr15	122979513	0.6128645847843991	72.1395
chr15	123015410	9.756952559009207	72.1615
chr15	123023968	1.0801728276524654	72.245
chr15	123040632	0.0	72.263
chr15	123051623	0.0	72.263
chr15	123069964	0.0	72.263
chr15	123091580	0.0	72.263
chr15	123132575	0.0	72.263
chr15	123144117	0.2288179916310336	72.263
chr15	123159413	0.0	72.2665
chr15	123171615	0.0	72.2665
chr15	123192132	0.1956755699053365	72.2665
chr15	123212574	0.3742005715061804	72.2705
chr15	123241970	0.0	72.2815
chr15	123259378	0.0	72.2815
chr15	123275092	1.3851950354613078	72.2815
chr15	123293140	0.9905761405013425	72.3065
chr15	123311816	0.0	72.325
chr15	123324534	0.0	72.325
chr15	123334141	0.0	72.325
chr15	123348568	1.246451076795283	72.325
chr15	123363009	0.0	72.343
chr15	123376341	0.0	72.343
chr15	123392505	0.6626106861029866	72.343
chr15	123409106	5.858394242035596	72.354
chr15	123427029	0.0	72.459
chr15	123430434	0.0	72.459
chr15	123435373	23.0088495575206	72.459
chr15	123439328	7.475500460675084	72.55
chr15	123463206	7.83342092749712	72.7285
chr15	123503163	0.6015531007325648	73.0415
chr15	123521449	0.456482045039888	73.0525
chr15	123544451	8.025205088573944	73.063
chr15	123561273	0.6271277548830856	73.198
chr15	123583597	11.280690112806543	73.212
chr15	123601681	1.3828145099050158	73.416
chr15	123632777	0.25806451612843084	73.459
chr15	123648277	1.418284966179929	73.463
chr15	123671192	0.0	73.4955
chr15	123697984	0.16394786457868177	73.4955
chr15	123722382	0.14870330716169777	73.4995
chr15	123772818	1.7187364024014296	73.507
chr15	123795800	0.14525232403728838	73.5465
chr15	123819896	14.127423822714428	73.55
chr15	123828921	0.0	73.6775
chr15	123851317	10.239322891332344	73.6775
chr15	123871875	0.0	73.888
chr15	123891882	0.1546455523937725	73.888
chr15	123940380	2.8013531064061836	73.8955
chr15	124006598	11.177319663939912	74.081
chr15	124033617	0.0	74.383
chr15	124052986	0.2628049443578167	74.383
chr15	124108160	0.43330969825927246	74.3975
chr15	124133546	0.4950293627004128	74.4085
chr15	124207279	0.19181235271565195	74.445
chr15	124243773	0.0	74.452
chr15	124267142	1.9902697921274526	74.452
chr15	124276186	8.16522574447652	74.47
chr15	124304293	1.2095444049408515	74.6995
chr15	124331576	40.03470500743684	74.7325
chr15	124347712	0.4129661163850112	75.3785
chr15	124445783	0.4666200046665335	75.419
chr15	124475786	1.4546416291980533	75.433
chr15	124490910	0.20990764063837578	75.455
chr15	124509966	1.275093179886178	75.459
chr15	124586431	2.702702702702554	75.5565
chr15	124614736	0.2516175413373473	75.633
chr15	124628646	2.2487139204635276	75.6365
chr15	124661109	2.70960141370463	75.7095
chr15	124686574	0.0	75.7785
chr15	124702802	0.0	75.7785
chr15	124718595	0.0	75.7785
chr15	124817681	0.0	75.7785
chr15	124832548	6.739484080874065	75.7785
chr15	124845457	0.4215361358217973	75.8655
chr15	124879855	4.8890137679125205	75.88
chr15	124897650	2.4202639082289106	75.967
chr15	124957974	1.0728542914173245	76.113
chr15	124978014	0.0	76.1345
chr15	124993386	3.9574648057519255	76.1345
chr15	125009937	2.341253127864541	76.2
chr15	125050300	1.1377903327054442	76.2945
chr15	125088532	0.4050332127238424	76.338
chr15	125107049	3.389192242515662	76.3455
chr15	125112360	1.8991297658543134	76.3635
chr15	125133159	0.0	76.403
chr15	125139080	3.1831882588241793	76.403
chr15	125174579	1.4491724088937934	76.516
chr15	125244964	6.566758132226392	76.618
chr15	125287603	0.6884077533610757	76.898
chr15	125361687	3.5939470365710195	76.949
chr15	125369617	0.7760962359314469	76.9775
chr15	125374771	0.30380474863056006	76.9815
chr15	125590370	0.0	77.047
chr15	125600110	0.547918869557016	77.047
chr15	125652125	2.7753686036427765	77.0755
chr15	125669420	0.6226650062262523	77.1235
chr15	125686283	5.161424414576725	77.134
chr15	125715151	4.818138875767443	77.283
chr15	125757491	3.857693956279615	77.487
chr15	125771489	1.5087093677140015	77.541
chr15	125786071	0.14814187759228797	77.563
chr15	125833323	0.0	77.57
chr15	125849211	0.0	77.57
chr15	125879230	0.0	77.57
chr15	125895555	0.0	77.57
chr15	125910528	0.0	77.57
chr15	125922613	0.5105166428430596	77.57
chr15	125937304	1.3276294438708278	77.5775
chr15	125950862	14.039125431530483	77.5955
chr15	125968242	0.6161610234137253	77.8395
chr15	125985283	9.123093681917428	77.85
chr15	126003643	0.0	78.0175
chr15	126013488	6.307775965198459	78.0175
chr15	126031878	0.16336818521296215	78.1335
chr15	126053302	18.661246898590342	78.137
chr15	126072245	0.13923144243784316	78.4905
chr15	126097383	4.473605726215499	78.494
chr15	126100736	3.32697770341271	78.509
chr15	126152134	0.22518372945189624	78.68
chr15	126200983	0.0	78.691
chr15	126212073	0.0	78.691
chr15	126216066	0.0	78.691
chr15	126238501	0.0	78.691
chr15	126254683	0.1524058349663619	78.691
chr15	126277648	0.19004180919738775	78.6945
chr15	126296065	0.09653840849544894	78.698
chr15	126332320	0.0	78.7015
chr15	126361971	1.88077054599346	78.7015
chr15	126379517	10.498687664042038	78.7345
chr15	126406187	0.0	79.0145
chr15	126419926	10.14976108777234	79.0145
chr15	126451109	0.17925001792483877	79.331
chr15	126492950	0.7138685183989805	79.3385
chr15	126508359	0.3807658833755755	79.3495
chr15	126517551	0.9828699803433028	79.353
chr15	126528234	0.0	79.3635
chr15	126547300	0.0	79.3635
chr15	126560248	1.5316235209318194	79.3635
chr15	126576897	0.0	79.389
chr15	126607530	0.41806020066940724	79.389
chr15	126617098	0.0	79.393
chr15	126646503	1.0154103452392729	79.393
chr15	126671616	1.7914725904696458	79.4185
chr15	126693944	3.7297836082440967	79.4585
chr15	126725045	3.2903851482404702	79.5745
chr15	126739481	1.6191948185769904	79.622
chr15	126753068	0.0	79.644
chr15	126798624	0.13333333333288724	79.644
chr15	126824874	0.0	79.6475
chr15	126839526	0.0	79.6475
chr15	126853567	0.0	79.6475
chr15	126872405	2.1408339371591514	79.6475
chr15	126887586	0.0	79.68
chr15	126901138	0.4495300367795538	79.68
chr15	126925608	0.9943181818168738	79.691
chr15	126932648	6.224868543148831	79.698
chr15	126945580	1.545424439784745	79.7785
chr15	126954639	0.0	79.7925
chr15	126971900	0.0	79.7925
chr15	126978964	8.221661163979759	79.7925
chr15	126994411	0.4645760743327397	79.9195
chr15	127003021	1.224972543718694	79.9235
chr15	127026695	5.178147268408972	79.9525
chr15	127037220	0.21097046413431525	80.007
chr15	127053810	3.2017075773747212	80.0105
chr15	127069739	0.0	80.0615
chr15	127083224	0.7381559522218422	80.0615
chr15	127098126	0.0	80.0725
chr15	127116368	0.7775500106026494	80.0725
chr15	127130515	0.0	80.0835
chr15	127140501	1.4548267098819148	80.0835
chr15	127167652	1.5718067504963413	80.123
chr15	127197872	0.0	80.1705
chr15	127206879	1.7687686001459275	80.1705
chr15	127260306	0.0	80.265
chr15	127272390	1.7396805313937664	80.265
chr15	127285036	0.0	80.287
chr15	127300320	3.404206214118657	80.287
chr15	127369646	0.0	80.523
chr15	127381328	1.1407598452532552	80.523
chr15	127391409	0.2935085688196175	80.5345
chr15	127452736	4.488574537540846	80.5525
chr15	127507876	0.16674209761570716	80.8
chr15	127549857	0.2724424465335028	80.807
chr15	127564539	0.0	80.811
chr15	127621837	0.0	80.811
chr15	127633820	0.0	80.811
chr15	127643063	9.569216203421487	80.811
chr15	127657850	11.93824518495882	80.9525
chr15	127690560	0.24172940120191322	81.343
chr15	127705039	0.49287037509128917	81.3465
chr15	127763878	14.908740437323189	81.3755
chr15	127780479	0.7081675322043093	81.623
chr15	127795306	0.0	81.6335
chr15	127812048	0.0	81.6335
chr15	127858712	0.21829975675185562	81.6335
chr15	127874745	0.0	81.637
chr15	127907162	0.0	81.637
chr15	127956989	0.7680491551452308	81.637
chr15	127966754	15.280864821176452	81.6445
chr15	127986550	0.4495484081897781	81.947
chr15	128011019	0.0	81.958
chr15	128018100	0.0	81.958
chr15	128022386	0.4099480732444597	81.958
chr15	128040681	0.0	81.9655
chr15	128060812	0.959324635456605	81.9655
chr15	128094690	1.4878227430872946	81.998
chr15	128116534	1.8239097993692057	82.0305
chr15	128122565	0.0	82.0415
chr15	128134523	3.3424751456976503	82.0415
chr15	128198697	4.126246548888833	82.256
chr15	128264980	5.962171052630831	82.5295
chr15	128267412	5.339568646611992	82.544
chr15	128281739	7.331023926528154	82.6205
chr15	128294152	4.453657335193838	82.7115
chr15	128318514	55.42013191855537	82.82
chr15	128332462	0.3306149437951589	83.593
chr15	128355147	0.3767897513190334	83.6005
chr15	128364436	0.7071468979829709	83.604
chr15	128375042	0.0	83.6115
chr15	128398188	0.0	83.6115
chr15	128402369	0.8135983577829786	83.6115
chr15	128442315	0.0	83.644
chr15	128461042	1.7731357784789672	83.644
chr15	128481627	2.897398022952854	83.6805
chr15	128490428	2.4334702625464466	83.706
chr15	128512824	9.40111420612894	83.7605
chr15	128528620	0.0	83.909
chr15	128544807	0.4725897920600617	83.909
chr15	128560677	0.5484962062345944	83.9165
chr15	128593494	2.32914300299941	83.9345
chr15	128609165	11.029123165083275	83.971
chr15	128634643	8.567543064370868	84.252
chr15	128645673	0.34895314057709775	84.3465
chr15	128655703	1.090458488228281	84.35
chr15	128675878	21.38993940872662	84.372
chr15	128700469	0.8044829116732235	84.898
chr15	128718493	22.451110689197513	84.9125
chr15	128729027	9.119861030689215	85.149
chr15	128767021	0.856417847324898	85.4955
chr15	128814311	1.6466485858190534	85.536
chr15	128829797	14.957264957264977	85.5615
chr15	128847113	0.6409082585606407	85.8205
chr15	128874418	0.5611099775561054	85.838
chr15	128894022	0.0	85.849
chr15	128910063	0.0	85.849
chr15	128938211	0.0	85.849
chr15	128940110	0.0	85.849
chr15	128977933	0.306510278311054	85.849
chr15	129002402	0.0	85.8565
chr15	129009037	1.8234406438629502	85.8565
chr15	129016989	0.44909219221177915	85.871
chr15	129032576	1.913844556896247	85.878
chr15	129047990	0.8811984298642698	85.9075
chr15	129060473	3.443641861246959	85.9185
chr15	129078332	1.8490754622691723	85.98
chr15	129088337	1.021972406744711	85.9985
chr15	129102036	1.9644880997352663	86.0125
chr15	129115271	0.23175738312822813	86.0385
chr15	129130373	2.951376079096292	86.042
chr15	129143926	0.3534104104612007	86.082
chr15	129163733	0.0	86.089
chr15	129169435	1.9030239833161497	86.089
chr15	129188615	3.3320691336617667	86.1255
chr15	129207072	4.778566952161916	86.187
chr15	129226220	1.1490567046124303	86.2785
chr15	129244931	0.0	86.3
chr15	129257576	0.0	86.3
chr15	129269800	0.39654323688667564	86.3
chr15	129306366	0.2066237676369621	86.3145
chr15	129323305	1.0833453705041578	86.318
chr15	129337151	0.8988346144308319	86.333
chr15	129353283	0.3947442621104721	86.3475
chr15	129371016	1.3515212471714348	86.3545
chr15	129386924	0.0	86.376
chr15	129403892	6.723353767054885	86.376
chr15	129419063	8.548918813209243	86.478
chr15	129436960	3.263266867714143	86.631
chr15	129459177	0.40141297366694384	86.7035
chr15	129477861	0.3496096026104316	86.711
chr15	129529347	3.111121666231273	86.729
chr15	129571454	1.7784864467065105	86.86
chr15	129595913	1.4306552962302552	86.9035
chr15	129613737	1.7078977331539824	86.929
chr15	129633059	0.14607476245451917	86.962
chr15	129704940	4.318255424808541	86.9725
chr15	129732729	2.098247346334318	87.0925
chr15	129805647	1.485351362425728	87.2455
chr15	129883743	4.146510020729433	87.3615
chr15	129888084	1.337792642140807	87.3795
chr15	129904529	0.08987552240158381	87.4015
chr15	129949035	1.4267389198667562	87.4055
chr15	129987234	2.5046493490911512	87.46
chr15	130020572	0.056538244083717	87.5435
chr15	130082477	6.155005652556148	87.547
chr15	130098399	0.5984440454824789	87.645
chr15	130105083	1.5168486885092347	87.649
chr15	130126509	0.0	87.6815
chr15	130132186	0.0	87.6815
chr15	130149253	1.491834170854142	87.6815
chr15	130200197	11.635328194806274	87.7575
chr15	130220566	0.2199155524276677	87.9945
chr15	130254670	0.0	88.002
chr15	130276195	0.0	88.002
chr15	130289992	0.41135335253011707	88.002
chr15	130307009	2.367984844897363	88.009
chr15	130323901	18.200287818504123	88.049
chr15	130335714	7.694955256171122	88.264
chr15	130356052	0.0	88.4205
chr15	130386044	1.0315078769692814	88.4205
chr15	130450028	3.245404906560002	88.4865
chr15	130515043	2.7098708487083165	88.6975
chr15	130532387	17.885001114330176	88.7445
chr15	130541361	25.316804407713807	88.905
chr15	130559511	0.0	89.3645
chr15	130568642	0.8405163285187731	89.3645
chr15	130946386	1.3928478880541062	89.682
chr15	130961822	0.4556524471678272	89.7035
chr15	131025467	0.45355136935240015	89.7325
chr15	131105943	0.0	89.769
chr15	131144089	2.698412698412049	89.769
chr15	131162989	0.7145641158899501	89.82
chr15	131178383	2.6488456865122827	89.831
chr15	131198958	0.6891467401757543	89.8855
chr15	131230156	0.2049714903292567	89.907
chr15	131283822	0.0	89.918
chr15	131307990	4.787370308697201	89.918
chr15	131370446	11.647087222401186	90.217
chr15	131395302	0.0	90.5065
chr15	131412614	2.1595528455279354	90.5065
chr15	131424422	0.8913878222709507	90.532
chr15	131460882	0.4822182037377804	90.5645
chr15	131477472	1.8204645323287107	90.5725
chr15	131517297	1.2574222843171976	90.645
chr15	131531612	0.1468026385329012	90.663
chr15	131582701	1.7820547090792143	90.6705
chr15	131605147	2.6608111599072237	90.7105
chr15	131624502	2.444594080276394	90.762
chr15	131658659	0.0	90.8455
chr15	131675824	3.813573622219957	90.8455
chr15	131705455	0.19726695599145797	90.9585
chr15	131761217	1.46339300232079	90.9695
chr15	131828868	0.0	91.0685
chr15	131860849	0.0	91.0685
chr15	131867205	0.0	91.0685
chr15	131959309	8.123785655956949	91.0685
chr15	131994822	0.0	91.357
chr15	132020585	7.192401671001992	91.357
chr15	132045959	0.7917333984816044	91.5395
chr15	132156476	2.745566166439314	91.627
chr15	132185796	0.0	91.7075
chr15	132204175	0.2958329811514243	91.7075
chr15	132216006	3.5469240609371773	91.711
chr15	132241803	11.51615575807812	91.8025
chr15	132265943	6.840763668522219	92.0805
chr15	132285166	1.6904027384520999	92.212
chr15	132308829	4.055796296959523	92.252
chr15	132364675	6.013393467267586	92.4785
chr15	132371992	0.0	92.5225
chr15	132424298	1.1391935569333536	92.5225
chr15	132443171	0.0	92.544
chr15	132454778	2.9773719730080943	92.544
chr15	132457297	6.759116077218201	92.5515
chr15	132477344	14.38656062907706	92.687
chr15	132488535	5.424423084722357	92.848
chr15	132537849	0.0780259436263511	93.1155
chr15	132589114	0.13187889749224346	93.1195
chr15	132642193	0.0	93.1265
chr15	132647135	0.9921020892505961	93.1265
chr15	132672838	3.30330330330286	93.152
chr15	132689488	0.0	93.207
chr15	132698351	0.0	93.207
chr15	132702537	0.11040574109867204	93.207
chr15	132738767	2.353402627966357	93.211
chr15	132754064	6.721820062047008	93.247
chr15	132762767	0.0	93.3055
chr15	132772656	8.442517069571005	93.3055
chr15	132783494	1.5414570825896294	93.397
chr15	132814309	2.2798607098799293	93.4445
chr15	132878348	0.669996345474216	93.5905
chr15	132894766	12.4966622162881	93.6015
chr15	132913491	2.582061130297205	93.8355
chr15	132944474	2.933869006714025	93.9155
chr15	132963391	0.0	93.971
chr15	133018628	15.708731743196733	93.971
chr15	133028145	0.9237802968622393	94.1205
chr15	133092013	2.1409331164870213	94.1795
chr15	133170717	0.0	94.348
chr15	133186942	0.0	94.348
chr15	133214003	1.6953244735571766	94.348
chr15	133309265	4.988997647773071	94.5095
chr15	133335623	6.755976440696975	94.641
chr15	133344282	0.8044877369978722	94.6995
chr15	133367278	3.1208338383220284	94.718
chr15	133383780	1.5535958330111	94.7695
chr15	133461342	1.6646144023348677	94.89
chr15	133505196	1.6859863276245926	94.963
chr15	133602765	1.5433686593271498	95.1275
chr15	133612484	0.8799530691696776	95.1425
chr15	133649986	0.1609799561236265	95.1755
chr15	133783543	0.6021743376081743	95.197
chr15	133875709	3.659312685617449	95.2525
chr15	133894565	13.509847539471284	95.3215
chr15	133912996	1.8298346646851453	95.5705
chr15	133966826	2.732865932179174	95.669
chr15	134071661	3.0473340389037187	95.9555
chr15	134099062	2.475654541135938	96.039
chr15	134153795	8.090310442145404	96.1745
chr15	134175055	0.5387785889387684	96.3465
chr15	134249297	0.0	96.3865
chr15	134267374	3.155147350337031	96.3865
chr15	134297642	2.6141162276290246	96.482
chr15	134332453	5.3501945525295955	96.573
chr15	134355069	0.8074283407344427	96.694
chr15	134382316	0.0	96.716
chr15	134398048	3.703417946146271	96.716
chr15	134411009	1.7526040110734316	96.764
chr15	134461220	2.733254813600935	96.852
chr15	134539332	11.10366211346688	97.0655
chr15	134563198	3.7792299818913326	97.3305
chr15	134588600	4.26362766974814	97.4265
chr15	134613696	0.1611538616490342	97.5335
chr15	134638517	0.9182073291515211	97.5375
chr15	134686981	0.17907393195203383	97.582
chr15	134706526	0.0	97.5855
chr15	134722620	1.2721000431219813	97.5855
chr15	134745810	0.0	97.615
chr15	134748949	0.2686366689056339	97.615
chr15	134763839	0.3928964325000356	97.619
chr15	134782928	2.556356030678571	97.6265
chr15	134787231	0.0	97.6375
chr15	134835124	0.9502229369196787	97.6375
chr15	134862486	0.3583000997008371	97.6635
chr15	134894582	0.7286353700431979	97.675
chr15	134904189	1.240051823061397	97.682
chr15	134931204	0.3017761683038705	97.7155
chr15	134942802	5.1975909578419595	97.719
chr15	134954923	7.116831371726734	97.782
chr15	134993072	2.277154671351919	98.0535
chr15	135181465	1.3712458988809835	98.4825
chr15	135240900	0.677048070413025	98.564
chr15	135263055	0.0	98.579
chr15	135291143	0.2236886254336701	98.579
chr15	135309025	1.4330673260654192	98.583
chr15	135326819	2.1849187316811522	98.6085
chr15	135345584	13.397320535891435	98.6495
chr15	135350585	2.4675324675325614	98.7165
chr15	135419885	0.7152393667747744	98.8875
chr15	135440857	0.0	98.9025
chr15	135470595	0.8024196037280492	98.9025
chr15	135502997	0.7283321194463624	98.9285
chr15	135538695	0.6541455085703871	98.9545
chr15	135583792	3.4243715025483197	98.984
chr15	135595765	2.9248912941468297	99.025
chr15	135627732	43.27666151468662	99.1185
chr15	135630320	7.358916478554514	99.2305
chr15	135641395	3.5410368379802697	99.312
chr15	135677119	2.3211974565301903	99.4385
chr15	135712661	7.893655730970288	99.521
chr15	135729700	7.971560917806535	99.6555
chr15	135738983	3.4256087399307407	99.7295
chr15	135749784	3.223495702006192	99.7665
chr15	135770724	8.348447668835702	99.834
chr15	135789470	0.22196385160146925	99.9905
chr15	135836775	6.073179932101145	100.001
chr15	135863285	0.0	100.162
chr15	135863605	0.99232601217163	100.162
chr15	135871163	7.547017515538455	100.1695
chr15	135883552	1.8310546874998217	100.263
chr15	135912224	1.746106654082404	100.3155
chr15	135933414	1.7891397373465396	100.3525
chr15	135960522	4.232659748771416	100.401
chr15	135986156	4.192872117400223	100.5095
chr15	136012868	1.9122787785775628	100.6215
chr15	136094969	0.0	100.7785
chr15	136112946	0.814464896562989	100.7785
chr15	136149780	2.4318383762805365	100.8085
chr15	136171163	2.770114169077739	100.8605
chr15	136215746	1.258199353527719	100.984
chr15	136310723	3.5831363878938896	101.1035
chr15	136336957	0.0	101.1975
chr15	136338046	8.86376326074786	101.1975
chr15	136352374	3.0725237284010434	101.3245
chr15	136385246	0.27130731367020666	101.4255
chr15	136411047	0.4883289383729065	101.4325
chr15	136441764	0.0	101.4475
chr15	136460480	0.07139542355318383	101.4475
chr15	136516506	0.3257116800208579	101.4515
chr15	136562559	3.5193564605330647	101.4665
chr15	136580460	0.7144558228149831	101.5295
chr15	136622450	1.1381443298969505	101.5595
chr15	136743700	0.9277220207468736	101.6975
chr15	136767414	1.7424528697988497	101.7195
chr15	136791231	3.081739470723592	101.761
chr15	136811674	1.8657608955653007	101.824
chr15	136853480	5.377899966237032	101.902
chr15	136874213	0.7829438689475565	102.0135
chr15	136899119	3.9550374687761694	102.033
chr15	136913531	0.21851070702460748	102.09
chr15	136966160	0.7965140795575086	102.1015
chr15	137008846	0.0	102.1355
chr15	137030650	2.6605002735093572	102.1355
chr15	137050759	1.3307155322863666	102.189
chr15	137073679	5.773981368493188	102.2195
chr15	137107278	0.0	102.4135
chr15	137117278	2.5142252216495247	102.4135
chr15	137124835	5.9379639034294405	102.4325
chr15	137137634	4.70545098997789	102.5085
chr15	137162180	0.0	102.624
chr15	137176574	0.5361930294912719	102.624
chr15	137184034	0.3295978905734449	102.628
chr15	137218925	28.512125846623956	102.6395
chr15	137223502	0.17006079673504054	102.77
chr15	137247023	2.834929771058052	102.774
chr15	137270304	1.3497258587891885	102.84
chr15	137341800	3.1235497804592756	102.9365
chr15	137397826	1.1889704022260825	103.1115
chr15	137417591	4.648760330578395	103.135
chr15	137441791	1.4362912400454935	103.2475
chr15	137476951	0.0	103.298
chr15	137495199	1.3548037469999454	103.298
chr15	137521033	0.465062202069269	103.333
chr15	137538235	3.1603141160698383	103.341
chr15	137559119	0.0	103.407
chr15	137582434	0.1700029750522712	103.407
chr15	137605963	0.0	103.411
chr15	137610508	1.6389860139845234	103.411
chr15	137615084	4.593780727630387	103.4185
chr15	137647628	4.6152674951945425	103.568
chr15	137700171	3.2606130810648697	103.8105
chr15	137746788	1.2449799196778109	103.9625
chr15	137759238	0.2986114567262344	103.978
chr15	137799424	0.161524794056085	103.99
chr15	137824188	3.094538140181962	103.994
chr15	137830651	1.075919575012127	104.014
chr15	137845522	0.0	104.03
chr15	137852789	7.5950539526699155	104.03
chr15	137874382	0.7137634483478433	104.194
chr15	137903103	1.9128550631411374	104.2145
chr15	137932640	0.4847215759268979	104.271
chr15	137958428	0.24525967549420757	104.2835
chr15	138141907	0.2354880489813837	104.3285
chr15	138175879	0.6196950349280222	104.3365
chr15	138202505	2.3767538143069777	104.353
chr15	138228591	3.754339693731953	104.415
chr15	138265748	0.21265417427629915	104.5545
chr15	138305719	0.0	104.563
chr15	138310779	0.9140767824492192	104.563
chr15	138319531	7.2028811524612575	104.571
chr15	138350352	1.9373543597247151	104.793
chr15	138424164	2.999073013795333	104.936
chr15	138442503	3.0134544374176797	104.991
chr15	138466064	0.4001163974974444	105.062
chr15	138562286	1.2543706979004703	105.1005
chr15	138626063	1.010042710377369	105.1805
chr15	138643389	0.0	105.198
chr15	138655107	1.3335596343623601	105.198
chr15	138696350	0.6603599729714106	105.253
chr15	138728908	1.300839298575636	105.2745
chr15	138796941	0.6147855935242817	105.363
chr15	138816460	0.0	105.375
chr15	138846692	1.1830767057493607	105.375
chr15	138931640	0.19007391763494302	105.4755
chr15	138955315	0.37298782881832465	105.48
chr15	138980785	0.17632537909929336	105.4895
chr15	139006306	0.0	105.494
chr15	139028776	0.0	105.494
chr15	139036061	1.2311538752935398	105.494
chr15	139088857	0.25338250378546867	105.559
chr15	139252641	0.0	105.6005
chr15	139261553	2.9478032294406815	105.6005
chr15	139288183	1.5316796174535572	105.679
chr15	139314951	0.0	105.72
chr15	139323562	0.0	105.72
chr15	139334668	0.10367851366473381	105.72
chr15	139382894	0.0	105.725
chr15	139404230	0.0	105.725
chr15	139416414	0.32538602614991724	105.725
chr15	139433317	0.6464258903990635	105.7305
chr15	139457295	0.0	105.746
chr15	139468667	0.0	105.746
chr15	139487194	0.11049967955114286	105.746
chr15	139532443	0.5266066717415513	105.751
chr15	139628340	0.0	105.8015
chr15	139636639	0.0	105.8015
chr15	139665821	0.0	105.8015
chr15	139682433	0.26814879820573545	105.8015
chr15	139702944	0.2858095555661519	105.807
chr15	139723937	0.0	105.813
chr15	139748621	2.178812922614302	105.813
chr15	139755276	0.17478850590769252	105.8275
chr15	139798185	0.0	105.835
chr15	139804878	2.08999896790219	105.835
chr15	139824256	0.0	105.8755
chr15	139847161	0.4063388866314191	105.8755
chr15	139948062	0.0	105.9165
chr15	139972094	0.0	105.9165
chr15	139992389	0.0	105.9165
chr15	140009304	0.1692729324521603	105.9165
chr15	140071334	0.0	105.927
chr15	140089804	0.0	105.927
chr15	140127357	0.0	105.927
chr15	140139155	0.0	105.927
chr15	140198096	0.0	105.927
