Chromosome	Position(bp)	Rate(cM/Mb)	Map(cM)
chr4	0	0.0	0.0
chr4	65338	0.0	0.0
chr4	124361	0.0	0.0
chr4	203789	0.0	0.0
chr4	234604	0.0	0.0
chr4	258865	0.8045311192636933	0.0
chr4	274402	0.7843262797323686	0.0125
chr4	305639	0.1277011064388722	0.037
chr4	415270	0.8658954872553635	0.051
chr4	474746	0.0	0.1025
chr4	586319	2.285813131687548	0.1025
chr4	626786	0.1574435827161933	0.195
chr4	884021	65.99630143319465	0.2355
chr4	888347	37.36552986953536	0.521
chr4	914561	0.0	1.5005
chr4	934594	0.0	1.5005
chr4	972780	0.7862843629914277	1.5005
chr4	1057355	0.34729457525873736	1.567
chr4	1100546	1.848313022774974	1.582
chr4	1164388	3.155774155870597	1.7
chr4	1257709	25.42787286063569	1.9945
chr4	1274069	1.5802651561794514	2.4105
chr4	1298432	1.3223090470439365	2.449
chr4	1992294	1.1869934295717257	3.3665
chr4	2033996	1.9458343261059459	3.416
chr4	2059178	4.362085226785561	3.465
chr4	2105830	0.0	3.6685
chr4	2127386	0.551050932850517	3.6685
chr4	2140089	0.2921474927484775	3.6755
chr4	2188010	4.591945450671217	3.6895
chr4	2328800	0.6347463587860891	4.336
chr4	2387091	13.32318233726683	4.373
chr4	2400226	36.00633078343446	4.548
chr4	2419181	3.0784905935009643	5.2305
chr4	2556586	18.18775865824437	5.6535
chr4	2570359	0.4169313850063514	5.904
chr4	2620727	1.6941125036432523	5.925
chr4	2648175	0.0	5.9715
chr4	2672183	0.0	5.9715
chr4	2695091	0.1950597548907683	5.9715
chr4	2905283	0.0	6.0125
chr4	2923923	0.595273528186189	6.0125
chr4	2940722	1.515569027280259	6.0225
chr4	2962496	3.6764705882352793	6.0555
chr4	2977864	0.2933760446565838	6.112
chr4	3040923	11.750102026935123	6.1305
chr4	3070327	0.47563682485996944	6.476
chr4	3079788	0.5342288025643072	6.4805
chr4	3105994	4.6081360606757045	6.4945
chr4	3149504	2.1162243869667456	6.695
chr4	3194159	0.23004370830457296	6.7895
chr4	3215894	2.592785858717613	6.7945
chr4	3246556	0.198877447297484	6.874
chr4	3269183	2.8658831106102065	6.8785
chr4	3331293	0.15572820237745646	7.0565
chr4	3389086	3.0657928886581893	7.0655
chr4	3419910	1.0813860548215566	7.16
chr4	3441179	7.867474589523088	7.183
chr4	3461643	3.819263466273648	7.344
chr4	3517282	2.278033697229764	7.5565
chr4	3596517	6.392918613228412	7.737
chr4	3620919	0.46620046620046357	7.893
chr4	3693849	2.094418657307869	7.927
chr4	3711515	0.8133361095205872	7.964
chr4	3788359	0.5068737019088168	8.0265
chr4	3828803	6.791281288402992	8.047
chr4	3844264	0.078307172937044	8.152
chr4	3901730	0.35056967572308917	8.1565
chr4	3924550	0.0	8.1645
chr4	3937199	6.666666666666761	8.1645
chr4	3940949	0.162654521795688	8.1895
chr4	3965541	14.979291302346981	8.1935
chr4	3987271	1.962781420417157	8.519
chr4	4034398	6.570052391414567	8.6115
chr4	4058066	0.6166414470519369	8.767
chr4	4172395	0.0	8.8375
chr4	4177199	2.059553349875935	8.8375
chr4	4257799	31.883803845928966	9.0035
chr4	4274908	0.0	9.549
chr4	4301248	0.5880623346075341	9.549
chr4	4314852	0.6177288170493388	9.557
chr4	4334278	4.9937901055681495	9.569
chr4	4353602	0.5242807523429382	9.6655
chr4	4368861	0.0	9.6735
chr4	4381970	3.701211305518129	9.6735
chr4	4414662	1.9689884321929627	9.7945
chr4	4422788	45.358170528547646	9.8105
chr4	4435994	2.1993127147766343	10.4095
chr4	4465094	2.4442800630367127	10.4735
chr4	4496187	1.2209695017405466	10.5495
chr4	4515434	0.19851116625307988	10.573
chr4	4535584	2.100619682806445	10.577
chr4	4564147	0.4277922355708773	10.637
chr4	4592198	0.3630093474908191	10.649
chr4	4603217	0.0	10.653
chr4	4614914	0.0	10.653
chr4	4627905	1.5766653527788392	10.653
chr4	4640590	0.0	10.673
chr4	4657613	0.0	10.673
chr4	4668555	1.0817223811849679	10.673
chr4	4682884	4.43834732085214	10.6885
chr4	4695276	0.0	10.7435
chr4	4706281	1.1971567527123095	10.7435
chr4	4719646	0.13323118942148804	10.7595
chr4	4749669	0.0	10.7635
chr4	4765544	1.1490060186029332	10.7635
chr4	4792959	1.9512900195128455	10.795
chr4	4806796	22.981414359528035	10.822
chr4	4819763	19.935913774897177	11.12
chr4	4847226	0.8168773973575681	11.6675
chr4	4861304	0.0	11.679
chr4	4887024	0.0	11.679
chr4	4914170	0.28559188919031553	11.679
chr4	4928176	0.0	11.683
chr4	4939785	0.0	11.683
chr4	4967099	0.0	11.683
chr4	4982343	0.29976019184658487	11.683
chr4	4994019	1.005404046751289	11.6865
chr4	5009933	4.371651991872405	11.7025
chr4	5026174	0.0	11.7735
chr4	5058690	0.0	11.7735
chr4	5069408	0.22027644694088658	11.7735
chr4	5087567	6.883162725026484	11.7775
chr4	5101732	0.0	11.875
chr4	5113690	4.086211040782001	11.875
chr4	5126171	0.0	11.926
chr4	5153128	0.9437058920072087	11.926
chr4	5165314	0.0	11.9375
chr4	5177591	0.0	11.9375
chr4	5188632	0.0	11.9375
chr4	5214353	0.0	11.9375
chr4	5226846	3.2295462073534034	11.9375
chr4	5238922	0.0	11.9765
chr4	5253018	0.0	11.9765
chr4	5271972	0.19339086711632206	11.9765
chr4	5313339	13.18816762530805	11.9845
chr4	5325509	0.7265005029619142	12.145
chr4	5352350	0.47743331847987047	12.1645
chr4	5368059	1.9995597299676808	12.172
chr4	5395315	6.093042404281584	12.2265
chr4	5407460	1.8055704530015846	12.3005
chr4	5435429	0.0	12.351
chr4	5445256	0.0	12.351
chr4	5453071	4.287598944590996	12.351
chr4	5462167	0.0	12.39
chr4	5478476	0.45321983132339577	12.39
chr4	5503850	11.195445920303534	12.4015
chr4	5517025	0.0	12.549
chr4	5540054	0.0	12.549
chr4	5553864	3.3770093205457723	12.549
chr4	5568670	0.23363758138376636	12.599
chr4	5600771	2.6880149593875635	12.6065
chr4	5617884	0.13463027161655816	12.6525
chr4	5647595	0.0	12.6565
chr4	5689701	0.0	12.6565
chr4	5708606	0.0	12.6565
chr4	5716312	0.0	12.6565
chr4	5729287	0.0	12.6565
chr4	5832105	0.0	12.6565
chr4	5836953	0.0	12.6565
chr4	5852528	0.0	12.6565
chr4	5864524	0.16723806338328187	12.6565
chr4	5888442	1.7497523935291275	12.6605
chr4	5903587	0.6922011998154393	12.687
chr4	5914422	0.863557858376544	12.6945
chr4	5928318	1.9182162845279123	12.7065
chr4	5950474	0.7933645870897391	12.749
chr4	5964339	0.7940892141969232	12.76
chr4	5978821	1.1507690059548166	12.7715
chr4	6006194	7.722222222222186	12.803
chr4	6042194	33.8076892837487	13.081
chr4	6054913	0.0	13.511
chr4	6122227	1.749175748118729	13.511
chr4	6161960	1.0206838581849516	13.5805
chr4	6195271	2.8033666909669415	13.6145
chr4	6270716	0.0	13.826
chr4	6281209	3.95639886960031	13.826
chr4	6343134	3.5260115606936386	14.071
chr4	6351784	2.1118878165191792	14.1015
chr4	6399135	13.832910384634546	14.2015
chr4	6419232	0.3898445494859361	14.4795
chr4	6439753	0.0	14.4875
chr4	6457222	5.568464616188411	14.4875
chr4	6529953	0.0	14.8925
chr4	6550436	0.09963697484816056	14.8925
chr4	6665855	0.7615529198263108	14.904
chr4	6696713	1.2751429394101674	14.9275
chr4	6721024	4.571464112451749	14.9585
chr4	6737102	13.136251484967543	15.032
chr4	6758988	0.8590961705411406	15.3195
chr4	6924860	30.113845023870674	15.462
chr4	6930306	10.298210735586494	15.626
chr4	6942881	19.228500648814467	15.7555
chr4	6951358	0.0	15.9185
chr4	6966103	4.765775084971233	15.9185
chr4	6979637	0.11599582415031781	15.983
chr4	7014121	14.66489294311407	15.987
chr4	7029907	5.651273175464879	16.2185
chr4	7068040	0.0	16.434
chr4	7075969	2.382843526608361	16.434
chr4	7099890	0.0	16.491
chr4	7103486	0.0	16.491
chr4	7107565	0.19839020519209546	16.491
chr4	7125207	0.0	16.4945
chr4	7152094	0.0	16.4945
chr4	7163800	16.887533716430383	16.4945
chr4	7172327	0.9865604407877526	16.6385
chr4	7252910	3.1587899404689344	16.718
chr4	7261141	20.538351450930296	16.744
chr4	7293982	0.9157509157508519	17.4185
chr4	7305994	0.0	17.4295
chr4	7319710	0.0	17.4295
chr4	7330381	0.7466401194624475	17.4295
chr4	7340426	1.9803287345697793	17.437
chr4	7355575	7.704756543765875	17.467
chr4	7369787	0.9715242881073188	17.5765
chr4	7384712	1.0985992859105058	17.591
chr4	7395635	0.3018577975357216	17.603
chr4	7432076	0.0	17.614
chr4	7452365	0.3768654841465396	17.614
chr4	7472266	1.7413117069725614	17.6215
chr4	7513327	0.39968025579528416	17.693
chr4	7550857	2.2928767960869103	17.708
chr4	7563941	2.669731258840229	17.738
chr4	7592221	3.9544487548491474	17.8135
chr4	7632176	0.2450379808871193	17.9715
chr4	7664824	5.416995824398856	17.9795
chr4	7673685	0.6325516583854588	18.0275
chr4	7728226	0.0	18.062
chr4	7739472	1.4225448837435672	18.062
chr4	7749665	4.394151501011026	18.0765
chr4	7762523	1.0283833813245966	18.133
chr4	7777109	3.4293984394664534	18.148
chr4	7808893	2.119542178889189	18.257
chr4	7823047	6.69305867749188	18.287
chr4	7852854	2.375754462565753	18.4865
chr4	7860641	5.7224110425192185	18.505
chr4	7875058	45.98210330468698	18.5875
chr4	7886345	30.04484304932728	19.1065
chr4	7909760	18.261444389357138	19.81
chr4	7921862	37.7347135291287	20.031
chr4	7938478	26.90943658367142	20.658
chr4	7965829	16.383243467441023	21.394
chr4	7987528	8.938203112960368	21.7495
chr4	8006995	1.4967360334691528	21.9235
chr4	8034722	2.5743707093822485	21.965
chr4	8050454	28.542437626835362	22.0055
chr4	8092339	3.4653855241395983	23.201
chr4	8105036	0.0	23.245
chr4	8143899	0.0	23.245
chr4	8154534	0.5362888809438888	23.245
chr4	8168519	0.28634834275880755	23.2525
chr4	8182488	0.24292284770357855	23.2565
chr4	8275110	0.0	23.279
chr4	8287695	1.2864120006976603	23.279
chr4	8310627	0.0	23.3085
chr4	8322942	1.2651110486365393	23.3085
chr4	8337170	0.4682900722503276	23.3265
chr4	8344644	0.0	23.33
chr4	8360774	0.0	23.33
chr4	8375331	0.4394155772823614	23.33
chr4	8384434	0.0	23.334
chr4	8392663	0.0	23.334
chr4	8412464	0.0	23.334
chr4	8481576	0.0	23.334
chr4	8495686	0.109542737316483	23.334
chr4	8527637	0.5841714924312517	23.3375
chr4	8547323	0.0	23.349
chr4	8588520	0.44792164357383446	23.349
chr4	8605264	3.116051878052807	23.3565
chr4	8617138	1.1465402373647866	23.3935
chr4	8649409	0.0	23.4305
chr4	8680785	0.18333246032165548	23.4305
chr4	8718967	2.8326500186358747	23.4375
chr4	8732382	9.708737864077744	23.4755
chr4	8752570	5.103563540858335	23.6715
chr4	8786076	1.2805190370497326	23.8425
chr4	8797790	0.0	23.8575
chr4	8807818	0.0	23.8575
chr4	8831036	13.090580800481455	23.8575
chr4	8844328	18.961698449570473	24.0315
chr4	8862839	12.908492210631172	24.3825
chr4	8898978	0.0	24.849
chr4	8926614	0.1235134276740286	24.849
chr4	8954951	0.0	24.8525
chr4	8968668	0.19340863376141842	24.8525
chr4	9007446	0.06681684548125212	24.86
chr4	9059828	0.0	24.8635
chr4	9078228	0.0	24.8635
chr4	9098414	0.12890750886243427	24.8635
chr4	9129444	0.0	24.8675
chr4	9162846	1.0062202707647656	24.8675
chr4	9195642	27.398040555935253	24.9005
chr4	9221976	0.35787597234224605	25.622
chr4	9296024	0.6925089342202271	25.6485
chr4	9354507	7.128694174298923	25.689
chr4	9375689	5.569016539452407	25.84
chr4	9480106	0.5237596419388264	26.4215
chr4	9501108	0.944552231185516	26.4325
chr4	9520694	2.855158577050624	26.451
chr4	9533653	0.8216799479086048	26.488
chr4	9662657	1.3222786076763287	26.594
chr4	9676648	3.108222661768812	26.6125
chr4	9697882	2.4346910574454848	26.6785
chr4	9713079	8.385424607409622	26.7155
chr4	9719638	11.77687769657488	26.7705
chr4	9742352	0.4966887417218731	27.038
chr4	9757452	2.078926252826624	27.0455
chr4	9812288	2.1000289659166795	27.1595
chr4	9833002	0.7606008746910026	27.203
chr4	9943441	4.043328507961839	27.287
chr4	9963474	0.0	27.368
chr4	9984069	0.6198579961683075	27.368
chr4	10001815	1.101572589835006	27.379
chr4	10014978	6.103941402162688	27.3935
chr4	10029313	0.7799477657839017	27.481
chr4	10141500	1.20407432718276	27.5685
chr4	10172229	0.7261109497531989	27.6055
chr4	10196330	1.3493331935964894	27.623
chr4	10234497	2.6245659371721244	27.6745
chr4	10246880	7.857107998633439	27.707
chr4	10267371	0.13240523568141413	27.868
chr4	10293805	21.8858465098342	27.8715
chr4	10314549	1.9938782548715286	28.3255
chr4	10453725	0.0	28.603
chr4	10470392	0.29200955667637996	28.603
chr4	10508062	0.0	28.614
chr4	10524006	0.0	28.614
chr4	10547480	0.0	28.614
chr4	10567252	0.0	28.614
chr4	10581690	0.0	28.614
chr4	10598993	1.7208501930142335	28.614
chr4	10620494	0.0	28.651
chr4	10641049	0.09311538689442606	28.651
chr4	10759182	2.172699728910895	28.662
chr4	10784266	2.0344035773274602	28.7165
chr4	10809089	0.27576570945325896	28.767
chr4	10836286	0.0	28.7745
chr4	10840657	6.298071563928188	28.7745
chr4	10858599	0.0	28.8875
chr4	10890073	0.0	28.8875
chr4	10909133	0.630883608159452	28.8875
chr4	10989972	0.0	28.9385
chr4	11037191	0.11196417146509752	28.9385
chr4	11068451	0.8375847102717758	28.942
chr4	11081584	3.1814237904392733	28.953
chr4	11105787	0.5320223584079778	29.03
chr4	11180032	0.32712274214188786	29.0695
chr4	11215187	0.0	29.081
chr4	11240770	0.2967809618463866	29.081
chr4	11313214	1.6841131988244868	29.1025
chr4	11343497	0.6581521932476971	29.1535
chr4	11371606	1.7825311942959199	29.172
chr4	11396290	5.908088741904307	29.216
chr4	11425318	0.0	29.3875
chr4	11450436	0.0	29.3875
chr4	11473304	1.4535470585860768	29.3875
chr4	11498071	0.28645634405317716	29.4235
chr4	11524253	0.1422991619069872	29.431
chr4	11626151	2.2803487592220852	29.4455
chr4	11648516	0.5048465266559158	29.4965
chr4	11663372	1.5026296018029157	29.504
chr4	11675351	0.9392210157817948	29.522
chr4	11745622	1.319801574659806	29.588
chr4	11767595	0.0	29.617
chr4	11780330	0.6500541711809564	29.617
chr4	11808020	0.0	29.635
chr4	11818922	2.7847238008638033	29.635
chr4	11854114	6.507232561031211	29.733
chr4	11878241	1.2519604875767145	29.89
chr4	11950927	7.402422611035823	29.981
chr4	11955385	6.639403415925027	30.014
chr4	11976170	3.224496013811986	30.152
chr4	12015556	0.41803689872360983	30.279
chr4	12033497	0.6377551020407719	30.2865
chr4	12050745	1.9904667120632893	30.2975
chr4	12088927	1.7919564987112298	30.3735
chr4	12145569	0.0	30.475
chr4	12149394	2.492756093403727	30.475
chr4	12172862	1.329571289379671	30.5335
chr4	12222126	0.2912298219336785	30.599
chr4	12234144	4.164544065206294	30.6025
chr4	12273404	4.454634785456941	30.766
chr4	12319199	2.830469758665317	30.97
chr4	12329268	0.6107320360543229	30.9985
chr4	12353010	1.8420874738051478	31.013
chr4	12412182	4.956027403916249	31.122
chr4	12432763	2.7186112635307467	31.224
chr4	12452810	1.9860401525508833	31.2785
chr4	12522295	0.7797579360146554	31.4165
chr4	12699273	0.914076782449662	31.5545
chr4	12723341	3.470953598830925	31.5765
chr4	12750711	4.538440591812637	31.6715
chr4	12794779	7.9366759084847605	31.8715
chr4	12842028	0.0	32.2465
chr4	12849144	0.5199224842842929	32.2465
chr4	12870301	0.1437489732217226	32.2575
chr4	12894649	1.7785804191976613	32.261
chr4	12912922	0.8442704735586523	32.2935
chr4	12925951	1.1417530300370973	32.3045
chr4	12954416	1.2653839486911647	32.337
chr4	12983261	0.0	32.3735
chr4	13005899	2.1516593857991295	32.3735
chr4	13021236	0.854327266947313	32.4065
chr4	13046402	0.3569946035699989	32.428
chr4	13106627	1.414358174014649	32.4495
chr4	13127131	0.0	32.4785
chr4	13144202	1.5224234917688937	32.4785
chr4	13163579	0.17351643448509982	32.508
chr4	13203921	0.0	32.515
chr4	13223228	3.145720894371527	32.515
chr4	13255653	0.0	32.617
chr4	13307803	0.23266635644490624	32.617
chr4	13367975	0.5585173902006999	32.631
chr4	13387670	0.7547281498799497	32.642
chr4	13421457	1.3146520674255782	32.6675
chr4	13449221	5.573361823361866	32.704
chr4	13477301	0.3805474634542735	32.8605
chr4	13515404	0.10406910188361948	32.875
chr4	13582667	0.0	32.882
chr4	13613953	0.2873102580860008	32.882
chr4	14019438	0.0	32.9985
chr4	14066355	0.172993277975608	32.9985
chr4	14086587	3.9437042471943755	33.002
chr4	14146556	1.0259917920657022	33.2385
chr4	14171410	0.5816635577751642	33.264
chr4	14221267	0.0	33.293
chr4	14231647	0.938384390050182	33.293
chr4	14332352	5.430094879636184	33.3875
chr4	14357858	8.572848504928087	33.526
chr4	14382004	0.22537135052075297	33.733
chr4	14528429	0.0	33.766
chr4	14542267	0.0	33.766
chr4	14559095	0.10685391543283472	33.766
chr4	14591850	0.0	33.7695
chr4	14601653	1.6175445495004144	33.7695
chr4	14657602	0.9176891993901454	33.86
chr4	14725163	1.1709254757812255	33.922
chr4	14758897	1.45853501129396	33.9615
chr4	14836372	2.930476960387907	34.0745
chr4	14866060	5.258644037194278	34.1615
chr4	14888214	0.0	34.278
chr4	14950659	3.4732963973338564	34.278
chr4	14986216	1.396477385794304	34.4015
chr4	15043503	0.14789148990122963	34.4815
chr4	15067169	0.5617096875327406	34.485
chr4	15105445	0.4729535485426059	34.5065
chr4	15213278	4.431074433920149	34.5575
chr4	15237877	0.6964434952177811	34.6665
chr4	15248646	2.568981921979165	34.674
chr4	15285431	3.5826915238237076	34.7685
chr4	15332044	0.3767491926805706	34.9355
chr4	15350624	0.0	34.9425
chr4	15365123	5.305039787795469	34.9425
chr4	15365877	6.249433928086461	34.9465
chr4	15376918	0.0	35.0155
chr4	15386729	9.646302250803645	35.0155
chr4	15411298	0.29840566118189965	35.2525
chr4	15434756	1.401843215634009	35.2595
chr4	15470780	1.9194245767163467	35.31
chr4	15495527	7.703546287687586	35.3575
chr4	15503056	1.062191818199484	35.4155
chr4	15554365	0.0	35.47
chr4	15560474	3.5595168026010384	35.47
chr4	15596153	4.323619995261389	35.597
chr4	15604595	0.9270183718188763	35.6335
chr4	15628327	17.98722906736179	35.6555
chr4	15639446	0.4711266657696192	35.8555
chr4	15646875	0.0	35.859
chr4	15662743	0.0	35.859
chr4	15671824	1.757287574943091	35.859
chr4	15729868	3.8927887683471565	35.961
chr4	15745538	14.989426545590227	36.022
chr4	15761616	0.0	36.263
chr4	15778434	6.006534305101804	36.263
chr4	15858014	2.294157265532955	36.741
chr4	15905526	15.116279069767227	36.85
chr4	15923586	6.654800275813395	37.123
chr4	15985947	0.16800268804312876	37.538
chr4	16006780	0.18481726193216202	37.5415
chr4	16028423	0.5680976139900428	37.5455
chr4	16149881	0.6528437875384807	37.6145
chr4	16188175	12.474250400549526	37.6395
chr4	16196913	4.445964432284709	37.7485
chr4	16210071	6.147004969918863	37.807
chr4	16252124	0.0	38.0655
chr4	16287909	0.589721988205383	38.0655
chr4	16299779	0.5128023765739598	38.0725
chr4	16328055	2.653617684292401	38.087
chr4	16348593	0.0	38.1415
chr4	16370710	0.46875000000001776	38.1415
chr4	16386710	0.0	38.149
chr4	16403171	0.0	38.149
chr4	16419577	0.0	38.149
chr4	16442829	1.5376166941236458	38.149
chr4	16451934	5.808813127740934	38.163
chr4	16508486	1.8212664038718949	38.4915
chr4	16528527	0.5270382899446777	38.528
chr4	16569321	33.0433732028511	38.5495
chr4	16577598	1.9775506225106958	38.823
chr4	16649404	0.6637258505901822	38.965
chr4	16698370	0.0	38.9975
chr4	16701816	2.2122534259198834	38.9975
chr4	16718089	0.7338551859100082	39.0335
chr4	16728309	0.929503535758583	39.041
chr4	16810611	0.0	39.1175
chr4	16844143	1.866998577524964	39.1175
chr4	16849767	0.0	39.128
chr4	16878105	0.0	39.128
chr4	16901245	0.0	39.128
chr4	16944823	0.0	39.128
chr4	17019585	0.14305333028153439	39.128
chr4	17072013	0.0	39.1355
chr4	17129943	0.0	39.1355
chr4	17162721	0.15211879753713	39.1355
chr4	17231746	0.4267983204908403	39.146
chr4	17275092	0.0	39.1645
chr4	17308062	0.14310831254865686	39.1645
chr4	17332519	0.0	39.168
chr4	17351479	3.345961831250348	39.168
chr4	17379722	0.0	39.2625
chr4	17409712	0.23771790808241788	39.2625
chr4	17441262	0.591210668067844	39.27
chr4	17471708	0.048873807828222544	39.288
chr4	17543321	1.0964083175804715	39.2915
chr4	17569771	0.5052639315045815	39.3205
chr4	17678625	2.4502412545234367	39.3755
chr4	17691889	0.5610586596501386	39.408
chr4	17717733	1.0976948408343794	39.4225
chr4	17744152	2.8906154410863962	39.4515
chr4	17776844	1.7166479820627625	39.546
chr4	17833932	0.0	39.644
chr4	17843083	0.0	39.644
chr4	17908794	0.29658503516672324	39.644
chr4	17920595	0.0	39.6475
chr4	17940950	0.9006490884808958	39.6475
chr4	17973149	13.179379519477852	39.6765
chr4	17990297	0.5454996280682212	39.9025
chr4	18010462	0.15735994964492855	39.9135
chr4	18032704	0.0	39.917
chr4	18045089	0.0	39.917
chr4	18069785	0.14039873239983136	39.917
chr4	18094714	0.0	39.9205
chr4	18112376	0.22949314799045972	39.9205
chr4	18127627	91.234347048304	39.924
chr4	18128186	0.0	39.975
chr4	18153037	1.0025582520914182	39.975
chr4	18167500	10.81081081081058	39.9895
chr4	18171200	0.9286855859359503	40.0295
chr4	18194351	3.1166518254665614	40.051
chr4	18196597	2.5531590579989056	40.058
chr4	18209718	79.43222410227476	40.0915
chr4	18215037	0.6679893121709548	40.514
chr4	18340039	1.6993847055378533	40.5975
chr4	18357104	0.0	40.6265
chr4	18374118	4.565054368203925	40.6265
chr4	18427458	16.800833032960846	40.87
chr4	18452427	3.992424630189024	41.2895
chr4	18491501	0.0	41.4455
chr4	18552692	0.0	41.4455
chr4	18573649	0.0	41.4455
chr4	18600613	0.04701331148327529	41.4455
chr4	18675060	0.0	41.449
chr4	18736458	0.1364535716724053	41.449
chr4	18765772	0.4615739672282161	41.453
chr4	18813435	0.08199409642494952	41.475
chr4	18856121	1.9793060143603458	41.4785
chr4	18892750	0.36808009422851806	41.551
chr4	18913126	0.0	41.5585
chr4	18933614	0.0	41.5585
chr4	18959861	0.13555383423684725	41.5585
chr4	18985681	16.897267381528952	41.562
chr4	19014591	0.9249336599305726	42.0505
chr4	19092975	0.0	42.123
chr4	19135216	0.12051926586558663	42.123
chr4	19164257	0.2536783358702014	42.1265
chr4	19195793	0.7441621760327525	42.1345
chr4	19215278	5.196043978111369	42.149
chr4	19255116	0.0	42.356
chr4	19349352	0.0	42.356
chr4	19375744	0.0	42.356
chr4	19408433	0.08996041741621846	42.356
chr4	19447339	0.3593009962437624	42.3595
chr4	19477954	0.0	42.3705
chr4	19550554	1.3325544887005456	42.3705
chr4	19577945	1.7218117571474505	42.407
chr4	19655770	0.10465568280365102	42.541
chr4	19689213	0.21099272075101713	42.5445
chr4	19708171	1.362144758838807	42.5485
chr4	19724322	0.29904306220096827	42.5705
chr4	19784514	0.0	42.5885
chr4	19802085	0.7833997591045574	42.5885
chr4	19904204	0.2272026485336632	42.6685
chr4	19965823	2.4130470960235124	42.6825
chr4	19971832	0.0	42.697
chr4	20038717	1.3287828349231945	42.697
chr4	20074464	0.21201413427562643	42.7445
chr4	20109839	0.7261618589742679	42.752
chr4	20129807	0.0	42.7665
chr4	20156721	0.0	42.7665
chr4	20184481	2.3961053779253145	42.7665
chr4	20223920	0.0	42.861
chr4	20252989	0.0	42.861
chr4	20267444	0.15309916451609734	42.861
chr4	20290305	1.1852260198458207	42.8645
chr4	20308445	7.46652935118341	42.886
chr4	20314271	0.0	42.9295
chr4	20318985	3.9466384223533866	42.9295
chr4	20358639	0.0	43.086
chr4	20361511	3.7566899958830997	43.086
chr4	20380943	12.860559324515618	43.159
chr4	20421921	0.4031672821686945	43.686
chr4	20483930	5.637873483676647	43.711
chr4	20533062	2.423881612519228	43.988
chr4	20544820	0.9238536407640394	44.0165
chr4	20698524	0.11821528692547374	44.1585
chr4	20728131	2.0429418362442693	44.162
chr4	20753095	3.7225705329153853	44.213
chr4	20773511	2.5959723096287957	44.289
chr4	20786223	4.968192039361111	44.322
chr4	20838254	0.7245355928110242	44.5805
chr4	20887941	0.23174203800538937	44.6165
chr4	20903044	4.911924119241178	44.62
chr4	20914852	1.0837972313909834	44.678
chr4	20935151	1.1468070065195255	44.7
chr4	20998806	1.8722061530370473	44.773
chr4	21093881	2.445165100448596	44.951
chr4	21190398	0.9035464196976137	45.187
chr4	21199252	0.0	45.195
chr4	21208017	4.972919743968443	45.195
chr4	21218172	0.0	45.2455
chr4	21221990	0.1496397956347484	45.2455
chr4	21268769	0.652019283964302	45.2525
chr4	21319381	0.050028587764472575	45.2855
chr4	21389341	1.678236326187998	45.289
chr4	21402450	0.18375597206922356	45.311
chr4	21421497	5.09093813012828	45.3145
chr4	21471586	0.44108010014620325	45.5695
chr4	21709638	0.05585599309414619	45.6745
chr4	21906573	0.0	45.6855
chr4	21935061	0.0634909117295378	45.6855
chr4	21990187	0.0	45.689
chr4	22001152	0.05188490445769158	45.689
chr4	22068609	0.8349146110053647	45.6925
chr4	22081784	0.6607126583432851	45.7035
chr4	22125676	0.3231666841350656	45.7325
chr4	22182922	0.7897288337034302	45.751
chr4	22246868	0.2808172751041296	45.8015
chr4	22350138	1.4326647564469608	45.8305
chr4	22405978	2.5563662296341443	45.9105
chr4	22497123	0.0	46.1435
chr4	22504203	0.2029926922628115	46.1435
chr4	22521445	0.9085926049499137	46.147
chr4	22689287	0.059725943243271414	46.2995
chr4	22806489	0.6469922213889295	46.3065
chr4	22874496	15.22428200941313	46.3505
chr4	22895318	1.7247496649057794	46.6675
chr4	23148978	0.0	47.105
chr4	23166719	0.0	47.105
chr4	23186315	0.5081478885580966	47.105
chr4	23214850	1.162527852229837	47.1195
chr4	23245817	0.0504782817192623	47.1555
chr4	23325059	0.12818416085784537	47.1595
chr4	23551296	0.29303289041583863	47.1885
chr4	23650261	0.0	47.2175
chr4	23671137	0.6342311033882997	47.2175
chr4	23728687	0.0	47.254
chr4	23755171	0.0	47.254
chr4	23855266	0.08484642796538587	47.254
chr4	24067414	0.0	47.272
chr4	24115947	0.07948809665762267	47.272
chr4	24166269	0.0	47.276
chr4	24186304	0.2267279911896998	47.276
chr4	24201741	0.2676352513860237	47.2795
chr4	24254051	0.0841334257151373	47.2935
chr4	24557141	0.0	47.319
chr4	24582656	0.0	47.319
chr4	24618797	0.30350688408784265	47.319
chr4	24655040	0.0	47.33
chr4	24710683	0.0	47.33
chr4	24733528	0.0	47.33
chr4	24753766	0.0	47.33
chr4	24790030	0.3542868711410569	47.33
chr4	24799909	0.0	47.3335
chr4	24973352	0.01708014859728333	47.3335
chr4	25207542	0.0687832247540793	47.3375
chr4	25309311	0.0	47.3445
chr4	25484309	0.03824703411636412	47.3445
chr4	25771913	0.0	47.3555
chr4	25788476	0.7321537522880083	47.3555
chr4	25862231	0.6769750597595214	47.4095
chr4	26029150	0.0	47.5225
chr4	26109962	0.0	47.5225
chr4	26115093	0.0	47.5225
chr4	26160152	0.1470902095602924	47.5225
chr4	26333515	0.0	47.548
chr4	26358148	0.3483280254776024	47.548
chr4	26378244	0.08337375697308101	47.555
chr4	26774052	0.333032018649693	47.588
chr4	26795071	0.0	47.595
chr4	26817910	0.0	47.595
chr4	26893901	0.08862567642244547	47.595
chr4	27181628	0.1352347021572097	47.6205
chr4	27288849	0.0	47.635
chr4	27337274	0.08761170492384043	47.635
chr4	27377223	0.14770193170958307	47.6385
chr4	27549868	0.3083187590701522	47.664
chr4	27737985	0.32165876953144523	47.722
chr4	27818816	0.0	47.748
chr4	27851571	0.45498810645126964	47.748
chr4	27914210	2.7869432005656316	47.7765
chr4	27999070	0.7229765473461744	48.013
chr4	28084135	0.24180341382454373	48.0745
chr4	28175118	0.11434669919195432	48.0965
chr4	28240708	2.6456836583418784	48.104
chr4	28284553	0.3174308233071767	48.22
chr4	28478296	8.923635789307395	48.2815
chr4	28503622	0.0	48.5075
chr4	28535915	0.0	48.5075
chr4	28564611	0.0	48.5075
chr4	28586033	0.0	48.5075
chr4	28752475	0.2071449058287317	48.5075
chr4	28909370	0.19668429318271255	48.54
chr4	29242391	1.0414518457413806	48.6055
chr4	29290881	0.0	48.656
chr4	29324198	0.0	48.656
chr4	29375440	0.035593521978980094	48.656
chr4	29487820	0.0	48.66
chr4	29594328	0.040500821588124014	48.66
chr4	29680746	0.0	48.6635
chr4	29730429	0.12129729548856193	48.6635
chr4	29849970	0.0	48.678
chr4	29972191	0.0	48.678
chr4	30027413	0.0	48.678
chr4	30061460	0.0	48.678
chr4	30080369	0.0	48.678
chr4	30098837	0.0	48.678
chr4	30171206	0.0	48.678
chr4	30183208	0.0	48.678
chr4	30210945	0.0	48.678
chr4	30230803	0.05352500382325281	48.678
chr4	30296193	0.0	48.6815
chr4	30308567	0.5288020870055901	48.6815
chr4	30336933	0.3944302775689002	48.6965
chr4	30391442	0.7508128065244577	48.718
chr4	30464030	0.11081475594003914	48.7725
chr4	30594879	0.31088461913587445	48.787
chr4	30676903	0.9563925686261939	48.8125
chr4	30726046	1.4113845195453418	48.8595
chr4	30777414	0.0	48.932
chr4	30805067	0.0	48.932
chr4	30832594	1.1446495322312593	48.932
chr4	30978927	0.08868078464758591	49.0995
chr4	31063500	0.5450015571476956	49.107
chr4	31069922	0.06171533361544203	49.1105
chr4	31183346	0.1778937381404242	49.1175
chr4	31225506	0.12969687986372566	49.125
chr4	31252492	0.09944876967661956	49.1285
chr4	31322880	0.5142417485789664	49.1355
chr4	31450252	0.0	49.201
chr4	31485322	0.0	49.201
chr4	31500226	0.0	49.201
chr4	31520137	1.582217667029658	49.201
chr4	31598192	0.2475115059403172	49.3245
chr4	31672936	0.327972676483187	49.343
chr4	31717147	0.0	49.3575
chr4	31744341	0.25171254427436296	49.3575
chr4	31799960	0.0	49.3715
chr4	31885716	0.47229219143578616	49.3715
chr4	31955588	0.0	49.4045
chr4	31986053	0.11426574178631395	49.4045
chr4	32209217	0.0	49.43
chr4	32230840	0.04960458062873808	49.43
chr4	32301398	0.893876942940889	49.4335
chr4	32321535	0.0	49.4515
chr4	32367313	0.0	49.4515
chr4	32416271	0.6160670280926799	49.4515
chr4	32428445	0.14528850145284136	49.459
chr4	32476625	0.0	49.466
chr4	32502399	0.4297042853234767	49.466
chr4	32527998	0.1146518920661081	49.477
chr4	32689356	0.04268709142358402	49.4955
chr4	32771348	1.3054242628852741	49.499
chr4	32793563	0.171249633036623	49.528
chr4	32814001	1.0913390123382352	49.5315
chr4	32846988	2.106503204680216	49.5675
chr4	32897071	0.16766467065846205	49.673
chr4	32917946	3.644458911196159	49.6765
chr4	33003967	0.0	49.99
chr4	33097553	0.41370491556642525	49.99
chr4	33124142	0.0	50.001
chr4	33138900	0.12860082304542464	50.001
chr4	33170004	0.16752326898205208	50.005
chr4	33319237	0.0	50.03
chr4	33366282	1.665904488142743	50.03
chr4	33381589	0.0	50.0555
chr4	33440232	0.0	50.0555
chr4	33464815	0.0	50.0555
chr4	33470247	0.0	50.0555
chr4	33483759	0.0	50.0555
chr4	33522508	0.45095320233141845	50.0555
chr4	33699910	1.8417221756584057	50.1355
chr4	33745248	0.0	50.219
chr4	33874689	0.3176202576009674	50.219
chr4	34148601	0.21548521325613443	50.306
chr4	34215891	2.2456023620407928	50.3205
chr4	34239938	0.5503350164412469	50.3745
chr4	34312621	3.8575809852405922	50.4145
chr4	34333489	0.2813391744706805	50.495
chr4	34358370	0.1985165400370988	50.502
chr4	34413781	1.4651927383618986	50.513
chr4	34455755	1.8978605935126351	50.5745
chr4	34467347	0.29856892824051373	50.5965
chr4	34613042	0.0	50.64
chr4	34618866	0.09438541610491616	50.64
chr4	34655948	0.0	50.6435
chr4	34796579	0.26973470798131177	50.6435
chr4	35080191	0.20305828336784215	50.72
chr4	35257480	0.9960065330475841	50.756
chr4	35469326	0.539942226181787	50.967
chr4	35617490	1.0628223726628625	51.047
chr4	35716754	0.0	51.1525
chr4	35756136	0.8913394967039541	51.1525
chr4	35780257	1.5458099553433264	51.174
chr4	35841390	1.9622822390988517	51.2685
chr4	35908149	0.12913580474662442	51.3995
chr4	36016562	0.3164633997906881	51.4135
chr4	36098720	0.0	51.4395
chr4	36107380	0.0	51.4395
chr4	36118847	0.051420679928237234	51.4395
chr4	36186913	0.09627250369776372	51.443
chr4	36301172	0.6933658753050416	51.454
chr4	36337228	2.4190857524190785	51.479
chr4	36385180	0.52564080194029	51.595
chr4	36614424	0.0	51.7155
chr4	36676817	0.16980170933721378	51.7155
chr4	36782823	0.20540425682617464	51.7335
chr4	36924008	0.6651589729945315	51.7625
chr4	36984144	0.05325988541514481	51.8025
chr4	37115575	0.0	51.8095
chr4	37149339	0.0	51.8095
chr4	37234185	0.0	51.8095
chr4	37347179	0.7239770472462332	51.8095
chr4	37477708	0.0	51.904
chr4	37499531	0.572657298292677	51.904
chr4	37677648	0.0	52.006
chr4	37683108	0.0	52.006
chr4	37752213	0.0	52.006
chr4	37835898	0.0	52.006
chr4	37899075	0.46448016927723484	52.006
chr4	37937828	0.056653555415311044	52.024
chr4	37999607	0.5080858229538575	52.0275
chr4	38171822	0.07115411982352886	52.115
chr4	38375605	0.2114420346765375	52.1295
chr4	38441817	0.03106499684908088	52.1435
chr4	38554484	0.5338643118922768	52.147
chr4	38589137	0.0	52.1655
chr4	38650867	0.0	52.1655
chr4	38676522	0.07922316032493709	52.1655
chr4	38720701	0.0	52.169
chr4	38753140	0.7119609438573029	52.169
chr4	38758056	3.6069579382161625	52.1725
chr4	38775245	0.90574052095707	52.2345
chr4	38807263	0.0	52.2635
chr4	38819537	0.06717592414883308	52.2635
chr4	38871639	0.4774443704967468	52.267
chr4	38940757	0.4828398709852962	52.3
chr4	38992534	2.5100401606425295	52.325
chr4	39027394	0.0	52.4125
chr4	39078844	0.1035901382187053	52.4125
chr4	39112631	0.06780925257259639	52.416
chr4	39171620	1.2867898699520066	52.42
chr4	39208145	1.0422406977023182	52.467
chr4	39249882	0.09851279647255012	52.5105
chr4	39397071	2.4407587492553273	52.525
chr4	39449104	1.229134451449142	52.652
chr4	39499546	1.5844198712658988	52.714
chr4	39651021	1.3663933879891206	52.954
chr4	39696030	1.0660980810234315	53.0155
chr4	39733550	0.1595801269548626	53.0555
chr4	39846346	0.977390919485105	53.0735
chr4	40036137	0.0	53.259
chr4	40061398	1.2155591572123636	53.259
chr4	40091014	1.352281667977963	53.295
chr4	40131686	1.8967580028596611	53.35
chr4	40165955	0.4394024127187003	53.415
chr4	40291125	0.0	53.47
chr4	40347898	0.0	53.47
chr4	40408390	0.2806548613431446	53.47
chr4	40483215	0.1991388589881541	53.491
chr4	40669015	0.0	53.528
chr4	40695509	0.09105098855365508	53.528
chr4	40733949	0.2835270768357265	53.5315
chr4	40772746	0.3110834592482891	53.5425
chr4	40795248	0.0	53.5495
chr4	40837073	0.2937473772555713	53.5495
chr4	40872818	0.24898143956531643	53.56
chr4	40916998	0.0980687003935861	53.571
chr4	40993475	0.0	53.5785
chr4	41007508	0.1186963746736698	53.5785
chr4	41036995	0.3487618952716804	53.582
chr4	41057066	0.0	53.589
chr4	41095452	0.0	53.589
chr4	41102501	0.18744997112260312	53.589
chr4	41201194	0.1057114379774501	53.6075
chr4	41234303	0.8381816388916598	53.611
chr4	41264726	0.26433048863397784	53.6365
chr4	41277967	0.1892912762533962	53.64
chr4	41394190	0.17159386184237624	53.662
chr4	41434984	2.243352268049907	53.669
chr4	41459278	0.18957064108331048	53.7235
chr4	41728307	0.8119236791739137	53.7745
chr4	41745550	1.9841269841270595	53.7885
chr4	41775034	0.13111560650329468	53.847
chr4	41828422	0.0	53.854
chr4	41846008	0.0	53.854
chr4	41860816	0.09204260959207064	53.854
chr4	41942300	0.013397283031010888	53.8615
chr4	42203547	0.0	53.865
chr4	42247364	0.08653989882695702	53.865
chr4	42374473	0.16261256714783484	53.876
chr4	42463642	0.13042668157240156	53.8905
chr4	42490477	0.4170302314838431	53.894
chr4	42568409	0.21101691805213352	53.9265
chr4	42622907	0.11480303080001747	53.938
chr4	42714368	0.1871766947998176	53.9485
chr4	42773136	0.0	53.9595
chr4	42973157	0.09197046726107189	53.9595
chr4	43168872	0.21710231865275562	53.9775
chr4	43318571	0.40223029765056695	54.01
chr4	43354620	1.0954078783451786	54.0245
chr4	43401178	0.0	54.0755
chr4	43428390	0.3286805225321278	54.0755
chr4	43571386	0.0	54.1225
chr4	43593795	0.05442917403725382	54.1225
chr4	43667285	0.01737774754602621	54.1265
chr4	43868692	0.0	54.13
chr4	43934343	0.36623097808923866	54.13
chr4	44013528	0.0	54.159
chr4	44049715	0.0	54.159
chr4	44120464	0.0	54.159
chr4	44160048	0.0	54.159
chr4	44179658	0.0	54.159
chr4	44232029	0.12624896295503737	54.159
chr4	44259752	1.9351394634992602	54.1625
chr4	44289724	0.48638132295713743	54.2205
chr4	44319536	0.16219723183391618	54.235
chr4	44412016	1.8546917803730438	54.25
chr4	44488309	0.11794252730023065	54.3915
chr4	44704516	0.403892050669935	54.417
chr4	44731751	0.0	54.428
chr4	44759310	0.0	54.428
chr4	44834040	0.0	54.428
chr4	44952329	0.0	54.428
chr4	45152344	0.0	54.428
chr4	45286115	0.03614171683483753	54.428
chr4	45382956	0.046219569365655536	54.4315
chr4	45534407	0.0	54.4385
chr4	45619329	0.0	54.4385
chr4	45716141	0.06033130505235898	54.4385
chr4	45774154	0.0	54.442
chr4	45790213	0.042013276195254426	54.442
chr4	45885421	0.0	54.446
chr4	45917430	0.0	54.446
chr4	46009174	0.0	54.446
chr4	46176848	0.0	54.446
chr4	46295405	0.0	54.446
chr4	46523452	0.0	54.446
chr4	46539901	0.0	54.446
chr4	46556180	0.0	54.446
chr4	46607829	0.09052114315278678	54.446
chr4	46646494	0.09851939424653777	54.4495
chr4	46682020	0.0	54.453
chr4	46712051	0.0	54.453
chr4	46748699	0.0	54.453
chr4	46761503	0.0	54.453
chr4	46792407	0.0	54.453
chr4	46944235	0.0	54.453
chr4	47044200	0.0	54.453
chr4	47093610	0.0	54.453
chr4	47118192	0.0	54.453
chr4	47169160	0.0	54.453
chr4	47199247	0.0	54.453
chr4	47218545	0.0	54.453
chr4	47410199	0.0	54.453
chr4	47639102	0.0	54.453
chr4	47739177	0.0	54.453
chr4	47866545	0.1087671246421733	54.453
chr4	48068812	0.0	54.475
chr4	48131517	0.0	54.475
chr4	48234327	0.0	54.475
chr4	48336783	0.2928625219643039	54.475
chr4	48348734	0.033108510779208816	54.4785
chr4	48454447	0.2008129462029282	54.482
chr4	48598860	0.0	54.511
chr4	48828652	0.017934806976629972	54.511
chr4	49051682	0.0	54.515
chr4	49252955	0.0	54.515
chr4	49535839	0.061132167746711985	54.515
chr4	49593092	0.0	54.5185
chr4	49728439	0.0	54.5185
chr4	49757803	0.0	54.5185
chr4	49792239	0.0	54.5185
chr4	49844178	0.0	54.5185
chr4	49881751	0.8443115316197906	54.5185
chr4	49959329	0.7068572674702337	54.584
chr4	50092312	0.22048785202549054	54.678
chr4	50257854	0.23356232172625413	54.7145
chr4	50600375	0.0	54.7945
chr4	50776271	0.14827026402158588	54.7945
chr4	50975232	0.4699732917617299	54.824
chr4	51236949	0.9835851232007107	54.947
chr4	51573473	0.10769369584389371	55.278
chr4	51917040	0.0	55.315
chr4	51968831	0.06313814626407081	55.315
chr4	52024265	0.2149135158368759	55.3185
chr4	52159203	0.028307761988344372	55.3475
chr4	52547789	0.05714472309300112	55.3585
chr4	52731533	0.0	55.369
chr4	52879653	0.009469825078799628	55.369
chr4	53618843	0.0	55.376
chr4	53647975	0.0	55.376
chr4	53839880	0.0	55.376
chr4	53919997	0.11156417346260616	55.376
chr4	54148565	0.0	55.4015
chr4	54358906	0.020502726862697794	55.4015
chr4	54554002	0.025744191007152438	55.4055
chr4	54689955	0.06015709595920491	55.409
chr4	54748136	0.17814550528993855	55.4125
chr4	54950218	0.09513390096555636	55.4485
chr4	54992264	0.12077375720449468	55.4525
chr4	55141303	0.10356994900071556	55.4705
chr4	55281305	0.11543684925306005	55.485
chr4	55502205	0.0700322148188667	55.5105
chr4	55552182	0.5128930706376916	55.514
chr4	55580453	0.19789143266570924	55.5285
chr4	55726998	2.108969893971043	55.5575
chr4	55804524	0.03122073056513338	55.721
chr4	55932644	0.0	55.725
chr4	55947533	0.5140714458511605	55.725
chr4	55997137	1.1894417458440878	55.7505
chr4	56067338	0.11832155496031581	55.834
chr4	56160305	0.0	55.845
chr4	56209450	0.06232970633808525	55.845
chr4	56265603	0.0	55.8485
chr4	56317158	1.852796192418743	55.8485
chr4	56346573	0.15779736641634762	55.903
chr4	56438463	0.3680454740630315	55.9175
chr4	56487370	0.7940677034340965	55.9355
chr4	56569227	0.0	56.0005
chr4	56581155	0.24496033440455456	56.0005
chr4	56803640	0.0	56.055
chr4	56821148	0.0	56.055
chr4	56859098	0.0	56.055
chr4	56911574	0.0	56.055
chr4	56957662	0.11424980720338702	56.055
chr4	56992673	0.32444679072638527	56.059
chr4	57083597	0.03993519089015992	56.0885
chr4	57171239	0.10755193862369776	56.092
chr4	57338600	0.09983455987218176	56.11
chr4	57408716	0.0	56.117
chr4	57444923	0.0	56.117
chr4	57535693	0.0	56.117
chr4	57550300	0.1442763510450761	56.117
chr4	57574559	0.691299165673334	56.1205
chr4	57595534	0.3086246563044382	56.135
chr4	57631176	0.13974287311342923	56.146
chr4	57681268	0.0	56.153
chr4	57720795	0.0	56.153
chr4	57738824	0.0	56.153
chr4	57769245	0.04940772489776039	56.153
chr4	57850204	0.2884694634468089	56.157
chr4	57886603	0.3112463687923759	56.1675
chr4	58016725	0.0	56.208
chr4	58085393	0.0	56.208
chr4	58111336	0.0	56.208
chr4	58123536	0.0	56.208
chr4	58158180	0.0	56.208
chr4	58237088	0.02139939837121537	56.208
chr4	58400644	0.0	56.2115
chr4	58548738	0.0	56.2115
chr4	58633959	0.032160545442873695	56.2115
chr4	58742788	0.4308101790634745	56.215
chr4	58860009	0.08610246787486153	56.2655
chr4	59028413	0.17816198797790894	56.28
chr4	59092961	0.0	56.2915
chr4	59115769	0.0	56.2915
chr4	59132369	0.0	56.2915
chr4	59161863	0.6077401789186742	56.2915
chr4	59202999	0.21598484179115807	56.3165
chr4	59304858	0.36842257346770685	56.3385
chr4	59374072	1.4693582295364702	56.364
chr4	59418309	0.6680873121004415	56.429
chr4	59505124	0.10670081092602267	56.487
chr4	59537926	0.0	56.4905
chr4	59553499	0.08029790522842417	56.4905
chr4	59653128	0.1584929583842299	56.4985
chr4	59697294	0.0	56.5055
chr4	59747874	0.041677559665226085	56.5055
chr4	60011805	0.0	56.5165
chr4	60036249	0.0	56.5165
chr4	60123065	0.0	56.5165
chr4	60143355	0.06625650733558923	56.5165
chr4	60196180	0.0	56.52
chr4	60223230	0.08636217830085988	56.52
chr4	60304284	0.16255581082839057	56.527
chr4	60396560	0.0	56.542
chr4	60428350	0.1828548631081284	56.542
chr4	60488507	0.06787372678252925	56.553
chr4	60702139	0.0	56.5675
chr4	60729832	0.0	56.5675
chr4	60750430	0.2909499259863608	56.5675
chr4	60848385	0.013621168073548474	56.596
chr4	61105338	0.0	56.5995
chr4	61233402	0.3333037063372271	56.5995
chr4	61255904	0.0	56.607
chr4	61441375	0.4069387038603477	56.607
chr4	61504038	0.12065429098364094	56.6325
chr4	61562055	0.0	56.6395
chr4	61598527	0.19010059221166734	56.6395
chr4	61753708	0.06945233675545696	56.669
chr4	61912090	0.15746940369485313	56.68
chr4	62070851	0.09346764980787559	56.705
chr4	62263431	0.0	56.723
chr4	62289014	0.18154211777136892	56.723
chr4	62349606	0.08237426157347538	56.734
chr4	62392095	0.21279065268701947	56.7375
chr4	62443789	0.21236763778574955	56.7485
chr4	62749862	0.0	56.8135
chr4	62804879	0.0	56.8135
chr4	62840604	0.6016189017720963	56.8135
chr4	62913740	0.9511456982270368	56.8575
chr4	62925305	0.6320369227152066	56.8685
chr4	62959322	0.2228711958192158	56.89
chr4	63024382	0.11142238634924555	56.9045
chr4	63055794	1.8014905483439438	56.908
chr4	63076055	0.3744527883116245	56.9445
chr4	63222936	4.162067696836012	56.9995
chr4	63266424	0.0	57.1805
chr4	63372165	0.0	57.1805
chr4	63392284	0.062164892376995615	57.1805
chr4	63456629	0.0	57.1845
chr4	63458886	0.0	57.1845
chr4	63509882	0.5842321778966961	57.1845
chr4	63758071	0.0	57.3295
chr4	63809181	0.0	57.3295
chr4	63849996	0.0	57.3295
chr4	63873900	0.0	57.3295
chr4	63885343	0.17955238076747448	57.3295
chr4	63988377	2.989040185984836	57.348
chr4	64006443	0.0	57.402
chr4	64021389	0.0	57.402
chr4	64040731	0.3501400560222149	57.402
chr4	64052155	0.25142857142858094	57.406
chr4	64183405	0.6523566383560563	57.439
chr4	64422538	0.1024140453548647	57.595
chr4	64456713	0.0	57.5985
chr4	64491573	0.04404946755203655	57.5985
chr4	64582380	0.0	57.6025
chr4	64608072	0.0	57.6025
chr4	64661861	0.16745292551811358	57.6025
chr4	64835044	0.0	57.6315
chr4	64913338	0.0	57.6315
chr4	64930316	0.9155169477090628	57.6315
chr4	64977284	0.0	57.6745
chr4	65307045	0.0	57.6745
chr4	65312731	0.14682706708039828	57.6745
chr4	65414892	0.0	57.6895
chr4	65437652	0.08470064372478088	57.6895
chr4	65478974	0.0	57.693
chr4	65492313	0.16008415852908842	57.693
chr4	65579767	0.0	57.707
chr4	65626602	9.575090147159163	57.707
chr4	65647124	2.5358625661933907	57.9035
chr4	65687347	0.15946056767973488	58.0055
chr4	65709296	2.6164580340653565	58.009
chr4	65738534	0.6864789711504478	58.0855
chr4	65796074	0.40104639996468494	58.125
chr4	66067863	0.12930397517346667	58.234
chr4	66094931	0.0	58.2375
chr4	66124107	0.6207324643080404	58.2375
chr4	66159549	0.0	58.2595
chr4	66251012	0.0	58.2595
chr4	66257395	0.0	58.2595
chr4	66385386	0.0	58.2595
chr4	66503207	0.0	58.2595
chr4	66732033	0.12456028073308606	58.2595
chr4	66964852	0.6060479404819109	58.2885
chr4	67060554	0.0	58.3465
chr4	67224732	0.0	58.3465
chr4	67246553	0.0	58.3465
chr4	67284224	0.0	58.3465
chr4	67339866	0.36003972852178157	58.3465
chr4	67460686	0.0	58.39
chr4	67504869	0.02902525923183043	58.39
chr4	67642680	0.0	58.394
chr4	67723006	0.0	58.394
chr4	67751831	0.0	58.394
chr4	67774623	0.0	58.394
chr4	67813078	0.0	58.394
chr4	67846783	0.0	58.394
chr4	67923379	0.024647995809870836	58.394
chr4	68085664	0.0	58.398
chr4	68091427	0.0	58.398
chr4	68111968	0.0	58.398
chr4	68162334	0.12546601663304402	58.398
chr4	68190230	0.0	58.4015
chr4	68212417	0.2207714384835493	58.4015
chr4	68244124	0.6284591293237349	58.4085
chr4	68388127	3.790707024294721	58.499
chr4	68405538	0.0	58.565
chr4	68417451	0.49629902725405967	58.565
chr4	68452712	0.0	58.5825
chr4	68473939	0.0	58.5825
chr4	68496092	0.0	58.5825
chr4	68526486	0.1034872403029433	58.5825
chr4	68705252	0.0	58.601
chr4	68838027	0.0	58.601
chr4	69014972	0.0	58.601
chr4	69094209	0.19497521029483045	58.601
chr4	69112160	0.13215713483324357	58.6045
chr4	69142427	0.0	58.6085
chr4	69185864	0.0	58.6085
chr4	69216388	0.0	58.6085
chr4	69229158	0.09302820083466233	58.6085
chr4	69266781	9.806902843241431	58.612
chr4	69293089	0.0	58.87
chr4	69388193	0.0	58.87
chr4	69405279	0.43205593160425315	58.87
chr4	69481658	0.2711351165612526	58.903
chr4	69667912	0.0	58.9535
chr4	69806472	0.0	58.9535
chr4	69819086	0.06128402284668604	58.9535
chr4	69941467	0.13380163907024212	58.961
chr4	69971362	0.5303298146367641	58.965
chr4	69991161	0.0	58.9755
chr4	70022188	0.0	58.9755
chr4	70055227	0.07847533632292604	58.9755
chr4	70099827	0.18428834697641264	58.979
chr4	70216492	6.352492287708803	59.0005
chr4	70241128	0.025554206861335773	59.157
chr4	70397658	0.0	59.161
chr4	70420394	0.805221950007659	59.161
chr4	70478763	0.7347221021696191	59.208
chr4	70513470	0.06959495734828301	59.2335
chr4	70563761	0.0	59.237
chr4	70653107	1.1432680498998176	59.237
chr4	70776875	0.20953378732319125	59.3785
chr4	70881870	0.38070846384132184	59.4005
chr4	70939657	0.0	59.4225
chr4	70972576	0.0	59.4225
chr4	70981637	0.12030385316064005	59.4225
chr4	71010730	2.4359085397539655	59.426
chr4	71056914	0.057419344960114874	59.5385
chr4	71187532	0.0	59.546
chr4	71220151	0.6638282287230775	59.546
chr4	71241994	0.0	59.5605
chr4	71280100	0.0	59.5605
chr4	71294801	0.15745101126494404	59.5605
chr4	71364664	0.0	59.5715
chr4	71395677	0.0	59.5715
chr4	71463200	0.07671148809325812	59.5715
chr4	71554451	0.0	59.5785
chr4	71557350	0.0	59.5785
chr4	71578285	0.0	59.5785
chr4	71605904	0.13501198231359532	59.5785
chr4	71635531	0.06624145958322668	59.5825
chr4	71741205	0.0	59.5895
chr4	71756632	0.0	59.5895
chr4	71772067	0.10038909428265541	59.5895
chr4	71916505	0.1771814704839887	59.604
chr4	71998342	0.09238484888484891	59.6185
chr4	72036227	0.0	59.622
chr4	72061142	0.45856575707317765	59.622
chr4	72140738	0.9112486225312869	59.6585
chr4	72164332	0.0	59.68
chr4	72209880	0.0	59.68
chr4	72224072	0.08398118821390012	59.68
chr4	72265748	4.449522637633086	59.6835
chr4	72356769	0.4871352021609176	60.0885
chr4	72379350	2.7168821435264285	60.0995
chr4	72395361	3.8832351365827416	60.143
chr4	72410297	1.5644668225139957	60.201
chr4	72438102	0.0	60.2445
chr4	72526582	1.2547594323293685	60.2445
chr4	72549694	0.0	60.2735
chr4	72600598	0.11662779073650455	60.2735
chr4	72630608	0.7984634972700972	60.277
chr4	72676947	3.037831455699315	60.314
chr4	72717601	3.2376211578541976	60.4375
chr4	72767020	0.0	60.5975
chr4	72784915	0.0	60.5975
chr4	72796522	0.0	60.5975
chr4	72836691	0.0	60.5975
chr4	72870462	0.0	60.5975
chr4	72913496	0.36330836110358766	60.5975
chr4	72953407	0.08928343664690686	60.612
chr4	72992608	0.0	60.6155
chr4	73012797	0.0	60.6155
chr4	73043477	0.474631751227669	60.6155
chr4	73074027	0.04825988638237543	60.63
chr4	73146551	0.0	60.6335
chr4	73167765	0.6056281940665652	60.6335
chr4	73228033	0.43650422473718686	60.67
chr4	73260106	0.0	60.684
chr4	73283396	0.3506479016911114	60.684
chr4	73408878	0.45603888767966305	60.728
chr4	73505361	0.0	60.772
chr4	73520845	0.8062274117318978	60.772
chr4	73538830	0.07260808231687206	60.7865
chr4	73635238	0.15331613787630674	60.7935
chr4	73801561	0.0	60.819
chr4	73851270	0.0	60.819
chr4	73925632	0.0	60.819
chr4	73928637	0.0	60.819
chr4	73972427	0.07360982586008656	60.819
chr4	74019975	0.0	60.8225
chr4	74118874	1.8080437242940381	60.8225
chr4	74191328	0.17221866850378886	60.9535
chr4	74231974	0.3862314345571113	60.9605
chr4	74317415	0.40114613180524067	60.9935
chr4	74352315	0.08582021237642214	61.0075
chr4	74439707	0.0	61.015
chr4	74485155	0.0	61.015
chr4	74538031	0.6592257507216559	61.015
chr4	74582022	0.21374219840976616	61.044
chr4	74617111	0.0	61.0515
chr4	74657647	0.0	61.0515
chr4	74671443	0.3414678564924551	61.0515
chr4	74693407	0.0	61.059
chr4	74714318	0.09474824038988904	61.059
chr4	74751258	0.44232875558178436	61.0625
chr4	74774996	0.39370078740167447	61.073
chr4	74802936	0.33849347835899646	61.084
chr4	74825093	0.7862847275752786	61.0915
chr4	74857524	0.0	61.117
chr4	74880674	0.21671826625402485	61.117
chr4	74896824	0.0	61.1205
chr4	74916257	4.487482286254303	61.1205
chr4	74922608	0.5840849766107541	61.149
chr4	75116073	0.09370063984157902	61.262
chr4	75153426	0.0	61.2655
chr4	75168201	0.5369782767876827	61.2655
chr4	75188686	0.0	61.2765
chr4	75201431	0.0	61.2765
chr4	75215119	0.0	61.2765
chr4	75234962	0.3382949932341858	61.2765
chr4	75267478	0.6820753693282632	61.2875
chr4	75331987	0.654868873930224	61.3315
chr4	75364818	13.233318405732064	61.353
chr4	75387148	2.4389716300550934	61.6485
chr4	75479605	0.0	61.874
chr4	75899728	0.5138746145937542	61.874
chr4	75907512	0.36293876704523514	61.878
chr4	75946086	2.3864174591030025	61.892
chr4	76028427	1.8294914013903745	62.0885
chr4	76050291	0.2814862473858288	62.1285
chr4	76062725	0.11151468807756647	62.132
chr4	76094111	4.054777752276094	62.1355
chr4	76120253	0.3930497953429883	62.2415
chr4	76157144	0.0	62.256
chr4	76175569	0.0	62.256
chr4	76208475	0.0	62.256
chr4	76245096	1.157728998795896	62.256
chr4	76266690	0.5867986170584918	62.281
chr4	76298217	0.08993845639909415	62.2995
chr4	76376048	0.0	62.3065
chr4	76401304	0.0	62.3065
chr4	76419122	1.6629239034651986	62.3065
chr4	76454301	0.53944594751604	62.365
chr4	76574795	0.3060350104052019	62.43
chr4	76599302	0.10729296158170679	62.4375
chr4	76734446	0.9748062992655309	62.452
chr4	76793945	0.7115872276561573	62.51
chr4	76871237	0.5206335287992582	62.565
chr4	77017213	0.09812339016325006	62.641
chr4	77057978	0.0	62.645
chr4	77090570	0.04921190646919188	62.645
chr4	77161691	0.0	62.6485
chr4	77180063	2.1248229314224623	62.6485
chr4	77192064	1.7801513128616606	62.674
chr4	77212287	0.18974224246136737	62.71
chr4	77349315	2.2628240717374575	62.736
chr4	77408754	0.1073273945508026	62.8705
chr4	77473975	0.0	62.8775
chr4	77503037	22.108184869610195	62.8775
chr4	77518529	0.3898265798512984	63.22
chr4	77565986	0.12612185389034752	63.2385
chr4	77764207	1.1465499270380222	63.2635
chr4	77773801	3.945480631276626	63.2745
chr4	77779377	0.0	63.2965
chr4	77799658	0.0	63.2965
chr4	77828067	1.042131904123854	63.2965
chr4	77922105	0.0	63.3945
chr4	77967855	0.0	63.3945
chr4	78047746	3.3217542336081545	63.3945
chr4	78070776	0.0	63.471
chr4	78114858	0.0	63.471
chr4	78247325	0.1560479736057114	63.471
chr4	78269754	1.4255765199161965	63.4745
chr4	78305529	1.3669821240798679	63.5255
chr4	78353079	1.6252772984964146	63.5905
chr4	78417991	9.18091809180921	63.696
chr4	78440211	0.020967935832525698	63.9
chr4	78797900	0.0	63.9075
chr4	78805805	0.2875918496469749	63.9075
chr4	78944891	5.36210999028118	63.9475
chr4	79004569	0.06448596624167549	64.2675
chr4	79066598	0.0	64.2715
chr4	79088645	0.0	64.2715
chr4	79142578	0.2047619047619351	64.2715
chr4	79247578	0.4326695116167561	64.293
chr4	79331938	0.4062610904608846	64.3295
chr4	79439012	8.617648541046831	64.373
chr4	79458855	1.8997243537218262	64.544
chr4	79472278	0.5197505197503156	64.5695
chr4	79493442	4.984530766586808	64.5805
chr4	79507987	0.08486877531429647	64.653
chr4	79678839	0.0	64.6675
chr4	79787807	0.08110675966897772	64.6675
chr4	79874113	0.7044776119402686	64.6745
chr4	79915988	0.34784337109943364	64.704
chr4	79936112	0.0	64.711
chr4	80016918	0.0	64.711
chr4	80136332	0.14739479696384733	64.711
chr4	80163470	0.23495568531461725	64.715
chr4	80408197	2.99289996026747	64.7725
chr4	80523971	0.0	65.119
chr4	80566112	0.0	65.119
chr4	80708500	0.08011194308840276	65.119
chr4	80802119	0.0	65.1265
chr4	80854392	0.0	65.1265
chr4	80895026	0.05485205616854471	65.1265
chr4	80958834	0.0	65.13
chr4	81135856	0.0	65.13
chr4	81161113	0.0	65.13
chr4	81177895	0.0	65.13
chr4	81206318	0.0	65.13
chr4	81229505	0.1403002425190909	65.13
chr4	81279398	0.0	65.137
chr4	81301453	0.0	65.137
chr4	81321339	0.027993057721705024	65.137
chr4	81446370	0.0	65.1405
chr4	81479517	0.2506624650864786	65.1405
chr4	81493480	0.0	65.144
chr4	81565258	0.053798675574402	65.144
chr4	81769724	0.07982016732034236	65.155
chr4	82001495	0.0	65.1735
chr4	82037514	0.026985975003296154	65.1735
chr4	82167211	0.09444492143896006	65.177
chr4	82283681	0.13180413499987373	65.188
chr4	82530259	0.06794155214734421	65.2205
chr4	82640648	0.15900134177662742	65.228
chr4	83256995	0.0	65.326
chr4	83269207	0.0425051309765554	65.326
chr4	83351550	0.0	65.3295
chr4	83366666	0.1010101010101732	65.3295
chr4	83401316	0.20756405730882818	65.333
chr4	84157709	0.01915824160186164	65.49
chr4	84340398	0.0211822093649725	65.4935
chr4	84505631	0.0	65.497
chr4	84557591	0.0	65.497
chr4	84574723	0.6925003683512162	65.497
chr4	84642593	3.1425848611364953	65.544
chr4	84686665	0.8432929134315148	65.6825
chr4	84721054	0.9043112513145398	65.7115
chr4	84744829	1.2552762987281527	65.733
chr4	84962311	0.0	66.006
chr4	85039122	0.10047366154736619	66.006
chr4	85073957	0.0	66.0095
chr4	85141319	0.3573630808900984	66.0095
chr4	85212675	0.23369004641564886	66.035
chr4	85336771	0.0	66.064
chr4	85364304	0.0	66.064
chr4	85412074	0.16594205303508644	66.064
chr4	85502467	0.09614856326582334	66.079
chr4	85575271	0.2725922583798278	66.086
chr4	85628464	0.0	66.1005
chr4	85659420	1.4319993807572622	66.1005
chr4	85672339	0.7383997400832495	66.119
chr4	85740053	0.0	66.169
chr4	85757721	0.470366886171677	66.169
chr4	85773666	0.0	66.1765
chr4	85792428	0.5612362573997008	66.1765
chr4	85857463	1.2976165617638264	66.213
chr4	85890986	0.9053067776678452	66.2565
chr4	86051705	1.7423983600955653	66.402
chr4	86095610	0.0	66.4785
chr4	86116931	0.30122026251023537	66.4785
chr4	86272963	0.14331340594556144	66.5255
chr4	86297385	0.0	66.529
chr4	86335708	0.0	66.529
chr4	86399895	0.032527276444698994	66.529
chr4	86507497	1.1028111279884572	66.5325
chr4	86603615	0.0	66.6385
chr4	86625643	0.17361541704915803	66.6385
chr4	86706281	4.948472329413659	66.6525
chr4	86728308	0.8393448573115135	66.7615
chr4	86750349	0.3330808014837621	66.78
chr4	86826907	0.38120132875918983	66.8055
chr4	86845270	0.2204336904701203	66.8125
chr4	86942805	0.0	66.834
chr4	86979660	0.18986627256589458	66.834
chr4	87077097	0.4497727871953776	66.8525
chr4	87141574	0.0	66.8815
chr4	87154303	0.0	66.8815
chr4	87203398	0.0	66.8815
chr4	87228044	0.0	66.8815
chr4	87287283	0.09594429748202128	66.8815
chr4	87360242	1.4599160902597892	66.8885
chr4	87395518	0.28837439235416507	66.94
chr4	87419792	0.5412518837686808	66.947
chr4	87466905	0.29144808060642025	66.9725
chr4	87478914	0.0	66.976
chr4	87522501	16.982944991592447	66.976
chr4	87543316	0.17445048098502225	67.3295
chr4	87563379	1.5241169087327757	67.333
chr4	87580110	0.0	67.3585
chr4	87596577	0.0	67.3585
chr4	87635763	0.07099247479743392	67.3585
chr4	87685064	0.1461011855068668	67.362
chr4	87709020	0.0	67.3655
chr4	87729033	0.31139490600891057	67.3655
chr4	87868727	0.1900947939370705	67.409
chr4	87908181	0.0	67.4165
chr4	87969777	0.0	67.4165
chr4	87990036	0.0	67.4165
chr4	88005242	0.0	67.4165
chr4	88078999	0.2125699709487787	67.4165
chr4	88163677	0.879648140743357	67.4345
chr4	88176182	0.0	67.4455
chr4	88201135	0.292590154341664	67.4455
chr4	88214806	0.17324588541034533	67.4495
chr4	88255211	0.0	67.4565
chr4	88267537	4.339698224061806	67.4565
chr4	88275026	0.0	67.489
chr4	88283080	0.20247599213250614	67.489
chr4	88300366	0.4607329842930128	67.4925
chr4	88348116	0.37181632273666226	67.5145
chr4	88407285	0.0	67.5365
chr4	88452584	0.22702008736356377	67.5365
chr4	88516455	4.9901058246573795	67.551
chr4	88528078	0.3267363704259243	67.609
chr4	88538790	2.305489491821552	67.6125
chr4	88559393	0.35613240211306574	67.66
chr4	88609936	0.40446062286964823	67.678
chr4	88627243	0.1609310016218933	67.685
chr4	88785696	1.289868667917775	67.7105
chr4	88802752	1.5473283743116357	67.7325
chr4	88837974	1.3830251856165214	67.787
chr4	88872319	0.28927806092345704	67.8345
chr4	89135042	0.9273979862221783	67.9105
chr4	89138816	0.0	67.914
chr4	89175664	0.24049252869855633	67.914
chr4	89206850	0.5124545926310828	67.9215
chr4	89283930	0.13503051689695172	67.961
chr4	89339473	0.4144999623180225	67.9685
chr4	89366011	0.7828089025324285	67.9795
chr4	89398586	0.14705017351934965	68.005
chr4	89449589	0.11544297117232341	68.0125
chr4	89479907	1.251671963775101	68.016
chr4	89642889	1.47514658102117	68.22
chr4	89669666	0.9015506671474744	68.2595
chr4	89758402	0.1263264274887209	68.3395
chr4	89786108	1.6301816488101517	68.343
chr4	89790402	0.33862338307335865	68.35
chr4	89834699	1.9868220983273994	68.365
chr4	89884024	0.0	68.463
chr4	89952656	0.4506308832365482	68.463
chr4	89992600	1.9788212643066714	68.481
chr4	90001949	0.0	68.4995
chr4	90038830	0.0	68.4995
chr4	90060426	0.15780693448769112	68.4995
chr4	90082605	4.50829824126797	68.503
chr4	90102790	3.0790512952097377	68.594
chr4	90147609	0.0	68.732
chr4	90168703	0.07205908845261914	68.732
chr4	90224213	0.27117068257499	68.736
chr4	90250027	0.0	68.743
chr4	90308300	0.446001911437082	68.743
chr4	90323995	0.4062938612692171	68.75
chr4	90378143	0.9728739842048705	68.772
chr4	90430565	0.2642771099147329	68.823
chr4	90511919	0.7705443791912645	68.8445
chr4	90535928	0.9397024275646402	68.863
chr4	90555083	1.2803845093172148	68.881
chr4	90580466	1.4427157001410953	68.9135
chr4	90598141	0.7558261599832325	68.939
chr4	90621956	2.0519835841314045	68.957
chr4	90646810	1.6645859342489187	69.008
chr4	90668437	0.0	69.044
chr4	90683249	0.0	69.044
chr4	90695619	0.28017346391848336	69.044
chr4	90736665	0.024995893531794783	69.0555
chr4	90876688	0.0	69.059
chr4	90915903	0.04672023920765813	69.059
chr4	90990817	0.0	69.0625
chr4	91014413	0.59801958166453	69.0625
chr4	91050365	0.8059668870553179	69.084
chr4	91086967	3.68800684624441	69.1135
chr4	91111506	0.3558867861330887	69.204
chr4	91183158	0.0	69.2295
chr4	91235262	1.1751518657795366	69.2295
chr4	91262918	0.25435943814827294	69.262
chr4	91333684	1.2193770092008	69.28
chr4	91387810	0.0	69.346
chr4	91403267	3.321840047093571	69.346
chr4	91415158	0.1488558398853795	69.3855
chr4	91489055	2.147723906388592	69.3965
chr4	91509309	0.4375497215592847	69.44
chr4	91584729	0.0	69.473
chr4	91589917	0.7634305043339096	69.473
chr4	91632488	1.3653741125081722	69.5055
chr4	91637981	0.07780025340643733	69.513
chr4	91727955	0.40549722727578347	69.52
chr4	91773578	0.06525508523561749	69.5385
chr4	91934485	0.0	69.549
chr4	92075336	2.151938719102512	69.549
chr4	92100662	0.3901124233075428	69.6035
chr4	92157056	0.8212332477153473	69.6255
chr4	92214287	0.0	69.6725
chr4	92215289	3.759553811195785	69.6725
chr4	92239494	3.39044758459055	69.7635
chr4	92283441	0.20638285896564457	69.9125
chr4	92336740	0.07662499726344771	69.9235
chr4	92382417	4.1909770728891225	69.927
chr4	92394586	0.13028588445512587	69.978
chr4	92421450	1.1779041429730448	69.9815
chr4	92433760	0.6496652572233692	69.996
chr4	92479168	0.0	70.0255
chr4	92548480	13.437807555455302	70.0255
chr4	92561689	0.046913116907378	70.203
chr4	92646953	0.07497375918437713	70.207
chr4	92700305	0.1253087966776163	70.211
chr4	92728236	0.054995129002899046	70.2145
chr4	92855520	0.0	70.2215
chr4	92868603	0.09876264514568607	70.2215
chr4	92939480	0.0	70.2285
chr4	92954514	0.6676783004558355	70.2285
chr4	92970989	0.4739540695418019	70.2395
chr4	92994198	0.0	70.2505
chr4	93017368	0.0	70.2505
chr4	93062178	0.0	70.2505
chr4	93081497	0.4632608415905465	70.2505
chr4	93120352	0.0	70.2685
chr4	93129776	0.37750094375186277	70.2685
chr4	93148319	0.28886390606462853	70.2755
chr4	93212363	0.9400933609957327	70.294
chr4	93227787	0.46204859664078113	70.3085
chr4	93282976	0.13683804595265003	70.334
chr4	93363363	4.4712182061580075	70.345
chr4	93382038	1.0136250058933187	70.4285
chr4	93403249	0.1532508333010489	70.45
chr4	93429350	1.6681695220922517	70.454
chr4	93440440	0.29121143958874757	70.4725
chr4	93589816	0.9351278007992175	70.516
chr4	93617085	0.7667754417875919	70.5415
chr4	93673164	0.49860616911795114	70.5845
chr4	93717287	0.0	70.6065
chr4	93744041	0.0	70.6065
chr4	93751733	0.0	70.6065
chr4	93789263	0.6160417265596357	70.6065
chr4	93813612	0.37816905669519096	70.6215
chr4	93879720	0.5718342075165903	70.6465
chr4	93905077	1.788378085163957	70.661
chr4	93964069	0.1245516141890426	70.7665
chr4	94024285	0.0	70.774
chr4	94102671	0.09543285616912069	70.774
chr4	94139346	0.33111586044958546	70.7775
chr4	94172567	2.3298786856267664	70.7885
chr4	94185014	0.06141643854851023	70.8175
chr4	94242002	0.12878714704288252	70.821
chr4	94273061	0.0	70.825
chr4	94350548	0.0	70.825
chr4	94447562	0.7681793619342322	70.825
chr4	94541941	2.839638672748626	70.8975
chr4	94586665	0.5933346657339791	71.0245
chr4	94666721	0.5953940317700225	71.072
chr4	94708710	0.0	71.097
chr4	94720624	0.2445436204685999	71.097
chr4	94736981	1.9976448818235106	71.101
chr4	94760759	0.20004000800174326	71.1485
chr4	94795752	0.24425989252582184	71.1555
chr4	94810081	5.845210174995454	71.159
chr4	94865511	6.759915477681852	71.483
chr4	94918988	9.73052344218562	71.8445
chr4	94967341	0.32304958811217	72.315
chr4	94979723	3.851709195955623	72.319
chr4	95000493	0.31797946761131685	72.399
chr4	95033514	0.16958350291700333	72.4095
chr4	95077740	0.19268883505849488	72.417
chr4	95095904	0.06600535586307463	72.4205
chr4	95201956	0.0	72.4275
chr4	95242021	0.0	72.4275
chr4	95271579	1.4567983924983807	72.4275
chr4	95331299	0.0	72.5145
chr4	95369252	0.09478591308989737	72.5145
chr4	95485303	0.3113389651092918	72.5255
chr4	95533482	0.14872731908394599	72.5405
chr4	95557015	0.1579814484643075	72.544
chr4	95601324	0.03249888575251171	72.551
chr4	95709020	0.12731555159433056	72.5545
chr4	95740438	0.23328808958283617	72.5585
chr4	95787590	0.09270786427537653	72.5695
chr4	95825343	0.5323813102845227	72.573
chr4	95873241	3.704693421436289	72.5985
chr4	95914405	0.0	72.751
chr4	95927520	1.154590276476868	72.751
chr4	95943543	0.39789306150318327	72.7695
chr4	95969932	0.0	72.78
chr4	95977573	0.6060606060606291	72.78
chr4	96007273	1.4384797925656843	72.798
chr4	96116416	0.39795338260363256	72.955
chr4	96151596	0.6315523556903107	72.969
chr4	96175347	1.5863964675264859	72.984
chr4	96243741	3.569410435110102	73.0925
chr4	96296831	0.19521445702507118	73.282
chr4	96332689	4.62405776905006	73.289
chr4	96348476	0.05294186604955361	73.362
chr4	96612917	2.0173341303045644	73.376
chr4	96632993	1.7837157246778022	73.4165
chr4	96647289	0.32841838236966137	73.442
chr4	96779742	0.14238639599700995	73.4855
chr4	96804323	0.18996960486297199	73.489
chr4	96841171	0.2666287461341459	73.496
chr4	96869300	0.06995662689137737	73.5035
chr4	96919331	0.23993967231015906	73.507
chr4	96933918	0.17876695492859995	73.5105
chr4	96978669	0.0	73.5185
chr4	97002309	0.0	73.5185
chr4	97021786	0.6175017642905697	73.5185
chr4	97044458	0.0	73.5325
chr4	97072003	0.48753425348412754	73.5325
chr4	97131486	0.159714496568872	73.5615
chr4	97222273	0.0	73.576
chr4	97249467	0.17493221376737902	73.576
chr4	97272333	0.07565768141636586	73.58
chr4	97318594	0.5548964831042892	73.5835
chr4	97344725	0.846544559026911	73.598
chr4	97357719	0.39534025618087554	73.609
chr4	97376690	0.5954406260637124	73.6165
chr4	97388446	0.0	73.6235
chr4	97427078	0.0	73.6235
chr4	97462228	0.2148443094901939	73.6235
chr4	97497137	0.6572893387670746	73.631
chr4	97535172	0.34641305032423253	73.656
chr4	97566926	0.9330015994313486	73.667
chr4	97656958	0.06639098600076426	73.751
chr4	97709676	0.0	73.7545
chr4	97741444	0.8201042704006798	73.7545
chr4	97758515	0.08413259296643871	73.7685
chr4	97847660	0.0	73.776
chr4	97888825	0.0	73.776
chr4	97907295	0.0	73.776
chr4	97920926	0.29649395893594904	73.776
chr4	97934417	0.0	73.78
chr4	97953224	0.0	73.78
chr4	97956937	0.0	73.78
chr4	97995598	0.0	73.78
chr4	98029371	0.0	73.78
chr4	98076250	0.0	73.78
chr4	98103760	0.0	73.78
chr4	98128972	0.0	73.78
chr4	98153794	0.1345325953260494	73.78
chr4	98179810	0.11771432415170018	73.7835
chr4	98209543	0.8305264614959019	73.787
chr4	98231216	0.0	73.805
chr4	98243759	0.0	73.805
chr4	98282797	0.0	73.805
chr4	98298284	0.0	73.805
chr4	98333121	0.0	73.805
chr4	98360565	0.0	73.805
chr4	98383292	0.0	73.805
chr4	98424250	0.0	73.805
chr4	98477770	0.22310122765959406	73.805
chr4	98560692	0.0	73.8235
chr4	98603403	0.2173103191358811	73.8235
chr4	98619509	0.0	73.827
chr4	98671567	0.24680862733269365	73.827
chr4	98744498	16.447368421068838	73.845
chr4	98744954	0.31795379071576135	73.8525
chr4	98801566	0.0	73.8705
chr4	98908082	0.056489196441048974	73.8705
chr4	98978892	1.0697123296688453	73.8745
chr4	99009274	0.02865751809519619	73.907
chr4	99131406	0.1406526281949245	73.9105
chr4	99156290	0.028413011535702987	73.914
chr4	99279473	0.1338867318247	73.9175
chr4	99331756	1.9755133895911732	73.9245
chr4	99352257	0.0	73.965
chr4	99415081	0.0	73.965
chr4	99433976	0.0	73.965
chr4	99451056	0.0	73.965
chr4	99484383	0.09289980092906439	73.965
chr4	99522058	0.21864845098879135	73.9685
chr4	99654691	0.7126198497017154	73.9975
chr4	99670127	0.21491192316525512	74.0085
chr4	99805066	1.7439556084031367	74.0375
chr4	99817681	0.5925173522937106	74.0595
chr4	99841309	0.5039659932511532	74.0735
chr4	99864128	1.791368105316046	74.085
chr4	99876130	5.326522230208338	74.1065
chr4	99915086	0.0	74.314
chr4	99947928	11.14569735917303	74.314
chr4	99967846	0.0	74.536
chr4	99981775	0.0	74.536
chr4	100012641	0.8012820512815394	74.536
chr4	100025745	0.0	74.5465
chr4	100099033	0.0	74.5465
chr4	100139494	0.31202133091308476	74.5465
chr4	100174748	0.0	74.5575
chr4	100193767	0.0	74.5575
chr4	100230149	0.0	74.5575
chr4	100246660	0.0	74.5575
chr4	100299045	0.0	74.5575
chr4	100326803	0.0	74.5575
chr4	100354760	0.0	74.5575
chr4	100674705	3.3074817518244024	74.5575
chr4	100679089	0.0	74.572
chr4	100688994	0.0	74.572
chr4	100720984	0.054356266501048314	74.572
chr4	100785374	0.07400418123606738	74.5755
chr4	100839425	0.0	74.5795
chr4	100877073	0.0	74.5795
chr4	100887981	0.0	74.5795
chr4	100917119	0.39318479685480257	74.5795
chr4	100943824	0.0	74.59
chr4	100971366	0.0	74.59
chr4	101110771	0.6015848649544945	74.59
chr4	101134874	0.0	74.6045
chr4	101156552	0.0	74.6045
chr4	101317660	0.209209471870182	74.6045
chr4	101458667	0.3278381416263114	74.634
chr4	101480019	3.9480280748661634	74.641
chr4	101503955	0.8886437457864914	74.7355
chr4	101536589	1.3621194578766687	74.7645
chr4	101565955	0.41994260784361065	74.8045
chr4	101608818	0.0	74.8225
chr4	101631694	0.5266773528737378	74.8225
chr4	101653529	0.20103773765519717	74.834
chr4	101705758	0.16064257028126894	74.8445
chr4	101774233	0.0	74.8555
chr4	101799947	0.30676937759902995	74.8555
chr4	101858623	1.6629323624142078	74.8735
chr4	101887187	0.0	74.921
chr4	102060870	1.5477480266209582	74.921
chr4	102086714	0.0	74.961
chr4	102107306	0.0	74.961
chr4	102143357	0.0	74.961
chr4	102180062	0.1712556847373193	74.961
chr4	102285168	0.13615645004524107	74.979
chr4	102523864	0.45922891769782476	75.0115
chr4	102618588	0.6999904546753432	75.055
chr4	102650017	0.6115527881249115	75.077
chr4	102685991	0.0	75.099
chr4	102760112	0.0	75.099
chr4	102776465	0.0	75.099
chr4	102808654	0.0	75.099
chr4	102832111	0.0601953769950898	75.099
chr4	102890255	0.16607784521538305	75.1025
chr4	102956489	0.7685433422699977	75.1135
chr4	102984464	0.0	75.135
chr4	103012850	0.0	75.135
chr4	103026264	0.06132819344643929	75.135
chr4	103083334	1.0489677204026877	75.1385
chr4	103104307	3.7145525556123995	75.1605
chr4	103127863	2.0771270053839515	75.248
chr4	103164452	0.3263281555935861	75.324
chr4	103187435	0.0	75.3315
chr4	103202154	1.0830999066291827	75.3315
chr4	103228929	0.0	75.3605
chr4	103254709	0.05033364012889009	75.3605
chr4	103324245	0.0	75.364
chr4	103376112	0.0	75.364
chr4	103403669	0.5207665683886499	75.364
chr4	103466077	0.0	75.3965
chr4	103470188	0.0	75.3965
chr4	103472980	0.3831951508393952	75.3965
chr4	103501686	5.289546252193851	75.4075
chr4	103521631	11.909038158658158	75.513
chr4	103557822	2.6448567708332407	75.944
chr4	103570110	0.6229043245463671	75.9765
chr4	103645563	1.6611295681065719	76.0235
chr4	103669643	15.024853140532713	76.0635
chr4	103687347	0.41146696427569135	76.3295
chr4	103776054	1.3208329016882763	76.366
chr4	103795360	18.581727701927086	76.3915
chr4	103826708	2.8877756150480742	76.974
chr4	103858047	0.0	77.0645
chr4	103892207	0.0	77.0645
chr4	103918648	0.29129607332921853	77.0645
chr4	103944395	0.0	77.072
chr4	104015473	0.0	77.072
chr4	104032025	0.5854800936760448	77.072
chr4	104043981	7.485542942814439	77.079
chr4	104090671	3.848656897286745	77.4285
chr4	104135232	0.0	77.6
chr4	104152606	0.0	77.6
chr4	104241274	0.0	77.6
chr4	104278732	0.6959443244546384	77.6
chr4	104299567	1.3942140118505417	77.6145
chr4	104328257	0.7355698502899289	77.6545
chr4	104397591	0.0	77.7055
chr4	104447406	0.6359370203060472	77.7055
chr4	104470207	0.0	77.72
chr4	104504423	1.2482255617014806	77.72
chr4	104606568	0.0	77.8475
chr4	104625983	0.08878066103549961	77.8475
chr4	104665406	0.0	77.851
chr4	104713843	0.0	77.851
chr4	104728168	0.0	77.851
chr4	104751738	0.0	77.851
chr4	104773196	0.0	77.851
chr4	104793039	1.4804299330766073	77.851
chr4	104842349	0.7478940877002643	77.924
chr4	104880456	0.7342515697791261	77.9525
chr4	104900204	2.2007702695942046	77.967
chr4	104920197	0.25724890669233036	78.011
chr4	104947408	1.788788766406509	78.018
chr4	104992131	13.810380267215018	78.098
chr4	105007699	7.158569058001954	78.313
chr4	105033612	1.0292301358583655	78.4985
chr4	105079763	0.39911918524630285	78.546
chr4	105152423	0.0	78.575
chr4	105221354	1.0279313767189977	78.575
chr4	105249566	0.17405614101705244	78.604
chr4	105312764	0.8353221957046543	78.615
chr4	105325334	0.0	78.6255
chr4	105342022	0.4464805683891007	78.6255
chr4	105367779	0.0	78.637
chr4	105394214	0.15938795027093952	78.637
chr4	105485187	0.0	78.6515
chr4	105519124	0.07511858004426633	78.6515
chr4	105565717	0.0	78.655
chr4	105609498	0.0	78.655
chr4	105753020	0.0	78.655
chr4	105771447	0.0	78.655
chr4	105784711	0.0	78.655
chr4	105851763	1.954175481372743	78.655
chr4	105879652	0.9634755189625716	78.7095
chr4	105891069	0.07876496534347154	78.7205
chr4	105979941	0.0	78.7275
chr4	106037399	0.14132848778470786	78.7275
chr4	106062164	0.0	78.731
chr4	106079953	0.11844037711427743	78.731
chr4	106143276	1.7244254694639802	78.7385
chr4	106293181	1.4783952691350357	78.997
chr4	106322943	0.22014655470657615	79.041
chr4	106354740	1.7986727035909176	79.048
chr4	106370863	1.6133763567029065	79.077
chr4	106391317	3.258728737690026	79.11
chr4	106419242	0.1452342420848376	79.201
chr4	106443341	1.7271157167536522	79.2045
chr4	106460132	0.19945292910806306	79.2335
chr4	106477680	0.6153650281689382	79.237
chr4	106571933	0.050835610345108834	79.295
chr4	106650618	0.4339739615608543	79.299
chr4	106658683	2.15362526920324	79.3025
chr4	106675399	2.6839087471024112	79.3385
chr4	106691793	2.9443669611036576	79.3825
chr4	106717605	0.47740983464240616	79.4585
chr4	106740646	0.667070952092346	79.4695
chr4	106773626	0.0	79.4915
chr4	106808014	3.7329582341485943	79.4915
chr4	106826498	11.936170889093818	79.5605
chr4	106857957	0.5164138601428514	79.936
chr4	106907336	0.0	79.9615
chr4	106919781	0.3620215282132152	79.9615
chr4	106940498	1.7074512850392694	79.969
chr4	107002286	1.809382629926718	80.0745
chr4	107048158	3.176832530765077	80.1575
chr4	107078062	0.0	80.2525
chr4	107086537	0.19161982626487967	80.2525
chr4	107125677	0.2559124602894137	80.26
chr4	107182337	0.4339649934905416	80.2745
chr4	107223815	0.3006696733632822	80.2925
chr4	107260400	0.5924775777881456	80.3035
chr4	107309347	3.5431235431238983	80.3325
chr4	107330797	1.5961305925030835	80.4085
chr4	107351472	1.8454024503613875	80.4415
chr4	107495614	0.0	80.7075
chr4	107549303	0.0	80.7075
chr4	107570905	0.0	80.7075
chr4	107592224	1.1451222197758406	80.7075
chr4	107614929	0.9689546916782866	80.7335
chr4	107640730	1.6799162795820655	80.7585
chr4	107695197	4.58922660246818	80.85
chr4	107708489	3.7921124061950686	80.911
chr4	107746067	0.2169440807929408	81.0535
chr4	107879742	0.08577029897081771	81.0825
chr4	108002162	0.06393978698921246	81.093
chr4	108056901	0.18085173303135918	81.0965
chr4	108120489	4.566584632212239	81.108
chr4	108138774	0.23062730627229114	81.1915
chr4	108153950	0.7968916019084773	81.195
chr4	108249948	0.0	81.2715
chr4	108271938	2.196474658173454	81.2715
chr4	108326571	8.039816232771807	81.3915
chr4	108348773	0.28534159465208714	81.57
chr4	108361039	3.592856146226058	81.5735
chr4	108375373	16.909753874202796	81.625
chr4	108386343	1.0985888815227336	81.8105
chr4	108439138	4.144236520550299	81.8685
chr4	108521059	12.964302942595479	82.208
chr4	108537643	18.60145441645971	82.423
chr4	108560195	0.2996318808323346	82.8425
chr4	108571876	2.674097843832654	82.846
chr4	108589639	6.943952384326435	82.8935
chr4	108603752	0.3211441294850209	82.9915
chr4	108627106	0.6996718780157393	82.999
chr4	108647830	0.6213987120105011	83.0135
chr4	108665532	2.8890217174732378	83.0245
chr4	108680589	0.0	83.068
chr4	108702400	0.0	83.068
chr4	108724826	2.6755852842810377	83.068
chr4	108756221	0.3345440642326994	83.152
chr4	108777145	1.9501441410883613	83.159
chr4	108812527	1.8564752576666395	83.228
chr4	108828148	4.130666758458928	83.257
chr4	108857199	2.1675336801386464	83.377
chr4	108872193	6.619669876204641	83.4095
chr4	108883825	11.631873379723691	83.4865
chr4	108898483	2.4341942404487784	83.657
chr4	108910602	1.4550705320448765	83.6865
chr4	109000632	11.926121372031615	83.8175
chr4	109019582	4.502604812701557	84.0435
chr4	109059892	2.3109338891658857	84.225
chr4	109081961	0.08993961197488118	84.276
chr4	109120876	3.0062295153134864	84.2795
chr4	109166947	0.0	84.418
chr4	109171726	0.09626615666987355	84.418
chr4	109249635	0.0	84.4255
chr4	109278757	0.5857639169426428	84.4255
chr4	109303511	1.3881847372107035	84.44
chr4	109344932	0.8641854070509071	84.4975
chr4	109395847	3.005363417791646	84.5415
chr4	109406661	4.03888942633263	84.574
chr4	109427335	0.8788223780134006	84.6575
chr4	109477402	2.902082410279137	84.7015
chr4	109522542	0.0	84.8325
chr4	109542361	4.070253693894641	84.8325
chr4	109578231	2.4568363160981126	84.9785
chr4	109600414	6.071267338138465	85.033
chr4	109664651	0.4826254826258275	85.423
chr4	109671903	32.57328990228037	85.4265
chr4	109681420	4.301552106430108	85.7365
chr4	109715245	0.037153411744599914	85.882
chr4	109809449	1.8061576080923127	85.8855
chr4	109827443	10.234808499120142	85.918
chr4	109856999	4.229223937407395	86.2205
chr4	109875915	1.2604401844951172	86.3005
chr4	109948112	4.6765671854919395	86.3915
chr4	109962118	1.5556938394524968	86.457
chr4	110018363	1.041891212186404	86.5445
chr4	110060114	0.46990473749454875	86.588
chr4	110083523	0.482758079329282	86.599
chr4	110210916	0.0	86.6605
chr4	110223697	2.2954924874797134	86.6605
chr4	110233281	2.806975633062413	86.6825
chr4	110250025	3.4321945084887924	86.7295
chr4	110269109	2.49982015682343	86.795
chr4	110296911	5.246239689470324	86.8645
chr4	110313399	0.49377256982833867	86.951
chr4	110381244	0.9487535578258778	86.9845
chr4	110526698	0.14168893207037897	87.1225
chr4	110551400	0.18006894067954365	87.126
chr4	110570837	2.337945170381998	87.1295
chr4	110586449	1.919024683925419	87.166
chr4	110613025	0.22137187312245032	87.217
chr4	110644646	0.2521613832854828	87.224
chr4	110658526	0.0	87.2275
chr4	110685214	0.6463845557183733	87.2275
chr4	110708420	0.27809707441852416	87.2425
chr4	110735389	1.561077143228887	87.25
chr4	110758450	0.6617103265735333	87.286
chr4	110835523	0.10379288870444238	87.337
chr4	110869244	0.0	87.3405
chr4	110900219	0.17583963425332944	87.3405
chr4	110940028	0.4158004158007897	87.3475
chr4	110966483	1.103228215485891	87.3585
chr4	110995942	0.2628811777070635	87.391
chr4	111011158	0.0	87.395
chr4	111035351	0.1439618295492967	87.395
chr4	111059663	0.25603511338716173	87.3985
chr4	111073333	0.5237471729557331	87.402
chr4	111115338	1.7216148747521753	87.424
chr4	111138572	5.415284640898822	87.464
chr4	111168118	3.3072438446041947	87.624
chr4	111224207	0.0	87.8095
chr4	111266161	0.1392757660168833	87.8095
chr4	111294881	2.6064291920070493	87.8135
chr4	111314448	0.4085921083347415	87.8645
chr4	111331580	0.08802374126056288	87.8715
chr4	111371342	0.5314779919793052	87.875
chr4	111392039	1.471214526307786	87.886
chr4	111443697	1.0682723123235582	87.962
chr4	111464291	0.0	87.984
chr4	111484344	1.0430824667320306	87.984
chr4	111515981	1.5084972312394067	88.017
chr4	111542166	0.6194131364164852	88.0565
chr4	111583334	3.130048465267156	88.082
chr4	111603142	0.3686927209521699	88.144
chr4	111641114	0.8348190282140179	88.158
chr4	111676451	1.9548468703285649	88.1875
chr4	111702540	0.8817635270537619	88.2385
chr4	111727490	0.10963538403716644	88.2605
chr4	111759414	1.1652348747947392	88.264
chr4	111781298	0.25179856115125904	88.2895
chr4	111795198	0.287070351373849	88.293
chr4	111821324	0.5584756898816001	88.3005
chr4	111866984	1.9511433700152723	88.326
chr4	111879797	0.0	88.351
chr4	111883634	5.636039665323768	88.351
chr4	111909450	3.7414527157781396	88.4965
chr4	111917201	4.374797463080908	88.5255
chr4	111938802	673.5294117647036	88.62
chr4	111939142	1.5888216602096656	88.849
chr4	111985088	0.0	88.922
chr4	112004495	0.19242610837457383	88.922
chr4	112043471	2.5382805728670284	88.9295
chr4	112067700	3.5360356942316193	88.991
chr4	112133593	0.14647332188172518	89.224
chr4	112208692	0.9099181073700633	89.235
chr4	112224078	0.0	89.249
chr4	112234889	0.15924200804191602	89.249
chr4	112260008	0.935906538436596	89.253
chr4	112275501	0.2149745101653769	89.2675
chr4	112291782	0.17209482424837105	89.271
chr4	112315025	1.2418325627602638	89.275
chr4	112341196	0.0	89.3075
chr4	112364667	1.666126718193241	89.3075
chr4	112386274	0.21657380244523008	89.3435
chr4	112437065	0.0	89.3545
chr4	112469650	0.6574738787406024	89.3545
chr4	112497788	0.0	89.373
chr4	112515666	0.18195050946081776	89.373
chr4	112534902	0.0	89.3765
chr4	112559392	0.7459650074596784	89.3765
chr4	112603630	0.5204928946668406	89.4095
chr4	112686244	3.645311218445197	89.4525
chr4	112708190	0.0	89.5325
chr4	112725267	0.6235754526296899	89.5325
chr4	112748520	0.0	89.547
chr4	112767289	0.10008507231158706	89.547
chr4	112807255	0.0	89.551
chr4	112850116	1.1510677145350623	89.551
chr4	112875310	0.148041620844366	89.58
chr4	112898952	2.108017736424828	89.5835
chr4	112926466	1.978239366963712	89.6415
chr4	112946686	0.6832371304039666	89.6815
chr4	112989131	0.7512613282300193	89.7105
chr4	113052358	0.7681305292153511	89.758
chr4	113071235	4.436964504284859	89.7725
chr4	113081039	5.186068860390168	89.816
chr4	113111216	0.14799362922673334	89.9725
chr4	113182165	8.820840950639756	89.983
chr4	113204045	44.702671408485195	90.176
chr4	113216136	4.099352428152477	90.7165
chr4	113319445	3.4701650444351717	91.14
chr4	113354890	0.19219434692343434	91.263
chr4	113393913	0.576346730193452	91.2705
chr4	113406926	0.08381226053611805	91.278
chr4	113448686	0.0	91.2815
chr4	113488659	0.0	91.2815
chr4	113489134	0.0	91.2815
chr4	113519432	0.3379935473962173	91.2815
chr4	113551977	0.0	91.2925
chr4	113599639	0.0	91.2925
chr4	113628907	0.17441353448986996	91.2925
chr4	113651841	0.1520747338693244	91.2965
chr4	113674856	0.26781956613249425	91.3
chr4	113700993	0.0	91.307
chr4	113731890	0.0	91.307
chr4	113761617	0.247669653712696	91.307
chr4	113806031	0.2761341222881658	91.318
chr4	113831381	1.0533197733545097	91.325
chr4	113858913	0.3188414012015892	91.354
chr4	113929481	0.0	91.3765
chr4	114016612	0.09840305892944504	91.3765
chr4	114087748	0.047509807381700596	91.3835
chr4	114161417	0.4128305471984499	91.387
chr4	114249831	0.17290354452243528	91.4235
chr4	114290316	0.3559064289644024	91.4305
chr4	114413944	0.0	91.4745
chr4	114468293	1.9779133014662464	91.4745
chr4	114486494	2.5844033310088355	91.5105
chr4	114559625	0.0	91.6995
chr4	114583323	0.12488185197334807	91.6995
chr4	114787516	1.7438231946840719	91.725
chr4	114814755	4.367720465890348	91.7725
chr4	114838795	0.42795437807287534	91.8775
chr4	114889034	0.0	91.899
chr4	114916817	1.1002260738509044	91.899
chr4	114949992	0.2825771031800654	91.9355
chr4	114962378	1.5644939628940309	91.939
chr4	115043874	0.3012140457641009	92.0665
chr4	115141811	0.6325968099044685	92.096
chr4	115163942	1.1812780553538593	92.11
chr4	115278225	0.0	92.245
chr4	115338716	0.48019207683075044	92.245
chr4	115376201	0.0	92.263
chr4	115455208	0.0	92.263
chr4	115465678	51.69971671388097	92.263
chr4	115476268	0.30003000299990534	92.8105
chr4	115499599	0.0	92.8175
chr4	115540893	0.07984499425123907	92.8175
chr4	115634825	0.0	92.825
chr4	115652086	0.0	92.825
chr4	115692505	0.0	92.825
chr4	115696226	0.0	92.825
chr4	115696686	0.0	92.825
chr4	115710737	0.0	92.825
chr4	115732171	0.0	92.825
chr4	115758730	0.0	92.825
chr4	115787202	0.0	92.825
chr4	115806547	0.0	92.825
chr4	115830588	0.0	92.825
chr4	115839659	0.7409602845284966	92.825
chr4	115873399	2.6456299004284394	92.85
chr4	115894188	0.0	92.905
chr4	115942894	0.0	92.905
chr4	115953943	0.32606670393166587	92.905
chr4	115964677	1.033794381862126	92.9085
chr4	115978703	0.11432677859810875	92.923
chr4	116009317	4.069050554870375	92.9265
chr4	116078252	0.0	93.207
chr4	116110054	0.3700962250189571	93.207
chr4	116120862	0.45871559633060305	93.211
chr4	116128492	0.5455537370428845	93.2145
chr4	116148655	1.0451637423196698	93.2255
chr4	116180229	1.35698056046473	93.2585
chr4	116211917	0.0	93.3015
chr4	116227831	0.0	93.3015
chr4	116262154	0.0	93.3015
chr4	116296230	0.22682166146814164	93.3015
chr4	116313865	0.39461568816592896	93.3055
chr4	116359479	1.4786933727664864	93.3235
chr4	116366918	0.0	93.3345
chr4	116391162	1.6864510023055523	93.3345
chr4	116490483	0.0	93.502
chr4	116524731	0.9594376365536155	93.502
chr4	116577366	3.8320209973757224	93.5525
chr4	116596416	0.0	93.6255
chr4	116613484	0.0	93.6255
chr4	116618991	0.5379098360652301	93.6255
chr4	116638511	0.0	93.636
chr4	116685506	0.0	93.636
chr4	116722932	3.082414016872124	93.636
chr4	116753752	0.0	93.731
chr4	116791408	0.0	93.731
chr4	116803480	0.0	93.731
chr4	116821824	0.18221574344036345	93.731
chr4	116841032	0.0	93.7345
chr4	116850032	5.534654897988666	93.7345
chr4	116905320	7.311435402426652	94.0405
chr4	117006121	3.7641621943947188	94.7775
chr4	117019537	0.3261529881589043	94.828
chr4	117220363	8.395045965270851	94.8935
chr4	117236027	0.0	95.025
chr4	117247293	0.0	95.025
chr4	117256569	0.0	95.025
chr4	117266336	0.5075509331812575	95.025
chr4	117322488	0.05259559248941367	95.0535
chr4	117398540	0.11009751494188427	95.0575
chr4	117430330	0.15709156193843313	95.061
chr4	117452610	3.0358548846224522	95.0645
chr4	117518654	0.42844901456687684	95.265
chr4	117536159	0.313929500403848	95.2725
chr4	117558457	0.9655051347314736	95.2795
chr4	117569850	1.249946123012395	95.2905
chr4	117593051	0.2744756568486064	95.3195
chr4	117645879	9.212427745664577	95.334
chr4	117659719	7.466101490811933	95.4615
chr4	117701240	4.0433212996391426	95.7715
chr4	117722015	0.3200887712856122	95.8555
chr4	117745446	0.0	95.863
chr4	117763583	0.0	95.863
chr4	117784603	0.2835385612443016	95.863
chr4	117846323	0.0	95.8805
chr4	117856808	0.0	95.8805
chr4	117874779	0.2658160552897836	95.8805
chr4	117944376	0.0	95.899
chr4	118057779	1.0356097746361956	95.899
chr4	118110405	0.0	95.9535
chr4	118151661	0.0	95.9535
chr4	118175573	0.0	95.9535
chr4	118186344	1.0974758056465808	95.9535
chr4	118196367	0.0	95.9645
chr4	118208138	0.0	95.9645
chr4	118222238	0.0	95.9645
chr4	118259440	0.0	95.9645
chr4	118273988	2.619294605809105	95.9645
chr4	118293268	6.949335587172055	96.015
chr4	118335862	0.0	96.311
chr4	118382674	0.0	96.311
chr4	118400030	10.608052880343651	96.311
chr4	118428169	0.0	96.6095
chr4	118459325	20.03338898163583	96.6095
chr4	118473701	2.629802881146863	96.8975
chr4	118516670	11.346340113463503	97.0105
chr4	118531124	0.0	97.1745
chr4	118568669	0.5315444114519661	97.1745
chr4	118595948	24.255109578921783	97.189
chr4	118604070	6.562877797241749	97.386
chr4	118644601	0.42000763650231693	97.652
chr4	118670791	0.0	97.663
chr4	118717349	26.476046862313275	97.663
chr4	118734591	4.647580602326371	98.1195
chr4	118772245	10.271607779951644	98.2945
chr4	118789623	0.0	98.473
chr4	118823810	0.3911954934283012	98.473
chr4	118842982	2.6557414214691963	98.4805
chr4	118904735	0.0	98.6445
chr4	118914324	0.21396258711349195	98.6445
chr4	118930682	4.2837377607492915	98.648
chr4	118949474	2.1909404611929206	98.7285
chr4	118985988	2.0507084265491966	98.8085
chr4	118991352	3.157383419688855	98.8195
chr4	119009880	0.6893382352936773	98.878
chr4	119025112	0.0	98.8885
chr4	119028340	0.3237642995902175	98.8885
chr4	119051505	7.245707956433288	98.896
chr4	119073173	0.0	99.053
chr4	119089890	12.410471721413165	99.053
chr4	119106086	4.368264668056293	99.254
chr4	119128635	2.222028581386708	99.3525
chr4	119151587	11.676657080489354	99.4035
chr4	119180448	3.2839610664410093	99.7405
chr4	119239523	0.0	99.9345
chr4	119297198	32.67350928641225	99.9345
chr4	119317658	0.0	100.603
chr4	119338510	0.0	100.603
chr4	119350821	3.435691931032087	100.603
chr4	119437412	2.3241156542986654	100.9005
chr4	119450105	13.876679643349833	100.93
chr4	119466031	28.0730530233732	101.151
chr4	119497734	1.339025295646167	102.041
chr4	119610876	2.3085142845621807	102.1925
chr4	119710074	0.12742749375617834	102.4215
chr4	119768931	1.4156149527327966	102.429
chr4	119789770	0.44911106981348514	102.4585
chr4	119822056	3.5477073274826103	102.473
chr4	119859545	0.0	102.606
chr4	119894489	1.8054940186088937	102.606
chr4	119939629	0.3972266358513534	102.6875
chr4	119967321	0.5686737170891314	102.6985
chr4	120026230	0.0	102.732
chr4	120037916	0.8174943797271385	102.732
chr4	120042809	0.0	102.736
chr4	120048788	27.982724491630254	102.736
chr4	120054345	3.2095203750455408	102.8915
chr4	120082075	2.177281252548283	102.9805
chr4	120143390	1.2820512820510024	103.114
chr4	120172250	1.8501254930083166	103.151
chr4	120241975	0.0	103.28
chr4	120285031	1.761233815688877	103.28
chr4	120306039	29.407582938388956	103.317
chr4	120327139	0.2349624060152055	103.9375
chr4	120356931	0.23274758524326064	103.9445
chr4	120374117	1.9133990354373953	103.9485
chr4	120393193	0.09204077406302236	103.985
chr4	120436652	0.8758101243650708	103.989
chr4	120453779	0.4577077993404845	104.004
chr4	120470165	0.0	104.0115
chr4	120519690	0.0	104.0115
chr4	120543480	0.19897527732203593	104.0115
chr4	120563583	0.0	104.0155
chr4	120580534	0.0	104.0155
chr4	120611017	1.4469727061223323	104.0155
chr4	120628640	1.0340698813543843	104.041
chr4	120647014	0.19395820200701536	104.06
chr4	120667637	1.6413373860185871	104.064
chr4	120692312	1.469357388635609	104.1045
chr4	120746077	2.8521984360978925	104.1835
chr4	120761679	5.153193577789377	104.228
chr4	120775942	1.2230689622728501	104.3015
chr4	120818458	0.14057777465399904	104.3535
chr4	120846912	4.642442639050049	104.3575
chr4	120869314	0.0	104.4615
chr4	120891866	7.218271924154296	104.4615
chr4	120910430	1.4111564367707021	104.5955
chr4	120952594	0.08464943043032144	104.655
chr4	120993941	0.0	104.6585
chr4	121005693	0.0	104.6585
chr4	121019332	0.25147742990052707	104.6585
chr4	121051144	0.7208962493912546	104.6665
chr4	121102469	1.2892884521566634	104.7035
chr4	121131167	1.0692779559910774	104.7405
chr4	121148936	2.8363047001641015	104.7595
chr4	121150170	1.5733708640925883	104.763
chr4	121225486	17.603783499735435	104.8815
chr4	121229292	17.76865708994464	104.9485
chr4	121249271	4.547709608070211	105.3035
chr4	121279506	0.0	105.441
chr4	121291958	0.18582179689634293	105.441
chr4	121313484	2.5061592048259156	105.445
chr4	121337026	1.4651144373159783	105.504
chr4	121349653	1.6541154392127957	105.5225
chr4	121432779	0.43029259896736916	105.66
chr4	121475773	0.0	105.6785
chr4	121496004	0.5260573753249204	105.6785
chr4	121510261	2.055325022608551	105.686
chr4	121741368	0.8230760597106354	106.161
chr4	121768097	0.7692619134374367	106.183
chr4	121792796	7.300694932458718	106.202
chr4	121844024	5.128028634361264	106.576
chr4	121858552	0.10005469656755546	106.6505
chr4	121933511	0.0	106.658
chr4	121957529	0.0	106.658
chr4	121988138	1.2802371807833337	106.658
chr4	122002979	2.8248587570619073	106.677
chr4	122037140	0.0	106.7735
chr4	122058518	0.8914774753361052	106.7735
chr4	122083757	0.6094340389225437	106.796
chr4	122108370	0.0	106.811
chr4	122132860	0.4491664507211928	106.811
chr4	122190745	0.27065008067450425	106.837
chr4	122286810	4.359434316465796	106.863
chr4	122310781	0.0	106.9675
chr4	122332516	0.0	106.9675
chr4	122354409	2.2574227119680708	106.9675
chr4	122367477	6.948132412816272	106.997
chr4	122390073	0.50187366167073	107.154
chr4	122405017	6.531416478143547	107.1615
chr4	122418720	0.0	107.251
chr4	122438127	0.9129388330978239	107.251
chr4	122450176	7.181259600614894	107.262
chr4	122463196	2.0558856453972734	107.3555
chr4	122556100	1.2024594634800467	107.5465
chr4	122596434	5.610685424779145	107.595
chr4	122620317	0.33354086987491727	107.729
chr4	122642803	46.5676077265967	107.7365
chr4	122659628	0.24207642529882287	108.52
chr4	122828996	0.0	108.561
chr4	122831653	1.9761697181047262	108.561
chr4	122848858	0.21952691948877057	108.595
chr4	122867079	0.0	108.599
chr4	122933261	10.462229577964415	108.599
chr4	122958638	5.96026490066185	108.8645
chr4	122981288	1.5541152693568414	108.9995
chr4	123053033	0.28277447367440334	109.111
chr4	123107847	0.20435688887073158	109.1265
chr4	123181248	0.8838163407823114	109.1415
chr4	123227072	12.922335785430354	109.182
chr4	123242433	0.45569820890783275	109.3805
chr4	123267669	0.6684250460672425	109.392
chr4	123295346	8.881683290452026	109.4105
chr4	123323719	7.6516793066088535	109.6625
chr4	123331103	3.915691772213102	109.719
chr4	123382818	0.09637160892412877	109.9215
chr4	123424324	0.2580689560250597	109.9255
chr4	123482448	1.8660873440287231	109.9405
chr4	123500400	0.3163088861706878	109.974
chr4	123524111	0.13288153611071982	109.9815
chr4	123554213	5.805835231865475	109.9855
chr4	123567820	6.934888100239186	110.0645
chr4	123595434	1.9222882919824846	110.256
chr4	123614942	0.9317469743821615	110.2935
chr4	123663775	1.6272595380935264	110.339
chr4	123689278	0.33978163367010755	110.3805
chr4	123733424	0.0	110.3955
chr4	123756545	0.0	110.3955
chr4	123780200	0.0	110.3955
chr4	123802124	0.0	110.3955
chr4	123825219	0.553470523741196	110.3955
chr4	123920075	0.14096419509454675	110.448
chr4	123944904	0.0	110.4515
chr4	123951733	0.0	110.4515
chr4	123966444	0.49332368611475713	110.4515
chr4	124012053	2.1957096222602117	110.474
chr4	124037785	0.0	110.5305
chr4	124048184	0.0	110.5305
chr4	124089736	0.8941770326302162	110.5305
chr4	124228411	0.07110757153428701	110.6545
chr4	124333885	0.11527643288595593	110.662
chr4	124398946	4.056704707560359	110.6695
chr4	124421378	0.4252678037792072	110.7605
chr4	124464880	0.19586994235841407	110.779
chr4	124482749	0.0	110.7825
chr4	124499976	0.0	110.7825
chr4	124548009	0.3795930762226637	110.7825
chr4	124567767	0.3707046612081125	110.79
chr4	124598789	5.048683736025913	110.8015
chr4	124618200	3.265737745707569	110.8995
chr4	124634276	11.197950873506114	110.952
chr4	124664728	0.0	111.293
chr4	124684773	0.848857483710602	111.293
chr4	124706567	13.747781093024297	111.3115
chr4	124733044	6.1637502996267415	111.6755
chr4	124791450	1.0420131382005926	112.0355
chr4	124983866	1.6671785197208222	112.236
chr4	125006659	2.424750688228028	112.274
chr4	125061510	4.039897470188627	112.407
chr4	125079456	3.336257850018324	112.4795
chr4	125122768	5.544925210378121	112.624
chr4	125171371	5.3482092395285585	112.8935
chr4	125219144	6.73508659397018	113.149
chr4	125244088	6.619309008718174	113.317
chr4	125268864	0.23021671066386487	113.481
chr4	125301442	0.47075259673215564	113.4885
chr4	125334368	1.4878774574364269	113.504
chr4	125354867	1.2818742974345148	113.5345
chr4	125405574	0.41987659279265643	113.5995
chr4	125460352	0.21445728010960707	113.6225
chr4	125495324	0.0	113.63
chr4	125508601	0.33579583613204234	113.63
chr4	125520513	0.34901263200565075	113.634
chr4	125564924	0.0	113.6495
chr4	125587595	0.0	113.6495
chr4	125609690	1.5637692932574774	113.6495
chr4	125634310	0.33148775287145565	113.688
chr4	125690119	10.335570469798414	113.7065
chr4	125693844	2.7401629599558235	113.745
chr4	125762818	0.2391249046044113	113.934
chr4	125861093	8.90401042420869	113.9575
chr4	125868000	0.0	114.019
chr4	125876049	46.54354878961698	114.019
chr4	125880056	0.44845111882790134	114.2055
chr4	125923539	0.12609545425902807	114.225
chr4	125955261	0.0	114.229
chr4	125986095	0.5984555984557126	114.229
chr4	126011995	1.777798300701842	114.2445
chr4	126033651	0.35678498770228223	114.283
chr4	126099517	1.6581755262902145	114.3065
chr4	126120323	5.625795754005032	114.341
chr4	126154096	0.6229947356943595	114.531
chr4	126250405	0.0	114.591
chr4	126290323	1.0472162349018732	114.591
chr4	126339501	6.467840459935227	114.6425
chr4	126381246	0.3360497353612441	114.9125
chr4	126393149	0.0	114.9165
chr4	126396387	0.3447149751441631	114.9165
chr4	126479064	1.403896877393664	114.945
chr4	126490817	0.04428011601395807	114.9615
chr4	126581151	0.0	114.9655
chr4	126600517	1.235616649933673	114.9655
chr4	126613466	0.0	114.9815
chr4	126616359	0.0	114.9815
chr4	126656520	0.4530524408205786	114.9815
chr4	126665349	0.0	114.9855
chr4	126723464	1.0522268763024847	114.9855
chr4	126772883	2.687411598303459	115.0375
chr4	126783488	0.10388800872635062	115.066
chr4	126821991	1.2652944092250191	115.07
chr4	126860322	0.21444271698948633	115.1185
chr4	126878975	0.5898081157591364	115.1225
chr4	126891691	0.1107941168325316	115.13
chr4	126927794	0.25134574702051515	115.134
chr4	126975537	3.1462804930612664	115.146
chr4	126987138	8.628970286885043	115.1825
chr4	127018370	3.049527419958049	115.452
chr4	127095923	0.39767513000890237	115.6885
chr4	127128613	0.0	115.7015
chr4	127146359	2.0559466699894866	115.7015
chr4	127162410	1.2587683435901649	115.7345
chr4	127208884	1.2079909742560546	115.793
chr4	127296633	0.9243264539201602	115.899
chr4	127329630	0.0	115.9295
chr4	127373936	0.09119303285207755	115.9295
chr4	127417799	0.0	115.9335
chr4	127441676	0.0	115.9335
chr4	127441677	0.0	115.9335
chr4	127469239	0.0	115.9335
chr4	127492396	1.697839113855201	115.9335
chr4	127547466	0.19178700361006212	116.027
chr4	127636106	0.6265479853393474	116.044
chr4	127806085	0.3914321282357772	116.1505
chr4	127884004	0.8622724054677045	116.181
chr4	127939091	1.9925611052074736	116.2285
chr4	127980495	0.20887679982170043	116.311
chr4	128088214	0.35370979151920245	116.3335
chr4	128112245	1.620089104900735	116.342
chr4	128161625	1.2811387900356357	116.422
chr4	128175675	4.617438043360633	116.44
chr4	128203396	0.0	116.568
chr4	128218374	0.0	116.568
chr4	128244326	0.5950193381285946	116.568
chr4	128301467	5.803259973361855	116.602
chr4	128333001	3.2470551766894853	116.785
chr4	128397521	2.2125460209572356	116.9945
chr4	128425769	1.1465677975182627	117.057
chr4	128472430	4.3917435221783485	117.1105
chr4	128511139	1.564501564501574	117.2805
chr4	128558758	1.2791724950303833	117.355
chr4	128613090	0.05669384191500077	117.4245
chr4	128701283	0.3203563583107546	117.4295
chr4	128734059	0.635324015248074	117.44
chr4	128760030	0.0	117.4565
chr4	128763994	0.0	117.4565
chr4	128786845	0.5704506560177356	117.4565
chr4	128795610	1.5229076017404628	117.4615
chr4	128834680	0.7289534090203649	117.521
chr4	128931394	0.5796310818647112	117.5915
chr4	128960723	1.4646729625738646	117.6085
chr4	128983595	3.322496516737649	117.642
chr4	129011586	1.9920318725100354	117.735
chr4	129023634	0.0	117.759
chr4	129060921	0.39001560062398694	117.759
chr4	129105791	5.742674301111623	117.7765
chr4	129135481	0.0	117.947
chr4	129159215	0.0	117.947
chr4	129209722	0.0	117.947
chr4	129264846	0.0	117.947
chr4	129322192	0.12315970972208755	117.947
chr4	129374969	0.0	117.9535
chr4	129408093	0.0	117.9535
chr4	129419000	1.1011699931175662	117.9535
chr4	129448060	0.4457509095728759	117.9855
chr4	129489563	0.19279162269655864	118.004
chr4	129588115	0.27210314802422203	118.023
chr4	129683667	0.0	118.049
chr4	129724480	0.0	118.049
chr4	129762091	0.3850034517550364	118.049
chr4	129799753	0.15155123514236704	118.0635
chr4	129845942	0.0	118.0705
chr4	129872081	0.4284058263191348	118.0705
chr4	129891922	0.08898659966511897	118.079
chr4	129987442	0.17237533207596586	118.0875
chr4	130036753	0.0	118.096
chr4	130147965	0.0	118.096
chr4	130270702	0.0	118.096
chr4	130284659	0.0	118.096
chr4	130317471	0.0	118.096
chr4	130341008	0.0	118.096
chr4	130362265	0.0	118.096
chr4	130375499	0.0	118.096
chr4	130388544	0.0	118.096
chr4	130413351	0.0	118.096
chr4	130450409	0.0	118.096
chr4	130518427	0.0	118.096
chr4	130554790	0.0	118.096
chr4	130612665	0.0	118.096
chr4	130632527	0.0	118.096
chr4	130673287	0.0	118.096
chr4	130685251	0.0	118.096
chr4	130703324	0.0	118.096
chr4	130746312	0.4783881134622891	118.096
chr4	130764080	0.0	118.1045
chr4	130773975	0.0	118.1045
chr4	130779791	0.0	118.1045
chr4	130822335	0.0	118.1045
