Chromosome	Position(bp)	Rate(cM/Mb)	Map(cM)
chr3	0	0.0	0.0
chr3	162026	1.6677973767526006	0.0
chr3	179714	10.052864199670681	0.0295
chr3	191253	83.21479374110952	0.1455
chr3	191956	1.225505922209247	0.204
chr3	269883	8.459660478055982	0.2995
chr3	287496	0.0	0.4485
chr3	290462	0.5688091812493732	0.4485
chr3	320349	1.1871911698645936	0.4655
chr3	335932	1.9985095860714026	0.484
chr3	350693	1.2084030488938475	0.5135
chr3	393725	6.5698655350478035	0.5655
chr3	491520	1.5450331727710738	1.208
chr3	502523	2.506996268656699	1.225
chr3	511099	0.0	1.2465
chr3	521069	4.556752278376137	1.2465
chr3	537967	0.27800711024245894	1.3235
chr3	597318	0.0	1.34
chr3	606915	0.0	1.34
chr3	629215	11.434204041399694	1.34
chr3	639360	0.0	1.456
chr3	653683	0.0	1.456
chr3	684614	0.0	1.456
chr3	690245	0.0	1.456
chr3	735818	0.0	1.456
chr3	765698	1.6020506247997808	1.456
chr3	768819	5.973651928102826	1.461
chr3	787568	0.4168056018672987	1.573
chr3	799564	2.6680274092433276	1.578
chr3	833859	5.072062084257207	1.6695
chr3	869939	4.3354249857387375	1.8525
chr3	887469	0.0	1.9285
chr3	900987	7.978543957897576	1.9285
chr3	930629	7.715642310735953	2.165
chr3	968539	0.058794478022622866	2.4575
chr3	1053581	0.38749677086025747	2.4625
chr3	1065194	1.81343637719477	2.467
chr3	1094696	2.832486234646318	2.5205
chr3	1113584	6.380857427716855	2.574
chr3	1128629	0.40174229289127855	2.67
chr3	1152276	1.9937040923399922	2.6795
chr3	1157041	1.9119694998059489	2.689
chr3	1244647	0.5061040549937076	2.8565
chr3	1358260	2.0222446916076864	2.914
chr3	1370128	1.324503311258256	2.938
chr3	1384473	0.0	2.957
chr3	1399710	0.37239324726911655	2.957
chr3	1464158	0.7827448251870187	2.981
chr3	1469907	2.256264101650624	2.9855
chr3	1486749	3.6564785299081746	3.0235
chr3	1492082	0.8837351437514969	3.043
chr3	1734236	0.0	3.257
chr3	1735101	3.2951911935110147	3.257
chr3	1748909	0.0	3.3025
chr3	1760126	2.3614194859443747	3.3025
chr3	1813272	15.779391006251247	3.428
chr3	1823190	0.6469315367970226	3.5845
chr3	1912844	11.402321479840861	3.6425
chr3	1937225	9.52070358525501	3.9205
chr3	1984753	0.0	4.373
chr3	1987065	0.0	4.373
chr3	2015583	0.0	4.373
chr3	2037806	0.8919722497521757	4.373
chr3	2047896	38.43074459567658	4.382
chr3	2060386	0.7992185418702017	4.862
chr3	2071647	2.8290430370347437	4.871
chr3	2330215	2.839664891287451	5.6025
chr3	2400998	0.0	5.8035
chr3	2414031	0.0	5.8035
chr3	2421229	0.0	5.8035
chr3	2424819	0.13702384214853905	5.8035
chr3	2457660	15.497389208729448	5.808
chr3	2472598	0.0	6.0395
chr3	2492021	0.9728694942647678	6.0395
chr3	2555750	0.0	6.1015
chr3	2581941	1.148427214923962	6.1015
chr3	2617642	0.0	6.1425
chr3	2642412	0.0	6.1425
chr3	2654468	0.0	6.1425
chr3	2665251	0.19724809027985005	6.1425
chr3	2748902	0.0	6.159
chr3	2750058	0.6449012494961716	6.159
chr3	2762463	0.0	6.167
chr3	2789838	0.0	6.167
chr3	2793727	0.0	6.167
chr3	2801010	2.5991937194992305	6.167
chr3	2810436	0.0	6.1915
chr3	2812051	2.4438346767278505	6.1915
chr3	2823713	1.3404489877731145	6.22
chr3	2863625	0.5505208774455789	6.2735
chr3	2922660	0.0	6.306
chr3	2940931	0.9554973821989581	6.306
chr3	2979131	3.2394036374990316	6.3425
chr3	2991942	8.247327681533289	6.384
chr3	3002794	2.4313257123357954	6.4735
chr3	3014516	0.0	6.502
chr3	3021785	48.840674178228944	6.502
chr3	3032524	11.56908558854887	7.0265
chr3	3076607	0.68105045221751	7.5365
chr3	3094961	0.0	7.549
chr3	3101760	6.9251137212302165	7.549
chr3	3131218	1.4881729413607745	7.753
chr3	3150369	0.0	7.7815
chr3	3155558	0.0	7.7815
chr3	3162320	0.0	7.7815
chr3	3170356	0.0	7.7815
chr3	3175342	1.3520822065981324	7.7815
chr3	3190134	7.366567828020747	7.8015
chr3	3211718	0.0	7.9605
chr3	3233508	0.2600611143619041	7.9605
chr3	3248889	5.821474773609344	7.9645
chr3	3262803	2.0072095690643734	8.0455
chr3	3275009	0.2830856334040736	8.07
chr3	3289139	0.6842870584210843	8.074
chr3	3300830	2.7809965237543137	8.082
chr3	3313775	0.512952038984344	8.118
chr3	3352765	0.0	8.138
chr3	3368690	8.61661945231355	8.138
chr3	3372926	10.761670761670821	8.1745
chr3	3383101	0.0	8.284
chr3	3402635	0.0	8.284
chr3	3418554	10.08672699849164	8.284
chr3	3434466	0.49120437171890874	8.4445
chr3	3467039	18.886902101028216	8.4605
chr3	3480461	3.9235976372181347	8.714
chr3	3526847	0.4566210045661597	8.896
chr3	3535607	27.718550106609595	8.9
chr3	3539359	0.4886860453954512	9.004
chr3	3653952	2.6542122859403112	9.06
chr3	3693135	0.0	9.164
chr3	3703896	0.36896965224606215	9.164
chr3	3714737	4.992494942243759	9.168
chr3	3730060	4.897559382907558	9.2445
chr3	3742311	1.8606381989021838	9.3045
chr3	3753060	29.66763328128479	9.3245
chr3	3766509	26.319543509272453	9.7235
chr3	3780529	1.4077410941853241	10.0925
chr3	3814271	6.237077877325892	10.14
chr3	3828781	0.0	10.2305
chr3	3832602	82.45107475136358	10.2305
chr3	3841953	1.006036217303861	11.0015
chr3	3861336	0.6827336655970361	11.021
chr3	3934571	9.85954473119768	11.071
chr3	3949024	14.941092466976075	11.2135
chr3	3977034	4.376770864527412	11.632
chr3	4020445	4.498441484839985	11.822
chr3	4034561	6.315789473684209	11.8855
chr3	4049286	1.353510974854023	11.9785
chr3	4079947	12.270212386221761	12.02
chr3	4091153	8.395461912479751	12.1575
chr3	4106578	2.5987175160310283	12.287
chr3	4151023	0.0	12.4025
chr3	4160759	8.19413803970999	12.4025
chr3	4163932	0.0	12.4285
chr3	4178058	2.1149358226371002	12.4285
chr3	4184914	2.6737967914438423	12.443
chr3	4190337	0.0	12.4575
chr3	4196868	5.028070824850399	12.4575
chr3	4213077	0.0	12.539
chr3	4221675	0.0	12.539
chr3	4239803	11.79044263878627	12.539
chr3	4257402	2.1394814152509953	12.7465
chr3	4382666	0.0	13.0145
chr3	4392423	13.645458183273352	13.0145
chr3	4404918	5.969761858412741	13.185
chr3	4420329	5.47165872159784	13.277
chr3	4477807	17.167103941955734	13.5915
chr3	4508680	2.021164778613704	14.1215
chr3	5039562	2.487324213144533	15.1945
chr3	5050015	1.0011832165287167	15.2205
chr3	5061002	0.3989968080255172	15.2315
chr3	5078546	0.3036053130929457	15.2385
chr3	5091721	0.0	15.2425
chr3	5111257	5.37373082739257	15.2425
chr3	5129773	7.170055902130746	15.342
chr3	5179145	8.960166217576205	15.696
chr3	5209948	12.00398472522003	15.972
chr3	5240063	6.177847113884568	16.3335
chr3	5256088	1.3196093956189467	16.4325
chr3	5267455	5.629012168247567	16.4475
chr3	5288329	5.88971940672318	16.565
chr3	5313882	3.943524829600813	16.7155
chr3	5344692	4.902464065708483	16.837
chr3	5364172	4.142535392535454	16.9325
chr3	5376604	7.217016966320411	16.984
chr3	5392400	4.782781984854503	17.098
chr3	5409963	2.1087873385799667	17.182
chr3	5432962	16.633275870102004	17.2305
chr3	5454425	8.497210674822856	17.5875
chr3	5500852	4.500247030266621	17.982
chr3	5547405	11.17778950145076	18.1915
chr3	5562569	2.662793512466529	18.361
chr3	5570831	1.6300995682438555	18.383
chr3	5582180	35.0126064411779	18.4015
chr3	5603201	0.39397222495827205	19.1375
chr3	5613354	0.0	19.1415
chr3	5639209	2.31587073230636	19.1415
chr3	5667708	0.0	19.2075
chr3	5715227	1.261709042248184	19.2075
chr3	5741382	9.39016918799186	19.2405
chr3	5783820	3.9371649751932156	19.639
chr3	5934182	0.0	20.231
chr3	5941397	0.0	20.231
chr3	5945495	0.23074083189751204	20.231
chr3	5977999	0.5719078847033922	20.2385
chr3	5991113	0.6725417439703134	20.246
chr3	6034233	9.555048488305786	20.275
chr3	6037739	0.06353124829831552	20.3085
chr3	6092830	0.0	20.312
chr3	6119821	3.6712458550449814	20.312
chr3	6178929	14.31933573090753	20.529
chr3	6216745	2.4378334518142006	21.0705
chr3	6495271	1.188051595383214	21.7495
chr3	6498217	0.14744643649364486	21.753
chr3	7647787	0.1232030554357861	21.9225
chr3	7826354	0.11696688166289972	21.9445
chr3	7856277	2.045985002731286	21.948
chr3	7956962	0.38683359122239835	22.154
chr3	8184450	0.0	22.242
chr3	8199533	0.0	22.242
chr3	8241846	0.16648504661580144	22.242
chr3	8307918	0.13534954018753942	22.253
chr3	8440907	20.404259389147505	22.271
chr3	8456590	0.913242009132413	22.591
chr3	8485060	0.0	22.617
chr3	8502906	0.43658971045369693	22.617
chr3	8703323	0.16543965588557102	22.7045
chr3	8727501	0.3928509756518629	22.7085
chr3	8959141	5.266729303685146	22.7995
chr3	9054931	0.0	23.304
chr3	9080037	0.16551202326629583	23.304
chr3	9122330	1.8550054737866424	23.311
chr3	9171656	0.5362923670969979	23.4025
chr3	9274212	3.5529715762271423	23.4575
chr3	9277308	1.2274368231047397	23.4685
chr3	9298083	0.9798390688560009	23.494
chr3	9331762	0.053011829211016596	23.527
chr3	9397785	0.5960896518836659	23.5305
chr3	9410367	0.0	23.538
chr3	9429950	0.0	23.538
chr3	9442092	0.16642891107936036	23.538
chr3	9463122	0.49603174603176486	23.5415
chr3	9478242	2.866823038832221	23.549
chr3	9482079	1.3348164627364243	23.56
chr3	9495564	0.23398850113644526	23.578
chr3	9510522	0.17948717948730775	23.5815
chr3	9530022	1.03989669000203	23.585
chr3	9603587	0.12597234906942134	23.6615
chr3	9635340	0.31874203144907487	23.6655
chr3	9658870	1.0981331736051498	23.673
chr3	9668887	7.027463651049773	23.684
chr3	9675077	1.009003415088557	23.7275
chr3	9707287	0.0	23.76
chr3	9741193	0.30268634127868205	23.76
chr3	9754408	0.2056070245035273	23.764
chr3	9878431	3.228658185032849	23.7895
chr3	9904448	1.0033213396070948	23.8735
chr3	9918900	0.9785260448780634	23.888
chr3	9956201	2.7339980701191133	23.9245
chr3	9965528	3.9979095897569557	23.95
chr3	9984663	1.7659289640833167	24.0265
chr3	10019772	0.7016312927556418	24.0885
chr3	10076782	2.0459742447948783	24.1285
chr3	10101709	23.92257121986856	24.1795
chr3	10104447	1.9727989537091692	24.245
chr3	10422523	0.1529553151972348	24.8725
chr3	10468288	1.2098725600903828	24.8795
chr3	10474487	0.15672577467306772	24.887
chr3	10496819	1.834571480340711	24.8905
chr3	10518895	1.296117675427998	24.931
chr3	10535483	0.0	24.9525
chr3	10558095	0.0	24.9525
chr3	10569565	0.5983962979215929	24.9525
chr3	10594632	0.0	24.9675
chr3	10657334	0.5648847121655232	24.9675
chr3	10696280	0.0	24.9895
chr3	10716488	0.0	24.9895
chr3	10820565	0.0	24.9895
chr3	10855030	0.08324810313248218	24.9895
chr3	10897073	5.949610147794805	24.993
chr3	10931445	0.0	25.1975
chr3	10946874	0.5441234665611018	25.1975
chr3	10967090	0.20078593351111196	25.2085
chr3	11001953	0.4427212600115544	25.2155
chr3	11076492	5.217218573999209	25.2485
chr3	11162074	1.4751348839089133	25.695
chr3	11211561	0.526273176261013	25.768
chr3	11273316	0.2239390885679843	25.8005
chr3	11291178	1.3917773156294764	25.8045
chr3	11384943	3.1360250882007783	25.935
chr3	11410453	0.2948330507848296	26.015
chr3	11424020	0.15252316899567703	26.019
chr3	11492862	0.0	26.0295
chr3	11506933	3.6766395514500596	26.0295
chr3	11528692	0.03575405297728032	26.1095
chr3	11626583	1.9321148825064771	26.113
chr3	11636158	6.1638528189353385	26.1315
chr3	11678745	0.0	26.394
chr3	11697474	0.2765923818557374	26.394
chr3	11710128	0.5150536123987093	26.3975
chr3	11731485	0.0	26.4085
chr3	11731817	0.2121083570692048	26.4085
chr3	11748318	0.0	26.412
chr3	11766179	0.0	26.412
chr3	11781243	0.17418134766609442	26.412
chr3	11801337	22.188679245282966	26.4155
chr3	11821212	0.10563845239661385	26.8565
chr3	11859077	0.4993342210386341	26.8605
chr3	11895125	1.4246902127095373	26.8785
chr3	11910216	5.107665172337874	26.9
chr3	11923823	2.9168203305729623	26.9695
chr3	11953650	8.926819697861418	27.0565
chr3	11974038	6.290304007369944	27.2385
chr3	12008774	7.153546842262712	27.457
chr3	12025479	7.722416164180726	27.5765
chr3	12034932	5.821970277309676	27.6495
chr3	12047986	2.529680842331475	27.7255
chr3	12181995	0.3014772384684933	28.0645
chr3	12268237	0.29325513196501896	28.0905
chr3	12280172	5.376188268026825	28.094
chr3	12314676	0.0	28.2795
chr3	12328872	0.28492347769476567	28.2795
chr3	12341156	0.5801392334160181	28.283
chr3	12391144	0.2804487179486337	28.312
chr3	12416104	0.0	28.319
chr3	12428304	0.0	28.319
chr3	12442759	0.0	28.319
chr3	12471349	0.305899877640092	28.319
chr3	12508943	0.0	28.3305
chr3	12520272	0.0	28.3305
chr3	12546527	0.5407265398416768	28.3305
chr3	12566870	4.921942391285969	28.3415
chr3	12625993	0.6203124118873983	28.6325
chr3	12643726	0.8397826444920456	28.6435
chr3	12674091	5.617447129909355	28.669
chr3	12705867	0.0	28.8475
chr3	12724049	0.7299769601021975	28.8475
chr3	12767886	0.7239945817179827	28.8795
chr3	12853522	1.1322178890424663	28.9415
chr3	12869420	4.132962812184769	28.9595
chr3	12925917	0.22364217252389446	29.193
chr3	12941567	1.7534042156314342	29.1965
chr3	12968372	0.0	29.2435
chr3	12986848	0.0	29.2435
chr3	12990996	0.0	29.2435
chr3	13009348	0.0	29.2435
chr3	13018497	2.348944781728741	29.2435
chr3	13032333	0.5286809410522517	29.276
chr3	13039899	0.9830205540660619	29.28
chr3	13062279	1.2008261684039643	29.302
chr3	13083098	0.7033542722708621	29.327
chr3	13124329	0.0	29.356
chr3	13145505	1.138834247851665	29.356
chr3	13155164	5.564041021164612	29.367
chr3	13159747	0.2710656753408244	29.3925
chr3	13185571	0.2126466778789312	29.3995
chr3	13237300	0.43173862310383937	29.4105
chr3	13280150	0.35961596360357245	29.429
chr3	13339936	0.0	29.4505
chr3	13351260	0.36291054255106	29.4505
chr3	13362282	0.21567660833128743	29.4545
chr3	13410966	0.0	29.465
chr3	13427578	0.37735849056611587	29.465
chr3	13446128	0.43808411214954934	29.472
chr3	13463248	0.1477104874445642	29.4795
chr3	13486943	4.300168634064243	29.483
chr3	13492873	0.0	29.5085
chr3	13508172	2.0995800839831285	29.5085
chr3	13546513	0.5553561969208047	29.589
chr3	13605034	0.0	29.6215
chr3	13617792	0.0	29.6215
chr3	13639893	0.23375409069651695	29.6215
chr3	13669839	0.478906352039827	29.6285
chr3	13692808	0.22129116015569253	29.6395
chr3	13726700	6.410964960760454	29.647
chr3	13735747	0.3956739646531408	29.705
chr3	13754702	0.0	29.7125
chr3	13770524	14.29900023250461	29.7125
chr3	13774825	0.0	29.774
chr3	13803644	3.1149583579250724	29.774
chr3	13818893	0.4375729288214868	29.8215
chr3	13836033	0.8656027380904624	29.829
chr3	13886287	0.5070796114990153	29.8725
chr3	14014472	0.27345886397366576	29.9375
chr3	14027271	0.9190011408290372	29.941
chr3	14074605	3.89077532541028	29.9845
chr3	14088741	0.0	30.0395
chr3	14102570	0.0	30.0395
chr3	14124170	0.0	30.0395
chr3	14125663	0.2035435970999961	30.0395
chr3	14177249	2.4918612595955794	30.05
chr3	14202130	0.5698778833107407	30.112
chr3	14220555	0.8652106656878753	30.1225
chr3	14258696	0.0	30.1555
chr3	14283774	0.0	30.1555
chr3	14302284	0.666475000653432	30.1555
chr3	14340545	7.345225603357847	30.181
chr3	14364370	18.650088809946634	30.356
chr3	14386890	25.185865842452657	30.776
chr3	14410832	1.996867658574582	31.379
chr3	14423602	0.3057669060655569	31.4045
chr3	14493917	5.405530809205737	31.426
chr3	14515469	2.9585798816559157	31.5425
chr3	14516652	2.933530073074789	31.546
chr3	14545116	1.4284700287468624	31.6295
chr3	14601470	6.13706102966229	31.71
chr3	14610269	2.127833701612227	31.764
chr3	14622488	5.206463195691315	31.79
chr3	14636413	0.3989740666855455	31.8625
chr3	14653958	3.5406831435713646	31.8695
chr3	14668362	0.563788659793645	31.9205
chr3	14680778	18.786392889978753	31.9275
chr3	14697093	7.208994708994825	32.234
chr3	14712213	30.987281741754078	32.343
chr3	14721491	4.577425477280381	32.6305
chr3	14757319	1.0234890742541105	32.7945
chr3	14796401	2.0319523044318903	32.8345
chr3	14882279	0.5515285219039554	33.009
chr3	14888625	5.312298776560552	33.0125
chr3	14894837	4.827384435342489	33.0455
chr3	14901673	17.171326303569895	33.0785
chr3	14912010	7.242676953915445	33.256
chr3	14964891	0.0	33.639
chr3	14977161	0.5291069647504627	33.639
chr3	15059375	4.199624887874445	33.6825
chr3	15071638	1.0973210231571198	33.734
chr3	15084852	3.8712150249137256	33.7485
chr3	15097897	0.0	33.799
chr3	15109188	1.6685035513102293	33.799
chr3	15141852	3.0465385019434725	33.8535
chr3	15160890	7.458321146534357	33.9115
chr3	15171147	2.53292806484287	33.988
chr3	15183978	1.9927744007341728	34.0205
chr3	15218854	18.230432668935045	34.09
chr3	15233253	1.3902834633506358	34.3525
chr3	15246200	4.073627036813673	34.3705
chr3	15259456	7.287933094384417	34.4245
chr3	15272011	0.9704699847499584	34.516
chr3	15286437	13.388904155598231	34.53
chr3	15319188	3.397375820056361	34.9685
chr3	15331992	2.0778162558566686	35.012
chr3	15356537	7.197369237451117	35.063
chr3	15372654	1.6855654305852332	35.179
chr3	15385706	2.4091832396429655	35.201
chr3	15406875	2.8630507396209843	35.252
chr3	15419449	3.813729425933885	35.288
chr3	15431904	0.8597630875044697	35.3355
chr3	15452840	3.484770263293885	35.3535
chr3	15479958	6.148963602102312	35.448
chr3	15490041	5.460861373605483	35.51
chr3	15524010	0.39099294435456783	35.6955
chr3	15580277	3.008298755186836	35.7175
chr3	15594737	0.0	35.761
chr3	15612929	13.33958404364082	35.761
chr3	15624661	2.819183408943723	35.9175
chr3	15640091	17.2248096399796	35.961
chr3	15653618	0.0	36.194
chr3	15656022	11.31239309594141	36.194
chr3	15668884	48.89414072951035	36.3395
chr3	15691310	33.95936209827566	37.436
chr3	15703663	8.383233532934044	37.8555
chr3	15715353	0.9723495093547098	37.9535
chr3	15760090	3.686314073959057	37.997
chr3	15785861	13.06285538650697	38.092
chr3	15805382	0.5958484604937526	38.347
chr3	15841465	8.997596310011078	38.3685
chr3	15856858	14.037680088659126	38.507
chr3	15862272	4.031265386509117	38.583
chr3	15878520	3.8253387322846977	38.6485
chr3	15929888	5.097174829917647	38.845
chr3	15977071	4.214126484868785	39.0855
chr3	16009818	3.2181249149544087	39.2235
chr3	16083308	7.148898613613807	39.46
chr3	16219273	0.0	40.432
chr3	16232864	5.854643337818915	40.432
chr3	16240294	0.0	40.4755
chr3	16266099	15.854485199970117	40.4755
chr3	16279376	3.3782959728760766	40.686
chr3	16320373	4.9799703671184705	40.8245
chr3	16356819	8.404065402189968	41.006
chr3	16511982	2.0728813050138344	42.31
chr3	16545269	0.21783402060814377	42.379
chr3	16643968	0.0	42.4005
chr3	16660683	46.479457739659495	42.4005
chr3	16667912	1.4453452998747915	42.7365
chr3	16740559	0.0	42.8415
chr3	16767105	0.4139758238115129	42.8415
chr3	16785222	17.540289007715515	42.849
chr3	16839269	0.0	43.797
chr3	16841100	0.05117731077190638	43.797
chr3	17056039	0.19920318725113836	43.808
chr3	17073609	0.3441266386029431	43.8115
chr3	17136086	0.0	43.833
chr3	17162688	0.0	43.833
chr3	17168946	0.577670412771914	43.833
chr3	17187988	1.0328535325787727	43.844
chr3	17233493	0.0	43.891
chr3	17275832	4.58157814739216	43.891
chr3	17298859	0.0	43.9965
chr3	17327529	6.487727859910983	43.9965
chr3	17362364	0.12056908608641363	44.2225
chr3	17391393	2.3956701852589637	44.226
chr3	17499296	0.13255567338282578	44.4845
chr3	17555876	0.13389441469022575	44.492
chr3	17582016	0.0	44.4955
chr3	17642378	0.11802792203421128	44.4955
chr3	17672032	0.21079564452582872	44.499
chr3	17740819	0.18717011267641492	44.5135
chr3	17820960	0.4662850037562024	44.5285
chr3	17859563	2.1934117339998775	44.5465
chr3	18058796	0.0	44.9835
chr3	18059443	2.3774644695522618	44.9835
chr3	18553667	0.9152719665278507	46.1585
chr3	18557491	0.4281896437167373	46.162
chr3	18625218	0.035577421551738674	46.191
chr3	18723595	0.0	46.1945
chr3	18736894	0.03677518410581037	46.1945
chr3	18845663	4.698590422872843	46.1985
chr3	18855666	0.10674485134000775	46.2455
chr3	18925927	0.0	46.253
chr3	18999718	0.2618284869393889	46.253
chr3	19097110	0.48337703988005765	46.2785
chr3	19269853	0.0	46.362
chr3	19304430	0.2245557005068628	46.362
chr3	19351189	1.4388944230981882	46.3725
chr3	19540918	0.35590309119889113	46.6455
chr3	19734791	2.018359596926083	46.7145
chr3	19801677	1.0093809340558826	46.8495
chr3	20118703	0.7422251911229709	47.1695
chr3	20172595	0.8536175276132659	47.2095
chr3	20211254	0.8765597607507808	47.2425
chr3	20240345	0.2871441463616786	47.268
chr3	20252534	1.4574796164081685	47.2715
chr3	20299876	7.288246190115376	47.3405
chr3	20394892	13.308463154209658	48.033
chr3	20486300	0.08894536213475225	49.2495
chr3	20525650	0.0	49.253
chr3	20543690	0.0	49.253
chr3	20557276	0.17208318993079805	49.253
chr3	20577615	1.1811023622044399	49.2565
chr3	20599205	0.4281127363539228	49.282
chr3	20641250	0.18538135593233587	49.3
chr3	20660130	0.5187798298402355	49.3035
chr3	20674587	0.24633912686465967	49.311
chr3	20747657	1.2338614498765972	49.329
chr3	20859501	0.26867713150525346	49.467
chr3	20982325	0.06156335748966617	49.5
chr3	21039177	0.3098133374640061	49.5035
chr3	21052088	0.07238733428476146	49.5075
chr3	21100439	0.0	49.511
chr3	21146951	0.2108687793709452	49.511
chr3	21180147	0.6328182487121731	49.518
chr3	21214122	0.26901969224147065	49.5395
chr3	21418568	3.9850842288356354	49.5945
chr3	21502506	8.802604606294514	49.929
chr3	21510799	0.452430196483946	50.002
chr3	21735143	0.49198443815380816	50.1035
chr3	21867261	0.0	50.1685
chr3	21890624	2.6098170057722543	50.1685
chr3	21939478	1.846877098723847	50.296
chr3	21951390	0.07528500752855456	50.318
chr3	21997880	0.1319534769740786	50.3215
chr3	22050929	0.13252555850066267	50.3285
chr3	22103749	0.0	50.3355
chr3	22201026	0.14998125234337392	50.3355
chr3	22227696	6.969755099431023	50.3395
chr3	22243335	0.0	50.4485
chr3	22269732	0.0	50.4485
chr3	22286726	0.7336539802035276	50.4485
chr3	22573646	0.14987410575117469	50.659
chr3	22623688	0.3125558135383552	50.6665
chr3	22634886	0.04759864819836479	50.67
chr3	22718922	0.10073681786790528	50.674
chr3	22753666	0.5651053987277527	50.6775
chr3	22791712	0.5863852017699657	50.699
chr3	22810471	1.276645131339752	50.71
chr3	22836320	0.0503206141989734	50.743
chr3	22905874	0.0	50.7465
chr3	22939354	9.489982795937783	50.7465
chr3	22975392	0.0	51.0885
chr3	23056535	0.0	51.0885
chr3	23093259	0.04752529024367432	51.0885
chr3	23166904	0.12570604897508145	51.092
chr3	23226567	0.16542597187759106	51.0995
chr3	23335377	0.0	51.1175
chr3	23359402	0.046950246153466955	51.1175
chr3	23433949	0.0	51.121
chr3	23446124	0.10240166027225575	51.121
chr3	23519365	0.13644160299373911	51.1285
chr3	23545017	0.0	51.132
chr3	23568328	0.0	51.132
chr3	23582843	0.6514842510766583	51.132
chr3	23600495	0.32589971600157813	51.1435
chr3	23621974	1.7641129032252763	51.1505
chr3	23625942	0.06430868167199008	51.1575
chr3	23688142	0.8556970242398287	51.1615
chr3	23755923	0.0	51.2195
chr3	23887868	0.0	51.2195
chr3	23896816	0.0	51.2195
chr3	23900613	0.12934459247223715	51.2195
chr3	23954732	0.23966255512239676	51.2265
chr3	23986026	0.6348169913301518	51.234
chr3	24013593	0.0	51.2515
chr3	24026970	0.0	51.2515
chr3	24070233	0.35263619381653516	51.2515
chr3	24122695	0.0	51.27
chr3	24211451	0.11629399120976373	51.27
chr3	24336135	0.11482692810249041	51.2845
chr3	24462412	0.377805763389895	51.299
chr3	24529907	1.0446416591592518	51.3245
chr3	24582078	0.9962296539251099	51.379
chr3	24614701	0.3718443479659726	51.4115
chr3	24664453	0.04995717956041252	51.43
chr3	24734513	0.03506241109169717	51.4335
chr3	24834335	65.80427446569428	51.437
chr3	24835224	0.0	51.4955
chr3	24836348	0.37961720460490117	51.4955
chr3	24892984	0.5351935924407848	51.517
chr3	24920077	0.0	51.5315
chr3	24963919	0.8554572271385358	51.5315
chr3	24980869	0.14597931264608363	51.546
chr3	25004845	0.0	51.5495
chr3	25111533	1.2428450890515	51.5495
chr3	25155384	0.0	51.604
chr3	25173163	0.0	51.604
chr3	25206144	0.0	51.604
chr3	25217689	0.19123609125197186	51.604
chr3	25387636	11.810339836739457	51.6365
chr3	25404909	0.0	51.8405
chr3	25451658	0.23694436546296618	51.8405
chr3	25525515	2.8653295128974845	51.858
chr3	25526911	0.25259815242461	51.862
chr3	25540767	0.4922303335050733	51.8655
chr3	25606793	0.0	51.898
chr3	25651283	0.0	51.898
chr3	25654129	0.2709195007855485	51.898
chr3	25709496	8.684593023255971	51.913
chr3	25723256	1.8251469142983427	52.0325
chr3	25822974	5.8335891925084224	52.2145
chr3	25852287	0.8758758758756127	52.3855
chr3	25860279	0.0	52.3925
chr3	25909628	0.0	52.3925
chr3	25929787	10.183040506186142	52.3925
chr3	25965189	0.082409658411969	52.753
chr3	26183610	0.10669511869835518	52.771
chr3	26258590	1.3546056592409375	52.779
chr3	26271878	0.9360791655529557	52.797
chr3	26275617	0.0	52.8005
chr3	26285329	0.0	52.8005
chr3	26299981	6.491831470335331	52.8005
chr3	26346501	0.12246540352352998	53.1025
chr3	26460819	0.07481669908719481	53.1165
chr3	26514283	0.1947440738296496	53.1205
chr3	26606712	2.251902469327253	53.1385
chr3	26619590	0.38676139571375395	53.1675
chr3	26892368	0.32672201722009353	53.273
chr3	26970416	0.3091969441828392	53.2985
chr3	27180638	0.0	53.3635
chr3	27201873	1.8834195237182372	53.3635
chr3	27217536	0.0	53.393
chr3	27236391	0.3747733928321726	53.393
chr3	27293759	7.326932794340683	53.4145
chr3	27307612	1.5903552648455743	53.516
chr3	27346597	0.09184182214163047	53.578
chr3	27384706	0.06126056744792853	53.5815
chr3	27441839	0.3653392673286802	53.585
chr3	27502057	0.0	53.607
chr3	27629783	0.9360575836804321	53.607
chr3	27660764	0.0	53.636
chr3	27671158	0.21910604732661798	53.636
chr3	27687132	1.1371859815983063	53.6395
chr3	27716151	0.0	53.6725
chr3	27736386	0.049073217240157334	53.6725
chr3	27807708	0.02334634892284489	53.676
chr3	27979041	0.26018435920310234	53.68
chr3	28019397	0.0	53.6905
chr3	28031789	0.7827767520702881	53.6905
chr3	28124408	0.0	53.763
chr3	28146560	0.0	53.763
chr3	28153782	0.23804233979751432	53.763
chr3	28185289	0.3825591292954136	53.7705
chr3	28289848	250.00000000017863	53.8105
chr3	28289862	2.242631354122086	53.814
chr3	28332000	10.350290128511007	53.9085
chr3	28388182	2.7072442120982414	54.49
chr3	28393538	428.82562277580007	54.5045
chr3	28394662	0.13288279737281222	54.9865
chr3	28421001	0.23206471290249275	54.99
chr3	28436083	9.391400657423455	54.9935
chr3	28632912	0.0	56.842
chr3	28676396	0.0	56.842
chr3	28715679	0.048933939182139126	56.842
chr3	28787204	0.0	56.8455
chr3	29096309	0.0	56.8455
chr3	29140854	0.0	56.8455
chr3	29280243	0.0	56.8455
chr3	29282584	0.0	56.8455
chr3	29363921	0.0	56.8455
chr3	29417912	0.0	56.8455
chr3	29455395	0.0	56.8455
chr3	29547612	0.0	56.8455
chr3	29585263	0.0	56.8455
chr3	29633514	0.0	56.8455
chr3	29678272	0.0	56.8455
chr3	29698122	0.0	56.8455
chr3	29712393	0.906924636341038	56.8455
chr3	29740510	0.0	56.871
chr3	29761244	0.0	56.871
chr3	29799771	0.0	56.871
chr3	29824246	0.0	56.871
chr3	29957592	0.0	56.871
chr3	29998111	0.04729857563711716	56.871
chr3	30072109	0.0	56.8745
chr3	30085641	0.0	56.8745
chr3	30183215	0.09607544778950165	56.8745
chr3	30375772	0.0	56.893
chr3	30428028	0.0	56.893
chr3	30446997	0.0	56.893
chr3	30486228	0.022341661453628293	56.893
chr3	30642886	0.0	56.8965
chr3	30647216	0.38712088850913556	56.8965
chr3	30684672	0.0	56.911
chr3	30696794	0.0	56.911
chr3	30772845	0.12931830777740239	56.911
chr3	30799910	0.0	56.9145
chr3	30875847	0.0	56.9145
chr3	30904278	0.0	56.9145
chr3	30959580	0.0	56.9145
chr3	30961325	0.0	56.9145
chr3	30979503	0.0	56.9145
chr3	30983776	0.0	56.9145
chr3	31073547	0.0	56.9145
chr3	31147631	0.0	56.9145
chr3	31209908	0.0	56.9145
chr3	31467703	0.205519671168673	56.9145
chr3	31484733	0.2467287175211716	56.918
chr3	31602271	0.0	56.947
chr3	31632748	0.09404462417411852	56.947
chr3	31675281	0.0	56.951
chr3	31726974	0.04573571616412014	56.951
chr3	31814433	0.0	56.955
chr3	31895973	0.05508630187293635	56.955
chr3	32086583	10.017999242137217	56.9655
chr3	32107695	0.0	57.177
chr3	32118719	0.0	57.177
chr3	32157758	0.0	57.177
chr3	32187952	0.0	57.177
chr3	32256022	0.0	57.177
chr3	33169953	0.0	57.177
chr3	33259192	0.0	57.177
chr3	33383380	0.0	57.177
chr3	33449151	0.0	57.177
chr3	33457174	0.04749932617235668	57.177
chr3	33909812	0.0	57.1985
chr3	34020188	0.8196257984284766	57.1985
chr3	34037879	0.11126771011053015	57.213
chr3	34105284	0.27144408251889446	57.2205
chr3	34145808	0.7461664841183521	57.2315
chr3	34218848	0.6558571688832459	57.286
chr3	34246293	0.0	57.304
chr3	34267763	0.8511845651865836	57.304
chr3	34310057	0.2703798837365001	57.34
chr3	34324851	0.2201904122803422	57.344
chr3	34372537	0.3152982721654805	57.3545
chr3	34396324	0.03913456700391788	57.362
chr3	34485759	0.15201033670308156	57.3655
chr3	34512073	0.10628706303188011	57.3695
chr3	34648496	0.11562985232424267	57.384
chr3	34678765	0.34571281875748444	57.3875
chr3	34824840	0.14915658729722406	57.438
chr3	34898588	0.03948667324782713	57.449
chr3	34999888	3.3103051237764793	57.453
chr3	35017258	8.505821474773596	57.5105
chr3	35094558	0.284177023340417	58.168
chr3	35120950	0.4806921967633574	58.1755
chr3	35158396	1.5880924207511344	58.1935
chr3	35174453	0.0	58.219
chr3	35220854	0.37253950651504153	58.219
chr3	35278566	0.041782563539371126	58.2405
chr3	35362333	0.29804108574798543	58.244
chr3	35521707	0.0	58.2915
chr3	35541738	0.1796391818717863	58.2915
chr3	35580705	0.21446257628049337	58.2985
chr3	35683287	0.0	58.3205
chr3	35731635	0.0	58.3205
chr3	35753680	0.0	58.3205
chr3	35775045	0.11122233344452225	58.3205
chr3	35837982	1.498178351322719	58.3275
chr3	35867351	0.2530008714474557	58.3715
chr3	35938497	0.023226375872469132	58.3895
chr3	36110715	0.0	58.3935
chr3	36209592	0.15912253175046684	58.3935
chr3	36344708	0.09920702796268571	58.415
chr3	36490867	0.3876020796856877	58.4295
chr3	36565686	0.13106092534153432	58.4585
chr3	36760252	0.0	58.484
chr3	36781418	0.9625962596246963	58.484
chr3	36785054	0.0	58.4875
chr3	36808585	0.0	58.4875
chr3	36867728	1.8263859045982644	58.4875
chr3	36881690	0.24119633381578706	58.513
chr3	36927296	0.04275174671425345	58.524
chr3	37009164	0.5971565531795993	58.5275
chr3	37070287	0.5571726370596638	58.564
chr3	37278481	0.16125403135080765	58.68
chr3	37411811	0.04944913661807652	58.7015
chr3	37563482	0.03943639754141045	58.709
chr3	37740983	0.0	58.716
chr3	37914279	0.13951564018433557	58.716
chr3	38122141	0.7093904051943214	58.745
chr3	38163726	0.028659395368604006	58.7745
chr3	38285850	0.0	58.778
chr3	38310750	0.0	58.778
chr3	38494590	0.05858377898849161	58.778
chr3	38614077	0.0	58.785
chr3	38675004	0.0	58.785
chr3	39186757	0.06024162367606867	58.785
chr3	39369355	0.0	58.796
chr3	39527415	0.014823285263547429	58.796
chr3	39763530	0.0	58.7995
chr3	39930259	0.0	58.7995
chr3	40162287	0.0	58.7995
chr3	40230953	0.0	58.7995
chr3	40345679	0.0	58.7995
chr3	40493607	0.0	58.7995
chr3	41077830	0.0	58.7995
chr3	41253857	0.0	58.7995
chr3	41488513	0.010937897353296226	58.7995
chr3	41854214	0.0	58.8035
chr3	42233799	0.106200060685753	58.8035
chr3	42332669	0.0	58.814
chr3	42474405	0.0212715526410304	58.814
chr3	42638944	0.18532524580638537	58.8175
chr3	42838593	0.016149051127874625	58.8545
chr3	43055324	0.048631374183722396	58.858
chr3	43199264	0.6653718889366985	58.865
chr3	43227068	0.7226876931574088	58.8835
chr3	43312167	0.0	58.945
chr3	43463317	0.0	58.945
chr3	43561729	0.3729785588655956	58.945
chr3	44000092	0.751557378828333	59.1085
chr3	44184376	0.0	59.247
chr3	44225443	0.08234325373491357	59.247
chr3	44267948	0.4975124378109381	59.2505
chr3	44449853	0.02015908397119783	59.341
chr3	44623472	0.05971834656186704	59.3445
chr3	44807670	0.6508993341945754	59.3555
chr3	44908300	0.0	59.421
chr3	44982952	0.12725737225098377	59.421
chr3	45069391	0.0	59.432
chr3	45130870	0.0674503757949306	59.432
chr3	45234650	1.8560822387208014	59.439
chr3	45266168	0.022686172453771386	59.4975
chr3	45420447	0.19505344464383978	59.501
chr3	45458898	0.0	59.5085
chr3	45482425	0.0	59.5085
chr3	45505508	0.0	59.5085
chr3	45593673	0.54211455655046	59.5085
chr3	45625954	2.325866079079419	59.526
chr3	45666799	0.06630252896789314	59.621
chr3	45825164	0.0	59.6315
chr3	45844526	0.17079419299737103	59.6315
chr3	45908931	0.13307269440083497	59.6425
chr3	46017894	0.9926067907999239	59.657
chr3	46032502	0.0	59.6715
chr3	46058042	0.8377225984449541	59.6715
chr3	46257392	0.18558843907733294	59.8385
chr3	46297804	0.0	59.846
chr3	46321827	0.0	59.846
chr3	46387028	0.0	59.846
chr3	46423679	0.2993919246771571	59.846
chr3	46520542	0.41454213820834007	59.875
chr3	46617034	0.0	59.915
chr3	46622745	0.0	59.915
chr3	46641454	0.6504867435288031	59.915
chr3	46708327	0.0	59.9585
chr3	46710097	0.0	59.9585
chr3	46864676	0.08020164986256877	59.9585
chr3	46908316	0.0	59.962
chr3	46945303	0.0	59.962
chr3	46962783	0.0	59.962
chr3	46990970	0.0	59.962
chr3	46995327	2.465518473522315	59.962
chr3	47023313	0.5032969597946155	60.031
chr3	47160409	0.0	60.1
chr3	47174277	1.3597220123886298	60.1
chr3	47187515	4.744293772647291	60.118
chr3	47214284	0.0	60.245
chr3	47274628	0.0	60.245
chr3	47337138	0.0	60.245
chr3	47357790	0.3577497540471636	60.245
chr3	47380152	1.6387195121953644	60.253
chr3	47393272	0.0	60.2745
chr3	47417410	4.473595095086133	60.2745
chr3	47473517	0.0	60.5255
chr3	47489075	0.0	60.5255
chr3	47535461	0.0	60.5255
chr3	47557566	0.0	60.5255
chr3	47618149	0.0	60.5255
chr3	47697997	0.0	60.5255
chr3	47882561	0.052672766674730635	60.5255
chr3	47949009	0.5347593582887328	60.529
chr3	47990149	0.22502250225023354	60.551
chr3	48023479	0.0	60.5585
chr3	48040038	0.0	60.5585
chr3	48094889	0.0	60.5585
chr3	48122993	0.0	60.5585
chr3	48168759	0.38055887789485143	60.5585
chr3	48187153	0.20039180052032707	60.5655
chr3	48476586	0.2544589029297918	60.6235
chr3	48604308	0.04510599909785502	60.656
chr3	48692988	0.22288734636709553	60.66
chr3	48708691	0.0	60.6635
chr3	48709306	0.0	60.6635
chr3	48716383	0.19966057701895693	60.6635
chr3	48736417	0.18258055580046195	60.6675
chr3	48815834	0.02792917162073299	60.682
chr3	48941151	0.2929782870536261	60.6855
chr3	49002589	0.037882067711517246	60.7035
chr3	49094981	0.6181068961338254	60.707
chr3	49136236	0.06369943133777886	60.7325
chr3	49308922	0.0	60.7435
chr3	49338188	0.060716454159120505	60.7435
chr3	49395833	0.14768555635269423	60.747
chr3	49419532	0.0	60.7505
chr3	49465796	0.0	60.7505
chr3	49476664	0.2591824644546354	60.7505
chr3	49490168	4.185179638227415	60.754
chr3	49550261	13.210130047912484	61.0055
chr3	49579481	0.0	61.3915
chr3	49579632	0.1687159101414285	61.3915
chr3	49795972	0.0	61.428
chr3	49826386	0.21462517246680982	61.428
chr3	49859001	0.0	61.435
chr3	49925657	1.4964189147350413	61.435
chr3	49974106	1.4014057177352794	61.5075
chr3	49997297	0.0	61.54
chr3	50027734	0.4428697962798782	61.54
chr3	50101119	0.0	61.5725
chr3	50229535	0.24394798185750752	61.5725
chr3	50395554	0.0	61.613
chr3	50684382	0.0	61.613
chr3	50712105	0.02699325939752974	61.613
chr3	50841767	0.029135103637687468	61.6165
chr3	50961897	0.24034078666034517	61.62
chr3	51022228	0.0	61.6345
chr3	51086589	3.4150884818377003	61.6345
chr3	51093031	0.0	61.6565
chr3	51239759	0.0	61.6565
chr3	51253534	0.0	61.6565
chr3	51337393	0.028840647184114145	61.6565
chr3	51580106	0.0	61.6635
chr3	51605701	0.5326089851135675	61.6635
chr3	51680803	0.5847573257098526	61.7035
chr3	51711585	0.061241273118624366	61.7215
chr3	51768736	1.1092001713153754	61.725
chr3	52067600	0.0	62.0565
chr3	52243418	2.3524841369187777	62.0565
chr3	52266585	0.0	62.111
chr3	52404552	0.04432493129635817	62.111
chr3	52573757	0.04548577236411607	62.1185
chr3	52892538	0.0	62.133
chr3	52967494	0.0	62.133
chr3	53054274	0.10949475989348963	62.133
chr3	53086239	1.796036333608656	62.1365
chr3	53110459	0.0	62.18
chr3	53207187	0.06997061234286601	62.18
chr3	53257208	0.08411372175181163	62.1835
chr3	53346373	0.059781030624889334	62.191
chr3	53404920	0.12326113752430008	62.1945
chr3	53461710	0.0	62.2015
chr3	53489148	0.0	62.2015
chr3	53504265	0.1356852103118975	62.2015
chr3	53530060	0.12491022077896789	62.205
chr3	53562083	0.11761753912743914	62.209
chr3	53625849	0.22001508674851622	62.2165
chr3	53641757	0.0	62.22
chr3	53659296	0.08748687696851726	62.22
chr3	53699302	0.1941295232178983	62.2235
chr3	53737936	1.1209619891979246	62.231
chr3	53757562	0.0	62.253
chr3	53845330	0.10194253253371613	62.253
chr3	53987567	0.04136602431143299	62.2675
chr3	54156788	0.0	62.2745
chr3	54244324	0.06308858784796614	62.2745
chr3	54418682	0.0	62.2855
chr3	54482906	0.0	62.2855
chr3	54506420	0.0	62.2855
chr3	54583214	0.0	62.2855
chr3	54600624	0.0	62.2855
chr3	54624256	0.0	62.2855
chr3	54632127	0.05062778452818523	62.2855
chr3	54701259	0.0	62.289
chr3	54742333	0.0	62.289
chr3	54756982	0.12211716269479067	62.289
chr3	54785643	0.058371274661905254	62.2925
chr3	54845604	0.0	62.296
chr3	54856103	0.037237360243511694	62.296
chr3	54963522	0.0	62.3
chr3	54971646	0.0	62.3
chr3	55007666	0.0	62.3
chr3	55070490	0.21946124666803435	62.3
chr3	55382618	0.0	62.3685
chr3	55403539	0.0	62.3685
chr3	55444966	0.0	62.3685
chr3	55461706	0.0	62.3685
chr3	55507489	0.0	62.3685
chr3	55597851	0.0	62.3685
chr3	55644901	0.0	62.3685
chr3	55688056	0.0	62.3685
chr3	55704681	0.0	62.3685
chr3	55720625	0.44810353470153047	62.3685
chr3	55786458	0.05950685816538568	62.398
chr3	56021725	0.1829881972612836	62.412
chr3	56120092	0.0	62.43
chr3	56175123	0.0	62.43
chr3	56198403	0.0	62.43
chr3	56211113	0.0	62.43
chr3	56229492	0.0	62.43
chr3	56257423	0.0	62.43
chr3	56257682	0.7064807837227095	62.43
chr3	56278914	0.0	62.445
chr3	56289205	0.2370952445469788	62.445
chr3	56303967	0.06422136185976615	62.4485
chr3	56358466	0.18818216033124827	62.452
chr3	56416920	0.0	62.463
chr3	56530167	0.1854501139194882	62.463
chr3	56549040	0.0	62.4665
chr3	56577194	0.10435417808034707	62.4665
chr3	56615525	0.0	62.4705
chr3	56668676	0.05309170707535684	62.4705
chr3	56809941	0.0	62.478
chr3	56820287	0.0	62.478
chr3	56827739	0.0	62.478
chr3	56866913	0.038308794422240985	62.478
chr3	57336779	0.10496641074842238	62.496
chr3	57370123	0.0	62.4995
chr3	57388286	0.0	62.4995
chr3	57430905	0.12152010605394149	62.4995
chr3	57521425	0.18299377821154775	62.5105
chr3	57562410	0.213189312109161	62.518
chr3	57611662	0.32586579627825407	62.5285
chr3	57800390	0.0	62.59
chr3	57814669	0.0	62.59
chr3	57840431	0.3323363243600684	62.59
chr3	57852467	0.19722198743408267	62.594
chr3	57887960	0.22252683673649779	62.601
chr3	58000306	0.0	62.626
chr3	58046598	0.0	62.626
chr3	58050382	0.0	62.626
chr3	58087391	54.088860270446354	62.626
chr3	58088944	0.0	62.71
chr3	58195688	0.0916915252579623	62.71
chr3	58277484	0.13071690378712272	62.7175
chr3	58468737	0.06903761563805552	62.7425
chr3	58519434	0.06980250544459808	62.746
chr3	58626880	0.0	62.7535
chr3	58696976	0.0	62.7535
chr3	58729524	0.0	62.7535
chr3	58757481	0.3623278942501857	62.7535
chr3	58797500	0.2254220594559273	62.768
chr3	58941674	0.5507653739506279	62.8005
chr3	58968001	0.3663776354209596	62.815
chr3	59058072	0.022393693935803684	62.848
chr3	59214366	0.5307050796050637	62.8515
chr3	59220961	0.12583508739821986	62.855
chr3	59308377	0.0644353621267158	62.866
chr3	59417013	0.17550787591614622	62.873
chr3	59439804	0.09201808812691649	62.877
chr3	59477840	0.0	62.8805
chr3	59504882	0.0	62.8805
chr3	59589285	0.0	62.8805
chr3	59618740	0.0	62.8805
chr3	59714376	0.3703311818857794	62.8805
chr3	59723827	0.11247750449910444	62.884
chr3	59790507	0.1176272895312553	62.8915
chr3	59820262	0.0	62.895
chr3	59838573	0.0	62.895
chr3	59857140	0.0	62.895
chr3	59880645	0.0	62.895
chr3	59896945	2.290222024301435	62.895
chr3	59912664	0.07375311145947983	62.931
chr3	59966899	0.0	62.935
chr3	59975221	0.04576599194512521	62.935
chr3	60051697	0.0	62.9385
chr3	60064514	0.0	62.9385
chr3	60211108	0.0	62.9385
chr3	60216588	0.0	62.9385
chr3	60239702	0.0	62.9385
chr3	60246078	0.0	62.9385
chr3	60318953	0.0	62.9385
chr3	60456361	0.0	62.9385
chr3	60539651	0.2929360562439321	62.9385
chr3	60551599	0.14621878228998664	62.942
chr3	60602892	0.26343519494223255	62.9495
chr3	60616178	0.0	62.953
chr3	60637024	0.719788343319429	62.953
chr3	60662726	0.0	62.9715
chr3	60728439	0.10893924302787783	62.9715
chr3	60889079	0.0	62.989
chr3	60930010	0.0	62.989
chr3	60960349	0.0	62.989
chr3	60999342	0.0	62.989
chr3	61017440	0.16946155433092414	62.989
chr3	61085302	0.0730201118250636	63.0005
chr3	61181166	0.0	63.0075
chr3	61216941	0.4648214663005614	63.0075
chr3	61240606	0.07170034989771022	63.0185
chr3	61345208	0.025833690084257656	63.026
chr3	61480690	0.0	63.0295
chr3	61512988	0.010354171843759988	63.0295
chr3	61851016	0.0	63.033
chr3	61878710	0.02491812615688022	63.033
chr3	62019170	0.0	63.0365
chr3	62046829	0.06120165069599393	63.0365
chr3	62104017	0.0	63.04
chr3	62316067	0.0	63.04
chr3	62395007	0.0	63.04
chr3	62428231	0.0	63.04
chr3	62452331	0.15009585667209147	63.04
chr3	62598904	0.38324748589657964	63.062
chr3	62664136	0.0	63.087
chr3	62823152	0.0	63.087
chr3	62851531	0.0	63.087
chr3	62896027	0.16698672455530528	63.087
chr3	62919981	0.09222661396562308	63.091
chr3	62957931	0.2932365388578527	63.0945
chr3	63021020	0.0	63.113
chr3	63023085	0.0	63.113
chr3	63085260	0.0	63.113
chr3	63201561	0.34900533479572704	63.113
chr3	63221618	0.0	63.12
chr3	63267942	0.0	63.12
chr3	63302941	0.0	63.12
chr3	63346884	0.05531148266384053	63.12
chr3	63410162	1.0073198576321651	63.1235
chr3	63425053	0.17974758303700103	63.1385
chr3	63502940	0.0	63.1525
chr3	63541501	0.0	63.1525
chr3	63664415	0.0	63.1525
chr3	63685286	4.345618541305729	63.1525
chr3	63718768	0.0	63.298
chr3	63783408	0.21421501277900665	63.298
chr3	63851097	0.09137426900591325	63.3125
chr3	63889401	0.0	63.316
chr3	63918202	0.42360502483196555	63.316
chr3	63952432	0.21975262133499723	63.3305
chr3	63968359	0.0	63.334
chr3	63985663	0.0	63.334
chr3	64007108	0.0	63.334
chr3	64089002	0.0	63.334
chr3	64145789	0.0	63.334
chr3	64167751	0.0	63.334
chr3	64193305	0.3555007821015657	63.334
chr3	64235499	0.0	63.349
chr3	64236537	0.0	63.349
chr3	64236672	0.0	63.349
chr3	64307321	0.0	63.349
chr3	64328011	0.0	63.349
chr3	64450330	0.12003772614258772	63.349
chr3	64508645	0.0	63.356
chr3	64566458	0.1687556571498041	63.356
chr3	64631641	0.017474661740488794	63.367
chr3	64831931	0.0	63.3705
chr3	64929137	0.7497813137835082	63.3705
chr3	64953144	0.13887345850461585	63.3885
chr3	65007150	1.1617272659860356	63.396
chr3	65047607	0.018869857289978493	63.443
chr3	65233088	0.2335077278435816	63.4465
chr3	65391541	0.0	63.4835
chr3	65458595	0.026491670261983704	63.4835
chr3	65590712	0.0	63.487
chr3	65644945	0.0	63.487
chr3	65727301	0.09836848835735722	63.487
chr3	65798462	0.5093854264829374	63.494
chr3	65876988	0.43028940671993227	63.534
chr3	66011781	0.0	63.592
chr3	66117736	0.0	63.592
chr3	66288303	0.05995203836934739	63.592
chr3	66346683	0.0774893452150025	63.5955
chr3	66488638	0.06210408644893272	63.6065
chr3	66544995	0.022558723176255718	63.61
chr3	66722310	0.1339200306103884	63.614
chr3	66748445	0.12949054719006003	63.6175
chr3	66829532	0.0	63.628
chr3	66877554	0.1337593817344184	63.628
chr3	67012124	0.36860666679941745	63.646
chr3	67062313	0.0	63.6645
chr3	67080263	0.35263191639426766	63.6645
chr3	67111457	0.16035681255409756	63.6755
chr3	67245533	3.1281704430158883	63.697
chr3	67251447	0.6578947368421302	63.7155
chr3	67317567	0.7827471726631315	63.759
chr3	67354616	0.0	63.788
chr3	67407018	0.6900490172752718	63.788
chr3	67428031	4.502434990351878	63.8025
chr3	67449797	1.3116440558091271	63.9005
chr3	67527562	0.14826665931082333	64.0025
chr3	67672571	0.08580662999228066	64.024
chr3	68092119	0.0	64.06
chr3	68104303	0.11940678708178225	64.06
chr3	68229924	1.0592265392589255	64.075
chr3	68274296	0.4274200113975939	64.122
chr3	68298862	0.32537474194444826	64.1325
chr3	68343426	0.0	64.147
chr3	68386003	0.119214377253619	64.147
chr3	68419556	0.12578390325429914	64.151
chr3	68475207	0.140818268315913	64.158
chr3	68606582	0.5261630016691408	64.1765
chr3	68716814	1.489356826982511	64.2345
chr3	68760457	2.8539830901501304	64.2995
chr3	68788488	0.5629014812036836	64.3795
chr3	68833789	0.5827226719032481	64.405
chr3	68896426	0.729098255729823	64.4415
chr3	68986263	0.9525160610420331	64.507
chr3	69035606	0.0	64.554
chr3	69102952	0.0	64.554
chr3	69105036	0.658570638286438	64.554
chr3	69142997	1.0159785720883363	64.579
chr3	69175478	0.4439801514757216	64.612
chr3	69232913	0.4316650279383362	64.6375
chr3	69274612	0.44289393712267294	64.6555
chr3	69347993	0.0	64.688
chr3	69455320	1.0979772122671219	64.688
chr3	69535012	0.0	64.7755
chr3	69556857	0.0	64.7755
chr3	69561452	4.586115660829083	64.7755
chr3	69601137	0.0	64.9575
chr3	69602788	5.742974788702602	64.9575
chr3	69616631	0.0	65.037
chr3	69635250	3.4482758620574288	65.037
chr3	69636265	0.0	65.0405
chr3	69669736	1.846412085606846	65.0405
chr3	69681651	0.7209332809015389	65.0625
chr3	69696909	1.4222767583249525	65.0735
chr3	69714838	0.0	65.099
chr3	69728403	1.0928864642012195	65.099
chr3	69784676	0.13688837513499233	65.1605
chr3	69916170	0.09199843602669998	65.1785
chr3	69959649	0.04248724371084919	65.1825
chr3	70206782	19.466044582685452	65.193
chr3	70226072	0.0	65.5685
chr3	70266415	0.0	65.5685
chr3	70300992	0.0	65.5685
chr3	70362245	2.5729688521018423	65.5685
chr3	70398973	0.0	65.663
chr3	70405383	0.17429979564849357	65.663
chr3	70488573	9.059613925339281	65.6775
chr3	70542604	2.23997728473733	66.167
chr3	70669391	0.0	66.451
chr3	70683374	0.0	66.451
chr3	70719363	0.14203104392827437	66.451
chr3	70768648	0.1996117356045345	66.458
chr3	70896396	1.7791200997774377	66.4835
chr3	70978178	1.2254067669685262	66.629
chr3	71022245	0.10229969719280327	66.683
chr3	71095559	0.0	66.6905
chr3	71115236	0.5766098859985045	66.6905
chr3	71228831	0.0	66.756
chr3	71293171	0.0	66.756
chr3	71298409	0.04369592629124584	66.756
chr3	71378508	0.4977066995170958	66.7595
chr3	71560342	0.2935440552268303	66.85
chr3	71708531	0.07553654552488992	66.8935
chr3	71814440	1.1984659635669073	66.9015
chr3	71835300	0.5019970753214064	66.9265
chr3	71972751	0.5247872095697701	66.9955
chr3	72111855	0.0	67.0685
chr3	72242709	1.26117576544627	67.0685
chr3	72282751	0.12640855244158122	67.119
chr3	72310439	0.13700945283183083	67.1225
chr3	72919886	0.0	67.206
chr3	72927860	0.13074933898945784	67.206
chr3	73065528	0.9028754169768163	67.224
chr3	73138074	0.9701438238216885	67.2895
chr3	73179305	0.5756938102988916	67.3295
chr3	73204492	2.151178183744107	67.344
chr3	73234708	3.0911723472222774	67.409
chr3	73278219	0.2884360529475525	67.5435
chr3	73342358	0.0	67.562
chr3	73416586	0.0	67.562
chr3	73424580	0.0	67.562
chr3	73461483	2.072742485516146	67.562
chr3	73540364	0.0	67.7255
chr3	73595393	0.055726272549277964	67.7255
chr3	73658200	0.31655030511933385	67.729
chr3	73715063	0.24295825977098054	67.747
chr3	73776802	0.3506424849223609	67.762
chr3	73869489	3.0577405134412596	67.7945
chr3	73915765	0.0	67.936
chr3	73944787	0.0	67.936
chr3	74049349	0.4022849786788876	67.936
chr3	74248213	0.0	68.016
chr3	74310336	1.121943670690158	68.016
chr3	74439576	0.0	68.161
chr3	74471290	0.0	68.161
chr3	74524314	0.0	68.161
chr3	74545547	3.2024447421297637	68.161
chr3	74593323	0.16131634134549358	68.314
chr3	74636716	1.360281061336316	68.321
chr3	74794404	1.5650676891775235	68.5355
chr3	74845520	0.0	68.6155
chr3	74863675	0.9602349751468959	68.6155
chr3	74916787	0.04133597883596261	68.6665
chr3	75182899	0.0	68.6775
chr3	75233615	0.0	68.6775
chr3	75252722	0.0	68.6775
chr3	75269664	6.155257313894104	68.6775
chr3	75331806	0.2756266059695282	69.06
chr3	75556748	13.834387763273854	69.122
chr3	75581722	0.0	69.4675
chr3	75679555	0.0	69.4675
chr3	75701357	0.0	69.4675
chr3	75939222	0.05697619626914653	69.4675
chr3	76263919	0.05617093940273949	69.486
chr3	76397440	0.6534033301038507	69.4935
chr3	76619355	0.0	69.6385
chr3	76624950	0.0	69.6385
chr3	76651362	0.03531708319423718	69.6385
chr3	76962826	0.0	69.6495
chr3	77007682	0.04137403158897669	69.6495
chr3	77104361	0.0	69.6535
chr3	77139051	0.14889643882496162	69.6535
chr3	77746856	0.0058551045638072586	69.744
chr3	78344625	0.0	69.7475
chr3	78432317	0.0	69.7475
chr3	78630516	0.010350130115928854	69.7475
chr3	78968676	0.0	69.751
chr3	79307311	0.08328081390109326	69.751
chr3	79529451	0.0	69.7695
chr3	79529846	0.21630975557013077	69.7695
chr3	79562207	0.0	69.7765
chr3	79563912	0.10196649672257833	69.7765
chr3	79632562	0.05777559957125796	69.7835
chr3	79883533	0.0	69.798
chr3	80286989	0.0	69.798
chr3	80382641	0.0	69.798
chr3	80649314	0.0	69.798
chr3	80874704	0.2295122100493659	69.798
chr3	80907382	0.02099794220167924	69.8055
chr3	81074065	0.08676036786394886	69.809
chr3	81241192	2.94808138593564	69.8235
chr3	81315308	0.37756483699609883	70.042
chr3	81392116	0.07898326990734314	70.071
chr3	81531386	0.06787163964684381	70.082
chr3	82061799	0.05011957097650826	70.118
chr3	82131632	0.20442666607736246	70.1215
chr3	82222129	0.030922552259135417	70.14
chr3	82335315	0.273056885912889	70.1435
chr3	82868171	0.14392947236114678	70.289
chr3	83323255	15.892568171388575	70.3545
chr3	83364658	0.0218751367195846	71.0125
chr3	83707513	0.08804852640713046	71.02
chr3	84650175	0.0	71.103
chr3	84652361	0.0	71.103
chr3	84671893	0.0	71.103
chr3	84709020	0.0	71.103
chr3	84750321	0.5627379760435309	71.103
chr3	84887152	0.10884776862067375	71.18
chr3	84983617	1.4256470244186557	71.1905
chr3	85024651	0.09635767970714151	71.249
chr3	85060974	0.2456140350878948	71.2525
chr3	85089474	0.0	71.2595
chr3	85091859	0.4599339994709844	71.2595
chr3	85178828	1.9252548131376424	71.2995
chr3	85192073	0.7937574033142147	71.325
chr3	85273962	0.0	71.39
chr3	85295055	0.0984451141142985	71.39
chr3	85477898	0.08334722453752477	71.408
chr3	85525890	3.2009037845978283	71.412
chr3	85573689	2.1369853316383147	71.565
chr3	85912718	0.0	72.2895
chr3	85960281	0.10643141382307954	72.2895
chr3	86129404	0.06802165809587589	72.3075
chr3	86239663	0.117126061106423	72.315
chr3	86329310	0.05936567773328007	72.3255
chr3	86396689	0.08912202077822624	72.3295
chr3	86435961	0.17275419545915602	72.333
chr3	86456221	0.22281639928714675	72.3365
chr3	86487637	0.20014944491869072	72.3435
chr3	86525109	0.09490967762346528	72.351
chr3	86714763	0.2799552071667434	72.369
chr3	86754055	0.13322168087707448	72.38
chr3	86806599	0.5133799653465678	72.387
chr3	86822182	0.03467732746793587	72.395
chr3	87024043	0.0	72.402
chr3	87301516	0.0	72.402
chr3	87369677	0.0	72.402
chr3	87395752	0.5605088899317792	72.402
chr3	87434110	0.2355633328848096	72.4235
chr3	87448968	0.0	72.427
chr3	87465182	0.0	72.427
chr3	87504361	1.7018643149989447	72.427
chr3	87517288	0.16888468553688193	72.449
chr3	87561697	0.09893865803198129	72.4565
chr3	87672877	0.1786443446305891	72.4675
chr3	87692469	0.0	72.471
chr3	87920218	0.02239476858202977	72.471
chr3	88232791	0.0	72.478
chr3	88343278	0.0	72.478
chr3	88344971	0.0	72.478
chr3	88349632	0.0	72.478
chr3	88601925	0.08818384186016935	72.478
chr3	88811714	0.0	72.4965
chr3	88836732	0.038325923654787465	72.4965
chr3	88928054	0.0	72.5
chr3	88968395	0.0	72.5
chr3	89007472	0.0	72.5
chr3	89175409	0.0	72.5
chr3	89391979	0.14865151836918672	72.5
chr3	89415524	0.0	72.5035
chr3	89507010	0.0	72.5035
chr3	89635589	0.0	72.5035
chr3	89661875	0.10930497649928626	72.5035
chr3	89725916	0.15657548980914507	72.5105
chr3	89799363	0.3437551154032834	72.522
chr3	89829908	0.0	72.5325
chr3	89899481	0.0	72.5325
chr3	89935531	0.024725699273712803	72.5325
chr3	90097306	0.11595708660135101	72.5365
chr3	90312903	0.0	72.5615
chr3	90371245	0.0	72.5615
chr3	90372584	0.08015389547941826	72.5615
chr3	90422488	0.0	72.5655
chr3	90580150	0.14921237183733724	72.5655
chr3	90627063	0.0	72.5725
chr3	90637890	0.32671002999793336	72.5725
chr3	90738897	0.0	72.6055
chr3	90753932	0.05184365927356315	72.6055
chr3	90956464	0.04446985579064229	72.616
chr3	91035169	0.0	72.6195
chr3	91082367	0.028244256328751046	72.6195
chr3	91206286	0.0	72.623
chr3	91240697	0.0	72.623
chr3	91265545	2.729958890030784	72.623
chr3	91312249	0.15934869841079632	72.7505
chr3	91381280	0.0	72.7615
chr3	91403009	0.29487710797288835	72.7615
chr3	91465747	0.04168726215931086	72.78
chr3	91633664	0.6044620287941357	72.787
chr3	91651862	0.964220020174416	72.798
chr3	91685568	0.2351583042947534	72.8305
chr3	91732345	0.17613277953913165	72.8415
chr3	91854412	0.341296928327511	72.863
chr3	91886642	0.0	72.874
chr3	91903671	0.0	72.874
chr3	91903956	0.0	72.874
chr3	91918716	0.5260942760943957	72.874
chr3	91966236	0.0	72.899
chr3	91988462	0.05570099704791523	72.899
chr3	92060274	0.0	72.903
chr3	92107307	0.0	72.903
chr3	92129737	0.13809474045645057	72.903
chr3	92263703	0.0	72.9215
chr3	92320584	0.0	72.9215
chr3	92372851	0.15366378364150243	72.9215
chr3	92395628	0.0	72.925
chr3	92437313	0.0	72.925
chr3	92498976	0.8647194465795869	72.925
chr3	92540608	0.09382246109725371	72.961
chr3	92615217	0.9646366203906176	72.968
chr3	92766051	0.12651908386507643	73.1135
chr3	92912274	1.398818775256503	73.132
chr3	92925142	0.0	73.15
chr3	92931055	7.473309608536151	73.15
chr3	92932460	0.5201806445512395	73.1605
chr3	92974753	1.7692177303161454	73.1825
chr3	93021949	0.6612369234697236	73.266
chr3	93131592	3.5037098103876017	73.3385
chr3	93146148	1.7939623886509712	73.3895
chr3	93170396	1.3071281533487322	73.433
chr3	93298157	0.21556850618477033	73.6
chr3	93365421	0.0	73.6145
chr3	93394316	0.5410613697004083	73.6145
chr3	93461776	0.6204698649069456	73.651
chr3	93497233	0.7125484532948061	73.673
chr3	93655117	0.1730788250421571	73.7855
chr3	93675339	0.30462184873945763	73.789
chr3	93722939	0.42671218263333566	73.8035
chr3	93732313	0.0	73.8075
chr3	93771723	0.1426300990261421	73.8075
chr3	93796262	0.0	73.811
chr3	93828845	0.09315943571967768	73.811
chr3	93866415	0.2702015385594345	73.8145
chr3	93960789	3.311884935654484	73.84
chr3	93992493	0.7152688218655783	73.945
chr3	94084766	0.04429202363931741	74.011
chr3	94163787	1.1283159284598978	74.0145
chr3	94205442	3.4184884958650943	74.0615
chr3	94229868	0.8226275072636985	74.145
chr3	94344136	1.5169447732083212	74.239
chr3	94404125	1.5037074165615794	74.33
chr3	94461982	1.6239133394270755	74.417
chr3	94513401	0.0	74.5005
chr3	94519341	0.41409010600669055	74.5005
chr3	94537453	0.0	74.508
chr3	94571336	0.0	74.508
chr3	94599692	1.306947576257329	74.508
chr3	94777970	1.8263859045977555	74.741
chr3	94791932	0.4189810981820776	74.7665
chr3	94991225	0.04733503739473739	74.85
chr3	95075729	0.0	74.854
chr3	95160979	1.108538207616861	74.854
chr3	95262464	0.48651654156276075	74.9665
chr3	95269658	0.0	74.97
chr3	95291012	0.0	74.97
chr3	95351642	3.09122992310559	74.97
chr3	95429281	4.372762128077735	75.21
chr3	95460840	0.9526744935414634	75.348
chr3	95567907	2.5672002416182282	75.45
chr3	95577840	6.552899313386409	75.4755
chr3	95617746	1.037401037401025	75.737
chr3	95709321	0.25173064820642865	75.832
chr3	95780826	0.1435212132326613	75.85
chr3	95906243	0.0	75.868
chr3	95919046	1.339565638716618	75.868
chr3	95954132	0.0	75.915
chr3	95998760	0.0	75.915
chr3	96015518	0.0	75.915
chr3	96046355	0.17317652985714008	75.915
chr3	96173393	0.19665283315699925	75.937
chr3	96247127	0.1463528860790577	75.9515
chr3	96298373	0.0	75.959
chr3	96355217	0.2252107328997745	75.959
chr3	96386299	0.9981390627647762	75.966
chr3	96415854	3.3878697735908787	75.9955
chr3	96434007	0.16572754391791755	76.057
chr3	96455126	0.04615846199993858	76.0605
chr3	96541784	0.0	76.0645
chr3	96587393	1.1219746754295563	76.0645
chr3	96593632	1.7948859557076746	76.0715
chr3	96611739	0.05210892253640182	76.104
chr3	96746073	0.0	76.111
chr3	96813823	0.16224654458700674	76.111
chr3	96927847	3.401042154201656	76.1295
chr3	96959896	0.04483673024945237	76.2385
chr3	97037957	1.0989566227924752	76.242
chr3	97077540	0.3352097372648777	76.2855
chr3	97164053	3.0994646379269613	76.3145
chr3	97178249	1.3942513942513455	76.3585
chr3	97201559	8.284539678584796	76.391
chr3	97225640	7.513813919320343	76.5905
chr3	97288258	0.6848884699967355	77.061
chr3	97367833	0.4422874629435562	77.1155
chr3	97409661	3.3633709861655836	77.134
chr3	97433298	1.9631344023805355	77.2135
chr3	97457494	0.9376818779506532	77.261
chr3	97503885	0.5127146791179753	77.3045
chr3	97658942	8.046732041476782	77.384
chr3	97680255	1.1641185405279997	77.5555
chr3	97770452	0.17971210476681745	77.6605
chr3	98051457	0.0	77.711
chr3	98122188	0.3106372260935785	77.711
chr3	98181743	0.2715599177560576	77.7295
chr3	98233297	0.2693315006407895	77.7435
chr3	98287134	1.8276146680815237	77.758
chr3	98321058	0.16092693916981368	77.82
chr3	98345914	0.6431186306520008	77.824
chr3	98396449	0.1730867940744414	77.8565
chr3	98480222	0.0	77.871
chr3	98508036	0.26587469947679965	77.871
chr3	98684811	0.0	77.918
chr3	98699292	1.9374043770369827	77.918
chr3	98759424	1.7933679224004087	78.0345
chr3	98803754	0.0	78.114
chr3	98860729	0.0	78.114
chr3	98977270	0.049089873740800094	78.114
chr3	99130051	0.18640818065629	78.1215
chr3	99167603	0.6380003495891741	78.1285
chr3	99282023	0.0	78.2015
chr3	99351365	0.19474449522246026	78.2015
chr3	99389877	0.0	78.209
chr3	99411269	0.0	78.209
chr3	99421602	0.0	78.209
chr3	99462179	0.0	78.209
chr3	99480286	0.0	78.209
chr3	99506397	0.0	78.209
chr3	99539998	0.06468544392700712	78.209
chr3	99594106	0.5340699815837268	78.2125
chr3	99621256	2.94727787897192	78.227
chr3	99660784	0.19086571233785388	78.3435
chr3	99697459	0.4299669785360376	78.3505
chr3	99959107	0.07829627309745651	78.463
chr3	100003809	0.1411427219946371	78.4665
chr3	100134882	0.10682345501239444	78.485
chr3	100368913	0.1505872904325505	78.51
chr3	100418718	2.5690191187148432	78.5175
chr3	100472435	0.0	78.6555
chr3	100486293	1.1383452819220365	78.6555
chr3	100527581	1.4897579143391528	78.7025
chr3	100554431	1.0126405475241416	78.7425
chr3	100597388	0.2350880130876637	78.786
chr3	100752649	1.6274691259534075	78.8225
chr3	100783986	0.0	78.8735
chr3	100820688	0.0	78.8735
chr3	100915820	0.1648683800764483	78.8735
chr3	101024998	0.0	78.8915
chr3	101049860	0.0	78.8915
chr3	101087542	0.0	78.8915
chr3	101149887	0.06612007405453019	78.8915
chr3	101361623	0.0	78.9055
chr3	101479313	0.0	78.9055
chr3	101510774	0.0	78.9055
chr3	101529737	0.4459375092903817	78.9055
chr3	101563374	1.0914034009959979	78.9205
chr3	101639881	13.117423557081764	79.004
chr3	101645408	0.0	79.0765
chr3	101695459	0.0	79.0765
chr3	101799112	0.7197334202845993	79.0765
chr3	101924853	0.5685636015919996	79.167
chr3	101982894	0.5353938762517529	79.2
chr3	102017448	0.06232193732172882	79.2185
chr3	102073608	0.5142730552566439	79.222
chr3	102136804	0.06187134296173702	79.2545
chr3	102193373	0.15080356758164942	79.258
chr3	102216582	25.974025974057717	79.2615
chr3	102216736	1.5462589124646235	79.2655
chr3	102228377	0.0	79.2835
chr3	102280681	0.30380065090158637	79.2835
chr3	102423867	0.40686538389312416	79.327
chr3	102503746	0.26322716504375415	79.3595
chr3	102518942	0.0	79.3635
chr3	102532111	0.0	79.3635
chr3	102565852	0.0	79.3635
chr3	102606926	0.0	79.3635
chr3	102720553	0.18177411536580657	79.3635
chr3	102761813	0.42926078332686524	79.371
chr3	102795592	0.0	79.3855
chr3	102834650	0.0	79.3855
chr3	102864024	0.0	79.3855
chr3	102885452	0.0	79.3855
chr3	102906469	0.09197939661522393	79.3855
chr3	102982573	0.1321461445222979	79.3925
chr3	103092300	0.0	79.407
chr3	103140136	0.8058462489513789	79.407
chr3	103185430	0.07880220646183723	79.4435
chr3	103229845	1.0464231354638205	79.447
chr3	103250869	0.0	79.469
chr3	103294447	0.9127990467169953	79.469
chr3	103425363	0.38580246913614935	79.5885
chr3	103453875	0.4026382391285103	79.5995
chr3	103479953	0.19857029388400158	79.61
chr3	103537867	0.3443018051254243	79.6215
chr3	103558198	2.5250024754927187	79.6285
chr3	103578396	0.8529512111906901	79.6795
chr3	103616499	1.0506003430531623	79.712
chr3	103709779	0.3078944127424434	79.81
chr3	103734138	0.8585889016089711	79.8175
chr3	103767332	0.14107821376171484	79.846
chr3	103873656	0.0	79.861
chr3	103901788	0.0	79.861
chr3	103937425	0.05287088928839561	79.861
chr3	104003624	0.0	79.8645
chr3	104056030	0.0923848488844738	79.8645
chr3	104093915	16.657710908114364	79.868
chr3	104119969	0.15899994517241275	80.302
chr3	104211164	0.0	80.3165
chr3	104357238	0.0	80.3165
chr3	104377659	0.34074352587296564	80.3165
chr3	104420213	0.13380739381409928	80.331
chr3	104472527	0.6045805870360869	80.338
chr3	104514705	0.0	80.3635
chr3	104563552	0.0	80.3635
chr3	104640333	0.0	80.3635
chr3	104689302	0.0	80.3635
chr3	104725588	0.0	80.3635
chr3	104762069	1.5184381778752716	80.3635
chr3	104764374	0.0	80.367
chr3	104786352	0.0	80.367
chr3	104841354	1.6377166136114374	80.367
chr3	104939051	0.9787608887146921	80.527
chr3	104979919	0.3103662321542207	80.567
chr3	105015361	0.9890109890110264	80.578
chr3	105033561	6.723283793347098	80.596
chr3	105051930	0.0	80.7195
chr3	105064305	0.432162493097421	80.7195
chr3	105105956	0.45074720016636466	80.7375
chr3	105163638	0.09110312874180074	80.7635
chr3	105202056	0.0	80.767
chr3	105266143	0.0	80.767
chr3	105302746	0.0	80.767
chr3	105331672	0.0	80.767
chr3	105358178	0.0	80.767
chr3	105384738	0.0	80.767
chr3	105509124	0.21302495435194774	80.767
chr3	105525554	0.0	80.7705
chr3	105566459	0.0	80.7705
chr3	105569586	3.0213706705966703	80.7705
chr3	105589941	0.08883023273527324	80.832
chr3	105629342	0.0	80.8355
chr3	105682328	0.0	80.8355
chr3	105702823	0.0	80.8355
chr3	105724387	0.33931766302701866	80.8355
chr3	105756805	0.5886673435439959	80.8465
chr3	105849387	0.0	80.901
chr3	105873335	0.5905976848570977	80.901
chr3	105898733	0.24707626420689455	80.916
chr3	105983727	0.570738179419316	80.937
chr3	106118640	0.25259815242512274	81.014
chr3	106132496	0.3843936190659381	81.0175
chr3	106179323	0.32530148476882204	81.0355
chr3	106222360	9.282782880593988	81.0495
chr3	106237711	8.089072470675701	81.192
chr3	106275478	0.47036688617154965	81.4975
chr3	106282919	1.2706969580285425	81.501
chr3	106308889	0.0	81.534
chr3	106337602	0.1357957631717347	81.534
chr3	106363376	0.16857979188073577	81.5375
chr3	106428627	0.0	81.5485
chr3	106458934	0.2707942938225482	81.5485
chr3	106551255	9.743135518160129	81.5735
chr3	106555771	0.0	81.6175
chr3	106629414	1.2185017302720413	81.6175
chr3	106649931	0.0	81.6425
chr3	106674028	1.0425871664884014	81.6425
chr3	106803034	0.7927519818805212	81.777
chr3	106811864	0.4379306317875265	81.784
chr3	106828990	0.0	81.7915
chr3	106847846	0.0	81.7915
chr3	106875626	0.0	81.7915
chr3	106893955	0.8112493239594764	81.7915
chr3	106906898	0.2482334055966101	81.802
chr3	106967325	3.7425149700605678	81.817
chr3	106984693	0.241129865655411	81.882
chr3	106999208	0.24951759930825038	81.8855
chr3	107029266	0.0	81.893
chr3	107106421	0.0	81.893
chr3	107107964	0.0	81.893
chr3	107344385	0.0	81.893
chr3	107365171	0.0	81.893
chr3	107380735	0.0	81.893
chr3	107463830	0.0	81.893
chr3	107499024	0.0	81.893
chr3	107530866	0.16212053661917433	81.893
chr3	107555539	0.0	81.897
chr3	107604319	0.0	81.897
chr3	107625763	0.0	81.897
chr3	107660109	0.6819999059309619	81.897
chr3	107681370	0.3525027696641551	81.9115
chr3	107701228	0.08223104574401478	81.9185
chr3	107743791	0.36835999356429916	81.922
chr3	107979973	0.13037809647995074	82.009
chr3	108010653	0.0	82.013
chr3	108037973	1.0612176952846086	82.013
chr3	108062002	0.09519664907802049	82.0385
chr3	108098768	5.582109935131413	82.042
chr3	108128058	3.173910122925925	82.2055
chr3	108157832	2.672140035628635	82.3
chr3	108183654	0.5085999630110406	82.369
chr3	108226910	0.4988662131517315	82.391
chr3	108248960	0.5086469989827253	82.402
chr3	108284348	0.3534104104612007	82.42
chr3	108304155	0.10595614828200128	82.427
chr3	108374939	0.14458627669692656	82.4345
chr3	108399146	0.5770370997797447	82.438
chr3	108588042	0.15819209039559326	82.547
chr3	108610167	0.0	82.5505
chr3	108619473	0.18461863065737424	82.5505
chr3	108638431	0.5630630630631565	82.554
chr3	108671287	1.0043041606883638	82.5725
chr3	108685227	2.5540380686094974	82.5865
chr3	108703825	0.1671522040213239	82.634
chr3	108724764	0.6692072703495214	82.6375
chr3	108822641	0.1975763962063535	82.703
chr3	108860601	1.318354493651984	82.7105
chr3	108940625	3.4237042810218354	82.816
chr3	108958588	1.0165807831176206	82.8775
chr3	108987115	1.1774010893207045	82.9065
chr3	109042746	1.0241238051889328	82.972
chr3	109077898	3.021476393357317	83.008
chr3	109100900	1.4376770538243837	83.0775
chr3	109171500	0.7261827508420172	83.179
chr3	109236222	0.23063490494563613	83.226
chr3	109266573	0.0	83.233
chr3	109288610	0.28325693979491373	83.233
chr3	109327444	2.039176914045681	83.244
chr3	109343627	0.26093450543910207	83.277
chr3	109454766	2.165931269928222	83.306
chr3	109578962	0.05363573672519349	83.575
chr3	109644217	1.6932845872617637	83.5785
chr3	109670202	3.528968913704858	83.6225
chr3	109702081	2.391332301859539	83.735
chr3	109943160	0.0	84.3115
chr3	109962353	0.3998857469297345	84.3115
chr3	109979858	6.404421326398007	84.3185
chr3	109995238	0.0	84.417
chr3	110010692	1.1972379997774352	84.417
chr3	110028650	2.807954336217809	84.4385
chr3	110082960	0.0	84.591
chr3	110100506	0.0	84.591
chr3	110130157	0.13660353927364036	84.591
chr3	110210682	9.442967205290824	84.602
chr3	110240016	3.8882929819185366	84.879
chr3	110266120	0.0	84.9805
chr3	110270776	0.0	84.9805
chr3	110286084	0.0	84.9805
chr3	110301579	0.0	84.9805
chr3	110315020	0.0	84.9805
chr3	110329129	0.43659456241300576	84.9805
chr3	110379519	0.06363404967096653	85.0025
chr3	110434521	0.0	85.006
chr3	110492241	0.0	85.006
chr3	110523437	5.848858080088908	85.006
chr3	110539594	6.164529157514583	85.1005
chr3	110553707	7.807196198235106	85.1875
chr3	110581694	0.56856947918984	85.406
chr3	110594885	1.3582609921540902	85.4135
chr3	110779312	3.382005582993217	85.664
chr3	110807254	11.675921970667911	85.7585
chr3	110821300	5.530208765380776	85.9225
chr3	110835766	1.7163626573333086	86.0025
chr3	110865480	25.01406213810675	86.0535
chr3	110895703	10.288065843621643	86.8095
chr3	110911984	3.210635796328025	86.977
chr3	110956212	0.0	87.119
chr3	110989283	3.864118895965774	87.119
chr3	111012833	4.00374818979566	87.21
chr3	111024572	2.1559735335660073	87.257
chr3	111051474	1.0825439783492896	87.315
chr3	111088424	0.20104543626833224	87.355
chr3	111123242	2.5024307049843113	87.362
chr3	111185981	0.0	87.519
chr3	111296326	0.2699320262078398	87.519
chr3	111337077	0.0	87.53
chr3	111354649	0.2943431356443128	87.53
chr3	111427693	2.095230269915038	87.5515
chr3	111452034	3.1616982836389256	87.6025
chr3	111453141	15.169288189816498	87.606
chr3	111471896	0.21317416329091227	87.8905
chr3	111490660	0.0	87.8945
chr3	111525971	0.0	87.8945
chr3	111570883	0.0	87.8945
chr3	111597215	0.6889952153110309	87.8945
chr3	111623340	0.0	87.9125
chr3	111647232	0.0	87.9125
chr3	111663761	29.139460091609646	87.9125
chr3	111674022	19.64384526384642	88.2115
chr3	111693901	0.0	88.602
chr3	111707014	0.0	88.602
chr3	111728161	0.0	88.602
chr3	111744149	0.3166962249807102	88.602
chr3	111767831	0.0	88.6095
chr3	111779557	0.22325166043423295	88.6095
chr3	111940810	0.1836884643646624	88.6455
chr3	111962586	1.6939252336446473	88.6495
chr3	111979706	3.867001586461866	88.6785
chr3	111994834	7.213740458016082	88.737
chr3	112007934	1.0311383358856467	88.8315
chr3	112056909	0.5571474052842081	88.882
chr3	112069473	3.05720747131282	88.889
chr3	112093351	3.348663409025641	88.962
chr3	112128141	1.1303692539562638	89.0785
chr3	112227666	5.403991981172981	89.191
chr3	112250612	22.93195463642476	89.315
chr3	112268600	7.496522231954166	89.7275
chr3	112288009	0.20927381984486207	89.873
chr3	112321458	3.093148743663867	89.88
chr3	112468234	1.0036587275600457	90.334
chr3	112678963	2.6450200656691316	90.5455
chr3	112700891	0.16528145069902253	90.6035
chr3	112722067	0.4122464684223267	90.607
chr3	112740260	9.331466235302592	90.6145
chr3	112781679	0.0	91.001
chr3	112794615	0.383286356185049	91.001
chr3	112879408	0.14068160236312305	91.0335
chr3	112907841	8.008953240303542	91.0375
chr3	112936434	4.982691702507207	91.2665
chr3	113012698	1.8197791164656352	91.6465
chr3	113036602	2.671755725192749	91.69
chr3	113037912	0.0	91.6935
chr3	113098232	0.0	91.6935
chr3	113104326	0.0	91.6935
chr3	113164186	12.822957383926276	91.6935
chr3	113185164	1.1915331059293426	91.9625
chr3	113206565	1.3847185377372075	91.988
chr3	113240868	4.818127241660674	92.0355
chr3	113305831	0.03777780176371066	92.3485
chr3	113398478	0.0	92.352
chr3	113427572	0.6163042009994181	92.352
chr3	113486796	0.0	92.3885
chr3	113505741	0.0	92.3885
chr3	113523895	0.2982403817480531	92.3885
chr3	113537307	3.3293151943061208	92.3925
chr3	113554728	4.141082393259512	92.4505
chr3	113561731	61.24508122288359	92.4795
chr3	113571642	0.05665997539342261	93.0865
chr3	113633414	0.0	93.09
chr3	113661306	21.439509954059005	93.09
chr3	113665224	0.7747728657324597	93.174
chr3	113740730	2.7889140665850163	93.2325
chr3	113752204	0.1927423735346442	93.2645
chr3	113809275	0.5938723174518982	93.2755
chr3	113846320	232.90598290600187	93.2975
chr3	113846554	0.18512576210106102	93.352
chr3	113927580	0.5245044812925626	93.367
chr3	113981917	0.0	93.3955
chr3	113996888	0.1222605984657789	93.3955
chr3	114029605	0.8053150795248946	93.3995
chr3	114074308	0.0	93.4355
chr3	114080330	0.0	93.4355
chr3	114099007	0.02326027668093691	93.4355
chr3	114270974	0.0	93.4395
chr3	114295803	0.09418222915888545	93.4395
chr3	114332965	0.08095480408943195	93.443
chr3	114376199	0.30316504304916037	93.4465
chr3	114400938	0.0	93.454
chr3	114478797	3.0632135895321335	93.454
chr3	114482388	0.5661639816766525	93.465
chr3	114501817	0.3336362904245966	93.476
chr3	114588738	0.14280468399373705	93.505
chr3	114613247	0.18681611956245003	93.5085
chr3	114631982	0.12777919754673073	93.512
chr3	114659373	0.15260748302897628	93.5155
chr3	114754388	0.0	93.53
chr3	114778161	0.0	93.53
chr3	114797421	0.19617459539013676	93.53
chr3	114817811	0.7178830182010705	93.534
chr3	114863083	0.31994149641166375	93.5665
chr3	114884962	3.184586600851809	93.5735
chr3	114910083	2.2730678922917567	93.6535
chr3	114950117	0.0	93.7445
chr3	114970070	2.346104175635146	93.7445
chr3	114993300	6.020469596627339	93.799
chr3	114999944	2.2842533215979057	93.839
chr3	115023803	12.106957167615853	93.8935
chr3	115043998	0.7539447466204854	94.138
chr3	115062567	1.0377358490568667	94.152
chr3	115083767	2.9553760772458655	94.174
chr3	115105930	0.22007042253447498	94.2395
chr3	115121834	0.0	94.243
chr3	115129611	4.220231138813917	94.243
chr3	115145013	2.3090708574572254	94.308
chr3	115159521	0.06577463729990418	94.3415
chr3	115212733	0.0	94.345
chr3	115238694	0.5998800239951256	94.345
chr3	115287037	0.0	94.374
chr3	115320777	0.280697678920537	94.374
chr3	115372434	0.0	94.3885
chr3	115388356	0.9626578311096617	94.3885
chr3	115410690	0.14302059496577726	94.41
chr3	115435162	0.0	94.4135
chr3	115459649	2.6047136915513844	94.4135
chr3	115483452	1.036269430052745	94.4755
chr3	115494067	7.548383903380151	94.4865
chr3	115514270	1.3225100328345658	94.639
chr3	115525234	0.0	94.6535
chr3	115538348	0.0	94.6535
chr3	115557548	0.0	94.6535
chr3	115570804	0.0	94.6535
chr3	115583597	0.14517400141036546	94.6535
chr3	115607706	0.19919326726780978	94.657
chr3	115627787	10.904973780390758	94.661
chr3	115678131	0.0	95.21
chr3	115716409	0.6634684086966616	95.21
chr3	115814379	0.07533686340325219	95.275
chr3	115860837	0.7594035861207554	95.2785
chr3	115976059	0.0	95.366
chr3	115997217	0.5965742762721695	95.366
chr3	116357608	1.5509315759499167	95.581
chr3	116455936	0.0	95.7335
chr3	116471053	0.0	95.7335
chr3	116485890	0.0	95.7335
chr3	116535223	0.0	95.7335
chr3	116552714	0.0	95.7335
chr3	116558774	0.6209076540977466	95.7335
chr3	116576490	1.9311842072045993	95.7445
chr3	116616103	0.7791063988347573	95.821
chr3	116704666	0.1663695781344029	95.89
chr3	116746741	0.0	95.897
chr3	116772098	0.48973477500996493	95.897
chr3	116824167	0.0	95.9225
chr3	116832065	0.4290372404324858	95.9225
chr3	116867027	1.9200281838998532	95.9375
chr3	116923797	2.546186641402556	96.0465
chr3	116932241	0.2692877339440479	96.068
chr3	116947095	1.9609267194422997	96.072
chr3	116974633	2.366433057249135	96.126
chr3	116985620	0.0	96.152
chr3	117002564	1.8047986410923533	96.152
chr3	117016693	0.22435897435913468	96.1775
chr3	117032293	0.0	96.181
chr3	117043079	0.26475037821501524	96.181
chr3	117056299	1.6343552750223378	96.1845
chr3	117074043	0.07705856450908193	96.2135
chr3	117119463	0.0	96.217
chr3	117141461	0.0	96.217
chr3	117153704	0.19258916878533727	96.217
chr3	117192647	5.061867266591488	96.2245
chr3	117211316	0.0	96.319
chr3	117250218	5.56950966473757	96.319
chr3	117259375	4.4764499805364215	96.37
chr3	117274789	0.0	96.439
chr3	117295070	6.16808018504337	96.439
chr3	117301555	0.0	96.479
chr3	117328354	1.073607785587472	96.479
chr3	117393089	0.5853821709308238	96.5485
chr3	117405047	0.0	96.5555
chr3	117415920	2.3965414617339684	96.5555
chr3	117447841	0.0	96.632
chr3	117464066	0.0	96.632
chr3	117478296	6.087575649697126	96.632
chr3	117506386	0.6912355124612483	96.803
chr3	117559190	7.814259968461461	96.8395
chr3	117594702	0.0	97.117
chr3	117608130	0.736935191813631	97.117
chr3	117631877	3.5777083129823968	97.1345
chr3	117672825	2.09769976370712	97.281
chr3	117693562	8.692502716407429	97.3245
chr3	117707367	7.208457923963633	97.4445
chr3	117726095	30.79146287238942	97.5795
chr3	117730593	0.0	97.718
chr3	117732661	0.20686801820453343	97.718
chr3	117749580	2.11813411640095	97.7215
chr3	117770353	10.190376080354753	97.7655
chr3	117787477	0.7734655807816845	97.94
chr3	117919351	0.9711418064223666	98.042
chr3	118020778	1.9621190886156845	98.1405
chr3	118070724	3.4031762978781486	98.2385
chr3	118085710	1.0156033607234494	98.2895
chr3	118096541	3.712105588781333	98.3005
chr3	118101390	0.22985863693856387	98.3185
chr3	118118792	12.42891957757852	98.3225
chr3	118124947	0.531914893617156	98.399
chr3	118166307	3.421416612069378	98.421
chr3	118180044	16.03917692515048	98.468
chr3	118191173	8.684673655214779	98.6465
chr3	118204242	0.0	98.76
chr3	118233095	0.5966587112171089	98.76
chr3	118257397	5.329892280071749	98.7745
chr3	118275221	1.0093646610217395	98.8695
chr3	118293054	51.7464424320725	98.8875
chr3	118293827	1.2962443946190492	98.9275
chr3	118308099	0.1753594869483692	98.946
chr3	118328058	0.0	98.9495
chr3	118347226	0.9738957740562174	98.9495
chr3	118399593	1.3747333491346936	99.0005
chr3	118420688	5.888584247258005	99.0295
chr3	118436736	1.6639404365727761	99.124
chr3	118454465	0.0	99.1535
chr3	118470985	0.0	99.1535
chr3	118484213	1.1501964919007432	99.1535
chr3	118515512	0.8295625942692225	99.1895
chr3	118528772	6.300168004479695	99.2005
chr3	118550200	1.3200884459260833	99.3355
chr3	118580501	0.4623985875823145	99.3755
chr3	118604290	4.950174712048389	99.3865
chr3	118619744	1.0979026273955017	99.463
chr3	118632951	11.410640422193453	99.4775
chr3	118646973	1.3284017503643395	99.6375
chr3	118666169	0.0	99.663
chr3	118686211	5.1243406179353865	99.663
chr3	118706116	2.86816338641048	99.765
chr3	118726338	4.364492887493566	99.823
chr3	118747990	0.0	99.9175
chr3	118774294	10.585387909252802	99.9175
chr3	118811893	8.48622765846499	100.3155
chr3	118832986	0.0	100.4945
chr3	118856448	2.8348397699261554	100.4945
chr3	118880788	4.989244741873852	100.5635
chr3	118897524	0.0	100.647
chr3	118914603	0.1019197983840679	100.647
chr3	119022531	3.7684138403564296	100.658
chr3	119031288	2.023381294963978	100.691
chr3	119086888	0.0559716681592225	100.8035
chr3	119283416	0.04625033146075438	100.8145
chr3	119445577	8.637236084453013	100.822
chr3	119470064	0.0	101.0335
chr3	119484703	7.961200585651839	101.0335
chr3	119495631	0.5587088745825166	101.1205
chr3	119574384	0.0	101.1645
chr3	119620753	0.0	101.1645
chr3	119641251	0.5784497546574453	101.1645
chr3	119666318	5.116460383978225	101.179
chr3	119717623	0.844475721323044	101.4415
chr3	119738938	0.0	101.4595
chr3	119752394	1.7791669821216933	101.4595
chr3	119844853	2.8260869565219933	101.624
chr3	119877053	3.9988379445289706	101.715
chr3	119994087	0.0	102.183
chr3	120018190	0.0	102.183
chr3	120036053	0.8232088111728273	102.183
chr3	120053667	0.0	102.1975
chr3	120075137	0.9593162691314421	102.1975
chr3	120098070	0.0	102.2195
chr3	120122432	0.0	102.2195
chr3	120158357	0.2955665024633454	102.2195
chr3	120183732	0.9167430619214668	102.227
chr3	120207730	0.5322565843812163	102.249
chr3	120262215	0.12818165171171178	102.278
chr3	120289520	1.094481775605945	102.2815
chr3	120309164	0.27851274195828496	102.303
chr3	120323526	0.0	102.307
chr3	120350660	0.1432019966447934	102.307
chr3	120399542	6.9927915716839335	102.314
chr3	120415773	0.0	102.4275
chr3	120418744	0.0	102.4275
chr3	120438414	0.4816955684011149	102.4275
chr3	120460212	0.054979039241161126	102.438
chr3	120532967	0.0	102.442
chr3	120556044	1.8972332015810995	102.442
chr3	120575019	0.0	102.478
chr3	120602382	0.0	102.478
chr3	120659875	2.43125419181965	102.478
chr3	120665839	2.2061053966852797	102.4925
chr3	120702102	0.0	102.5725
chr3	120718629	0.22602701022719543	102.5725
chr3	120736326	1.677658220525892	102.5765
chr3	120753612	2.644614222147496	102.6055
chr3	120789345	4.084967320261041	102.7
chr3	120810765	0.3020539669754444	102.7875
chr3	120870357	3.4632250348816527	102.8055
chr3	120910493	0.25931688523359	102.9445
chr3	120950984	5.242495332024563	102.955
chr3	120971871	5.181516000782775	103.0645
chr3	120987214	1.1586875230416263	103.144
chr3	121006201	9.410586250527187	103.166
chr3	121025169	0.6423497405412886	103.3445
chr3	121064867	0.6719367588931189	103.37
chr3	121102817	3.5806478474478043	103.3955
chr3	121162862	0.17531556802256568	103.6105
chr3	121182826	19.00434610825739	103.614
chr3	121195481	3.098373353989273	103.8545
chr3	121222592	0.7205326972767929	103.9385
chr3	121242716	4.213853041875074	103.953
chr3	121261701	9.878615702479408	104.033
chr3	121284933	0.557765059656517	104.2625
chr3	121305551	5.617516811546681	104.274
chr3	121317745	0.22983222247787224	104.3425
chr3	121335149	18.399328389532446	104.3465
chr3	121342296	0.657383613219978	104.478
chr3	121359029	0.3949001466766779	104.489
chr3	121376755	4.52699141111906	104.496
chr3	121409006	20.20708082832392	104.642
chr3	121423976	1.3161225006325614	104.9445
chr3	121443731	2.048018148591522	104.9705
chr3	121459600	2.598593702231832	105.003
chr3	121479226	6.076237104389316	105.054
chr3	121490664	7.845874043056737	105.1235
chr3	121514307	3.318280841977753	105.309
chr3	121583620	0.0	105.539
chr3	121655769	1.362306165696607	105.539
chr3	121685498	17.82839425198298	105.5795
chr3	121702269	4.919066638637685	105.8785
chr3	121749839	0.5474452554748438	106.1125
chr3	121769019	0.2026137169481652	106.123
chr3	121788761	0.0	106.127
chr3	121791261	0.5953393434261781	106.127
chr3	121803019	0.6903175460710768	106.134
chr3	121819678	0.0	106.1455
chr3	121842460	0.0	106.1455
chr3	121864672	0.15705279217439597	106.1455
chr3	121909243	0.0	106.1525
chr3	121928404	0.0	106.1525
chr3	121955901	0.2261712439420033	106.1525
chr3	121971376	0.0	106.156
chr3	121976458	0.0	106.156
chr3	121992681	0.0	106.156
chr3	122029078	0.10804469963537353	106.156
chr3	122061472	0.0	106.1595
chr3	122087235	0.3120494114105148	106.1595
chr3	122133702	0.4662288169949756	106.174
chr3	122158368	0.7737609078794946	106.1855
chr3	122181631	0.03926187671757575	106.2035
chr3	122270776	2.360574910460986	106.207
chr3	122313774	0.2011932843068986	106.3085
chr3	122385844	0.16451697815215155	106.323
chr3	122477020	2.6390826912581904	106.338
chr3	122493503	0.40503321272307496	106.3815
chr3	122512020	0.0	106.389
chr3	122531109	1.0560193100681388	106.389
chr3	122541052	2.1473201134900295	106.3995
chr3	122605551	10.821227394012377	106.538
chr3	122608924	1.7186203626879437	106.5745
chr3	122617361	0.0	106.589
chr3	122619321	0.0	106.589
chr3	122625992	0.0	106.589
chr3	122635926	0.0	106.589
chr3	122636862	0.0	106.589
chr3	122644692	0.0	106.589
chr3	122648474	0.0	106.589
chr3	122671618	1.1357033437221058	106.589
chr3	122690549	2.59120008129265	106.6105
chr3	122710231	0.0	106.6615
chr3	122723817	0.06635196875774897	106.6615
chr3	122776566	4.329539831766031	106.665
chr3	122796776	1.343863711544776	106.7525
chr3	122820960	2.310888738127732	106.785
chr3	122844544	18.429285483117077	106.8395
chr3	122872353	1.189423282198235	107.352
chr3	123003509	0.39921451846104034	107.508
chr3	123049850	0.23645133831458381	107.5265
chr3	123113288	1.5857463321557184	107.5415
chr3	123152071	4.393939393943149	107.603
chr3	123155371	0.0	107.6175
chr3	123177638	0.25096801950296077	107.6175
chr3	123191584	0.0	107.621
chr3	123200354	0.0	107.621
chr3	123278514	3.3092659446451314	107.621
chr3	123288486	0.0	107.654
chr3	123318998	0.17799023596432573	107.654
chr3	123358326	4.318369880016591	107.661
chr3	123377662	0.4023574091655906	107.7445
chr3	123550394	0.0	107.814
chr3	123608915	0.0	107.814
chr3	123701289	0.0	107.814
chr3	123731639	1.0164855474237973	107.814
chr3	123785747	0.5365878007388236	107.869
chr3	123825815	0.0	107.8905
chr3	123838812	0.0	107.8905
chr3	123865795	0.0	107.8905
chr3	123879693	0.0	107.8905
chr3	123927038	0.0	107.8905
chr3	123954610	0.5528021349599002	107.8905
chr3	123980840	0.20882639565622105	107.905
chr3	124016755	0.39691540031781597	107.9125
chr3	124043209	0.44198470348583985	107.923
chr3	124069228	0.5273731793065441	107.9345
chr3	124089138	4.382922368670304	107.945
chr3	124120852	8.808802621005025	108.084
chr3	124137029	0.7680172700100909	108.2265
chr3	124161117	3.4715079201809815	108.245
chr3	124238893	0.5729640020546956	108.515
chr3	124289507	1.2559307842590486	108.544
chr3	124303839	6.4262598243178815	108.562
chr3	124325469	1.899077590884733	108.701
chr3	124366015	2.3588084647526237	108.778
chr3	124440205	0.0	108.953
chr3	124461303	0.9541274155712853	108.953
chr3	124568731	2.509731612374851	109.0555
chr3	124598017	19.910714285714196	109.129
chr3	124609217	1.88584360070412	109.352
chr3	124617171	5.876393110434927	109.367
chr3	124631976	0.0	109.454
chr3	124645671	0.29627435004850666	109.454
chr3	124659172	0.0	109.458
chr3	124687098	13.626182180188781	109.458
chr3	124695134	0.0	109.5675
chr3	124710732	8.796551935701729	109.5675
chr3	124775928	0.0	110.141
chr3	124781789	1.298576375528871	110.141
chr3	124812977	60.58201058201413	110.1815
chr3	124814867	0.5645161290303694	110.296
chr3	124821067	0.7427902917310031	110.2995
chr3	124874918	5.940162965727515	110.3395
chr3	124890995	13.66782006920426	110.435
chr3	124902555	0.5299818291937305	110.593
chr3	124915763	19.620442959345954	110.6
chr3	124939106	3.8155491781890887	111.058
chr3	124954438	0.0	111.1165
chr3	124963691	0.7132667617686215	111.1165
chr3	124979113	2.158878846646588	111.1275
chr3	125033771	2.7141133896258287	111.2455
chr3	125055325	0.0	111.304
chr3	125063104	10.117411941042826	111.304
chr3	125067107	2.745744096650296	111.3445
chr3	125072570	1.2234686022214705	111.3595
chr3	125108942	62.75100401606425	111.404
chr3	125109938	0.20399836801320168	111.4665
chr3	125127095	4.20057373690074	111.47
chr3	125161257	0.0	111.6135
chr3	125165040	12.46729259658351	111.6135
chr3	125171537	17.30559301354868	111.6945
chr3	125187110	2.020050875355456	111.964
chr3	125227208	11.57535001653587	112.045
chr3	125245350	0.5196784922399799	112.255
chr3	125259782	0.6313131313135825	112.2625
chr3	125265326	0.0	112.266
chr3	125272966	6.413301662707706	112.266
chr3	125291911	6.378432727958366	112.3875
chr3	125323737	1.612803175981406	112.5905
chr3	125339858	0.6262275483189024	112.6165
chr3	125374989	0.0	112.6385
chr3	125391278	0.0	112.6385
chr3	125423682	0.0	112.6385
chr3	125466650	6.508972267536719	112.6385
chr3	125497300	5.320807671318791	112.838
chr3	125522954	12.244054994984129	112.9745
chr3	125539901	10.277613703484908	113.182
chr3	125573761	7.462686567162551	113.53
chr3	125578719	0.0	113.567
chr3	125581113	11.747721225160518	113.567
chr3	125598776	11.881875467264583	113.7745
chr3	125617502	6.851570415400163	113.997
chr3	125656982	1.945329194049085	114.2675
chr3	125756194	0.0	114.4605
chr3	125767845	23.20226709174641	114.4605
chr3	125779137	1.7342739564961052	114.7225
chr3	125796147	9.10570474506834	114.752
chr3	125831784	13.290184742993647	115.0765
chr3	125847698	1.626152125567317	115.288
chr3	125925489	0.0	115.4145
chr3	125940125	21.88332182661019	115.4145
chr3	125980681	26.612436401303743	116.302
chr3	126013504	0.05281944080463561	117.1755
chr3	126505747	1.3428177397113354	117.2015
chr3	126519524	1.7196805318314126	117.22
chr3	126562846	1.5171137835336472	117.2945
chr3	126589871	8.563499978320475	117.3355
chr3	126612934	0.9060268908781556	117.533
chr3	126778492	0.18237715595791204	117.683
chr3	126797683	2.89249146757678	117.6865
chr3	126856283	1.8434586572107494	117.856
chr3	126898866	4.813194898626591	117.9345
chr3	126996722	0.06330945662402324	118.4055
chr3	127052006	1.229574831314333	118.409
chr3	127101210	0.0	118.4695
chr3	127107417	2.5426509186350725	118.4695
chr3	127131801	6.659413221280449	118.5315
chr3	127158455	0.0	118.709
chr3	127199173	6.918819188192144	118.709
chr3	127203509	1.6118449205488765	118.739
chr3	127273615	0.06969005348695363	118.852
chr3	127331012	2.5641025641028996	118.856
chr3	127360847	0.29346393280146743	118.9325
chr3	127464778	0.0	118.963
chr3	127488244	0.4478025109508624	118.963
chr3	127549655	5.198706099816995	118.9905
chr3	127553983	7.024265644952541	119.013
chr3	127557898	4.099480732440713	119.0405
chr3	127561557	3.5875187719007853	119.0555
chr3	127609501	9.998746238715784	119.2275
chr3	127641405	0.6612752856493187	119.5465
chr3	127733651	1.6881466690867546	119.6075
chr3	127761196	31.42857142857713	119.654
chr3	127762771	4.238461964651549	119.7035
chr3	127798869	0.0	119.8565
chr3	127814338	0.741995443098721	119.8565
chr3	127947762	0.0	119.9555
chr3	127974086	1.0628814372901978	119.9555
chr3	127988669	1.2086179716235488	119.971
chr3	127998184	3.366207996220526	119.9825
chr3	128015117	0.9567089213106783	120.0395
chr3	128111280	0.30958085444310623	120.1315
chr3	128148427	0.0	120.143
chr3	128191505	0.2241080499609508	120.143
chr3	128224971	0.0	120.1505
chr3	128258907	0.19070867343065553	120.1505
chr3	128298234	0.6405636960521711	120.158
chr3	128310723	0.5819295558960323	120.166
chr3	128343373	0.0	120.185
chr3	128363187	0.0	120.185
chr3	128381168	0.3629134057055689	120.185
chr3	128412856	0.23916578972522015	120.1965
chr3	128444215	0.0	120.204
chr3	128471317	0.0	120.204
chr3	128483680	0.3232935976111943	120.204
chr3	128568742	0.1557535356054117	120.2315
chr3	128616895	6.626819126818762	120.239
chr3	128628439	10.738109441943342	120.3155
chr3	128646878	4.926238145416539	120.5135
chr3	128684838	1.9959492239937744	120.7005
chr3	128769760	1.330538365948191	120.87
chr3	128849427	4.154893203293509	120.976
chr3	128915253	0.2724517249598326	121.2495
chr3	128944616	0.7592190889371955	121.2575
chr3	129009156	1.9582379980623514	121.3065
chr3	129057669	0.6870529513566594	121.4015
chr3	129192302	0.31098108774258615	121.494
chr3	129235713	0.0	121.5075
chr3	129258962	0.0	121.5075
chr3	129282913	0.2710971689710762	121.5075
chr3	129412018	0.12824646772584786	121.5425
chr3	129548474	1.4619280978461877	121.56
chr3	129572757	0.0	121.5955
chr3	129592543	1.2708613082677267	121.5955
chr3	129634247	0.26214086701216777	121.6485
chr3	129701005	0.7789816585229647	121.666
chr3	129729247	0.45007972840898863	121.688
chr3	129768129	0.759080319291104	121.7055
chr3	129872861	1.3192403703352733	121.785
chr3	129936155	0.607533414338771	121.8685
chr3	129943562	0.8646779074793554	121.873
chr3	130010639	0.0	121.931
chr3	130039226	0.15402519167604312	121.931
chr3	130068442	0.14436032336690185	121.9355
chr3	130099614	0.0	121.94
chr3	130130438	0.0	121.94
chr3	130139301	2.630553390492521	121.94
chr3	130144433	0.0	121.9535
chr3	130171555	0.30961882482407216	121.9535
chr3	130186089	0.2550393894169538	121.958
chr3	130239022	0.0	121.9715
chr3	130272347	0.2600855392440279	121.9715
chr3	130306951	2.1631468093582686	121.9805
chr3	130342085	1.5820256320110828	122.0565
chr3	130373374	1.0747499561327996	122.106
chr3	130418966	0.9523809523809884	122.155
chr3	130428416	0.17984533301361513	122.164
chr3	130478459	0.1273849289473211	122.173
chr3	130513785	0.0	122.1775
chr3	130535002	0.0	122.1775
chr3	130551605	0.1145533691420532	122.1775
chr3	130590888	0.9115154788832592	122.182
chr3	130620509	2.889366572680741	122.209
chr3	130656330	0.14703916588693175	122.3125
chr3	130843355	0.0	122.34
chr3	130847298	1.0981859594886036	122.34
chr3	130859591	0.07634882931807391	122.3535
chr3	130918531	0.1343952215031698	122.358
chr3	131018981	0.35183882078451645	122.3715
chr3	131045982	0.7930545120630043	122.381
chr3	131057961	0.0	122.3905
chr3	131059188	0.23109856962155123	122.3905
chr3	131100296	0.0	122.4
chr3	131154343	0.0	122.4
chr3	131192217	0.0	122.4
chr3	131196101	0.0	122.4
chr3	131200214	0.21819016995855817	122.4
chr3	131287294	0.1663998273039906	122.419
chr3	131398472	0.0	122.4375
chr3	131453399	0.11511523641037646	122.4375
chr3	131535925	0.0	122.447
chr3	131558686	0.14455687757139724	122.447
chr3	131693581	0.06921053845810111	122.4665
chr3	131758600	0.0	122.471
chr3	131791770	0.0	122.471
chr3	131801592	0.27042456656952435	122.471
chr3	131834873	0.0	122.48
chr3	131858865	0.0	122.48
chr3	131927256	0.0	122.48
chr3	131951502	0.0	122.48
chr3	131971754	0.0	122.48
chr3	131996163	0.0	122.48
chr3	131996588	0.0	122.48
chr3	132001702	0.2228561240860872	122.48
chr3	132024138	0.0	122.485
chr3	132046256	0.0	122.485
chr3	132064991	0.9532888465209834	122.485
chr3	132075481	0.10511317184819474	122.495
chr3	132118292	0.0	122.4995
chr3	132140702	0.0	122.4995
chr3	132160270	0.0	122.4995
chr3	132178265	0.16471322560515167	122.4995
chr3	132235941	0.0	122.509
chr3	132297222	0.3307753373905433	122.509
chr3	132312338	0.0	122.514
chr3	132331675	0.5419760446591033	122.514
chr3	132350126	0.1542026143273495	122.524
chr3	132476583	0.0	122.5435
chr3	132493185	0.0	122.5435
chr3	132498229	0.0	122.5435
chr3	132518212	0.0	122.5435
chr3	132534901	0.10299818348680782	122.5435
chr3	132588300	0.0	122.549
chr3	132621206	0.0	122.549
chr3	132641572	0.0	122.549
chr3	132657668	0.0	122.549
chr3	132671443	0.0	122.549
chr3	132687664	0.0	122.549
chr3	132700426	0.0	122.549
