Chromosome	Position(bp)	Rate(cM/Mb)	Map(cM)
chr10	0	0.0	0.0
chr10	188995	10.072211446332172	0.0
chr10	231786	0.5724192071176245	0.431
chr10	262358	0.7827723464850188	0.4485
chr10	322401	0.44567251983242634	0.4955
chr10	367277	3.2233047355920705	0.5155
chr10	408539	0.0	0.6485
chr10	491186	0.2711722987067193	0.6485
chr10	515156	2.0583497404689446	0.655
chr10	565439	0.36428213651473096	0.7585
chr10	719166	3.246380142495978	0.8145
chr10	736570	0.0	0.871
chr10	740405	0.3074715588808038	0.871
chr10	769676	2.2513015336991695	0.88
chr10	819425	0.04088233156479449	0.992
chr10	929497	0.0	0.9965
chr10	963739	0.0	0.9965
chr10	990502	0.3169967916082307	0.9965
chr10	1094604	2.8040997872751805	1.0295
chr10	1115288	2.6611840934173556	1.0875
chr10	1171466	11.577424023154844	1.237
chr10	1187359	5.7731531095516315	1.421
chr10	1216286	5.013507896924351	1.588
chr10	1254782	3.442455174980397	1.781
chr10	1330019	0.29929780131230344	2.04
chr10	1373454	6.729957805907172	2.053
chr10	1397154	20.39177906229926	2.2125
chr10	1400268	6.6122644905796255	2.276
chr10	1441933	2.1766303176587214	2.5515
chr10	1465134	12.601332370174173	2.602
chr10	1477593	8.694362017804158	2.759
chr10	1494443	1.394488625855372	2.9055
chr10	1629618	0.2668623657348725	3.094
chr10	1674585	2.8071806608496646	3.106
chr10	1702549	0.7053153347309032	3.1845
chr10	1753590	13.472328045992944	3.2205
chr10	1768027	0.0	3.415
chr10	1841822	0.17909164716557238	3.415
chr10	1883700	0.0	3.4225
chr10	1939230	6.203813520664179	3.4225
chr10	1983074	0.0	3.6945
chr10	2003072	20.190527614933657	3.6945
chr10	2029000	17.511216220916072	4.218
chr10	2057753	1.2797334031890273	4.7215
chr10	2290614	0.619914761720264	5.0195
chr10	2303519	0.056587605697560855	5.0275
chr10	2365370	0.2677913905068252	5.031
chr10	2380307	3.9014373716632496	5.035
chr10	2421702	11.393007754047067	5.1965
chr10	2451106	5.196580314889552	5.5315
chr10	2528657	4.223791718598528	5.9345
chr10	2564762	18.705284027239077	6.087
chr10	2576363	1.3174720037199135	6.304
chr10	2653784	0.0	6.406
chr10	2665637	0.9899321791145498	6.406
chr10	2689376	3.41013998530437	6.4295
chr10	2742453	1.18673356790407	6.6105
chr10	2790484	0.8392468382829432	6.6675
chr10	2850657	1.875419870120181	6.718
chr10	2904245	4.8334815409770195	6.8185
chr10	2939106	3.2404406999351667	6.987
chr10	2959165	4.292245964355721	7.052
chr10	2980599	0.11368804001818478	7.144
chr10	3011385	0.8226422485554757	7.1475
chr10	3062440	1.5644130050333678	7.1895
chr10	3077142	1.1884656283229926	7.2125
chr10	3109116	3.9436993759129018	7.2505
chr10	3146771	2.1421978536692885	7.399
chr10	3219360	10.13973592278999	7.5545
chr10	3253138	0.34917484470908455	7.897
chr10	3307552	0.7950224680262595	7.916
chr10	3336482	1.1169318968073494	7.939
chr10	3387067	0.0	7.9955
chr10	3398589	0.12999168053245086	7.9955
chr10	3456285	0.3304765471810476	8.003
chr10	3501674	0.6220534311157716	8.018
chr10	3532218	0.31533307055573984	8.037
chr10	3544903	1.246997967855164	8.041
chr10	3620685	0.0	8.1355
chr10	3637303	0.40803743063362	8.1355
chr10	3692445	1.245577297999903	8.158
chr10	3720143	5.50142506793918	8.1925
chr10	3735230	0.2394406666028249	8.2755
chr10	3766553	0.12274959083470187	8.283
chr10	3827653	3.869729428518358	8.2905
chr10	3859955	0.570008223069447	8.4155
chr10	3913463	1.8474244729406546	8.446
chr10	3950271	0.13794757991962867	8.514
chr10	4033636	3.213170388288189	8.5255
chr10	4089033	9.303477024803941	8.7035
chr10	4151644	0.8940101321148645	9.286
chr10	4181845	10.479921645445613	9.313
chr10	4227790	0.5374133823361893	9.7945
chr10	4631576	0.3666585186995983	10.0115
chr10	4652031	0.0	10.019
chr10	4684141	0.0	10.019
chr10	4696697	3.7008180755746025	10.019
chr10	4735202	0.6026018219843131	10.1615
chr10	4791624	0.13368537147827064	10.1955
chr10	4821545	3.0138720686997362	10.1995
chr10	4857877	4.60751574586803	10.309
chr10	4881534	0.41127002639494303	10.418
chr10	4962989	0.0	10.4515
chr10	4991387	10.707487309644794	10.4515
chr10	4997691	3.8948888482111896	10.519
chr10	5046858	18.745067087608582	10.7105
chr10	5059528	0.20183535617213286	10.948
chr10	5096687	0.0	10.9555
chr10	5106896	0.0	10.9555
chr10	5145301	0.0	10.9555
chr10	5150787	0.0	10.9555
chr10	5177965	0.637776509684137	10.9555
chr10	5207756	2.461545442170683	10.9745
chr10	5251834	6.6089601122938095	11.083
chr10	5260383	33.026755852842825	11.1395
chr10	5267559	19.027006073136075	11.3765
chr10	5298515	9.337025869320447	11.9655
chr10	5375788	0.4562321309082234	12.687
chr10	5408666	1.7063293443144945	12.702
chr10	5430643	6.9391745019100455	12.7395
chr10	5508390	0.20814831261102032	13.279
chr10	5544422	0.3858811194920991	13.2865
chr10	5613096	1.3337893296853522	13.313
chr10	5671576	10.24613623354313	13.391
chr10	5680311	0.6315825410102045	13.4805
chr10	5738894	0.48934438848445444	13.5175
chr10	5829832	18.444846292947567	13.562
chr10	5865777	3.548680618744367	14.225
chr10	5887757	1.3396332301453655	14.303
chr10	5942996	3.5111061832427746	14.377
chr10	5997110	12.389106171897334	14.567
chr10	6039042	6.076695259870806	15.0865
chr10	6104209	11.89993152942966	15.4825
chr10	6183075	17.930901988409026	16.421
chr10	6214306	1.4823180631043702	16.981
chr10	6256807	0.0	17.044
chr10	6282037	0.07091821357016086	17.044
chr10	6338440	0.0	17.048
chr10	6346936	1.2396231545610226	17.048
chr10	6409455	8.439478002656914	17.1255
chr10	6422252	0.09020541060644151	17.2335
chr10	6538653	9.949795801576368	17.244
chr10	6577096	0.26730171073093	17.6265
chr10	6618248	3.498293515358393	17.6375
chr10	6629968	1.0688865974195927	17.6785
chr10	6709490	3.477555896910665	17.7635
chr10	6732926	5.614657210401917	17.845
chr10	6802298	0.17005260293851543	18.2345
chr10	6846402	7.713805540344055	18.242
chr10	6899359	3.4205940153509564	18.6505
chr10	6953297	1.7030092348748431	18.835
chr10	6981776	2.218501465048122	18.8835
chr10	7053446	2.828289284458784	19.0425
chr10	7084737	0.0	19.131
chr10	7093644	4.045000632031352	19.131
chr10	7117377	8.896460344501175	19.227
chr10	7138509	1.844065139151202	19.415
chr10	7194635	14.276265020394684	19.5185
chr10	7212777	3.842837604804684	19.7775
chr10	7280045	1.7681679254338398	20.036
chr10	7319634	15.133659988835811	20.106
chr10	7335757	4.36919971214682	20.35
chr10	7442756	0.09941204874037836	20.8175
chr10	7477963	3.866325161605076	20.821
chr10	7518958	135.04542278127116	20.9795
chr10	7521820	4.464033451997549	21.366
chr10	7574911	3.165838947321018	21.603
chr10	7641560	16.071228581028056	21.814
chr10	7650489	1.8995321676233385	21.9575
chr10	7710767	1.659156083572321	22.072
chr10	7783997	1.4118394011795705	22.1935
chr10	7843848	0.0	22.278
chr10	7856238	0.2064990895267939	22.278
chr10	7909507	4.953639019433469	22.289
chr10	7925253	5.472258162721678	22.367
chr10	7990948	2.3089063382888253	22.7265
chr10	8042271	2.893913793723287	22.845
chr10	8070088	24.185114171169587	22.9255
chr10	8081562	5.785940781616793	23.203
chr10	8154411	10.870878125377443	23.6245
chr10	8179248	0.0	23.8945
chr10	8203781	0.0422598133323547	23.8945
chr10	8286602	0.23586389081075174	23.898
chr10	8318400	0.8027423414041273	23.9055
chr10	8341446	5.804488546067713	23.924
chr10	8393044	16.537221958049287	24.2235
chr10	8411971	1.2153818729844803	24.5365
chr10	8535389	0.18847603661824042	24.6865
chr10	8572529	2.4763083956378686	24.6935
chr10	8593528	1.390256117990444	24.7455
chr10	8651431	0.15685739616719727	24.826
chr10	8724746	0.3091053607703348	24.8375
chr10	8736069	3.919792610175808	24.841
chr10	8768086	3.2564450474898092	24.9665
chr10	8793881	3.377080877776146	25.0505
chr10	8869390	4.464182185014321	25.3055
chr10	8912511	1.145748084219897	25.498
chr10	8979716	1.7553221367185305	25.575
chr10	9015322	7.3086646747875195	25.6375
chr10	9037077	4.515753822996062	25.7965
chr10	9066308	0.7059930969564121	25.9285
chr10	9091804	0.20224491859648783	25.9465
chr10	9111582	2.089400116482229	25.9505
chr10	9180262	0.7376444553724589	26.094
chr10	9224999	5.193039695486745	26.127
chr10	9261779	0.0	26.318
chr10	9314141	0.3481959684553183	26.318
chr10	9367272	0.08343588994801492	26.3365
chr10	9415213	0.6194443584105476	26.3405
chr10	9479787	3.476744442727509	26.3805
chr10	9525088	0.5322384428224947	26.538
chr10	9538240	0.3756830601092634	26.545
chr10	9567520	2.626435917616581	26.556
chr10	9680601	2.6336469638722844	26.853
chr10	9727684	3.1582746796607237	26.977
chr10	9749848	1.3796461613374014	27.047
chr10	9786814	7.120253164556944	27.098
chr10	9811462	2.508126891604109	27.2735
chr10	9882830	2.0915673773186976	27.4525
chr10	9917493	2.668549765851496	27.525
chr10	9984758	0.38901856174288374	27.7045
chr10	10002752	14.03761669412407	27.7115
chr10	10046456	1.1702481614483577	28.325
chr10	10133617	6.090354951069851	28.427
chr10	10230081	17.007611798287286	29.0145
chr10	10255305	12.648998224702032	29.4435
chr10	10286849	7.5756204951898445	29.8425
chr10	10452644	0.21810930391967026	31.0985
chr10	10468691	0.0	31.102
chr10	10478419	0.45073244021536707	31.102
chr10	10518354	0.7238487908829797	31.12
chr10	10604698	0.18304481983154378	31.1825
chr10	10623819	1.0519942480889983	31.186
chr10	10755949	0.5073199014349966	31.325
chr10	10935323	0.6913566858258103	31.416
chr10	11009091	2.366927566637106	31.467
chr10	11046270	2.4875621890547666	31.555
chr10	11068179	4.041231483377697	31.6095
chr10	11141424	1.1358068682909876	31.9055
chr10	11163875	12.812099306389914	31.931
chr10	11262922	0.4805694098087065	33.2
chr10	11301418	0.2747353382907903	33.2185
chr10	11328717	0.05682187155014126	33.226
chr10	11390313	1.54186498625719	33.2295
chr10	11435064	2.6100325360220387	33.2985
chr10	11463033	0.5208052727044784	33.3715
chr10	11518716	0.24335637106980382	33.4005
chr10	11549535	0.48407643312103743	33.408
chr10	11608410	3.637441396777443	33.4365
chr10	11645524	0.0	33.5715
chr10	11660834	16.404830608101005	33.5715
chr10	11670191	0.20950974719157966	33.725
chr10	11720308	2.353508449669341	33.7355
chr10	11763860	0.0	33.838
chr10	11790591	0.0	33.838
chr10	11858867	0.06506815889640796	33.838
chr10	11920341	0.0	33.842
chr10	11938695	1.4580211413066042	33.842
chr10	11963386	2.811753128075295	33.878
chr10	11977612	0.15673279297848286	33.918
chr10	11999943	1.6477179106936541	33.9215
chr10	12024219	6.512589797547251	33.9615
chr10	12051781	21.42623487078839	34.141
chr10	12057895	0.2586694045828169	34.272
chr10	12183538	6.421862623062235	34.3045
chr10	12201212	0.11210044199610855	34.418
chr10	12232434	2.4601561664347527	34.4215
chr10	12260481	1.8801569051807117	34.4905
chr10	12297446	1.7113725207616304	34.56
chr10	12352957	0.44579533941218563	34.655
chr10	12377632	0.4737014047697011	34.666
chr10	12469462	0.37654382970179157	34.7095
chr10	12489380	0.10454314645008815	34.717
chr10	12522859	5.167364016736399	34.7205
chr10	12546759	3.0888464562506863	34.844
chr10	12564565	0.8610771682351837	34.899
chr10	12704506	0.0	35.0195
chr10	12752776	0.0	35.0195
chr10	12773846	0.08922198429699453	35.0195
chr10	12813074	1.4015609541606353	35.023
chr10	12867656	0.8932715633128453	35.0995
chr10	12981843	1.455589049015112	35.2015
chr10	13127145	0.11501523951937687	35.413
chr10	13161923	0.4000727404981153	35.417
chr10	13189418	0.2563226247436871	35.428
chr10	13259642	0.0	35.446
chr10	13283494	68.2137834036594	35.446
chr10	13285627	6.164611796067816	35.5915
chr10	13291629	2.383198587084105	35.6285
chr10	13473947	0.34985051841472176	36.063
chr10	13505389	0.0	36.074
chr10	13537086	1.6598246414271987	36.074
chr10	13616010	1.743631157771068	36.205
chr10	13643252	0.6490696668109289	36.2525
chr10	13694094	0.7219859558896994	36.2855
chr10	13744649	0.0	36.322
chr10	13844039	0.08774128854337919	36.322
chr10	13883929	0.23222491229805894	36.3255
chr10	14086319	0.031512794194401485	36.3725
chr10	14197385	0.0	36.376
chr10	14202155	0.1006354409270681	36.376
chr10	14236934	0.08878826219168905	36.3795
chr10	14281985	0.38772126851717437	36.3835
chr10	14319383	4.791606427361711	36.398
chr10	14343592	0.5402285240660736	36.514
chr10	14478720	0.0	36.587
chr10	14485830	0.27625003139194054	36.587
chr10	14525649	0.13436388298825785	36.598
chr10	14603795	1.7248625363359606	36.6085
chr10	14660901	0.0	36.707
chr10	14686193	0.0	36.707
chr10	14711600	0.0	36.707
chr10	14776626	0.07772078253725341	36.707
chr10	14911725	0.20936827880233122	36.7175
chr10	14964264	0.2787282303641784	36.7285
chr10	15016286	0.14814814814810362	36.743
chr10	15063536	0.7644994266253767	36.75
chr10	15092313	0.0	36.772
chr10	15123554	0.7693166730776975	36.772
chr10	15204145	3.023489015162996	36.834
chr10	15302872	1.1353862033373903	37.1325
chr10	15331937	0.0990575382785327	37.1655
chr10	15367270	0.0	37.169
chr10	15384298	1.1896107329324355	37.169
chr10	15399429	0.0	37.187
chr10	15417628	0.7326562578950305	37.187
chr10	15477001	0.5640487026879131	37.2305
chr10	15502708	0.4045890372998254	37.245
chr10	15592923	0.1975392256459756	37.2815
chr10	15610641	0.7302823758520238	37.285
chr10	15635289	1.079241210410666	37.303
chr10	15659380	0.11765892358901742	37.329
chr10	15689127	1.536986378634404	37.3325
chr10	15724586	0.3932789975453473	37.387
chr10	15798325	0.7188800605372956	37.416
chr10	15837970	1.0243912959088923	37.4445
chr10	15884339	0.18149643813262348	37.492
chr10	15906378	0.7308724211304793	37.496
chr10	15960423	0.0	37.5355
chr10	15970973	5.047807275252581	37.5355
chr10	15989694	0.22122374875082093	37.63
chr10	16120783	0.4546452199541649	37.659
chr10	16152676	2.9069767441861196	37.6735
chr10	16216488	0.0	37.859
chr10	16234455	0.45898356004321456	37.859
chr10	16258421	1.434617315831099	37.87
chr10	16314185	1.2724212945860036	37.95
chr10	16362911	1.6074553371585383	38.012
chr10	16387484	2.4942276445941016	38.0515
chr10	16422565	0.0	38.139
chr10	16445090	0.0	38.139
chr10	16475584	0.06004151441846183	38.139
chr10	16533877	0.0	38.1425
chr10	16584168	2.2395661177930877	38.1425
chr10	16732411	6.893182805036912	38.4745
chr10	16815319	0.0	39.046
chr10	16816335	2.147511848340963	39.046
chr10	16823087	3.972246593204959	39.0605
chr10	16947324	0.4162958284286464	39.554
chr10	16982155	0.07259302277352016	39.5685
chr10	17030369	2.4389483690992892	39.572
chr10	17094536	5.199343240853785	39.7285
chr10	17118289	0.27323399759555117	39.852
chr10	17145738	1.5527166229045226	39.8595
chr10	17185346	1.0641420813149993	39.921
chr10	17198972	1.7885248247246834	39.9355
chr10	17247895	0.34625481133132685	40.023
chr10	17309988	0.0	40.0445
chr10	17337871	1.7476666790616202	40.0445
chr10	17364764	0.67073394832586	40.0915
chr10	17419182	1.9708621555822519	40.128
chr10	17445059	1.4358831839551083	40.179
chr10	17488238	11.727528089887752	40.241
chr10	17495358	0.6641952425083744	40.3245
chr10	17527728	0.5524546129960846	40.346
chr10	17580221	6.640881558782827	40.375
chr10	17607627	0.6549765246037658	40.557
chr10	17684729	3.705762460626195	40.6075
chr10	17706317	0.681882308681093	40.6875
chr10	17770111	0.2894109635682779	40.731
chr10	17858221	3.6561870566599874	40.7565
chr10	17881059	0.06429686782392571	40.84
chr10	17935494	0.749642346208871	40.8435
chr10	18022869	6.242632086593186	40.909
chr10	18041531	5.202020202020182	41.0255
chr10	18150431	3.31112697279724	41.592
chr10	18175649	0.1355223418261636	41.6755
chr10	18201475	0.0	41.679
chr10	18272848	1.4249352796571477	41.679
chr10	18318815	0.500417014178501	41.7445
chr10	18354785	4.269333983898443	41.7625
chr10	18375280	1.2328220747669938	41.85
chr10	18458017	0.36225883911563916	41.952
chr10	18506325	0.6951769105381765	41.9695
chr10	18527183	3.4669798132303087	41.984
chr10	18545066	0.659033933786498	42.046
chr10	18583759	0.5508909235970587	42.0715
chr10	18636401	0.1180518078791993	42.1005
chr10	18695697	0.0	42.1075
chr10	18768342	0.0	42.1075
chr10	18790868	0.0	42.1075
chr10	18810277	0.20770392749236555	42.1075
chr10	18863237	0.0	42.1185
chr10	18893508	0.0	42.1185
chr10	18935014	0.11763667911669232	42.1185
chr10	18969017	30.230496453900177	42.1225
chr10	18974657	2.6700692327685913	42.293
chr10	19016978	0.028035287081340773	42.406
chr10	19391506	2.871429278677154	42.4165
chr10	19411705	1.4945334719100023	42.4745
chr10	19535824	0.5327689388410999	42.66
chr10	19604334	2.186412833397726	42.6965
chr10	19645726	1.574457314712808	42.787
chr10	19780058	0.40550933370626396	42.9985
chr10	19851573	0.2498965945125841	43.0275
chr10	19909597	0.0	43.042
chr10	19953599	2.0531538724764093	43.042
chr10	19962366	0.08976660682214403	43.06
chr10	20001356	0.2652519893899876	43.0635
chr10	20042826	2.154045733537249	43.0745
chr10	20146120	0.46354016815324744	43.297
chr10	20208682	0.0	43.326
chr10	20235746	4.317885724920888	43.326
chr10	20262611	2.3409218888262955	43.442
chr10	20324766	0.0	43.5875
chr10	20337357	0.09606147934678558	43.5875
chr10	20415432	0.0	43.595
chr10	20444761	0.28467435287425324	43.595
chr10	20493940	0.127202187877561	43.609
chr10	20525386	0.0	43.613
chr10	20549609	0.0	43.613
chr10	20591876	13.958169248271751	43.613
chr10	20626157	0.059833150984604004	44.0915
chr10	20684653	0.41704579921137525	44.095
chr10	20737405	2.342929469743982	44.117
chr10	20774538	0.0	44.204
chr10	20795955	0.0	44.204
chr10	20842763	0.09754466152009424	44.204
chr10	20878644	0.0	44.2075
chr10	20897084	0.0	44.2075
chr10	20906150	1.3010736653742525	44.2075
chr10	21040270	0.07360301477948816	44.382
chr10	21142168	0.0	44.3895
chr10	21181631	0.0	44.3895
chr10	21199459	0.0	44.3895
chr10	21225486	3.4938402437408684	44.3895
chr10	21285878	5.558878735999685	44.6005
chr10	21334359	1.9021498717157554	44.87
chr10	21345662	0.1319360675513609	44.8915
chr10	21372190	1.7295368482376723	44.895
chr10	21427118	1.271737844551998	44.99
chr10	21444024	12.674599068805001	45.0115
chr10	21465287	4.803534123720999	45.281
chr10	21540440	0.31313436703662983	45.642
chr10	21586746	0.40607207347310026	45.6565
chr10	21702489	2.1494398022514924	45.7035
chr10	21739708	0.0	45.7835
chr10	21768390	0.18568524148526702	45.7835
chr10	21927261	5.4782249173095305	45.813
chr10	21941773	0.07169046107213087	45.8925
chr10	21990594	2.293784294324095	45.896
chr10	22001711	0.37031658437410636	45.9215
chr10	22070571	0.9083032894552657	45.947
chr10	22106352	2.970354135424917	45.9795
chr10	22123690	0.6659982812947832	46.031
chr10	22193510	0.0	46.0775
chr10	22239082	1.0512567296359228	46.0775
chr10	22270473	6.444824411416478	46.1105
chr10	22285679	1.8314308416829101	46.2085
chr10	22337278	2.9663007359210165	46.303
chr10	22394757	2.7705980242892254	46.4735
chr10	22451243	20.749512630138025	46.63
chr10	22499461	7.215961573988557	47.6305
chr10	22634786	0.3233734316388422	48.607
chr10	22812599	0.7606008746910756	48.6645
chr10	22870448	3.760507299808221	48.7085
chr10	22904353	0.6768580579126614	48.836
chr10	22995214	9.842419297261353	48.8975
chr10	23014823	0.9267033934751755	49.0905
chr10	23112481	4.632770757357432	49.181
chr10	23159645	6.957703634186476	49.3995
chr10	23190546	3.022890899021604	49.6145
chr10	23212214	0.15531395606834403	49.68
chr10	23279819	0.06802636949451946	49.6905
chr10	23441521	1.587874413568998	49.7015
chr10	23455376	1.5070652324198028	49.7235
chr10	23491539	1.2556360938301732	49.778
chr10	23509060	5.434501319807669	49.8
chr10	23528381	5.8342208332605745	49.905
chr10	23700212	27.605441402470227	50.9075
chr10	23717781	2.183636811890421	51.3925
chr10	23746174	0.6758713913293325	51.4545
chr10	23756531	9.228441754916686	51.4615
chr10	23792886	0.25750269207366416	51.797
chr10	23835604	6.615506747816941	51.808
chr10	23884731	0.26569915525989374	52.133
chr10	23939304	0.7693437087065056	52.1475
chr10	24279854	3.8190804253408666	52.4095
chr10	24293208	0.42044828486090935	52.4605
chr10	24327695	0.4364114890359853	52.475
chr10	24402166	0.12660975256833124	52.5075
chr10	24457454	0.0	52.5145
chr10	24475589	0.0	52.5145
chr10	24542238	12.95060607257089	52.5145
chr10	24567565	0.5779869540085787	52.8425
chr10	24579676	0.35855145213318246	52.8495
chr10	24590832	0.0	52.8535
chr10	24631232	0.8151562851361442	52.8535
chr10	24666808	0.0	52.8825
chr10	24729037	0.0	52.8825
chr10	24767979	0.0	52.8825
chr10	24795287	0.0	52.8825
chr10	24850397	0.0	52.8825
chr10	24869695	0.11906602106424585	52.8825
chr10	25109058	0.2709516292438816	52.911
chr10	25151501	0.0	52.9225
chr10	25225837	0.0	52.9225
chr10	25256003	0.0	52.9225
chr10	25301196	0.0	52.9225
chr10	25397365	0.05335284523105595	52.9225
chr10	25462966	0.0	52.926
chr10	25526570	0.0	52.926
chr10	25557857	0.0	52.926
chr10	25560312	0.0	52.926
chr10	25586387	0.0	52.926
chr10	25624695	0.0	52.926
chr10	25670107	0.0	52.926
chr10	25674237	0.0	52.926
chr10	25723113	0.0	52.926
chr10	25731820	0.4379562043795786	52.926
chr10	25772920	1.3901132433714254	52.944
chr10	25817161	0.0	53.0055
chr10	25860210	0.5644878732433423	53.0055
chr10	25911584	1.351434997008276	53.0345
chr10	26008518	0.6487966155923894	53.1655
chr10	26064776	0.5424819484457063	53.202
chr10	26091505	0.7349029928049279	53.2165
chr10	26234381	0.3807873105910917	53.3215
chr10	26310539	0.0	53.3505
chr10	26333153	0.4052046283373257	53.3505
chr10	26377575	0.22939127896070705	53.3685
chr10	26473481	0.0	53.3905
chr10	26509296	0.0	53.3905
chr10	26528468	0.2536139994927543	53.3905
chr10	26615214	3.054923626909135	53.4125
chr10	26630599	0.0	53.4595
chr10	26632033	2.1889440950627153	53.4595
chr10	26718376	38.17520059558284	53.6485
chr10	26766732	0.23852214966028162	55.4945
chr10	26827523	0.0	55.509
chr10	26869440	0.0	55.509
chr10	26881427	0.0	55.509
chr10	26969622	0.05549543550039933	55.509
chr10	27041700	0.0	55.513
chr10	27078835	0.17895490336435899	55.513
chr10	27120745	0.0	55.5205
chr10	27156186	0.0	55.5205
chr10	27193898	0.0	55.5205
chr10	27221012	0.0	55.5205
chr10	27252963	0.0	55.5205
chr10	27289713	0.09303438284984254	55.5205
chr10	27364954	0.0	55.5275
chr10	27386618	7.548108825480884	55.5275
chr10	27410730	0.0	55.7095
chr10	27537036	0.0	55.7095
chr10	27599425	0.0	55.7095
chr10	27656895	0.0	55.7095
chr10	27670245	0.12165027284427031	55.7095
chr10	27699016	0.1486928546323999	55.713
chr10	27772994	0.0	55.724
chr10	27879986	0.0	55.724
chr10	27927097	0.5225404968886411	55.724
chr10	27948148	0.0	55.735
chr10	27995834	0.0	55.735
chr10	28106389	0.0	55.735
chr10	28144347	0.18250078214615437	55.735
chr10	28182703	4.268851707540708	55.742
chr10	28217607	0.0	55.891
chr10	28241688	0.08458710215866605	55.891
chr10	28330354	0.0	55.8985
chr10	28373980	0.0	55.8985
chr10	28389994	0.036872767880685	55.8985
chr10	28484915	0.5888911862003829	55.902
chr10	28755763	0.2797487347726579	56.0615
chr10	28795084	0.066128818939341	56.0725
chr10	28848011	0.23057058534186806	56.076
chr10	28880539	0.0649091735207468	56.0835
chr10	28988382	0.0	56.0905
chr10	29080689	0.0	56.0905
chr10	29106950	0.0	56.0905
chr10	29151130	0.0	56.0905
chr10	29176053	0.0	56.0905
chr10	29215782	0.0	56.0905
chr10	29244052	0.0	56.0905
chr10	29348408	0.07734631079003224	56.0905
chr10	29587592	0.6522934237998775	56.109
chr10	29938661	1.9589278135100303	56.338
chr10	29999919	0.0	56.458
chr10	30078267	0.0	56.458
chr10	30197030	0.31474820143886084	56.458
chr10	30230390	0.0	56.4685
chr10	30260927	0.0	56.4685
chr10	30266905	0.5919161170306952	56.4685
chr10	30272818	0.19195849546039911	56.472
chr10	30369193	8.766437069505377	56.4905
chr10	30437864	0.0	57.0925
chr10	30470346	0.0	57.0925
chr10	30484610	0.0	57.0925
chr10	30495949	0.6244218316373964	57.0925
chr10	30560809	0.3905276277523643	57.133
chr10	30681159	0.0	57.18
chr10	30742642	0.0	57.18
chr10	30756974	0.0	57.18
chr10	30907606	0.0	57.18
chr10	30956651	0.057605517416723005	57.18
chr10	31208363	0.0	57.1945
chr10	31264150	0.9339470166824279	57.1945
chr10	31442961	0.0	57.3615
chr10	31478389	0.0	57.3615
chr10	31523618	0.0	57.3615
chr10	31540723	0.0	57.3615
chr10	31578550	0.0	57.3615
chr10	32412424	0.027908209897631174	57.3615
chr10	32555751	0.016058729066311082	57.3655
chr10	32773701	0.0	57.369
chr10	32838632	0.060188268905137544	57.369
chr10	32963241	0.6204729496282266	57.3765
chr10	33941527	0.1193765135237389	57.9835
chr10	33970846	0.08994827973910015	57.987
chr10	34015316	0.3293695412677714	57.991
chr10	34103363	1.7371574431878432	58.02
chr10	34159777	0.28619322130904357	58.118
chr10	34184236	0.0	58.125
chr10	34225806	0.0	58.125
chr10	34265415	0.0	58.125
chr10	34303662	0.0	58.125
chr10	34356136	0.06646041022114442	58.125
chr10	34574311	0.0	58.1395
chr10	34599630	0.23159682501808035	58.1395
chr10	34742119	0.0	58.1725
chr10	34880613	2.871959234384308	58.1725
chr10	34936150	0.0	58.332
chr10	34953494	0.0	58.332
chr10	35020128	0.0	58.332
chr10	35051414	2.9686174724342673	58.332
chr10	35115080	0.14530056459658341	58.521
chr10	35139168	0.0	58.5245
chr10	35166341	4.785220278758841	58.5245
chr10	35260903	0.012174225338838787	58.977
chr10	35589466	0.0	58.981
chr10	35741820	0.0	58.981
chr10	35775569	0.0	58.981
chr10	35921769	0.0	58.981
chr10	35940168	0.09981605327322358	58.981
chr10	36080426	0.0	58.995
chr10	36125378	0.0	58.995
chr10	36173591	0.0	58.995
chr10	36213709	0.0	58.995
chr10	36258439	0.13465375622777034	58.995
chr10	36340130	0.0	59.006
chr10	36354236	0.11945744599983477	59.006
chr10	36446319	0.0	59.017
chr10	36486200	0.0	59.017
chr10	36530148	0.0	59.017
chr10	36584542	0.44422658619522015	59.017
chr10	36617183	0.08400336013429488	59.0315
chr10	36658848	14.964771062087378	59.035
chr10	36708665	0.5286510812495605	59.7805
chr10	36819324	0.0	59.839
chr10	37124729	0.0	59.839
chr10	37147527	0.0	59.839
chr10	37162254	0.0	59.839
chr10	37258036	0.0	59.839
chr10	37543978	0.0	59.839
chr10	37589499	0.0	59.839
chr10	37873989	0.0	59.839
chr10	37914354	0.0	59.839
chr10	37943980	0.03736960676499323	59.839
chr10	38037639	0.0	59.8425
chr10	38041860	0.0	59.8425
chr10	38142224	0.0	59.8425
chr10	38157924	0.0	59.8425
chr10	38258345	0.0	59.8425
chr10	38305332	0.0	59.8425
chr10	38328616	0.12298518587534239	59.8425
chr10	38596941	0.0	59.8755
chr10	38614445	0.08468629775691151	59.8755
chr10	38655774	0.13243529589838435	59.879
chr10	38682202	0.08011353232014515	59.8825
chr10	38725890	0.0	59.886
chr10	38749230	0.056930808365701156	59.886
chr10	38942447	0.5271712867372691	59.897
chr10	39010736	0.0	59.933
chr10	39047313	5.894920597699359	59.933
chr10	39124074	0.4520001004444839	60.3855
chr10	39163897	0.5034612964125593	60.4035
chr10	39171842	62.37593525729175	60.4075
chr10	39178391	0.46090273362994855	60.816
chr10	39209851	0.46113859310804195	60.8305
chr10	39257559	1.801419366074536	60.8525
chr10	39625047	8.480706392956021	61.5145
chr10	39705229	0.0	62.1945
chr10	39741551	4.106459974848027	62.1945
chr10	39780514	3.563239540281913	62.3545
chr10	39921818	0.0	62.858
chr10	39956583	0.0	62.858
chr10	39969172	0.0	62.858
chr10	40001399	0.0	62.858
chr10	40031830	0.0	62.858
chr10	40084313	0.0	62.858
chr10	40104993	0.0	62.858
chr10	40126830	0.2910360884753266	62.858
chr10	40140574	0.1062892890763581	62.862
chr10	40173503	0.09592589039788692	62.8655
chr10	40246476	0.5768848219613361	62.8725
chr10	40271611	1.2759752096241155	62.887
chr10	40277097	9.107538517030038	62.894
chr10	40315911	0.4596548410012293	63.2475
chr10	40387704	0.9055716853310245	63.2805
chr10	40460034	2.7576115707132107	63.346
chr10	40495572	4.414017850628658	63.444
chr10	40536691	0.356937476452055	63.6255
chr10	40587120	5.1149723638805655	63.6435
chr10	40619867	1.8704978708161357	63.811
chr10	40644994	1.5910086118816067	63.858
chr10	40679249	0.9920184167082821	63.9125
chr10	40877330	0.8696512910434322	64.109
chr10	40948048	1.5830908779732982	64.1705
chr10	40971420	2.468685797600916	64.2075
chr10	41031776	0.0	64.3565
chr10	41067515	0.12903225806460833	64.3565
chr10	41094640	0.26991809381977255	64.36
chr10	41148360	0.2524888183525106	64.3745
chr10	41176084	1.9226944241859287	64.3815
chr10	41191167	1.3833577866275937	64.4105
chr10	41215022	1.0466381981079163	64.4435
chr10	41238908	3.483249667041958	64.4685
chr10	41268191	0.05306447333514986	64.5705
chr10	41475486	1.8106955055059797	64.5815
chr10	41495644	0.0	64.618
chr10	41495988	1.4902164053389186	64.618
chr10	41542290	0.0	64.687
chr10	41576062	0.4769187757988959	64.687
chr10	41697676	2.1822909411708706	64.745
chr10	41719213	1.18969860968526	64.792
chr10	41740647	0.31860074247826414	64.8175
chr10	41957219	0.0	64.8865
chr10	41965216	0.28205334837638013	64.8865
chr10	41977625	18.286124058803132	64.89
chr10	41980414	0.0	64.941
chr10	42021071	0.0	64.941
chr10	42035061	0.0	64.941
chr10	42080024	0.6761846069570643	64.941
chr10	42138440	1.8046863629747523	64.9805
chr10	42172795	0.0	65.0425
chr10	42191687	0.0	65.0425
chr10	42205969	0.12800600774851392	65.0425
chr10	42264560	1.3237240770702074	65.05
chr10	42291756	4.660874250690425	65.086
chr10	42365991	8.807161867892676	65.432
chr10	42386656	0.4755969561794208	65.614
chr10	42447632	0.6441438439838377	65.643
chr10	42492653	0.0	65.672
chr10	42527766	0.11948247021481245	65.672
chr10	42557059	0.680422542398936	65.6755
chr10	42615846	0.0	65.7155
chr10	42664014	0.273419105919534	65.7155
chr10	42729847	7.14741205228975	65.7335
chr10	42748665	1.1103736981827843	65.868
chr10	42787841	4.597306474380708	65.9115
chr10	42814052	0.4835849766267445	66.032
chr10	42851274	0.7618080243778856	66.05
chr10	42898530	0.2106028986616316	66.086
chr10	42950761	1.128126350151487	66.097
chr10	42992423	0.0	66.144
chr10	43021675	0.0	66.144
chr10	43046878	0.6268892552897352	66.144
chr10	43105102	1.949966707885774	66.1805
chr10	43136641	1.5698870403116152	66.242
chr10	43164350	0.08806360708540914	66.2855
chr10	43204094	0.725880955523478	66.289
chr10	43234402	0.17086051568803481	66.311
chr10	43298782	0.5335252369845448	66.322
chr10	43339080	0.19649968560032433	66.3435
chr10	43377248	0.0	66.351
chr10	43392588	1.4601047839904358	66.351
chr10	43427517	1.577551773906523	66.402
chr10	43457310	1.3894908599547315	66.449
chr10	43496533	1.623543083706444	66.5035
chr10	43525790	2.5135427952329286	66.551
chr10	43571940	0.11235955056187803	66.667
chr10	43603090	0.0	66.6705
chr10	43618624	0.39702265288596883	66.6705
chr10	43773527	0.0	66.732
chr10	43793443	1.362451623094594	66.732
chr10	43844087	0.0	66.801
chr10	43861541	0.5057085061884793	66.801
chr10	43919875	0.18865551502938446	66.8305
chr10	43959630	0.15582565335481505	66.838
chr10	43982091	1.2534794861599459	66.8415
chr10	44039930	0.1319559644096856	66.914
chr10	44066454	0.0	66.9175
chr10	44080002	1.9578719956789334	66.9175
chr10	44124438	0.2783400809719102	67.0045
chr10	44163958	10.271678451804318	67.0155
chr10	44177393	0.0	67.1535
chr10	44209201	0.7507989270635332	67.1535
chr10	44287118	0.3009328919649736	67.212
chr10	44323671	0.19930906191882433	67.223
chr10	44376353	0.0	67.2335
chr10	44390477	2.1553639676472964	67.2335
chr10	44457983	0.3647523457348673	67.379
chr10	44497736	9.838433071577017	67.3935
chr10	44519894	0.2529425651746376	67.6115
chr10	44579196	3.2598571872112707	67.6265
chr10	44582417	6.792488679185567	67.637
chr10	44613996	9.469959761343006	67.8515
chr10	44642824	1.095925734914946	68.1245
chr10	44782432	1.603931840253987	68.2775
chr10	44816411	3.3711130485328065	68.332
chr10	44833616	0.7558915073364121	68.39
chr10	44867351	0.0	68.4155
chr10	44930772	0.13826413981283442	68.4155
chr10	44985016	0.3877794089132702	68.423
chr10	45021119	0.09500285008561866	68.437
chr10	45063223	0.12612612612596022	68.441
chr10	45118723	0.5144660888371839	68.448
chr10	45176064	2.608506629953935	68.4775
chr10	45203666	2.254359051111407	68.5495
chr10	45257118	0.5605341643810215	68.67
chr10	45398947	1.6260162601626633	68.7495
chr10	45419242	2.321114134784633	68.7825
chr10	45481712	2.2750545389787815	68.9275
chr10	45594017	4.421652699278887	69.183
chr10	45635065	0.0	69.3645
chr10	45659631	0.0	69.3645
chr10	45703943	0.0	69.3645
chr10	45722030	1.1980500702303711	69.3645
chr10	45746236	1.0067021540667083	69.3935
chr10	45818750	0.0483318603623854	69.4665
chr10	45891166	0.05896027761872075	69.47
chr10	45950528	0.0	69.4735
chr10	45985464	0.0	69.4735
chr10	46003210	2.0381935380228815	69.4735
chr10	46053009	1.8196254879902274	69.575
chr10	46083235	0.4964637842735635	69.63
chr10	46140641	0.0	69.6585
chr10	46176231	0.35249509364943066	69.6585
chr10	46228714	0.14054881890525245	69.677
chr10	46331881	1.953367233039739	69.6915
chr10	46380259	0.8798592225244295	69.786
chr10	46417765	2.976037764892886	69.819
chr10	46476232	0.33794620354670246	69.993
chr10	46563524	3.446780836766101	70.0225
chr10	46586589	1.7592781849504002	70.102
chr10	46655083	0.43098288040226707	70.2225
chr10	46696848	1.0138863933880198	70.2405
chr10	46735807	0.8204072276267852	70.28
chr10	46984464	0.7124440222554748	70.484
chr10	47117106	4.092513328827613	70.5785
chr10	47143740	15.345957103114007	70.6875
chr10	47188312	1.1902807420787158	71.3715
chr10	47224858	0.4217467985582271	71.415
chr10	47250940	1.1145348456041857	71.426
chr10	47296699	0.630707525436025	71.477
chr10	47429090	1.2152282365905993	71.5605
chr10	47530717	0.623194153305517	71.684
chr10	47548368	4.996897713171665	71.695
chr10	47593496	0.0	71.9205
chr10	47633338	0.0	71.9205
chr10	47690354	2.154286372083084	71.9205
chr10	47751163	4.685089072801279	72.0515
chr10	47786808	1.3938048389499318	72.2185
chr10	47927789	4.252063316860229	72.415
chr10	48007515	9.266886326194289	72.754
chr10	48053647	0.4143895832343364	73.1815
chr10	48579722	6.685768863418851	73.3995
chr10	48593333	0.0	73.4905
chr10	48606984	0.21494626343417328	73.4905
chr10	48707009	0.3153949858380708	73.512
chr10	48787860	1.0287044000170993	73.5375
chr10	48858337	4.067875406787804	73.61
chr10	48879847	0.16287685232494803	73.6975
chr10	49036407	0.3519673762652179	73.723
chr10	49077604	0.0	73.7375
chr10	49096616	0.5801383984841694	73.7375
chr10	49216415	0.0	73.807
chr10	49316358	2.279587473273516	73.807
chr10	49348162	2.402562733582579	73.8795
chr10	49370638	0.8524384225402563	73.9335
chr10	49482083	1.8772732605892881	74.0285
chr10	49524698	0.49591558414705483	74.1085
chr10	49597291	2.600896860986731	74.1445
chr10	49625166	2.865502367809817	74.217
chr10	49658319	0.0	74.312
chr10	49727799	0.4397137311983922	74.312
chr10	49760775	0.26987431567603526	74.3265
chr10	49786713	0.7840204569029712	74.3335
chr10	49828166	0.6324679873895392	74.366
chr10	49879552	0.0	74.3985
chr10	49904094	2.0440657543678213	74.3985
chr10	49927332	0.0	74.446
chr10	49958308	0.4909296782826775	74.446
chr10	50084599	0.02654833693634089	74.508
chr10	50216434	2.5408980160113996	74.5115
chr10	50230799	0.6125080593164405	74.548
chr10	50277329	0.8902466451757896	74.5765
chr10	50330685	0.24677524777572893	74.624
chr10	50405652	0.1543652281298653	74.6425
chr10	50450999	0.0	74.6495
chr10	50488698	0.19048938454604092	74.6495
chr10	50546444	0.4062524181694461	74.6605
chr10	50572290	0.0	74.671
chr10	50614313	0.08505054432319911	74.671
chr10	50655465	0.7108139780609406	74.6745
chr10	50707518	3.833102928239372	74.7115
chr10	50747303	10.202226307602082	74.864
chr10	50796802	4.191365124303179	75.369
chr10	50842014	4.863906459651211	75.5585
chr10	50862882	0.908316138871639	75.66
chr10	50907470	1.1212558065018088	75.7005
chr10	50913713	0.21048603138174304	75.7075
chr10	50965973	0.4888116445796405	75.7185
chr10	51002797	0.4022127891291024	75.7365
chr10	51083600	0.18147502903583962	75.769
chr10	51124928	1.16400019812762	75.7765
chr10	51165306	0.24269320112349627	75.8235
chr10	51194149	0.0	75.8305
chr10	51202518	5.277168075468152	75.8305
chr10	51223931	3500.000000002501	75.9435
chr10	51223932	24.425409210414443	75.947
chr10	51235723	0.0	76.235
chr10	51255546	0.0	76.235
chr10	51255764	49.227799227796524	76.235
chr10	51257318	0.0	76.3115
chr10	51313443	0.0	76.3115
chr10	51344358	2.5785479475491395	76.3115
chr10	51426187	0.6129955046996555	76.5225
chr10	51480021	0.8104582053952721	76.5555
chr10	51555904	5.466786692172072	76.617
chr10	51609226	4.69859300374344	76.9085
chr10	51647961	4.9631680685439035	77.0905
chr10	51743666	0.0	77.5655
chr10	51762292	1.8205220375931594	77.5655
chr10	51848531	0.0	77.7225
chr10	51865426	0.37032211165898854	77.7225
chr10	52011245	0.0	77.7765
chr10	52041642	0.14419313640681009	77.7765
chr10	52065915	0.30728855225571505	77.78
chr10	52126119	1.5281237570909818	77.7985
chr10	52173890	0.6754509934325145	77.8715
chr10	52222006	0.5534646889533901	77.904
chr10	52235557	0.303289310430276	77.9115
chr10	52271826	0.260078023407208	77.9225
chr10	52298741	0.24229501841420104	77.9295
chr10	52329695	0.48118049615057434	77.937
chr10	52367103	0.7430025445293384	77.955
chr10	52416228	1.482780089785883	77.9915
chr10	52477262	0.4143321248647407	78.082
chr10	52583457	0.6503511896423841	78.126
chr10	52633430	3.436313653619621	78.1585
chr10	52709820	1.0062854135058632	78.421
chr10	52742117	0.0	78.4535
chr10	52783151	1.6353229762876023	78.4535
chr10	52834517	0.07506662162678544	78.5375
chr10	52887803	1.159641103775186	78.5415
chr10	52946873	0.0	78.61
chr10	52989290	0.0	78.61
chr10	53077501	0.0	78.61
chr10	53082494	0.0	78.61
chr10	53105696	0.0	78.61
chr10	53137618	0.0	78.61
chr10	53157583	0.0	78.61
chr10	53325567	0.36906724405188024	78.61
chr10	53366210	2.1747403903659825	78.625
chr10	53421389	1.0674482558980587	78.745
chr10	53449025	0.3966302295694416	78.7745
chr10	53512056	0.23809523809540822	78.7995
chr10	53526756	0.0	78.803
chr10	53556127	0.1659549045207751	78.803
chr10	53601320	0.0	78.8105
chr10	53609509	2.2746637453592156	78.8105
chr10	53675233	0.39771792199276956	78.96
chr10	53711691	7.524745188946385	78.9745
chr10	53738868	0.35665458003924555	79.179
chr10	53789337	0.31900382804589655	79.197
chr10	53834791	1.602114791524494	79.2115
chr10	53859758	0.9115390114867024	79.2515
chr10	53943682	5.244531069679068	79.328
chr10	53982675	0.9855951478392377	79.5325
chr10	54015650	3.0839608336975286	79.565
chr10	54054561	9.819280478934681	79.685
chr10	54072434	1.4174454828659497	79.8605
chr10	54136634	0.1528117359414295	79.9515
chr10	54159538	2.434570906877755	79.955
chr10	54208828	0.5223568742164464	80.075
chr10	54271046	0.6441667125474329	80.1075
chr10	54361861	0.9314575705015855	80.166
chr10	54377428	4.14443146294488	80.1805
chr10	54440766	58.6419753086442	80.443
chr10	54443682	21.98316183348786	80.614
chr10	54451165	0.41313086199202925	80.7785
chr10	54495945	1.8366789567117674	80.797
chr10	54569175	12.996440614462506	80.9315
chr10	54590527	2.514082316757065	81.209
chr10	54648401	0.0	81.3545
chr10	54700730	1.4355558472239052	81.3545
chr10	54761682	5.451259763729096	81.442
chr10	54828639	1.2743078588138028	81.807
chr10	54857282	2.4517684887458833	81.8435
chr10	54894602	0.0	81.935
chr10	54898479	1.4626462646264113	81.935
chr10	54920699	5.5707063988294525	81.9675
chr10	54950767	3.015610217596807	82.135
chr10	54976135	5.234256654403815	82.2115
chr10	55013103	8.410960261619291	82.405
chr10	55053467	0.15515903801376021	82.7445
chr10	55098582	2.30092488157013	82.7515
chr10	55165077	0.0	82.9045
chr10	55209477	0.0	82.9045
chr10	55231223	1.8366147516896556	82.9045
chr10	55326507	0.0	83.0795
chr10	55333265	0.9358256061459888	83.0795
chr10	55415011	1.9022752704210264	83.156
chr10	55441821	2.177387135437652	83.207
chr10	55466851	0.32657736869076504	83.2615
chr10	55566368	2.34409732045455	83.294
chr10	55591111	0.5283317923643743	83.352
chr10	55598682	0.0	83.356
chr10	55605966	0.0	83.356
chr10	55609902	0.0	83.356
chr10	55650148	0.5435051138895148	83.356
chr10	55670387	0.0	83.367
chr10	55693185	0.03657568030767986	83.367
chr10	55788877	0.06055321416455278	83.3705
chr10	55912735	0.0	83.378
chr10	56002312	0.0	83.378
chr10	56050196	0.0	83.378
chr10	56073816	0.07755029690690643	83.378
chr10	56118948	0.4963705747880583	83.3815
chr10	56228745	1.4452282970800876	83.436
chr10	56249157	3.4274342153754116	83.4655
chr10	56303425	0.18359955268465408	83.6515
chr10	56363338	0.19794700675861784	83.6625
chr10	56398701	6.041707269537869	83.6695
chr10	56419225	1.6683260231952404	83.7935
chr10	56493551	0.0	83.9175
chr10	56508548	1.0830253169585913	83.9175
chr10	56558870	1.9908515630555585	83.972
chr10	56601063	1.6013252346772964	84.056
chr10	56628228	0.6843349508520393	84.0995
chr10	56660376	0.3640145605826834	84.1215
chr10	56669991	2.1361435488445393	84.125
chr10	56673502	2.427923982176409	84.1325
chr10	56726016	4.316698252263299	84.26
chr10	56749761	14.59756855089217	84.3625
chr10	56772299	5.237969937177256	84.6915
chr10	56833105	4.665263857356291	85.01
chr10	56905341	0.8910386965383149	85.347
chr10	56913197	0.7687348112879732	85.354
chr10	56993849	1.3377529403170718	85.416
chr10	57103361	25.05786454664409	85.5625
chr10	57123235	0.36503963287394614	86.0605
chr10	57142411	14.661756683033511	86.0675
chr10	57186403	0.0	86.7125
chr10	57213711	0.0	86.7125
chr10	57237589	0.0	86.7125
chr10	57325326	0.0	86.7125
chr10	57386905	4.863379863379872	86.7125
chr10	57413841	0.12146929256272963	86.8435
chr10	57475585	8.920203507832634	86.851
chr10	57505461	0.0	87.1175
chr10	57561660	0.0	87.1175
chr10	57593744	0.05191799922847316	87.1175
chr10	57661158	1.7374879240985528	87.121
chr10	57730511	12.207785292081601	87.2415
chr10	57768069	0.0	87.7
chr10	57794052	0.08109924230142275	87.7
chr10	57837209	10.37582192193986	87.7035
chr10	57870363	0.0	88.0475
chr10	57888509	0.0	88.0475
chr10	57967489	0.10808915894950816	88.0475
chr10	58138644	0.0	88.066
chr10	58195168	1.4676987903320695	88.066
chr10	58237411	1.7906336088153643	88.128
chr10	58255561	8.90959109666114	88.1605
chr10	58271555	0.0	88.303
chr10	58290107	9.133489461358659	88.303
chr10	58302917	4.69497090846251	88.42
chr10	58354994	0.2798092209855817	88.6645
chr10	58433619	0.19464449573186335	88.6865
chr10	58469582	0.2735642593011505	88.6935
chr10	58522586	0.0	88.708
chr10	58548910	0.0	88.708
chr10	58587288	0.3360112411032068	88.708
chr10	58620025	1.153080911612354	88.719
chr10	58686369	0.07083156254410465	88.7955
chr10	58742841	0.0	88.7995
chr10	58778656	0.0	88.7995
chr10	58805986	0.09023641941894193	88.7995
chr10	58883560	0.0	88.8065
chr10	58908243	1.887377837530573	88.8065
chr10	58927582	3.0062459868069644	88.843
chr10	58944713	4.718910246327294	88.8945
chr10	58976500	0.28893383415186574	89.0445
chr10	59014571	0.0	89.0555
chr10	59044883	0.0	89.0555
chr10	59061620	0.07839974912085883	89.0555
chr10	59106263	4.128844412908978	89.059
chr10	59188005	4.258775492283771	89.3965
chr10	59233558	5.16087780594184	89.5905
chr10	59277349	4.427181222068853	89.8165
chr10	59301292	5.36640360766628	89.9225
chr10	59345642	0.5153673163416267	90.1605
chr10	59366986	5.716017840904182	90.1715
chr10	59436265	0.19716643663929814	90.5675
chr10	59471768	3.218497347958185	90.5745
chr10	59491187	0.4257835600236708	90.637
chr10	59533462	0.4329754069964888	90.655
chr10	59550784	0.0	90.6625
chr10	59563625	2.82964109509574	90.6625
chr10	59584299	2.572712993554646	90.721
chr10	59621225	0.7063855316760042	90.816
chr10	59724568	0.470008952551813	90.889
chr10	59746908	0.8540151652390272	90.8995
chr10	59785549	0.17841164232033324	90.9325
chr10	59967712	0.0	90.965
chr10	59980173	0.17423221669825717	90.965
chr10	60023219	0.5813953488377321	90.9725
chr10	60042139	4.0473821187995	90.9835
chr10	60094395	1.3906780653474218	91.195
chr10	60162707	5.049988493696871	91.29
chr10	60201816	2.2536456031814938	91.4875
chr10	60235761	0.0	91.564
chr10	60242935	1.0042010613208363	91.564
chr10	60297207	0.0	91.6185
chr10	60301188	0.6463269533028325	91.6185
chr10	60369265	12.739230905966902	91.6625
chr10	60386142	5.066172131838482	91.8775
chr10	60445457	5.857075132663666	92.178
chr10	60510848	1.4123954226367885	92.561
chr10	60677232	1.7405212155413359	92.796
chr10	60687861	7.525438100622608	92.8145
chr10	60702013	0.0	92.921
chr10	60707094	1.105108055009671	92.921
chr10	60743742	3.349514563106785	92.9615
chr10	60795242	3.511534615340349	93.134
chr10	60882241	8.772627809826984	93.4395
chr10	60907376	9.200488251449627	93.66
chr10	60940146	5.049092716877775	93.9615
chr10	60972330	2.565470815204006	94.124
chr10	60996692	1.4633871784775403	94.1865
chr10	61014459	1.1805745067096014	94.2125
chr10	61098740	2.7307482250136395	94.312
chr10	61139022	1.3633337208442617	94.422
chr10	61233643	2.657807308969938	94.551
chr10	61287823	1.3052825552829685	94.695
chr10	61307359	0.0	94.7205
chr10	61327235	0.6473634651598211	94.7205
chr10	61344227	0.9922611599492919	94.7315
chr10	61469698	27.253668763102713	94.856
chr10	61478761	9.178125999360606	95.103
chr10	61494396	0.3139198678233037	95.2465
chr10	61554921	6.710254645560731	95.2655
chr10	61604323	0.812257707218223	95.597
chr10	61631408	7.847372210223309	95.619
chr10	61659188	1.7146931661271547	95.837
chr10	61747542	5.140137771467518	95.9885
chr10	61785576	1.97138672975125	96.184
chr10	61821084	8.287925271303513	96.254
chr10	61864762	2.7177932258542667	96.616
chr10	61918850	0.0	96.763
chr10	61953693	1.9627391114707513	96.763
chr10	61985791	0.22122670206320935	96.826
chr10	62003872	0.12028318097472339	96.83
chr10	62062068	0.0	96.837
chr10	62072060	0.10060920608927285	96.837
chr10	62216182	0.0	96.8515
chr10	62229274	0.5730957590911576	96.8515
chr10	62248468	0.036416984881774875	96.8625
chr10	62344577	0.0	96.866
chr10	62356210	0.35466288359601017	96.866
chr10	62409782	14.28017575600954	96.885
chr10	62417520	1.239203905369397	96.9955
chr10	62444150	0.8823293494834274	97.0285
chr10	62456617	17.024680073126248	97.0395
chr10	62460993	0.0	97.114
chr10	62494852	7.538569424964392	97.114
chr10	62511964	5.093308303886922	97.243
chr10	62548188	0.0	97.4275
chr10	62611587	0.0	97.4275
chr10	62626579	0.0485283769684916	97.4275
chr10	62709005	0.0	97.4315
chr10	62742812	0.0	97.4315
chr10	62768859	16.579517918633154	97.4315
chr10	62784541	1.3344604794396693	97.6915
chr10	62867346	6.040005229441614	97.802
chr10	62905591	0.3156167150609426	98.033
chr10	62929354	8.770668583752688	98.0405
chr10	62984994	0.44793361152381017	98.5285
chr10	63027411	5.450842011647524	98.5475
chr10	63062268	3.5357019661951883	98.7375
chr10	63126046	9.99731014076989	98.963
chr10	63148352	13.415303044153696	99.186
chr10	63192108	0.08081834345492649	99.773
chr10	63235415	3.190872171726785	99.7765
chr10	63261270	0.3275326820657993	99.859
chr10	63296381	1.8006520255755551	99.8705
chr10	63375519	8.952240232931592	100.013
chr10	63398530	1.5812221089989706	100.219
chr10	63426989	0.7331378299120672	100.264
chr10	63574983	1.6233131234108822	100.3725
chr10	63651678	0.842358604092058	100.497
chr10	63655833	3.730815974675413	100.5005
chr10	63691214	1.1945528390539595	100.6325
chr10	63741442	3.005021047826862	100.6925
chr10	63820310	4.354397043199761	100.9295
chr10	63887139	3.487167683277676	101.2205
chr10	63930584	2.232427605562079	101.372
chr10	63969779	0.23324521847280918	101.4595
chr10	64001934	2.760905577029143	101.467
chr10	64043587	2.067725501948362	101.582
chr10	64060272	6.367759944172892	101.6165
chr10	64111860	0.41368468952965615	101.945
chr10	64184379	1.668011837503681	101.975
chr10	64202964	0.7230851633637124	102.006
chr10	64240304	0.14304372162445508	102.033
chr10	64320699	1.4718466541162543	102.0445
chr10	64349914	0.7555516622135299	102.0875
chr10	64441238	0.0	102.1565
chr10	64464421	2.6396832380115387	102.1565
chr10	64539430	2.4301517726691553	102.3545
chr10	64572967	0.19929539434758076	102.436
chr10	64650741	2.636064083626853	102.4515
chr10	64694746	3.2811334824758887	102.5675
chr10	64714861	0.7751162674402639	102.6335
chr10	64734858	0.5377276669558702	102.649
chr10	64792508	6.356877323419787	102.68
chr10	64805958	0.49327354260095807	102.7655
chr10	64861708	2.1704875486621122	102.793
chr10	64991172	0.3338391502274865	103.074
chr10	65024122	1.691556715480339	103.085
chr10	65065504	0.0	103.155
chr10	65067651	1.4199359000363743	103.155
chr10	65116949	1.698951587140514	103.225
chr10	65151382	2.6153645687906586	103.2835
chr10	65205103	3.3081984179783697	103.424
chr10	65232157	4.083384426732221	103.5135
chr10	65313707	1.6928275267890325	103.8465
chr10	65462275	2.252766555418958	104.098
chr10	65576135	0.0	104.3545
chr10	65577561	0.7871408880841196	104.3545
chr10	65725565	32.48854138581823	104.471
chr10	65732983	8.425856059789336	104.712
chr10	65760814	1.2223269280670985	104.9465
chr10	65834035	4.449411665471391	105.036
chr10	65857746	1.7884367303858315	105.1415
chr10	65925962	1.2397530614311962	105.2635
chr10	65985248	0.8259729961893861	105.337
chr10	66030649	0.8448838855524635	105.3745
chr10	66118235	0.0840442072531178	105.4485
chr10	66165829	3.6477599671186782	105.4525
chr10	66204757	5.101118371774804	105.5945
chr10	66243474	4.845354842453478	105.792
chr10	66260707	2.007788836001725	105.8755
chr10	66318482	1.525031552376941	105.9915
chr10	66470610	2.22879430800211	106.2235
chr10	66540603	0.1597841139085778	106.3795
chr10	66568766	0.6416197333713796	106.384
chr10	66596820	0.13927998304415257	106.402
chr10	66761955	1.0773610530714064	106.425
chr10	66838531	0.0	106.5075
chr10	66885947	0.636931710592108	106.5075
chr10	66944038	0.5107308393558713	106.5445
chr10	67035084	0.0	106.591
chr10	67058546	14.008776582919836	106.591
chr10	67079283	1.1953506213147105	106.8815
chr10	67191384	0.47921711057318045	107.0155
chr10	67211208	0.9333635026585732	107.025
chr10	67264242	0.42564158635451205	107.0745
chr10	67392284	0.0	107.129
chr10	67437641	1.0995827224538843	107.129
chr10	67508577	1.338247553859134	107.207
chr10	67531368	0.2952872160321384	107.2375
chr10	67582166	0.17610143442631201	107.2525
chr10	67675862	0.1632822705141266	107.269
chr10	67709546	0.1829521829521111	107.2745
chr10	67829796	0.0	107.2965
chr10	67879316	1.472991038273008	107.2965
chr10	67919710	0.0	107.356
chr10	68002966	0.0	107.356
chr10	68043420	0.0	107.356
chr10	68082448	0.12003649109341062	107.356
chr10	68144929	0.0	107.3635
chr10	68176987	0.0	107.3635
chr10	68199921	0.0	107.3635
chr10	68215326	0.0	107.3635
chr10	68230414	0.08740685706788853	107.3635
chr10	68321940	0.13846835536532365	107.3715
chr10	68376104	0.0	107.379
chr10	68403255	0.0	107.379
chr10	68441530	0.1393145723042396	107.379
chr10	68524077	0.9252779721639046	107.3905
chr10	68588382	1.0028078620138663	107.45
chr10	68600847	0.19863603257631687	107.4625
chr10	68661259	0.4642525533889656	107.4745
chr10	68686030	0.7706881603031666	107.486
chr10	68748312	0.8579848547019858	107.534
chr10	68775119	0.0	107.557
chr10	68827139	0.0	107.557
chr10	68961282	0.0	107.557
chr10	68985066	0.19398792619151797	107.557
chr10	69049503	0.0	107.5695
chr10	69067809	0.14719230674877284	107.5695
chr10	69149335	0.0	107.5815
chr10	69176234	0.0	107.5815
chr10	69241496	0.0	107.5815
chr10	69290594	0.0	107.5815
chr10	69319536	0.0	107.5815
