Chromosome	Position(bp)	Rate(cM/Mb)	Map(cM)
chr7	0	0.0	0.0
chr7	355615	8.67021968022878	0.0
chr7	586405	0.5587447378492185	2.001
chr7	651730	0.4754383702939673	2.0375
chr7	713778	1.1451054084209202	2.067
chr7	730807	0.179354181463386	2.0865
chr7	870196	0.0	2.1115
chr7	908824	0.3315908558945219	2.1115
chr7	934458	0.9682293107484113	2.12
chr7	981451	0.0	2.1655
chr7	1031921	0.0	2.1655
chr7	1065161	0.0	2.1655
chr7	1072183	0.13234077750206794	2.1655
chr7	1132633	0.0	2.1735
chr7	1148167	0.21491202934265116	2.1735
chr7	1183065	0.0	2.181
chr7	1213415	0.0	2.181
chr7	1236695	0.5912064027995163	2.181
chr7	1383006	0.39502791530601433	2.2675
chr7	1439964	4.711616571892771	2.29
chr7	1470739	0.0	2.435
chr7	1479822	0.2952988424285314	2.435
chr7	1505220	0.6389875942896316	2.4425
chr7	1569384	0.9982991939658409	2.4835
chr7	1582907	17.410982311919835	2.497
chr7	1604560	0.0	2.874
chr7	1613538	0.9360905454854914	2.874
chr7	1707546	0.09615455735619273	2.962
chr7	1842745	0.9308760483030726	2.975
chr7	1901292	2.368047150449925	3.0295
chr7	1920295	0.0	3.0745
chr7	1927838	0.7963246554364412	3.0745
chr7	1944163	5.877324214575765	3.0875
chr7	1958200	0.731528895391376	3.17
chr7	1973237	0.7850834151128564	3.181
chr7	1993617	2.504481704102071	3.197
chr7	2012583	1.0843970752261787	3.2445
chr7	2028721	4.016797516888811	3.262
chr7	2083491	0.557206537890029	3.482
chr7	2107719	2.4314403946414815	3.4955
chr7	2150492	2.656095143706647	3.5995
chr7	2175717	0.0	3.6665
chr7	2192687	2.4455518641565126	3.6665
chr7	2203523	0.8047210300429093	3.693
chr7	2214707	1.9519626746649492	3.702
chr7	2256716	4.671319225574076	3.784
chr7	2274484	0.5484224788696014	3.867
chr7	2305482	0.08304421643168543	3.884
chr7	2359670	15.032440829754169	3.8885
chr7	2370613	0.5442443924983489	4.053
chr7	2426654	0.296484540448961	4.0835
chr7	2497484	5.885028714391307	4.1045
chr7	2532658	0.0	4.3115
chr7	2553477	0.43270562171144344	4.3115
chr7	2582365	1.2788427160969165	4.324
chr7	2618726	13.35692995529062	4.3705
chr7	2645566	6.818181818181815	4.729
chr7	2676146	0.6250976715111742	4.9375
chr7	2688944	1.3891185711923206	4.9455
chr7	2749414	0.9009568783397789	5.0295
chr7	2781602	0.2173558658914068	5.0585
chr7	2800005	12.7934890801569	5.0625
chr7	2817084	0.0	5.281
chr7	2849220	17.87184669511191	5.281
chr7	2875938	0.1793480697664192	5.7585
chr7	2898241	0.0	5.7625
chr7	2916970	0.11993283761094242	5.7625
chr7	2954491	0.07895152376439996	5.767
chr7	3005155	25.576615665677117	5.771
chr7	3013913	5.00487654637853	5.995
chr7	3033394	0.12506644154705812	6.0925
chr7	3065377	1.7774851876234259	6.0965
chr7	3088162	3.048598242572787	6.137
chr7	3104891	3.6737328104056144	6.188
chr7	3145177	2.348727547604477	6.336
chr7	3422987	0.5378512841199413	6.9885
chr7	3482483	0.0	7.0205
chr7	3491342	0.0	7.0205
chr7	3516083	0.7875605815831928	7.0205
chr7	3540843	8.653122648608008	7.04
chr7	3552804	4.758560565699604	7.1435
chr7	3594098	0.0	7.34
chr7	3614844	0.0	7.34
chr7	3632445	0.17526947682063132	7.34
chr7	3655267	6.846036001531971	7.344
chr7	3676155	24.57063613412512	7.487
chr7	3704278	0.0	8.178
chr7	3716985	0.17645398080177177	8.178
chr7	3759489	0.8254822790489215	8.1855
chr7	3815214	0.7786005951968675	8.2315
chr7	3844112	0.3117449925960221	8.254
chr7	3856943	4.87221915793352	8.258
chr7	3862382	6.242945011403183	8.2845
chr7	3905791	6.072874493927121	8.5555
chr7	3951239	16.54657554598125	8.8315
chr7	3978163	0.0	9.277
chr7	3989323	1.1505737729736354	9.277
chr7	4022350	0.0	9.315
chr7	4033874	8.283781012917776	9.315
chr7	4082644	3.274825429279366	9.719
chr7	4313496	1.3959103599184726	10.475
chr7	4326749	7.189365165491159	10.4935
chr7	4341493	0.5682443083916634	10.5995
chr7	4368770	5.551383823213875	10.615
chr7	4406058	7.739358382224475	10.822
chr7	4422080	0.7319969696349264	10.946
chr7	4519758	6.675322475937777	11.0175
chr7	4555187	0.8127077946066501	11.254
chr7	4568722	7.2954112920278975	11.265
chr7	4611283	0.0	11.5755
chr7	4624289	0.5355064027939391	11.5755
chr7	4645764	3.4241853196672545	11.587
chr7	4667521	41.93027325346614	11.6615
chr7	4689808	0.16002048262178167	12.596
chr7	4736677	16.100866163732896	12.6035
chr7	4765309	0.0	13.0645
chr7	4779334	0.0	13.0645
chr7	4794543	0.26097217809648804	13.0645
chr7	4838609	0.0	13.076
chr7	4854265	7.064938868145466	13.076
chr7	4867924	0.15897577209233915	13.1725
chr7	4915101	0.0	13.18
chr7	4930408	1.0213809069862843	13.18
chr7	4937751	8.897952388879633	13.1875
chr7	4997821	0.0	13.722
chr7	5008670	1.0537194269387344	13.722
chr7	5058019	5.455004099136029	13.774
chr7	5089733	16.902482419723835	13.947
chr7	5101536	21.582641003147764	14.1465
chr7	5140294	8.969828757814641	14.983
chr7	5151331	2.3597222490860887	15.082
chr7	5203032	0.238679759956284	15.204
chr7	5217696	0.0	15.2075
chr7	5242216	0.9480787463052843	15.2075
chr7	5296009	5.967418764700778	15.2585
chr7	5318967	0.0	15.3955
chr7	5355784	2.7217268887846	15.3955
chr7	5366439	0.7036059806507581	15.4245
chr7	5372124	1.4386100813367897	15.4285
chr7	5390197	2.603692509376947	15.4545
chr7	5445119	0.0	15.5975
chr7	5455604	4.112255148166758	15.5975
chr7	5471532	6.841403820524207	15.663
chr7	5482787	0.0	15.74
chr7	5492014	0.0	15.74
chr7	5507215	2.2565731538558236	15.74
chr7	5570807	10.121121619379547	15.8835
chr7	5588888	8.292351156220576	16.0665
chr7	5608002	0.7153758107592793	16.225
chr7	5618486	0.0	16.2325
chr7	5640995	0.0	16.2325
chr7	5695069	4.487301890394982	16.2325
chr7	5705543	14.877847927532297	16.2795
chr7	5741973	56.80084497124751	16.8215
chr7	5759015	0.0	17.7895
chr7	5783662	14.155833798548406	17.7895
chr7	5796201	19.83800544200476	17.967
chr7	5812004	1.4223950883170704	18.2805
chr7	5874223	0.3273054578186185	18.369
chr7	5886444	0.0	18.373
chr7	5913051	2.3686128431451396	18.373
chr7	5937749	1.8957475246174804	18.4315
chr7	5974410	1.60002694782226	18.501
chr7	6004097	0.45081457530152286	18.5485
chr7	6036261	0.06710508656560962	18.563
chr7	6088418	0.62628102937823	18.5665
chr7	6105982	0.40788252983142403	18.5775
chr7	6168500	1.508102857727046	18.603
chr7	6207622	0.6245538900786447	18.662
chr7	6218830	0.2913025384934622	18.669
chr7	6230845	3.026608021600028	18.6725
chr7	6253808	0.0	18.742
chr7	6268238	2.1380123857269178	18.742
chr7	6281802	0.47216067991137545	18.771
chr7	6336868	0.2354365666621114	18.797
chr7	6351734	2.3435246610901976	18.8005
chr7	6365602	0.589390962671928	18.833
chr7	6378327	0.9113915090165956	18.8405
chr7	6434834	0.4237428960749936	18.892
chr7	6495012	29.450139794967285	18.9175
chr7	6505742	0.0	19.2335
chr7	6545254	0.6033789219630156	19.2335
chr7	6557684	0.988479105596955	19.241
chr7	6572353	13.856476079346391	19.2555
chr7	6579209	2.361518708730722	19.3505
chr7	6644633	5.157002062800904	19.505
chr7	6675174	4.024109200496309	19.6625
chr7	6703379	2.6092628832355143	19.776
chr7	6720242	16.517747356340628	19.82
chr7	6732441	0.4310088579751488	20.0215
chr7	6799725	2.727850229812055	20.0505
chr7	6826486	3.650538299715337	20.1235
chr7	6858810	1.3596619671171994	20.2415
chr7	6882713	4.406532988356835	20.274
chr7	6895081	0.0	20.3285
chr7	6928322	0.7065473386717178	20.3285
chr7	6938937	3.387965483291957	20.336
chr7	6956204	1.9470404984424412	20.3945
chr7	6960056	1.2846347607052786	20.402
chr7	7019606	3.4155034155034447	20.4785
chr7	7043175	3.5985605757696097	20.559
chr7	7075688	4.67598386872489	20.676
chr7	7104452	8.148404993065167	20.8105
chr7	7118872	20.026350461133088	20.928
chr7	7149232	1.380415147073792	21.536
chr7	7178571	7.02932616968883	21.5765
chr7	7200906	7.31933113464098	21.7335
chr7	7235472	1.770005299417081	21.9865
chr7	7282647	17.541148288385777	22.07
chr7	7295588	13.12392426850257	22.297
chr7	7330448	3.7294289435257912	22.7545
chr7	7355787	7.869894382652573	22.849
chr7	7409282	11.525565800502974	23.27
chr7	7445072	2.0640569395015205	23.6825
chr7	7452097	0.5640555594725961	23.697
chr7	7523012	3.5401996440454973	23.737
chr7	7548858	2.0890917271969154	23.8285
chr7	7564415	2.7186093192757816	23.861
chr7	7615728	4.813796022005982	24.0005
chr7	7634632	0.8459441676849648	24.0915
chr7	7655910	0.17906706061410077	24.1095
chr7	7678248	0.5310382713789318	24.1135
chr7	7705553	2.068178576522348	24.128
chr7	7712564	8.648076244264255	24.1425
chr7	7723896	0.0	24.2405
chr7	7754253	14.489234256111258	24.2405
chr7	7766607	3.2026271296658004	24.4195
chr7	7797363	9.01761384386319	24.518
chr7	7832960	1.9145193004246166	24.839
chr7	7842623	11.004339739615581	24.8575
chr7	7855527	4.589843750000059	24.9995
chr7	7865767	2.863429484281245	25.0465
chr7	7898944	2.8633879781420815	25.1415
chr7	7921819	11.749730735337412	25.207
chr7	7932032	2.5986140724946103	25.327
chr7	7977056	6.495370702648549	25.444
chr7	7990989	1.7935473291517767	25.5345
chr7	8039775	0.9918599083385822	25.622
chr7	8054394	0.0	25.6365
chr7	8081733	0.0	25.6365
chr7	8091614	1.0230179028132773	25.6365
chr7	8130714	0.0	25.6765
chr7	8145916	11.65268344653064	25.6765
chr7	8153425	0.15799749461114948	25.764
chr7	8242034	0.3804451207914529	25.778
chr7	8252548	1.547790687812747	25.782
chr7	8417622	0.7269957765005086	26.0375
chr7	8432065	1.576480613549322	26.048
chr7	8455535	1.2363061918334355	26.085
chr7	8484654	4.23832672903304	26.121
chr7	8533612	6.8052011179974405	26.3285
chr7	8558299	2.5111223226161674	26.4965
chr7	8601905	18.780311629346794	26.606
chr7	8630978	0.0	27.152
chr7	8646575	0.0	27.152
chr7	8686423	5.9383867044993774	27.152
chr7	8711093	0.0	27.2985
chr7	8724550	5.688690268752175	27.2985
chr7	8773331	0.0	27.576
chr7	8799058	0.4622674217031993	27.576
chr7	8807711	2.899214920495795	27.58
chr7	8857897	1.8902439024390598	27.7255
chr7	8890697	2.739931127414281	27.7875
chr7	8924092	1.018703394319652	27.879
chr7	8948633	7.453135586840337	27.904
chr7	8961916	7.553757864896591	28.003
chr7	8990842	9.107742657824515	28.2215
chr7	9014064	0.0	28.433
chr7	9024362	5.362127221977405	28.433
chr7	9065204	46.92441089462382	28.652
chr7	9075007	2.883922134102411	29.112
chr7	9090264	8.462032835413947	29.156
chr7	9141611	50.58749309991331	29.5905
chr7	9154292	3.677211847726954	30.232
chr7	9362602	0.9356768062230731	30.998
chr7	9389855	1.167048054919953	31.0235
chr7	9411705	1.5828856485035137	31.049
chr7	9432553	9.962107321843238	31.082
chr7	9457096	4.4927424928961255	31.3265
chr7	9483138	0.10134059124993336	31.4435
chr7	9517675	0.0	31.447
chr7	9530511	0.5557725238080787	31.447
chr7	9563798	9.700476514635973	31.4655
chr7	9581426	0.13695413992796013	31.6365
chr7	9632538	6.895017793594436	31.6435
chr7	9641530	0.6616674018526938	31.7055
chr7	9652865	0.9519779987307321	31.713
chr7	9671773	3.3068430316282265	31.731
chr7	9690522	11.296057875053565	31.793
chr7	9723144	7.662789589093345	32.1615
chr7	9765100	1.4986563770413301	32.483
chr7	9794126	6.766419491525367	32.5265
chr7	9831886	8.973474016369302	32.782
chr7	9842027	2.774295881329083	32.873
chr7	10010358	0.61165480427042	33.34
chr7	10046326	3.2238017556124605	33.362
chr7	10110691	6.5031128644516585	33.5695
chr7	10126914	0.0	33.675
chr7	10140851	14.57244359966523	33.675
chr7	10185044	0.28222133849881936	34.319
chr7	10262997	0.3039249739488882	34.341
chr7	10274513	0.0	34.3445
chr7	10289419	0.42491549975867837	34.3445
chr7	10341194	1.4793402482569136	34.3665
chr7	10370599	2.7508252475746136	34.41
chr7	10390593	0.9789333542171893	34.465
chr7	10416131	0.3728020214154191	34.49
chr7	10464414	0.9806325079675706	34.508
chr7	10509283	0.3026884235437326	34.552
chr7	10545624	9.787588504789056	34.563
chr7	10550426	7.848936412239684	34.61
chr7	10568008	0.0	34.748
chr7	10584378	0.0	34.748
chr7	10589990	3.7762567854614746	34.748
chr7	10678967	1.4037889422642813	35.084
chr7	10756614	1.6589289063965558	35.193
chr7	10841910	0.0	35.3345
chr7	10857508	3.6908013873116907	35.3345
chr7	10922670	28.57057559111517	35.575
chr7	10939418	0.08716166746080961	36.0535
chr7	11025465	0.0	36.061
chr7	11058566	2.937367443082663	36.061
chr7	11111845	8.233218516340333	36.2175
chr7	11123748	0.9499765759199585	36.3155
chr7	11162170	2.3695500349200107	36.352
chr7	11182216	15.962163759976256	36.3995
chr7	11202514	5.203536562902908	36.7235
chr7	11245946	0.0	36.9495
chr7	11273898	0.7281633733822681	36.9495
chr7	11304111	1.4015265858811876	36.9715
chr7	11327300	4.774529585660113	37.004
chr7	11369922	2.5615518527728036	37.2075
chr7	11390027	0.0	37.259
chr7	11399304	5.469492025022159	37.259
chr7	11429837	3.1959647116484478	37.426
chr7	11478805	0.2915087660849497	37.5825
chr7	11502818	0.5148125614264628	37.5895
chr7	11545552	0.20804438280167223	37.6115
chr7	11596022	0.40464629153576703	37.622
chr7	11659040	0.39710116152067737	37.6475
chr7	11669113	0.229190540681379	37.6515
chr7	11717108	0.22686025408345611	37.6625
chr7	11781024	0.0	37.677
chr7	11794307	0.0	37.677
chr7	11828364	3.1012036354703723	37.677
chr7	11844648	0.7415147123259451	37.7275
chr7	11874317	4.441219158200459	37.7495
chr7	11891542	3.554481312314551	37.826
chr7	11947809	7.731099441526947	38.026
chr7	11971803	0.0	38.2115
chr7	11989353	0.092235120498569	38.2115
chr7	12065246	0.0	38.2185
chr7	12099975	0.09858044164044899	38.2185
chr7	12135479	5.775025108804445	38.222
chr7	12147427	0.11927836588653314	38.291
chr7	12180962	1.5096618357487601	38.295
chr7	12233954	0.9909375794020872	38.375
chr7	12292989	10.049989585502907	38.4335
chr7	12312193	1.5496719311549028	38.6265
chr7	12342522	6.61909930428284	38.6735
chr7	12398723	1.11202635914337	39.0455
chr7	12447283	4.753556739262376	39.0995
chr7	12491776	1.6899858512814951	39.311
chr7	12504498	2.9561552420534767	39.3325
chr7	12521581	18.164860543613383	39.383
chr7	12566613	10.904468825260842	40.201
chr7	12611457	5.481889287992245	40.69
chr7	12760402	2.9016090741224083	41.5065
chr7	12771775	0.25165746815240525	41.5395
chr7	12829393	0.0	41.554
chr7	12845780	0.3718014143034332	41.554
chr7	12914365	2.080399436691772	41.5795
chr7	12929987	0.4019523399367153	41.612
chr7	12947402	1.6906020322815807	41.619
chr7	13003595	1.1546424589901403	41.714
chr7	13016153	0.14167746113999763	41.7285
chr7	13040857	0.0	41.732
chr7	13085312	10.601398601398738	41.732
chr7	13103187	14.178747809462902	41.9215
chr7	13115741	3.909376346734053	42.0995
chr7	13148227	1.1577569717103848	42.2265
chr7	13207825	2.6356956001630745	42.2955
chr7	13283896	2.9361895703237235	42.496
chr7	13332258	0.288299831825109	42.638
chr7	13394693	0.0	42.656
chr7	13405044	0.0	42.656
chr7	13422532	0.39991468486724346	42.656
chr7	13441286	0.0	42.6635
chr7	13478044	0.8909126905563592	42.6635
chr7	13518452	1.2548625925460895	42.6995
chr7	13550328	0.0	42.7395
chr7	13572290	0.33766444258351896	42.7395
chr7	13646328	0.3328578221590586	42.7645
chr7	13656843	6.613006839738395	42.768
chr7	13683306	0.07873705759625385	42.943
chr7	13734108	0.7825148407986067	42.947
chr7	13771168	1.502976190476177	42.976
chr7	13804768	0.4546791837171533	43.0265
chr7	13916935	0.0	43.0775
chr7	13968813	0.0	43.0775
chr7	13981458	0.6076607157824385	43.0775
chr7	14053044	1.1205564142193338	43.121
chr7	14091864	0.0	43.1645
chr7	14107645	0.05017489534953984	43.1645
chr7	14177401	0.0	43.168
chr7	14192588	0.0	43.168
chr7	14209910	1.3898438985852686	43.168
chr7	14278263	0.0	43.263
chr7	14308272	0.22307202039531557	43.263
chr7	14323962	0.0	43.2665
chr7	14366242	0.0	43.2665
chr7	14454998	0.0	43.2665
chr7	14521884	1.9562871019965165	43.2665
chr7	14529296	0.432435656556565	43.281
chr7	14562827	1.7202661777127835	43.2955
chr7	14611366	0.09527698380298083	43.379
chr7	14648101	0.5820237798285439	43.3825
chr7	14660128	3.771334350716613	43.3895
chr7	14717137	0.0	43.6045
chr7	14733308	0.04845833275638467	43.6045
chr7	14805535	0.0	43.608
chr7	14822589	0.21384493187526737	43.608
chr7	14838956	0.0	43.6115
chr7	14890401	0.267670729313524	43.6115
chr7	14946440	0.1721932500245473	43.6265
chr7	14987092	10.525720106388997	43.6335
chr7	15004763	0.0	43.8195
chr7	15028759	0.4341592455726496	43.8195
chr7	15078280	0.0	43.841
chr7	15098987	0.0	43.841
chr7	15166220	12.944860241331856	43.841
chr7	15192408	2.1724756777180385	44.18
chr7	15224169	1.000791323371786	44.249
chr7	15245652	1.460629398486155	44.2705
chr7	15260714	0.23588084647543475	44.2925
chr7	15275552	0.33315565031981775	44.296
chr7	15373104	1.1042698433945004	44.3285
chr7	15432872	0.1989258006763981	44.3945
chr7	15488169	2.1973550356050837	44.4055
chr7	15512744	0.2072790691025271	44.4595
chr7	15582698	1.234198518961824	44.474
chr7	15609436	0.060373973642491224	44.507
chr7	15667408	0.6858855309808978	44.5105
chr7	15714792	0.0	44.543
chr7	15725656	0.5028310074529715	44.543
chr7	15798245	0.7518841331807808	44.5795
chr7	15967819	0.04637665796555541	44.707
chr7	16043288	1.0600300777006681	44.7105
chr7	16139040	0.3245653646422774	44.812
chr7	16174472	0.2533478103510773	44.8235
chr7	16215917	5.312868949232294	44.834
chr7	16230316	1.7045926993542595	44.9105
chr7	16266395	1.9141412665478275	44.972
chr7	16300614	8.270017533606115	45.0375
chr7	16317724	0.0	45.179
chr7	16427125	0.6527415143601172	45.179
chr7	16437849	2.9449733742133453	45.186
chr7	16487425	0.055368649743197024	45.332
chr7	16677063	8.577361200054339	45.3425
chr7	16728594	0.0	45.7845
chr7	16745255	0.0	45.7845
chr7	16758806	5.967141971481728	45.7845
chr7	16803970	0.05585656035299668	46.054
chr7	16929291	0.0	46.061
chr7	16944285	0.0	46.061
chr7	16962830	1.637184043445289	46.061
chr7	17063002	4.7669322071856195	46.225
chr7	17094259	0.7974920250796491	46.374
chr7	17112441	0.39911637490942986	46.3885
chr7	17166310	1.5878056525883713	46.41
chr7	17191502	0.03912450535441655	46.45
chr7	17280960	0.0	46.4535
chr7	17305643	0.0	46.4535
chr7	17317689	0.0	46.4535
chr7	17364808	1.9273666497084758	46.4535
chr7	17415914	0.14466994585220938	46.552
chr7	17440107	4.08193195150571	46.5555
chr7	17460563	0.0686012211016976	46.639
chr7	17518871	0.31260657042181383	46.643
chr7	17554059	1.3918960717594786	46.654
chr7	17566991	0.20416496529210182	46.672
chr7	17584134	5.127986590528098	46.6755
chr7	17654532	0.6157635467984696	47.0365
chr7	17665900	1.8070190716711314	47.0435
chr7	17780730	1.4880952380953911	47.251
chr7	17805258	19.80247740207554	47.2875
chr7	17835128	0.0	47.879
chr7	17861660	0.0	47.879
chr7	17908535	1.174309366570541	47.879
chr7	17951539	0.0	47.9295
chr7	18043689	0.08151786260166981	47.9295
chr7	18141827	0.11449133137070662	47.9375
chr7	18172397	0.0	47.941
chr7	18186148	0.8915746198425223	47.941
chr7	18206337	0.8317490494285635	47.959
chr7	18210545	5.4094141255508585	47.9625
chr7	18233468	0.5833276809333143	48.0865
chr7	18307183	0.7793483366784099	48.1295
chr7	18354017	0.6920187174586439	48.166
chr7	18627131	0.17729846056032778	48.355
chr7	18708914	0.1704077478722764	48.3695
chr7	18814543	0.0	48.3875
chr7	18850046	5.923344947733765	48.3875
chr7	18854351	0.050701124116388066	48.413
chr7	18923383	1.4432011387451564	48.4165
chr7	18948674	0.056957802405171704	48.453
chr7	19010123	1.3396744591064085	48.4565
chr7	19039981	0.0	48.4965
chr7	19067008	0.1931711391876691	48.4965
chr7	19162778	0.0	48.515
chr7	19185166	0.0	48.515
chr7	19207240	0.0	48.515
chr7	19228483	4.233444209253055	48.515
chr7	19251632	0.1900624490903583	48.613
chr7	19288462	0.19920318725100356	48.62
chr7	19326112	0.0	48.6275
chr7	19369567	3.5931656522695232	48.6275
chr7	19396841	2.07838979485367	48.7255
chr7	19456262	0.9139193896608248	48.849
chr7	19531761	0.6092316513761699	48.918
chr7	19615473	0.5805346724332987	48.969
chr7	19684375	2.477450747685758	49.009
chr7	19718079	2.277429112845747	49.0925
chr7	19833121	0.32610951350387574	49.3545
chr7	19900583	2.044142232961947	49.3765
chr7	19971762	2.6964202696423496	49.522
chr7	19982517	2.8087077085804997	49.551
chr7	20052478	0.6249902345275722	49.7475
chr7	20180480	1.9684532846152614	49.8275
chr7	20219343	1.108920650566386	49.904
chr7	20235575	3.0242494867101954	49.922
chr7	20253596	0.0	49.9765
chr7	20299951	0.13724481043052952	49.9765
chr7	20329096	0.4193175245806299	49.9805
chr7	20363676	0.6956424954089176	49.995
chr7	20399614	1.0678290888346094	50.02
chr7	20467977	0.0	50.093
chr7	20498624	0.203134068484933	50.093
chr7	20515854	0.3510045993705684	50.0965
chr7	20557164	3.9574699368164294	50.111
chr7	20586602	1.0313936135742312	50.2275
chr7	20805723	0.10321286917038973	50.4535
chr7	20873544	0.5627772505571244	50.4605
chr7	20918855	0.4740111147434369	50.486
chr7	20980035	0.0	50.515
chr7	20987923	0.257637099742547	50.515
chr7	21001508	0.02321878731587764	50.5185
chr7	21152248	0.7788161993771442	50.522
chr7	21166372	1.723438767234453	50.533
chr7	21181168	0.19016283245324272	50.5585
chr7	21294229	0.07287169116986188	50.58
chr7	21349120	0.0	50.584
chr7	21385113	0.14701707425881272	50.584
chr7	21483741	0.09957609035805844	50.5985
chr7	21518890	0.05279990345164284	50.602
chr7	21651466	0.0	50.609
chr7	21673792	0.06804732339372267	50.609
chr7	21886879	0.3679455948030395	50.6235
chr7	21926287	0.0	50.638
chr7	21940476	0.059025779509272784	50.638
chr7	22008243	0.22788683790727926	50.642
chr7	22038960	0.0968107764224961	50.649
chr7	22075113	0.42594385285573017	50.6525
chr7	22126763	0.276199494949412	50.6745
chr7	22152107	0.0	50.6815
chr7	22172926	0.0	50.6815
chr7	22184942	1.0520778537611049	50.6815
chr7	22205853	0.8786633502758304	50.7035
chr7	22279829	0.08772138498685293	50.7685
chr7	22616121	0.32271621986725224	50.798
chr7	22682743	0.0	50.8195
chr7	22727958	2.981553684348517	50.8195
chr7	22758479	3.1540379240009364	50.9105
chr7	22784953	0.045102201588801925	50.994
chr7	22951242	0.3347531484111169	51.0015
chr7	23037873	0.06652348278940469	51.0305
chr7	23143099	0.3534639466769739	51.0375
chr7	23153001	0.4190077135511965	51.041
chr7	23205506	0.2607367676089655	51.063
chr7	23232353	0.05843943337125625	51.07
chr7	23360691	0.39685164362723907	51.0775
chr7	23406048	0.755346026619341	51.0955
chr7	23444441	0.09396477663236955	51.1245
chr7	23481689	0.6476683937823021	51.128
chr7	23504077	3.109293806968545	51.1425
chr7	23515816	0.0	51.179
chr7	23583398	0.0	51.179
chr7	23607786	0.0	51.179
chr7	23632809	0.6763357631322117	51.179
chr7	23659423	1.534942514897602	51.197
chr7	23676036	0.5629537601430791	51.2225
chr7	23701793	0.2694607026030666	51.237
chr7	23781582	0.02114600789805979	51.2585
chr7	23970743	0.0	51.2625
chr7	23985824	0.0728954055066313	51.2625
chr7	24033838	0.0	51.266
chr7	24165492	0.26902382782494244	51.266
chr7	24178502	0.19022014811809587	51.2695
chr7	24217930	0.11999451453656408	51.277
chr7	24247098	0.22479717164277033	51.2805
chr7	24296031	0.0	51.2915
chr7	24376166	0.34055145849965196	51.2915
chr7	24418744	0.12375012375012844	51.306
chr7	24479350	0.012262243850493472	51.3135
chr7	24764779	0.6078763405845555	51.317
chr7	24787810	0.7967935097545428	51.331
chr7	24829226	1.410242229841885	51.364
chr7	24847308	0.8024793845816197	51.3895
chr7	24865377	0.08845978870744954	51.404
chr7	24944509	0.11485671624641886	51.411
chr7	24979335	1.477000984667379	51.415
chr7	24986444	0.45267986479963085	51.4255
chr7	25003012	1.2664640324215273	51.433
chr7	25014856	0.30214088397780975	51.448
chr7	25038024	0.0	51.455
chr7	25049756	1.4459513362586491	51.455
chr7	25069812	4.084247617521809	51.484
chr7	25082299	0.0	51.535
chr7	25091205	0.3062172664302518	51.535
chr7	25138557	0.0	51.5495
chr7	25176924	8.9317613433364	51.5495
chr7	25179723	0.29204470230911117	51.5745
chr7	25205404	0.13340956737192686	51.582
chr7	25231639	1.061182669789094	51.5855
chr7	25258967	0.0	51.6145
chr7	25307784	0.515862780500351	51.6145
chr7	25350431	0.7126031790019867	51.6365
chr7	25400950	0.9169171208802752	51.6725
chr7	25420581	0.0	51.6905
chr7	25442389	0.17809871526061888	51.6905
chr7	25565916	0.4317450349320681	51.7125
chr7	25616872	1.574944300750399	51.7345
chr7	25655921	0.10992030777680085	51.796
chr7	25692311	3.4921426789725287	51.8
chr7	25720374	0.0	51.898
chr7	25772949	0.2904149556947817	51.898
chr7	25846981	0.9956702047974374	51.9195
chr7	25901718	1.6420113886295813	51.974
chr7	25934909	0.10853722826915357	52.0285
chr7	25967156	0.0	52.032
chr7	26002977	0.11311193557144579	52.032
chr7	26069283	0.0	52.0395
chr7	26083217	1.8975105616154622	52.0395
chr7	26125114	0.9318121618042283	52.119
chr7	26230822	0.16773698840196472	52.2175
chr7	26251688	1.245968924069235	52.221
chr7	26313086	3.8755821689954106	52.2975
chr7	26343146	0.0	52.414
chr7	26394737	0.8401008120974836	52.414
chr7	26416163	0.0	52.432
chr7	26451149	6.204102304380791	52.432
chr7	26466945	0.09991721145323577	52.53
chr7	26501974	1.266074177051833	52.5335
chr7	26522115	0.4647361420490612	52.559
chr7	26584516	0.0	52.588
chr7	26633760	0.22172675872434044	52.588
chr7	26714941	0.0	52.606
chr7	26737101	9.942843534174898	52.606
chr7	26745499	0.05724894293914353	52.6895
chr7	26867772	0.21631287494232476	52.6965
chr7	26902444	0.2645969306756142	52.704
chr7	26970472	0.4545566230127513	52.722
chr7	27011171	0.10162896715939782	52.7405
chr7	27045610	2.346278317152384	52.744
chr7	27057970	1.557410423452683	52.773
chr7	27107090	6.017584318247391	52.8495
chr7	27134842	7.153614457831322	53.0165
chr7	27152106	0.258331180573505	53.14
chr7	27221784	5.0733699523529925	53.158
chr7	27284957	0.13567469085562278	53.4785
chr7	27310754	0.15548645046657045	53.482
chr7	27333264	0.0	53.4855
chr7	27386431	39.66466466466469	53.4855
chr7	27394423	0.07485029940117512	53.8025
chr7	27487943	0.0	53.8095
chr7	27504925	0.0	53.8095
chr7	27519265	0.0	53.8095
chr7	27549576	0.0	53.8095
chr7	27562669	0.044596568294045055	53.8095
chr7	27652362	0.06316321374436044	53.8135
chr7	27707774	0.0	53.817
chr7	27739780	0.0	53.817
chr7	27765367	0.0	53.817
chr7	27789030	0.16854473658877497	53.817
chr7	27809796	0.0	53.8205
chr7	27840936	0.0	53.8205
chr7	27886751	0.0	53.8205
chr7	27905934	0.0	53.8205
chr7	27963261	0.0	53.8205
chr7	27996418	0.0	53.8205
chr7	28029698	0.0	53.8205
chr7	28072349	0.678238878031929	53.8205
chr7	28115844	0.0650557620816988	53.85
chr7	28169644	0.0	53.8535
chr7	28209684	0.0	53.8535
chr7	28252779	0.04377133852756345	53.8535
chr7	28332740	0.08102977265366719	53.857
chr7	28375934	0.0	53.8605
chr7	28383119	0.0	53.8605
chr7	28404748	0.0	53.8605
chr7	28439897	0.0	53.8605
chr7	28451790	0.0	53.8605
chr7	28481915	0.0	53.8605
chr7	28521420	0.0	53.8605
chr7	28541773	0.20111475033013823	53.8605
chr7	28559176	0.44247787610630673	53.864
chr7	28584036	0.0	53.875
chr7	28625618	0.0	53.875
chr7	28655398	0.113181921074478	53.875
chr7	28721663	0.0	53.8825
chr7	28798508	0.0	53.8825
chr7	28837943	1.8349859429976223	53.8825
chr7	28897344	0.24640252316184652	53.9915
chr7	28927782	0.0	53.999
chr7	29029785	0.0	53.999
chr7	29107206	0.0	53.999
chr7	29122741	0.0	53.999
chr7	29136707	0.23513604299623436	53.999
chr7	29166477	0.2891287586738737	54.006
chr7	29228733	0.0	54.024
chr7	29256818	0.0	54.024
chr7	29268802	1.0785371114814424	54.024
chr7	29289200	0.0	54.046
chr7	29350649	0.0	54.046
chr7	29372985	1.2417719985462652	54.046
chr7	29422511	0.19819641264482127	54.1075
chr7	29442693	0.0	54.1115
chr7	29476172	0.0	54.1115
chr7	29487702	0.0	54.1115
chr7	29522460	0.6542552502364328	54.1115
chr7	29599647	0.25701234827507874	54.162
chr7	29685246	0.0	54.184
chr7	29707156	0.48019207683075044	54.184
chr7	29744641	0.0	54.202
chr7	29781371	0.17872520187828464	54.202
chr7	29842918	0.13296693555536362	54.213
chr7	29899323	0.14274353065922832	54.2205
chr7	29948362	0.0	54.2275
chr7	29957235	0.13353749732925513	54.2275
chr7	30013399	0.0	54.235
chr7	30031472	0.0	54.235
chr7	30048500	1.8851090773038657	54.235
chr7	30083246	4.900007967492816	54.3005
chr7	30095797	0.36712516520633826	54.362
chr7	30116226	0.12565520212520268	54.3695
chr7	30144080	0.0	54.373
chr7	30176518	0.1707733593560625	54.373
chr7	30197013	0.23870621232904357	54.3765
chr7	30213770	0.0	54.3805
chr7	30234690	0.8069722401551221	54.3805
chr7	30265670	1.1348645922246277	54.4055
chr7	30317218	0.0	54.464
chr7	30342160	0.0	54.464
chr7	30356984	0.029394967581571042	54.464
chr7	30476052	0.16469038208146977	54.4675
chr7	30497304	0.09044395059182647	54.471
chr7	30536002	0.0	54.4745
chr7	30582463	0.0	54.4745
chr7	30613006	0.0	54.4745
chr7	30679683	0.09429895462879892	54.4745
chr7	30716799	0.0	54.478
chr7	30761487	1.4421177400235734	54.478
chr7	30786797	0.11694538650464532	54.5145
chr7	30821001	0.0	54.5185
chr7	30836383	0.14218394540132223	54.5185
chr7	30885615	2.2170218007144578	54.5255
chr7	30893734	0.0834923664121039	54.5435
chr7	30935654	0.0324559410600507	54.547
chr7	31058898	2.7272727272726076	54.551
chr7	31090798	0.08299542339528351	54.638
chr7	31132969	0.0	54.6415
chr7	31161759	0.0	54.6415
chr7	31181717	0.06501829800677121	54.6415
chr7	31235548	0.8035039072344927	54.645
chr7	31267284	0.2670551104637724	54.6705
chr7	31308474	0.0	54.6815
chr7	31421909	0.0	54.6815
chr7	31450018	0.0	54.6815
chr7	31496995	0.0	54.6815
chr7	31525774	0.0	54.6815
chr7	31548101	0.5106066935896943	54.6815
chr7	31569644	0.0997961307614145	54.6925
chr7	31639787	0.10722710701259337	54.6995
chr7	31677091	0.28863360849735703	54.7035
chr7	31763706	0.0	54.7285
chr7	31955583	0.1617076326002997	54.7285
chr7	32023607	0.0	54.7395
chr7	32054692	0.0559698882001173	54.7395
chr7	32126159	0.0	54.7435
chr7	32150538	0.0	54.7435
chr7	32183989	0.0	54.7435
chr7	32209269	0.0	54.7435
chr7	32256683	0.0	54.7435
chr7	32311624	2.8074624162290505	54.7435
chr7	32328187	0.1304278031944947	54.79
chr7	32527531	0.0	54.816
chr7	32564401	0.11069993990571365	54.816
chr7	32627635	0.0	54.823
chr7	32640405	0.1780445620103842	54.823
chr7	32699379	0.7266982622431638	54.8335
chr7	32715204	0.08765997946258174	54.845
chr7	32755131	0.0	54.8485
chr7	32792754	0.0	54.8485
chr7	32860741	0.20852158198374324	54.8485
chr7	32947063	0.3749609415686008	54.8665
chr7	32995068	5.4594029504004	54.8845
chr7	33003677	0.0	54.9315
chr7	33022896	0.8311714480014419	54.9315
chr7	33062599	0.03178668410395609	54.9645
chr7	33172708	1.2376518678323454	54.968
chr7	33216743	0.0	55.0225
chr7	33259677	0.0	55.0225
chr7	33285345	0.07393012547003719	55.0225
chr7	33332687	0.0	55.026
chr7	33359086	0.0	55.026
chr7	33382728	0.0	55.026
chr7	33391053	0.0	55.026
chr7	33435963	1.1247012512295187	55.026
chr7	33443076	0.0	55.034
chr7	33466656	0.0	55.034
chr7	33510819	0.0	55.034
chr7	33546016	0.0	55.034
chr7	33591400	0.0	55.034
chr7	33595512	0.0	55.034
chr7	33664276	0.0	55.034
chr7	33729397	0.23090879102747475	55.034
chr7	33759712	0.22620340209917617	55.041
chr7	33792868	0.06749394964956179	55.0485
chr7	33896581	0.21383907503536723	55.0555
chr7	33964389	0.02204529994206811	55.07
chr7	34123153	0.0	55.0735
chr7	34136278	0.22611279798406847	55.0735
chr7	34151757	0.0	55.077
chr7	34166931	0.17190569744609535	55.077
chr7	34187291	0.063676885290685	55.0805
chr7	34242256	0.5340673335660548	55.084
chr7	34290939	0.5456738593501902	55.11
chr7	34343168	0.1271092185960082	55.1385
chr7	34374637	2.726786669043055	55.1425
chr7	34402692	3.2073423467876108	55.219
chr7	34422958	0.0	55.284
chr7	34502130	0.0	55.284
chr7	34538677	3.6278861018301103	55.284
chr7	34578783	0.0	55.4295
chr7	34623341	0.16288634605224125	55.4295
chr7	34647898	0.8059392427700806	55.4335
chr7	34732892	0.7047082127074494	55.502
chr7	34759144	1.3353115727003473	55.5205
chr7	34772624	0.553329517267718	55.5385
chr7	34851239	3.0375782881001756	55.582
chr7	34899139	0.0	55.7275
chr7	34927387	0.5239592264456145	55.7275
chr7	34969375	0.585065853924013	55.7495
chr7	35042871	0.1720060202109176	55.7925
chr7	35066126	0.38300480032684525	55.7965
chr7	35085708	0.9359380289542792	55.804
chr7	35135925	0.40336242920987075	55.851
chr7	35197904	0.3918246320026066	55.876
chr7	35245119	0.623173457108397	55.8945
chr7	35268387	3.5568202027386757	55.909
chr7	35290879	0.7438546685411499	55.989
chr7	35364146	0.07457916045163852	56.0435
chr7	35411076	0.0	56.047
chr7	35436468	2.1553545769589184	56.047
chr7	35448299	0.06755061471064214	56.0725
chr7	35500112	0.19045603639827194	56.076
chr7	35594622	0.8463100880162311	56.094
chr7	35641886	0.0	56.134
chr7	35670067	6.5173116089611645	56.134
chr7	35682342	0.8131530287166384	56.214
chr7	35727229	1.9862221551765857	56.2505
chr7	35747116	1.0582425335110537	56.29
chr7	35785387	2.1508566342801103	56.3305
chr7	35825836	1.7538111665735363	56.4175
chr7	35877723	0.15483985135374856	56.5085
chr7	35945535	0.5829380075580197	56.519
chr7	35970409	1.4060568603214012	56.5335
chr7	36035129	3.4854129015602693	56.6245
chr7	36062242	4.757978632038219	56.719
chr7	36120460	1.6866935881020444	56.996
chr7	36161072	0.037707746113724516	57.0645
chr7	36267151	1.3197448493291797	57.0685
chr7	36280790	0.41669560386139504	57.0865
chr7	36323987	0.21363786439813706	57.1045
chr7	36375476	0.22876156805662443	57.1155
chr7	36423561	0.4238715146728832	57.1265
chr7	36509672	0.5724324431022575	57.163
chr7	36560333	2.3970203193567774	57.192
chr7	36587450	1.485846253120253	57.257
chr7	36646339	0.0	57.3445
chr7	36677044	0.0	57.3445
chr7	36691353	1.9709543568464865	57.3445
chr7	36729913	0.07680660097879043	57.4205
chr7	36775482	0.5438275572256284	57.424
chr7	36795709	2.2588616881610593	57.435
chr7	36821607	3.5016049022469957	57.4935
chr7	36855877	0.2702859238951251	57.6135
chr7	36907674	2.723034126082553	57.6275
chr7	36933197	0.30349966510377974	57.697
chr7	36980973	3.2754372257948012	57.7115
chr7	37030890	0.2535829522302487	57.875
chr7	37145251	3.6434268900994535	57.904
chr7	37232257	0.4356628482099547	58.221
chr7	37349320	0.7561798143448467	58.272
chr7	37406846	0.7161192944572116	58.3155
chr7	37497613	0.058933307140754614	58.3805
chr7	38057568	0.30942775449456633	58.4135
chr7	38185223	0.6950587640590947	58.453
chr7	38216875	0.34287876279879353	58.475
chr7	38259164	0.42185849903312556	58.4895
chr7	38612363	0.0	58.6385
chr7	38632829	1.5217852287043605	58.6385
chr7	38793167	0.0	58.8825
chr7	38823944	2.273363178511392	58.8825
chr7	38838240	2.8730603196826907	58.915
chr7	38872524	1.5164240388204024	59.0135
chr7	38893956	0.713954028326008	59.046
chr7	38980096	1.672888638444722	59.1075
chr7	39036884	3.3771419065047907	59.2025
chr7	39066939	2.1020518258087235	59.304
chr7	39120696	0.3022452504313813	59.417
chr7	39132276	0.279899236275141	59.4205
chr7	39157285	5.715894906688515	59.4275
chr7	39222979	1.7053933063318423	59.803
chr7	39227670	0.23762645121861284	59.811
chr7	39257128	0.6986693036953987	59.818
chr7	39303645	0.0	59.8505
chr7	39316385	1.7174030172414443	59.8505
chr7	39346081	0.850219640073718	59.9015
chr7	39367252	0.667070952092346	59.9195
chr7	39383742	0.0	59.9305
chr7	39416436	0.5763535441309274	59.9305
chr7	39472825	7.543634750024588	59.963
chr7	39493107	4.249402733717126	60.116
chr7	39518640	0.1345532831000331	60.2245
chr7	39548368	0.3801251809500396	60.2285
chr7	39644389	0.7254261878853321	60.265
chr7	39674716	1.3469273220466322	60.287
chr7	39728171	0.14293882218404905	60.359
chr7	39805127	0.06794023729673693	60.37
chr7	39967034	1.089265290561493	60.381
chr7	40003756	0.0	60.421
chr7	40103126	0.2477525306153112	60.421
chr7	40117253	0.42095416276895886	60.4245
chr7	40160013	0.0	60.4425
chr7	40200173	0.16184086628995528	60.4425
chr7	40268141	10.95222793487572	60.4535
chr7	40305485	0.3363737346872222	60.8625
chr7	40369402	0.0	60.884
chr7	40378277	1.8137847642080493	60.884
chr7	40400606	0.692158611991246	60.9245
chr7	40563141	1.6196205460446558	61.037
chr7	40565302	2.211585070285788	61.0405
chr7	40581806	0.4448218690607297	61.077
chr7	40606535	1.4564294132034803	61.088
chr7	40696481	0.06010337780975385	61.219
chr7	40754714	1.9654674827090544	61.2225
chr7	40774811	0.12651821862341167	61.262
chr7	40806427	1.2283477681545116	61.266
chr7	40830443	1.6131634134540351	61.2955
chr7	40855239	5.985037406483427	61.3355
chr7	40867269	2.1647600889738015	61.4075
chr7	40892445	0.6189230738514745	61.462
chr7	40992619	0.0	61.524
chr7	41001683	5.141984496723401	61.524
chr7	41053414	3.616814254965769	61.79
chr7	41155161	0.0	62.158
chr7	41182728	0.0824623250252084	62.158
chr7	41231235	0.0	62.162
chr7	41243722	0.5240305434943777	62.162
chr7	41257080	1.0121241823103393	62.169
chr7	41304011	0.0	62.2165
chr7	41375782	0.0	62.2165
chr7	41435974	0.1931247585937977	62.2165
chr7	41454097	0.38856900632317587	62.22
chr7	41482406	0.4959634089218495	62.231
chr7	41518699	1.5488695032933788	62.249
chr7	41546784	5.5519085995223385	62.2925
chr7	41618381	0.2590146343268931	62.69
chr7	41672432	0.08651828780303643	62.704
chr7	41718665	1.5175129193667736	62.708
chr7	41877148	0.0	62.9485
chr7	41907832	0.10978670012543754	62.9485
chr7	41971592	0.2993278728673647	62.9555
chr7	42008341	0.0	62.9665
chr7	42020441	1.2757346471932238	62.9665
chr7	42043173	0.7861291872297979	62.9955
chr7	42066070	0.6242197253431847	63.0135
chr7	42095707	0.45397225725096296	63.032
chr7	42175007	0.0	63.068
chr7	42202731	0.0	63.068
chr7	42220104	0.0	63.068
chr7	42248608	0.0	63.068
chr7	42263720	0.0	63.068
chr7	42284033	0.0	63.068
chr7	42296343	2.5115219305060243	63.068
chr7	42354276	0.0	63.2135
chr7	42356458	3.766919421104465	63.2135
chr7	42458929	0.4202557792036724	63.5995
chr7	42640961	1.4972891186483241	63.676
chr7	42672685	1.0564881944713713	63.7235
chr7	42930615	0.0	63.996
chr7	43016322	0.3014689761018084	63.996
chr7	43052810	1.2449348240002642	64.007
chr7	43134742	0.4443767298950838	64.109
chr7	43174123	0.0	64.1265
chr7	43209268	0.6723305421435053	64.1265
chr7	43225629	0.0	64.1375
chr7	43245761	0.40490329956482995	64.1375
chr7	43308739	0.351485612522607	64.163
chr7	43330077	2.0370890699632174	64.1705
chr7	43351431	0.6322178201135792	64.214
chr7	43363294	0.4382767478997392	64.2215
chr7	43478518	0.08621432882124919	64.272
chr7	43524914	0.29207232267058425	64.276
chr7	43560864	0.268037044568057	64.2865
chr7	43669058	0.07648768548269196	64.3155
chr7	43714817	0.0720357297217742	64.319
chr7	43770345	0.28395262047724334	64.323
chr7	43782671	0.0	64.3265
chr7	43797507	0.0	64.3265
chr7	43839662	0.265223848928757	64.3265
chr7	43867940	2.373114904692552	64.334
chr7	43894066	0.17067759003255073	64.396
chr7	43935079	1.198265368228805	64.403
chr7	44013943	0.7509068644439562	64.4975
chr7	44057224	0.07825425926759606	64.53
chr7	44101950	1.4233903989388739	64.5335
chr7	44127593	0.07766441910551693	64.57
chr7	44269228	5.1119337211353955	64.581
chr7	44286247	2.3596138026579303	64.668
chr7	44309344	0.0	64.7225
chr7	44489603	0.6229536696318252	64.7225
chr7	44524116	0.03838098057925125	64.744
chr7	44615307	0.1974933535890334	64.7475
chr7	44746957	1.6073046868322127	64.7735
chr7	44805440	0.03681004177931163	64.8675
chr7	44914106	0.0	64.8715
chr7	44940444	0.0	64.8715
chr7	44984515	0.9189595386189484	64.8715
chr7	45094966	0.4387014437263971	64.973
chr7	45120040	2.101449275362742	64.984
chr7	45140740	1.4881271010425625	65.0275
chr7	45187443	0.3028518549676232	65.097
chr7	45365748	0.07668084410280743	65.151
chr7	45463556	0.0	65.1585
chr7	45493655	0.2300764730370816	65.1585
chr7	45539292	0.07205945934822221	65.169
chr7	45587863	0.337868276421312	65.1725
chr7	45632259	0.39690414764835796	65.1875
chr7	45677610	0.0	65.2055
chr7	45698912	2.5480203841629843	65.2055
chr7	45711667	4.4231891867619275	65.238
chr7	45733936	0.19018638265500912	65.3365
chr7	45828580	0.0	65.3545
chr7	45856657	1.4258071086668553	65.3545
chr7	45925390	0.21988976193248444	65.4525
chr7	45959498	0.6923139575924026	65.46
chr7	46033164	4.133341600016592	65.511
chr7	46081551	0.2620348880738565	65.711
chr7	46094908	0.0	65.7145
chr7	46108787	0.0	65.7145
chr7	46124357	0.36496350364930313	65.7145
chr7	46144907	0.6068295912176744	65.722
chr7	46181161	0.07435734013177185	65.744
chr7	46228231	2.2005552170085223	65.7475
chr7	46257769	0.0	65.8125
chr7	46283436	0.4294274950714523	65.8125
chr7	46334667	0.27787601677349766	65.8345
chr7	46374253	0.0	65.8455
chr7	46425320	0.4476089355235605	65.8455
chr7	46473353	2.5034622350057014	65.867
chr7	46492127	0.23267357448635537	65.914
chr7	46524361	0.8212033449931685	65.9215
chr7	46604122	3.624126326689064	65.987
chr7	46631163	0.0	66.085
chr7	46644923	0.45284385943728317	66.085
chr7	46678047	0.0	66.1
chr7	46698009	0.05805948609064747	66.1
chr7	46758292	1.1278195488722234	66.1035
chr7	46774252	0.16074525988398816	66.1215
chr7	46908004	0.0	66.143
chr7	46948713	0.0	66.143
chr7	46977111	0.0	66.143
chr7	46992037	0.48409100910952246	66.143
chr7	47014760	0.0	66.154
chr7	47081601	0.05147667872473497	66.154
chr7	47295290	0.0	66.165
chr7	47307547	0.0	66.165
chr7	47324212	1.3378172713434686	66.165
chr7	47364950	0.0	66.2195
chr7	47390388	0.0	66.2195
chr7	47403713	0.0	66.2195
chr7	47475049	0.0	66.2195
chr7	47546060	0.23894590719813175	66.2195
chr7	47590003	0.0	66.23
chr7	47602465	0.0	66.23
chr7	47636848	0.3222104519773088	66.23
chr7	47750128	0.0	66.2665
chr7	47774243	0.3459881105906926	66.2665
chr7	47806036	0.0	66.2775
chr7	47820034	1.1375448643770514	66.2775
chr7	47871021	0.0	66.3355
chr7	47918830	0.0	66.3355
chr7	47941332	0.04932790726359463	66.3355
chr7	48022422	0.0	66.3395
chr7	48045637	0.0	66.3395
chr7	48066309	0.0	66.3395
chr7	48095613	0.6940160394818277	66.3395
chr7	48147485	0.6777284412245002	66.3755
chr7	48168880	1.5541835213967958	66.39
chr7	48192365	0.13154927459980836	66.4265
chr7	48218971	0.38765561922410546	66.43
chr7	48331184	0.7098071690524344	66.4735
chr7	48356543	0.3507149803119986	66.4915
chr7	48419272	0.0	66.5135
chr7	48435582	0.09564932225629923	66.5135
chr7	48472174	0.0	66.517
chr7	48496619	0.5657272166226028	66.517
chr7	48516063	0.0	66.528
chr7	48554363	0.4419423707148433	66.528
chr7	48627902	0.30116908362462697	66.5605
chr7	48737475	3.3807630865250204	66.5935
chr7	48764392	0.13641324117852324	66.6845
chr7	48841364	1.7871250297215313	66.695
chr7	48971741	0.8389437697939607	66.928
chr7	49019420	2.5039560644140875	66.968
chr7	49073135	0.4050288380531312	67.1025
chr7	49134859	0.22097227802321576	67.1275
chr7	49184639	0.5879729126966624	67.1385
chr7	49209300	2.2762987613234227	67.153
chr7	49252572	1.94414607948455	67.2515
chr7	49299122	0.6928737536235632	67.342
chr7	49361904	2.0095788278280287	67.3855
chr7	49463169	0.0	67.589
chr7	49468195	2.86108918705638	67.589
chr7	49488467	0.41702208321469736	67.647
chr7	49541222	0.05431914827579385	67.669
chr7	49605656	0.8066059661498578	67.6725
chr7	49642229	0.19606744720197752	67.702
chr7	49660080	0.4528438594368542	67.7055
chr7	49676642	0.3831091435382403	67.713
chr7	49723626	0.826901874311506	67.731
chr7	49736324	0.9900314078928159	67.7415
chr7	49765616	0.3389934974884522	67.7705
chr7	49830514	0.939827541645921	67.7925
chr7	49873075	2.079515014803239	67.8325
chr7	49887261	0.14649561559560936	67.862
chr7	49935044	0.10704673354546432	67.869
chr7	49967740	0.26859028470589374	67.8725
chr7	49980771	0.1954106415045665	67.876
chr7	49998682	0.0	67.8795
chr7	50022513	2.184715558602474	67.8795
chr7	50034185	0.0	67.905
chr7	50046320	0.0	67.905
chr7	50060849	0.1682773210251695	67.905
chr7	50081648	0.0	67.9085
chr7	50093535	1.6056518946690792	67.9085
chr7	50148030	0.6327815022575958	67.996
chr7	50177266	0.12490186282215762	68.0145
chr7	50205288	0.23079882036159355	68.018
chr7	50283278	0.3865267807838502	68.036
chr7	50310443	0.0	68.0465
chr7	50389852	0.09977052778621393	68.0465
chr7	50429944	0.0	68.0505
chr7	50450038	0.4939365036107842	68.0505
chr7	50479394	0.24992859183108404	68.065
chr7	50493398	0.34858111641033657	68.0685
chr7	50556511	0.5181730698046333	68.0905
chr7	50570020	0.3283680109856978	68.0975
chr7	50603519	1.1524766325426161	68.1085
chr7	50666427	1.1590752459121025	68.181
chr7	50682388	0.42508281785928825	68.1995
chr7	50716499	0.8705745792229089	68.214
chr7	50728560	0.3284753557042054	68.2245
chr7	50959932	0.0	68.3005
chr7	51013726	1.0788544527268324	68.3005
chr7	51034118	0.1715326740169188	68.3225
chr7	51118650	0.0	68.337
chr7	51134093	0.20875664541968936	68.337
chr7	51170020	0.0	68.3445
chr7	51234822	0.0	68.3445
chr7	51295249	0.0	68.3445
chr7	51308240	0.0	68.3445
chr7	51328973	0.0	68.3445
chr7	51358814	0.0	68.3445
chr7	51376032	0.0	68.3445
chr7	51398161	0.7647707466297863	68.3445
chr7	51426274	0.027149672264689922	68.366
chr7	51555189	0.0	68.3695
chr7	51570545	0.18878848138528403	68.3695
chr7	51610272	0.04431763504219673	68.377
chr7	51847198	0.0	68.3875
chr7	51896813	0.0	68.3875
chr7	51910404	0.0	68.3875
chr7	51936026	0.0	68.3875
chr7	51954294	0.05062073678470593	68.3875
chr7	52033313	0.7209984585552824	68.3915
chr7	52073535	0.06081892684989399	68.4205
chr7	52139304	7.649344341914416	68.4245
chr7	52151658	1.8539702575834107	68.519
chr7	52177009	0.0	68.566
chr7	52220780	0.8129518801673823	68.566
chr7	52278594	0.0	68.613
chr7	52354479	0.0	68.613
chr7	52456364	0.0	68.613
chr7	52458630	0.0	68.613
chr7	52489009	0.0	68.613
chr7	52520657	0.14898097016422449	68.613
chr7	52570999	0.02725543416966448	68.6205
chr7	53103003	2.1141990252090026	68.635
chr7	53164965	0.31463596618709083	68.766
chr7	53498684	0.0	68.871
chr7	53514649	0.0	68.871
chr7	53527163	0.08955472898041021	68.871
chr7	53934735	0.8789481785115922	68.9075
chr7	54058178	1.5908934273701831	69.016
chr7	54145236	0.0	69.1545
chr7	54185547	0.1866621415238891	69.1545
chr7	54303407	7.432226621992074	69.1765
chr7	54336237	0.380292956712123	69.4205
chr7	54565008	0.11706860220092678	69.5075
chr7	54782829	0.08543145045301133	69.533
chr7	55245188	0.0	69.5725
chr7	55272635	0.23374713659754526	69.5725
chr7	55507932	0.2156820454500045	69.6275
chr7	55558933	0.0	69.6385
chr7	55591479	0.0	69.6385
chr7	55591777	0.31442790385015307	69.6385
chr7	55776239	0.03461851589228194	69.6965
chr7	56195090	0.11010706963321575	69.711
chr7	56326780	3.598488960291846	69.7255
chr7	56418902	0.7139515990054186	70.057
chr7	56540759	0.42065009560212924	70.144
chr7	56566909	0.11603307212401605	70.155
chr7	56752201	0.03347776598087464	70.1765
chr7	56856748	0.0	70.18
chr7	56993585	1.4755480607082603	70.18
chr7	57114557	0.0	70.3585
chr7	57228769	0.0	70.3585
chr7	57274445	0.0	70.3585
chr7	57409884	0.0	70.3585
chr7	57592314	0.1553458386729845	70.3585
chr7	57618063	0.32392410920893117	70.3625
chr7	57650478	0.0	70.373
chr7	57663756	0.0	70.373
chr7	57679366	0.09352787130533617	70.373
chr7	57716788	1.2002618753182968	70.3765
chr7	57744282	0.18642642226020953	70.4095
chr7	57859609	0.6524339410634921	70.431
chr7	57887198	0.06588235294122355	70.449
chr7	57940323	0.04454206152947665	70.4525
chr7	58265858	0.09844153537911945	70.467
chr7	58783932	0.11855181229638022	70.518
chr7	58880936	0.0732830820771043	70.5295
chr7	58928696	0.0	70.533
chr7	58993481	0.0	70.533
chr7	59025161	1.0012195305560179	70.533
chr7	59224418	0.1296584426169705	70.7325
chr7	59251412	0.0	70.736
chr7	59296088	0.0	70.736
chr7	59342922	0.12923893930078306	70.736
chr7	59598263	0.0	70.769
chr7	59854561	0.13794190675080953	70.769
chr7	59879934	0.06685467010265164	70.7725
chr7	60044470	0.5422486490528666	70.7835
chr7	60097951	0.20546256472052102	70.8125
chr7	60134454	0.0584467670876677	70.82
chr7	60382543	0.0	70.8345
chr7	60416111	0.0	70.8345
chr7	60429564	0.0	70.8345
chr7	60442074	0.17821206687612817	70.8345
chr7	60624441	0.0	70.867
chr7	60635852	0.02908716175788263	70.867
chr7	60756180	0.025820730357715163	70.8705
chr7	60891730	0.962432208910019	70.874
chr7	61028363	0.28828669002527046	71.0055
chr7	61141098	0.0	71.038
chr7	61170828	0.0	71.038
chr7	61356893	0.0	71.038
chr7	61362990	0.0	71.038
chr7	61410123	0.0	71.038
chr7	61459762	0.0	71.038
chr7	61591719	0.06133256632376058	71.038
chr7	61828135	0.0	71.0525
chr7	62093765	0.01990260989559725	71.0525
chr7	62470600	0.0	71.06
chr7	62700518	0.0	71.06
chr7	62803950	0.0	71.06
chr7	62881772	0.1005487086671664	71.06
chr7	62951390	0.05506521294508427	71.067
chr7	63014951	0.14993627708227802	71.0705
chr7	63161680	0.0	71.0925
chr7	63215393	0.8433642566896256	71.0925
chr7	63241479	0.0	71.1145
chr7	63388096	0.24608654043320075	71.1145
chr7	63461241	0.0	71.1325
chr7	63495355	0.0	71.1325
chr7	63522660	0.10314443167425519	71.1325
chr7	63556593	0.0	71.136
chr7	63587354	0.47940384008549003	71.136
chr7	63669748	0.0	71.1755
chr7	63701791	0.6559505068080679	71.1755
chr7	63774205	0.9090341466281344	71.223
chr7	64046472	0.09897643142760212	71.4705
chr7	64374833	2.038654488037878	71.503
chr7	64524932	0.05612011431235396	71.809
chr7	65104047	0.33386098719244167	71.8415
chr7	65277772	0.9844614729673835	71.8995
chr7	65296564	0.0	71.918
chr7	65303736	3.4984817909207413	71.918
chr7	65356759	0.10059044250438941	72.1035
chr7	65570497	1.150565364014932	72.125
chr7	65595702	0.0	72.154
chr7	65625413	6.519746708882199	72.154
chr7	65649417	0.0	72.3105
chr7	65718809	0.0	72.3105
chr7	65738047	0.0	72.3105
chr7	65752349	0.1342326923719144	72.3105
chr7	65782148	0.11568144634868044	72.3145
chr7	65842659	0.4014179316477757	72.3215
chr7	65923622	0.11387100692346942	72.354
chr7	65989486	0.7636502481861788	72.3615
chr7	66041866	0.0	72.4015
chr7	66235835	0.5846839986947456	72.4015
chr7	66272607	0.24044003820693488	72.423
chr7	66424412	0.42755806044099426	72.4595
chr7	66475867	0.06346174767613659	72.4815
chr7	66641321	0.0	72.492
chr7	66653130	0.930776224078487	72.492
chr7	66676229	0.0	72.5135
chr7	66854232	0.23935417890658423	72.5135
chr7	66900189	0.02365520177888808	72.5245
chr7	67048148	0.054016826241248296	72.528
chr7	67122199	0.6297839356651267	72.532
chr7	67225409	0.00921452736057104	72.597
chr7	67605244	0.2669692317963618	72.6005
chr7	67635210	0.0	72.6085
chr7	67678461	0.15111936270786017	72.6085
chr7	67724782	0.10809141445344352	72.6155
chr7	67757162	0.06774211030215853	72.619
chr7	67867876	0.0	72.6265
chr7	68027578	0.4737270952950502	72.6265
chr7	68080351	0.0	72.6515
chr7	68130279	0.04227921191552011	72.6515
chr7	68213062	0.0	72.655
chr7	68247564	0.07745613400936888	72.655
chr7	68344393	0.0	72.6625
chr7	68460346	0.15215898240540857	72.6625
chr7	68818524	0.0	72.717
chr7	68834101	0.0	72.717
chr7	68912428	0.0	72.717
chr7	69111380	0.221023602887519	72.717
chr7	69357960	0.0	72.7715
chr7	69383998	0.6781541876018421	72.7715
chr7	69416439	0.0	72.7935
chr7	69538336	0.0	72.7935
chr7	69618394	0.0	72.7935
chr7	69663668	0.0	72.7935
chr7	69719859	0.0	72.7935
chr7	69747753	0.0	72.7935
chr7	69789658	0.19919515073275507	72.7935
chr7	69987956	0.2530868931666635	72.833
chr7	70118346	0.0	72.866
chr7	70133127	0.04767483041385159	72.866
chr7	70206541	0.10475192838773145	72.8695
chr7	70311551	0.0	72.8805
chr7	70379763	0.0	72.8805
chr7	70471588	0.0	72.8805
chr7	70501706	0.0	72.8805
chr7	70706457	0.0	72.8805
chr7	70886130	0.18816872895265518	72.8805
chr7	71040247	1.0403374788123771	72.9095
chr7	71250275	0.0	73.128
chr7	71301361	0.0	73.128
chr7	71321684	0.0	73.128
chr7	71586507	0.0	73.128
chr7	71727465	0.0	73.128
chr7	71829091	0.0	73.128
chr7	71926169	0.0	73.128
chr7	71941527	0.07695690413374012	73.128
chr7	71987007	0.019906043474813173	73.1315
chr7	72162833	0.0	73.135
chr7	72287465	0.1469596061481978	73.135
chr7	72437166	0.0	73.157
chr7	72528311	0.0	73.157
chr7	72892506	0.0	73.157
chr7	72950814	0.0	73.157
chr7	72997610	0.0	73.157
chr7	73038837	0.11018300873077048	73.157
chr7	73134133	0.0	73.1675
chr7	73186676	0.0	73.1675
chr7	73256064	0.0	73.1675
chr7	73319024	12.155212716222204	73.1675
chr7	73348970	0.0	73.5315
chr7	73390366	0.0	73.5315
chr7	73445632	0.0	73.5315
chr7	73467313	3.325471196957317	73.5315
chr7	73514374	0.0	73.688
chr7	73731506	0.0	73.688
chr7	73752762	0.09438819289510623	73.688
chr7	73869302	0.0	73.699
chr7	74034801	0.062310148765556336	73.699
chr7	74098996	0.11901017536995838	73.703
chr7	74216633	0.0	73.717
chr7	74264085	0.0	73.717
chr7	74302402	0.2471113534884996	73.717
chr7	74361080	0.0	73.7315
chr7	74405455	0.0	73.7315
chr7	74432514	0.0	73.7315
chr7	74510002	1.9788560585526567	73.7315
chr7	74546892	0.0	73.8045
chr7	74580370	0.0	73.8045
chr7	74726648	0.030379043667727052	73.8045
chr7	74841859	0.04476848298782669	73.808
chr7	74920039	0.30584910038189556	73.8115
chr7	75014857	0.38971707007440004	73.8405
chr7	75229115	0.08765079921588934	73.924
chr7	75354613	0.8397118134029413	73.935
chr7	75514787	0.188597909257215	74.0695
chr7	75551903	0.2993479069918459	74.0765
chr7	75613704	0.03815504028084837	74.095
chr7	75705435	0.9499050094990388	74.0985
chr7	75755440	0.0	74.146
chr7	75778618	0.5124826121974524	74.146
chr7	75792277	4.277255748542078	74.153
chr7	75903914	0.0	74.6305
chr7	76020228	0.0891267583038426	74.6305
chr7	76469027	0.013975961346494035	74.6705
chr7	76719457	0.14998687614798745	74.674
chr7	76746126	0.0	74.678
chr7	76806231	0.04021555537681471	74.678
chr7	77166788	0.0	74.6925
chr7	77386835	0.0	74.6925
chr7	77439937	0.0	74.6925
chr7	77471432	0.172639159494044	74.6925
chr7	77511979	0.0	74.6995
chr7	77641998	1.0992305386225323	74.6995
chr7	77652005	0.1030199564373492	74.7105
chr7	77719953	0.17298347293680652	74.7175
chr7	78350071	0.0	74.8265
chr7	78406441	0.0	74.8265
chr7	78429655	0.0	74.8265
chr7	78482827	0.08924307401387883	74.8265
chr7	78690126	0.0	74.845
chr7	78733016	0.0	74.845
chr7	78784488	0.0	74.845
chr7	78822465	0.0	74.845
chr7	78845496	0.0	74.845
chr7	78864967	0.0	74.845
chr7	78954512	0.0	74.845
chr7	78976340	0.1457908110135586	74.845
chr7	79000347	0.017582193724245944	74.8485
chr7	79825045	0.11633994532036789	74.863
chr7	79859427	0.0	74.867
chr7	80121154	0.041026843277488	74.867
chr7	80206464	0.0	74.8705
chr7	80260731	0.0	74.8705
chr7	80350424	1.1568156253194548	74.8705
chr7	80428656	6.305188434235757	74.961
chr7	80463310	0.03576866869017691	75.1795
chr7	80561161	0.0	75.183
chr7	80717881	0.0942380183087854	75.183
chr7	80755021	0.0	75.1865
chr7	80799255	0.0	75.1865
chr7	80810997	0.03394861150181384	75.1865
chr7	80914094	0.07029984411772515	75.19
chr7	81077679	0.0	75.2015
chr7	81102551	0.06610508820312207	75.2015
chr7	81155497	0.6761431536575628	75.205
chr7	81187295	0.16062413951365312	75.2265
chr7	81209085	0.44458814970478056	75.23
chr7	81258569	0.0680311777169223	75.252
chr7	81310016	0.0	75.2555
chr7	81382221	0.2767756590123534	75.2555
chr7	81434610	0.0	75.27
chr7	81490964	0.24389423400387172	75.27
chr7	81550416	0.3557165262665217	75.2845
chr7	81612263	0.0	75.3065
chr7	81626363	0.09085333999602264	75.3065
chr7	81670390	0.0	75.3105
chr7	81703936	0.0	75.3105
chr7	81733744	0.0	75.3105
chr7	81746078	0.0	75.3105
chr7	81784034	2.8966237713088385	75.3105
chr7	81805093	0.04141913800859744	75.3715
chr7	81889595	0.13303621911081548	75.375
chr7	81919662	0.3586310540335164	75.379
chr7	81948940	0.05899530987293721	75.3895
chr7	82016742	0.0	75.3935
chr7	82044932	0.6531482946236933	75.3935
chr7	82128374	0.2157708905455059	75.448
chr7	82179354	0.0	75.459
chr7	82214664	0.10203883306440392	75.459
chr7	82317566	0.057549698275194454	75.4695
chr7	82378383	0.10187189609079049	75.473
chr7	82417648	0.15869993017188638	75.477
chr7	82464907	0.07231404958682854	75.4845
chr7	82513307	0.1598501975292869	75.488
chr7	82557098	1.719589183076865	75.495
chr7	82578324	0.03584229390683565	75.5315
chr7	82675974	0.0	75.535
chr7	82693733	0.0	75.535
chr7	82713621	0.0	75.535
chr7	82765858	0.0	75.535
chr7	82803625	1.1792924245452228	75.535
chr7	82828640	0.2696871628912391	75.5645
chr7	82854596	0.6931753733691902	75.5715
chr7	82870465	0.0	75.5825
chr7	82909038	0.13944223107579684	75.5825
chr7	82934138	0.4343853447372488	75.586
chr7	83067660	0.7099490795142079	75.644
chr7	83088084	0.0	75.6585
chr7	83168572	0.5932342358853199	75.6585
chr7	83272241	0.0	75.72
chr7	83325261	0.2640786954515672	75.72
chr7	83340408	0.0	75.724
chr7	83373090	0.10269330302730517	75.724
chr7	83446123	3.519808282782674	75.7315
chr7	83459476	0.17532404720463812	75.7785
chr7	83542180	0.0	75.793
chr7	83572870	0.0	75.793
chr7	83607573	0.2108232283578787	75.793
chr7	83676351	0.39333208465979747	75.8075
chr7	83703046	0.35578555834083564	75.818
chr7	83764881	0.0	75.84
chr7	83828289	0.08863227734312089	75.84
chr7	83867778	0.6057824690222494	75.8435
chr7	83922253	0.07478472682212989	75.8765
chr7	83969054	0.0	75.88
chr7	84006617	0.0	75.88
chr7	84035625	1.2062224440560836	75.88
chr7	84047646	7.805216701378618	75.8945
chr7	84098061	0.15640361068918138	76.288
chr7	84120439	0.0	76.2915
chr7	84146529	0.45958030192087035	76.2915
chr7	84210718	0.0	76.321
chr7	84244610	0.6892630055314434	76.321
chr7	84302643	0.0	76.361
chr7	84324359	0.0	76.361
chr7	84364950	0.9175312051454341	76.361
chr7	84419989	0.24980223989342717	76.4115
chr7	84492046	0.24320679210231663	76.4295
chr7	84537275	0.2926543751827941	76.4405
chr7	84574862	1.422754255997815	76.4515
chr7	84615628	2.8400948435340854	76.5095
chr7	84654007	1.0971313537997873	76.6185
chr7	84703682	1.5104845397465327	76.673
chr7	84737446	1.5357952273030087	76.724
chr7	84924971	0.0	77.012
chr7	84947738	0.0	77.012
chr7	84975915	7.9249485949281295	77.012
chr7	84999259	0.10825166346713017	77.197
chr7	85068542	0.0	77.2045
chr7	85076650	0.12229050108547765	77.2045
chr7	85109359	0.8484848484845936	77.2085
chr7	85125859	0.0	77.2225
chr7	85149446	0.0	77.2225
chr7	85187780	0.07818552714821767	77.2225
chr7	85328471	0.0	77.2335
chr7	85352910	0.0	77.2335
chr7	85427415	0.046742077217869056	77.2335
chr7	85587870	0.23052097740910896	77.241
chr7	85618236	5.344281847791277	77.248
chr7	85640035	0.512584841628895	77.3645
chr7	85668323	0.5515978734141215	77.379
chr7	85753530	1.1060834590245583	77.426
chr7	85793310	0.8546697701483315	77.47
chr7	85848302	0.1372925901228769	77.517
chr7	85873795	0.5725627910533162	77.5205
chr7	85886894	0.3242397137745568	77.528
chr7	85931614	0.39090045068513135	77.5425
chr7	85996848	0.0	77.568
chr7	86028854	0.17009595758156607	77.568
chr7	86114100	0.0	77.5825
chr7	86157562	0.08763144717081876	77.5825
chr7	86197502	0.0	77.586
chr7	86219715	0.06980315510266052	77.586
chr7	86269856	1.9094951608686241	77.5895
chr7	86288971	2.165471923536168	77.626
chr7	86309059	3.859667802385281	77.6695
chr7	86327843	0.7056189981831453	77.742
chr7	86389491	0.0	77.7855
chr7	86424284	1.716450301858286	77.7855
chr7	86449627	0.6881528788554384	77.829
chr7	86550622	0.07923750877278081	77.8985
chr7	86594793	0.057135394560751264	77.902
chr7	86656051	2.094554159186038	77.9055
chr7	86746285	0.0	78.0945
chr7	86773429	1.1204648441760572	78.0945
chr7	86874280	0.30528029643775617	78.2075
chr7	87016772	0.0	78.251
chr7	87123480	0.0674010167922564	78.251
chr7	87175408	0.10893246187371618	78.2545
chr7	87207538	0.9559379307279882	78.258
chr7	87230029	0.23957834211794837	78.2795
chr7	87336466	0.572484321735964	78.305
chr7	87374895	0.14141374736676074	78.327
chr7	87477431	0.2327127659576131	78.3415
chr7	87492471	0.7167684543330862	78.345
chr7	87543394	0.10313835273324005	78.3815
chr7	87577329	0.1566380988608112	78.385
chr7	87622018	0.3830883889395379	78.392
chr7	87650732	0.05122725875603077	78.403
chr7	87719055	0.8941085496110902	78.4065
chr7	87739746	0.1956072207009725	78.425
chr7	87757639	0.0	78.4285
chr7	87777195	0.0	78.4285
chr7	87795030	0.06281801620709307	78.4285
chr7	87906463	0.0	78.4355
chr7	87932451	0.0	78.4355
chr7	87935023	0.2492767198205302	78.4355
chr7	88067406	0.05436977661770731	78.4685
chr7	88131780	0.0	78.472
chr7	88149419	0.11785781633049516	78.472
chr7	88213055	0.15061537137458048	78.4795
chr7	88236293	0.0948955245462484	78.483
chr7	88346941	0.19756013236553013	78.4935
chr7	88367188	0.0	78.4975
chr7	88404444	0.08982910013678003	78.4975
chr7	88448973	1.0554914876566535	78.5015
chr7	88500134	0.0	78.5555
chr7	88541245	0.1263030262206327	78.5555
chr7	88600626	0.501987871972842	78.563
chr7	88650428	5.712744569215027	78.588
chr7	88670821	0.7002536053598951	78.7045
chr7	88697240	0.0	78.723
chr7	88712393	0.41237113402091324	78.723
chr7	88729368	3.9768191360398197	78.73
chr7	88763189	1.1992782325497364	78.8645
chr7	88808633	0.0	78.919
chr7	88843865	0.12003566774135747	78.919
chr7	88873023	0.23898941618316838	78.9225
chr7	88887668	0.4870762436675658	78.926
chr7	88903066	0.5893446487506815	78.9335
chr7	88970938	0.0	78.9735
chr7	89023135	0.529661016949531	78.9735
chr7	89029743	3.212097954774785	78.977
chr7	89100102	0.07066709739950132	79.203
chr7	89149630	0.0	79.2065
chr7	89173247	0.0	79.2065
chr7	89189893	0.0	79.2065
chr7	89240120	0.2084306608689141	79.2065
chr7	89379255	0.0	79.2355
chr7	89387380	0.0	79.2355
chr7	89414419	0.0	79.2355
chr7	89430641	0.0	79.2355
chr7	89503337	0.0	79.2355
chr7	89580377	0.16065363077217026	79.2355
chr7	89602163	0.0	79.239
chr7	89628759	0.0	79.239
chr7	89702244	0.5301573211024553	79.239
chr7	89742798	1.214244665665612	79.2605
chr7	89796741	0.0	79.326
chr7	89821399	2.023711148962082	79.326
chr7	89880696	0.04326435758612699	79.446
chr7	89961594	0.9496676163345235	79.4495
chr7	89984760	0.03434626183864708	79.4715
chr7	90101221	0.0392495486302188	79.4755
chr7	90190394	0.0	79.479
chr7	90222187	0.0	79.479
chr7	90234247	0.0	79.479
chr7	90262587	0.0	79.479
chr7	90304171	0.0	79.479
chr7	90355670	0.0	79.479
chr7	90571584	0.0	79.479
chr7	90619800	0.0	79.479
chr7	90664159	0.0	79.479
chr7	90697236	0.0	79.479
chr7	90742917	0.0	79.479
chr7	90822613	0.0	79.479
chr7	90828173	0.0	79.479
chr7	90898040	0.0	79.479
chr7	90911257	0.0	79.479
chr7	90948173	0.5936479667555354	79.479
chr7	90971756	0.0	79.493
chr7	91120337	0.3721061206429002	79.493
chr7	91170054	1.8292068155957213	79.5115
chr7	91239483	0.0	79.6385
chr7	91264670	0.09394207799883246	79.6385
chr7	91301927	0.2517080186984898	79.642
chr7	91315832	0.33844071134092624	79.6455
chr7	91380836	2.60385609222819	79.6675
chr7	91405991	0.0	79.733
chr7	91556115	0.0	79.733
chr7	91609377	0.0	79.733
chr7	91652130	0.04752012816860822	79.733
chr7	91725783	0.0	79.7365
chr7	91748566	0.0	79.7365
chr7	91773245	1.4941541219973868	79.7365
chr7	91800016	0.0	79.7765
chr7	91818818	0.0	79.7765
chr7	91839363	0.0	79.7765
chr7	91850884	0.0	79.7765
chr7	91867076	2.2185643741500614	79.7765
chr7	91895022	0.0	79.8385
chr7	91928400	0.0	79.8385
chr7	91973666	0.0	79.8385
chr7	91993854	0.15082956259437627	79.8385
chr7	92017059	0.0	79.842
chr7	92044120	0.430592881854168	79.842
chr7	92111469	0.0	79.871
chr7	92137968	0.9353325466946459	79.871
chr7	92172715	7.940826390069936	79.9035
chr7	92231525	0.0	80.3705
chr7	92267328	0.4388327050045152	80.3705
chr7	92317461	4.079460801703054	80.3925
chr7	92331556	0.3086927889361697	80.45
chr7	92355852	1.4038859563272048	80.4575
chr7	92418179	0.4321254398422743	80.545
chr7	92434378	0.5644615037249325	80.552
chr7	92447665	5.824565170711106	80.5595
chr7	92466293	0.4239022393731562	80.668
chr7	92500499	2.481840193704408	80.6825
chr7	92541799	11.695906432748416	80.785
chr7	92558557	0.7836281132951286	80.981
chr7	92735299	0.0	81.1195
chr7	92749261	0.0	81.1195
chr7	92797478	0.0	81.1195
chr7	92809230	1.3152069172070615	81.1195
chr7	92847627	0.16522780784026142	81.17
chr7	92871836	0.4972224127288314	81.174
chr7	92900998	2.586928839380935	81.1885
chr7	92988167	0.7441938835687224	81.414
chr7	93130603	0.0	81.52
chr7	93137553	0.9224352290046071	81.52
chr7	93212355	3.452654972617005	81.589
chr7	93237553	0.0	81.676
chr7	93276176	0.0	81.676
chr7	93291166	0.6568813989307865	81.676
chr7	93335314	0.12512944425265948	81.705
chr7	93451194	1.3316671715642527	81.7195
chr7	93530418	1.924689381812621	81.825
chr7	93556656	1.3863216266171845	81.8755
chr7	93585870	0.5774161422245294	81.916
chr7	93680256	0.4731861198735148	81.9705
chr7	93702446	0.31670959841254126	81.981
chr7	93726127	0.0	81.9885
chr7	93744623	1.2547594323293685	81.9885
chr7	93767735	1.6841808023558522	82.0175
chr7	93817314	0.0	82.101
chr7	93883947	0.6234413965091737	82.101
chr7	93900789	0.13598966478515936	82.1115
chr7	93930203	0.0	82.1155
chr7	93972304	0.09697952850318962	82.1155
chr7	94199156	1.6609244371998015	82.1375
chr7	94280135	0.6196900167707401	82.272
chr7	94497179	0.0	82.4065
chr7	94503795	2.00559701492567	82.4065
chr7	94514515	0.0	82.428
chr7	94531890	0.0	82.428
chr7	94570643	2.2266584766585606	82.428
chr7	94609715	0.573319782138628	82.515
chr7	94648088	5.73377304751901	82.537
chr7	94714798	0.1949643493762534	82.9195
chr7	94732750	0.028744600121569135	82.923
chr7	94854512	0.0	82.9265
chr7	94899391	0.11392487468271927	82.9265
chr7	94930113	0.0	82.93
chr7	94943038	0.14665623777851347	82.93
chr7	94994178	0.3569921786257645	82.9375
chr7	95024991	0.0	82.9485
chr7	95042865	0.309720047490419	82.9485
chr7	95100982	0.5257025944134316	82.9665
chr7	95136173	1.3463983843219898	82.985
chr7	95149542	1.7381738173819083	83.003
chr7	95172267	2.3347701149423337	83.0425
chr7	95197323	4.351517724474296	83.101
chr7	95211456	0.38999174135148307	83.1625
chr7	95276842	1.6358580075246214	83.188
chr7	95301294	1.8177267092591232	83.228
chr7	95385190	6.091606603115565	83.3805
chr7	95406695	3.5127646942409436	83.5115
chr7	95447119	0.0	83.6535
chr7	95472971	1.0560901196902535	83.6535
chr7	95490015	0.96684503400168	83.6715
chr7	96014401	1.6532694829255095	84.1785
chr7	96031942	0.8045672970948232	84.2075
chr7	96077308	0.0	84.244
chr7	96081800	1.4726911830619729	84.244
chr7	96128653	0.0	84.313
chr7	96153879	0.7017157638382742	84.313
chr7	96226558	0.6339083330132017	84.364
chr7	96278616	0.5092195540307671	84.397
chr7	96334584	0.0	84.4255
chr7	96457373	0.0921710695049858	84.4255
chr7	96582141	0.3594608087868334	84.437
chr7	96632216	0.0	84.455
chr7	96660860	0.02837589287325438	84.455
chr7	97048513	5.226371135319729	84.466
chr7	97064394	0.0	84.549
chr7	97068299	3.0672708260715877	84.549
chr7	97082644	10.598296899767549	84.593
chr7	97109771	0.0	84.8805
chr7	97126582	5.2969190397516215	84.8805
chr7	97147160	0.144966657668718	84.9895
chr7	97247183	0.1448580391216426	85.004
chr7	97347281	0.0	85.0185
chr7	97394295	0.0	85.0185
chr7	97427848	0.0	85.0185
chr7	97442732	0.0	85.0185
chr7	97482100	4.097949771918369	85.0185
chr7	97521998	2.1923193226486517	85.182
chr7	97528612	0.18905497718719413	85.1965
chr7	97568283	0.4268032437046683	85.204
chr7	97652631	6.56494607365733	85.24
chr7	97680354	1.9708621555822519	85.422
chr7	97732108	0.0	85.524
chr7	97752475	4.645127317861844	85.524
chr7	97779062	4.401833092137451	85.6475
chr7	97795646	3.727321134040597	85.7205
chr7	97872645	3.017751479290896	86.0075
chr7	97881095	0.05337806923901939	86.033
chr7	97946665	0.0	86.0365
chr7	97954257	0.0	86.0365
chr7	97973859	0.0	86.0365
chr7	97991040	0.0	86.0365
chr7	98022167	0.49169702523280423	86.0365
chr7	98066910	0.0	86.0585
chr7	98089285	1.9850518363739782	86.0585
chr7	98151500	2.4167098221992975	86.182
chr7	98186258	0.037256634341976416	86.266
chr7	98280201	1.416519275618742	86.2695
chr7	98344090	3.663122406638989	86.36
chr7	98374938	0.9016634771087791	86.473
chr7	98483626	10.017403974582194	86.571
chr7	98508333	5.341006200112782	86.8185
chr7	98618331	4.381261846737057	87.406
chr7	98710656	0.0	87.8105
chr7	98713973	0.22943297279503705	87.8105
chr7	98729228	5.039913408199192	87.814
chr7	98758792	8.264462809918646	87.963
chr7	98763632	0.0935372028634005	88.003
chr7	98843814	2.1927929484964026	88.0105
chr7	98890102	0.0	88.112
chr7	98919192	0.05384408291992618	88.112
chr7	99049197	0.0	88.119
chr7	99073235	0.6414368184730249	88.119
chr7	99085707	0.0	88.127
chr7	99116564	4.398008097920171	88.127
chr7	99138051	1.6118602024958484	88.2215
chr7	99241658	1.8170805572381066	88.3885
chr7	99269725	1.497489502892267	88.4395
chr7	99303782	0.6250511895370571	88.4905
chr7	99535763	3.905667690289503	88.6355
chr7	99569304	7.448567640442743	88.7665
chr7	99636431	1.0000000000001563	89.2665
chr7	99716431	0.2513041820481842	89.3465
chr7	99774130	7.590058203555163	89.361
chr7	99837700	2.3135086333370936	89.8435
chr7	99997198	2.58883048100866	90.2125
chr7	100073101	4.935198695390125	90.409
chr7	100084752	1.7078245848222982	90.4665
chr7	100110223	1.842551526219664	90.51
chr7	100171551	0.0	90.623
chr7	100187738	0.9375596501274497	90.623
chr7	100276799	3.7532480030795936	90.7065
chr7	100380709	3.0370569938034233	91.0965
chr7	100503196	0.24693390402503196	91.4685
chr7	100576090	0.07715879279531515	91.4865
chr7	100621451	0.20247878616755746	91.49
chr7	100890615	0.0	91.5445
chr7	100905777	0.11116404637136736	91.5445
chr7	100937262	0.5423591704662221	91.548
chr7	100991654	0.06494952494066399	91.5775
chr7	101045542	0.0	91.581
chr7	101088179	0.0	91.581
chr7	101125453	0.0	91.581
chr7	101154685	0.0	91.581
chr7	101155360	0.2722619522994584	91.581
chr7	101182907	0.6788064811262543	91.5885
chr7	101284556	0.0	91.6575
chr7	101314367	0.1926180782029156	91.6575
chr7	101464924	0.9363186292295068	91.6865
chr7	101550365	3.8585417522318943	91.7665
chr7	101596626	0.17626026086531202	91.945
chr7	101636340	44.06779661016976	91.952
chr7	101659940	0.2682943188671727	92.992
chr7	101674849	4.132710208180423	92.996
chr7	101752522	0.2608476649638842	93.317
chr7	101808110	1.3240396907528624	93.3315
chr7	101840964	0.9778137433406285	93.375
chr7	101885451	0.32556099299529434	93.4185
chr7	102031353	0.5490877248389343	93.466
chr7	102170675	0.5439005439009326	93.5425
chr7	102177110	20.13978296854829	93.546
chr7	102182547	1.0754779584224121	93.6555
chr7	102269950	0.2621869249764357	93.7495
chr7	102479724	0.10380212349494339	93.8045
chr7	102513442	0.0	93.808
chr7	102519855	1.3488790350086683	93.808
chr7	102552104	0.0	93.8515
chr7	102584949	0.0	93.8515
chr7	102658821	0.41444096518697465	93.8515
chr7	102702253	0.05029978672885852	93.8695
chr7	102851359	0.0	93.877
chr7	102879844	0.4456769337427127	93.877
chr7	102920232	0.0	93.895
chr7	102962348	0.0	93.895
chr7	103002982	0.23550678514147044	93.895
chr7	103081536	0.12437368963443023	93.9135
chr7	103109677	0.0	93.917
chr7	103132433	0.0	93.917
chr7	103151322	0.19579573165297307	93.917
chr7	103207503	0.11257165618883934	93.928
chr7	103496208	0.0	93.9605
chr7	103561165	0.0	93.9605
chr7	103591578	0.03820809145488916	93.9605
chr7	103984165	0.3810387405464179	93.9755
chr7	104087829	19.84859675036959	94.015
chr7	104098661	1.4755243179923883	94.23
chr7	104143052	0.32880015344008406	94.2955
chr7	104252541	0.24056636194847003	94.3315
chr7	104267090	0.0	94.335
chr7	104293774	0.17511499217836957	94.335
chr7	104336603	5.164237654244318	94.3425
chr7	104376880	0.12893243940184562	94.5505
chr7	104404026	0.40279761250853857	94.554
chr7	104458644	0.0	94.576
chr7	104480446	0.32110193325536224	94.576
chr7	104525603	4.739410137675644	94.5905
chr7	104557780	0.1461133839861517	94.743
chr7	104585156	0.0	94.747
chr7	104624370	0.06548911009659646	94.747
chr7	104677814	0.0	94.7505
chr7	104701200	0.17699115044224506	94.7505
chr7	104740750	0.29571611253201835	94.7575
chr7	104803310	0.05706738843329639	94.776
chr7	104864641	0.0	94.7795
chr7	104876972	0.22760378732724537	94.7795
chr7	104909924	0.0	94.787
chr7	104934041	0.0	94.787
chr7	104935372	0.43727528908756885	94.787
chr7	104976536	2.3806374818127853	94.805
chr7	104984097	1.1373596560792278	94.823
chr7	105032015	0.10977636985235083	94.8775
chr7	105095781	1.5822405485101168	94.8845
chr7	105137494	0.0	94.9505
chr7	105158065	0.0	94.9505
chr7	105165334	5.420753742897931	94.9505
chr7	105167271	0.0	94.961
chr7	105171261	0.0	94.961
chr7	105184963	0.1350718582287107	94.961
chr7	105240489	0.8018661612476804	94.9685
chr7	105267925	0.0	94.9905
chr7	105297075	0.0	94.9905
chr7	105341212	0.0	94.9905
chr7	105393503	0.0	94.9905
chr7	105416190	0.0	94.9905
chr7	105438257	0.2916423631366137	94.9905
chr7	105450258	0.12853770828946318	94.994
chr7	105535836	0.07940976884545337	95.005
chr7	105674358	0.0	95.016
chr7	105696561	0.5715397524138075	95.016
chr7	105778795	0.0	95.063
chr7	105789902	0.0	95.063
chr7	105810037	0.30479028734952135	95.063
chr7	105869094	0.05494678011872431	95.081
chr7	105932792	4.30877256976092	95.0845
chr7	105954724	0.0	95.179
chr7	105990031	0.11252707682799923	95.179
chr7	106025578	0.8215916883385432	95.183
chr7	106180156	0.0	95.31
chr7	106194466	0.0	95.31
chr7	106207251	0.37618498269514866	95.31
chr7	106227188	0.3778304713760372	95.3175
chr7	106265565	1.9340507831948046	95.332
chr7	106291676	0.0	95.3825
chr7	106301844	0.419282460394875	95.3825
chr7	106345967	0.3390184113077043	95.401
chr7	106422659	0.3215729511198356	95.427
chr7	106433543	1.229916552497318	95.4305
chr7	106465659	0.7619218357836761	95.47
chr7	106499127	0.3428011753178644	95.4955
chr7	106519547	1.1166807285725324	95.5025
chr7	106539696	5.56764367080437	95.525
chr7	106555322	0.1186277998857926	95.612
chr7	106648049	0.1267473020929744	95.623
chr7	106703277	1.6150673358842549	95.63
chr7	106723400	1.9870930105372238	95.6625
chr7	106750827	0.21158050638268663	95.717
chr7	106906796	6.234718826404367	95.75
chr7	106910886	1.6589756302203866	95.7755
chr7	106937107	7.484440242653342	95.819
chr7	106949800	3.53107344632756	95.914
chr7	106968208	1.0599384820015738	95.979
chr7	106992266	14.177918983321197	96.0045
chr7	107004856	0.0	96.183
chr7	107017793	0.0	96.183
chr7	107059626	0.0661550674779475	96.183
chr7	107112532	1.2352941176479417	96.1865
chr7	107121032	0.0	96.197
chr7	107148233	0.5490885130678073	96.197
chr7	107161892	0.8463704073268848	96.2045
chr7	107218014	2.1515627818289778	96.252
chr7	107256823	0.0	96.3355
chr7	107284750	10.345487606469684	96.3355
chr7	107336995	0.10895280786936233	96.876
chr7	107401243	0.28094096493857823	96.883
chr7	107454635	0.062319717958806684	96.898
chr7	107510797	0.16233013311082517	96.9015
chr7	107532358	2.121330342338562	96.905
chr7	107552864	3.192218112070203	96.9485
chr7	107589359	1.1371744559404242	97.065
chr7	107611783	0.20562834145986075	97.0905
chr7	107628804	0.10699437515292556	97.094
chr7	107661516	1.705688020683691	97.0975
chr7	107689364	2.5683665927570214	97.145
chr7	107716424	0.49606689816490696	97.2145
chr7	107730535	4.061900703174653	97.2215
chr7	107768079	12.158292111429652	97.374
chr7	107787284	8.441713399355299	97.6075
chr7	107804046	1.8438453713129814	97.749
chr7	107819774	10.427847532512871	97.778
chr7	107899896	0.0	98.6135
chr7	107915361	0.0	98.6135
chr7	107951061	0.7063053807628366	98.6135
chr7	107997783	0.0	98.6465
chr7	108019038	0.1372549019608824	98.6465
chr7	108044538	0.10811144745747484	98.65
chr7	108076912	2.6260504201681667	98.6535
chr7	108082624	0.06638468979387556	98.6685
chr7	108135347	0.0	98.672
chr7	108182072	0.0	98.672
chr7	108190680	1.5892152564665742	98.672
chr7	108236300	0.0	98.7445
chr7	108239978	0.0	98.7445
chr7	108279268	0.28548123980444545	98.7445
chr7	108291528	3.8136747480245603	98.748
chr7	108313554	0.7478898821183374	98.832
chr7	108566265	0.35504326573755174	99.021
chr7	108626821	1.7682109580634788	99.0425
chr7	108750675	0.23306142833377735	99.2615
chr7	108780710	0.0	99.2685
chr7	108789168	0.21912662388451373	99.2685
chr7	108821113	1.3676790096441795	99.2755
chr7	108885090	0.0	99.363
chr7	108904905	0.0	99.363
chr7	108918325	1.3441955193483197	99.363
chr7	108942875	0.08118577625205867	99.396
chr7	108985986	0.41749502982080683	99.3995
chr7	109011136	7.297447280799257	99.41
chr7	109029156	0.0	99.5415
chr7	109047373	0.30629398524094914	99.5415
chr7	109117567	0.0	99.563
chr7	109155511	18.781627092253583	99.563
chr7	109165787	0.9357766114073012	99.756
chr7	109286008	1.6057091882248602	99.8685
chr7	109297218	0.5644204645467177	99.8865
chr7	109349484	0.08905852417309162	99.916
chr7	109388784	0.0	99.9195
chr7	109405586	2.2152080344332608	99.9195
chr7	109492711	0.0	100.1125
chr7	109508117	0.0	100.1125
chr7	109546138	7.879915258616411	100.1125
chr7	109565491	0.24207468530286844	100.265
chr7	109612997	0.13791472929318707	100.2765
chr7	109638375	2.6790914385557216	100.28
chr7	109664130	0.12686675366084516	100.349
chr7	109719306	0.3902538346685312	100.356
chr7	109748774	3.117371511512716	100.3675
chr7	109779088	6.195653967363545	100.462
chr7	109839695	0.8625952172412577	100.8375
chr7	109877372	0.2200289180865343	100.87
chr7	109893279	0.0	100.8735
chr7	109946020	0.19999999999933085	100.8735
chr7	109963520	0.0	100.877
chr7	110007050	0.0	100.877
chr7	110009580	0.0	100.877
chr7	110017501	2.6351771286515535	100.877
chr7	110057726	0.0	100.983
chr7	110077552	0.0	100.983
chr7	110088931	0.325335038012762	100.983
chr7	110176533	0.30783869252499596	101.0115
chr7	110212266	1.2753389716740349	101.0225
chr7	110249511	0.0	101.07
chr7	110263228	0.6670497927017174	101.07
chr7	110311950	0.11281079373664213	101.1025
chr7	110378433	0.629133259202996	101.11
chr7	110412607	0.1765069278965086	101.1315
chr7	110435269	0.10233618900039475	101.1355
chr7	110469470	0.0	101.139
chr7	110508841	0.0	101.139
chr7	110525737	0.5803598230905276	101.139
chr7	110575706	0.0	101.168
chr7	110592379	0.0	101.168
chr7	110654512	0.4144218814743761	101.168
chr7	110664164	0.0	101.172
chr7	110714270	0.0	101.172
chr7	110734473	0.05118530543006627	101.172
chr7	110802852	1.6039778651057124	101.1755
chr7	110827790	0.5767456167327883	101.2155
chr7	110840794	0.0	101.223
chr7	110865871	2.5238393696556916	101.223
chr7	110955219	0.2069658801964698	101.4485
chr7	110972130	2.5540865384616356	101.452
chr7	110992098	2.6178481468153727	101.503
chr7	111047678	17.851079311180936	101.6485
chr7	111068293	8.830801836807355	102.0165
chr7	111088110	0.7523478441341868	102.1915
chr7	111126656	0.0	102.2205
chr7	111157814	3.267339544513428	102.2205
chr7	111173270	1.822639232951211	102.271
chr7	111251179	0.0	102.413
chr7	111273103	12.18815463721197	102.413
chr7	111283605	3.3732021944347865	102.541
chr7	111364537	25.56637471253158	102.814
chr7	111384974	2.63765248928448	103.3365
chr7	111415304	6.76937441643405	103.4165
chr7	111423872	38.588556249550884	103.4745
chr7	111437801	0.07462760823483992	104.012
chr7	111538300	0.45564508198336734	104.0195
chr7	111690831	0.0	104.089
chr7	111715244	4.632677443737296	104.089
chr7	111756257	3.3229196251070334	104.279
chr7	111773862	0.0	104.3375
chr7	111788549	0.0	104.3375
chr7	111804211	0.6020642201831017	104.3375
chr7	111821651	41.23609557032891	104.348
chr7	111836844	4.279407208509738	104.9745
chr7	111991772	0.20603593020611982	105.6375
chr7	112154365	0.3657644476956381	105.671
chr7	112233651	0.36178761163035295	105.7
chr7	112286168	19.64588036117439	105.719
chr7	112300344	1.5550138690422766	105.9975
chr7	112324138	17.531163919884328	106.0345
chr7	112345557	0.05542271697997658	106.41
chr7	112408708	0.08210517673149326	106.4135
chr7	112457426	0.0	106.4175
chr7	112495244	4.81838398813935	106.4175
chr7	112531667	0.18027298480569154	106.593
chr7	112551082	0.0	106.5965
chr7	112575005	0.0	106.5965
chr7	112583529	0.0	106.5965
chr7	112611524	0.33842794759800754	106.5965
chr7	112657324	0.0	106.612
chr7	112674679	5.7330308418668166	106.612
chr7	112690988	0.8578543014181133	106.7055
chr7	112756850	0.0	106.762
chr7	112784719	2.780481023217122	106.762
chr7	112806298	0.97354497354481	106.822
chr7	112829923	2.5934079189408803	106.845
chr7	112863084	10.984111543450673	106.931
chr7	112875420	10.195222937025541	107.0665
chr7	112920343	6.164058795637335	107.5245
chr7	112935106	0.0	107.6155
chr7	112997729	0.5521607892223654	107.6155
chr7	113011312	0.20911752404781564	107.623
chr7	113028049	1.0174330316468334	107.6265
chr7	113060975	0.06499731886067643	107.66
chr7	113122516	0.0	107.664
chr7	113164740	0.7712478790683618	107.664
chr7	113184189	0.37334695722212663	107.679
chr7	113235080	3.0522779416584913	107.698
chr7	113259488	0.10716677829885837	107.7725
chr7	113296813	2.6472534745200615	107.7765
chr7	113317967	0.0	107.8325
chr7	113326065	0.8888888888899752	107.8325
chr7	113335065	4.055343511450309	107.8405
chr7	113366505	2.5829452852152923	107.968
chr7	113393993	2.2990060179857874	108.039
chr7	113408782	0.0	108.073
chr7	113450004	1.2596646685789585	108.073
chr7	113461515	2.0527794853778807	108.0875
chr7	113507063	17.989786443825572	108.181
chr7	113519987	0.6360471344404611	108.4135
chr7	113549859	0.0	108.4325
chr7	113553260	0.0	108.4325
chr7	113612764	0.6513328018974088	108.4325
chr7	113664197	0.39720700756795285	108.466
chr7	113712031	1.1634671320538141	108.485
chr7	113730940	3.4310834718272103	108.507
chr7	113749593	2.3399651944875366	108.571
chr7	113834637	0.8953597010275668	108.77
chr7	113847481	1.8878677780161608	108.7815
chr7	113861518	85.29332251959993	108.808
chr7	113865217	0.9871293519114716	109.1235
chr7	113917895	6.369426751592217	109.1755
chr7	113955104	0.2034891608109013	109.4125
chr7	113991961	6.496908728910994	109.42
chr7	114011047	0.6672597864768937	109.544
chr7	114033527	1.0904452308451418	109.559
chr7	114082131	6.631621512333833	109.612
chr7	114094496	0.0	109.694
chr7	114112033	0.4281432852861587	109.694
chr7	114147068	4.084843716904926	109.709
chr7	114180117	0.6753394469327312	109.844
chr7	114208251	1.521221033416213	109.863
chr7	114247693	2.8432706113502957	109.923
chr7	114300625	26.204819277109426	110.0735
chr7	114310585	4.320428646894469	110.3345
chr7	114390091	3.311949095081874	110.678
chr7	114409264	3.3346465556055094	110.7415
chr7	114480336	2.259716782163388	110.9785
chr7	114500250	0.472997119973259	111.0235
chr7	114547819	0.1922231985933815	111.046
chr7	114566027	0.0	111.0495
chr7	114585093	1.220408763417121	111.0495
chr7	114653103	0.0	111.1325
chr7	114674293	0.0	111.1325
chr7	114724623	10.989562424730153	111.1325
chr7	114734587	0.29189181492632804	111.242
chr7	114875050	11.57616212640583	111.283
chr7	114908308	0.0	111.668
chr7	114920895	0.0	111.668
chr7	114938249	2.6266108511857897	111.668
chr7	114962615	4.2020246118583415	111.732
chr7	114999264	0.27605741994330185	111.886
chr7	115040922	3.894033237260365	111.8975
chr7	115057229	5.693630693631021	111.961
chr7	115078393	4.72703426416749	112.0815
chr7	115096692	10.442279560521525	112.168
chr7	115128821	1.9883040935667726	112.5035
chr7	115145921	2.6394218594777157	112.5375
chr7	115197258	0.0	112.673
chr7	115202456	0.3027800715660798	112.673
chr7	115238786	4.75921418636983	112.684
chr7	115261794	14.653677866755478	112.7935
chr7	115273907	5.137820200642454	112.971
chr7	115294441	2.696760129294202	113.0765
chr7	115347653	0.24269054401008391	113.22
chr7	115425942	3.2029019063054105	113.239
chr7	115464813	1.3276469194505935	113.3635
chr7	115587210	0.24384296513075399	113.526
chr7	115603614	7.235778615964444	113.53
chr7	115616605	0.0	113.624
chr7	115633118	1.6000000000007197	113.624
chr7	115647493	0.0	113.647
chr7	115653096	2.5845864661643985	113.647
chr7	115657352	1.5653875421242032	113.658
chr7	115749342	8.93339637935687	113.802
chr7	115778950	0.47354333950990596	114.0665
chr7	115803235	1.76022705564488	114.078
chr7	115839878	0.3382390523294592	114.1425
chr7	115906399	1.5952969288835992	114.165
chr7	115980053	0.3734687780105263	114.2825
chr7	116000135	7.019026331570441	114.29
chr7	116036821	0.5632541158267512	114.5475
chr7	116110500	1.4051083494665557	114.589
chr7	116126513	0.0	114.6115
chr7	116143424	0.28976548313538536	114.6115
chr7	116169307	0.0	114.619
chr7	116180644	1.509853782581489	114.619
chr7	116193228	0.0	114.638
chr7	116204636	1.7801431455309231	114.638
chr7	116231881	1.4453065571280586	114.6865
chr7	116245027	0.7179094476876786	114.7055
chr7	116255474	4.29950515129484	114.713
chr7	116267801	2.2851644717058575	114.766
chr7	116284430	1.17427772600182	114.804
chr7	116364905	1.867380734268102	114.8985
chr7	116379096	0.625625625626242	114.925
chr7	116391084	0.0	114.9325
chr7	116412447	1.5999101804811564	114.9325
chr7	116448074	0.641062168784368	114.9895
chr7	116483172	0.40858574852871965	115.012
chr7	116501528	1.2127603480100366	115.0195
chr7	116520493	1.3158818162676087	115.0425
chr7	116548991	0.5600760858078545	115.08
chr7	116596306	0.7320178230425249	115.1065
chr7	116612016	0.9666449268610642	115.118
chr7	116654948	10.399924364186388	115.1595
chr7	116665525	1.320619943853056	115.2695
chr7	116725724	9.783322390019759	115.349
chr7	116748569	0.2829854969926196	115.5725
chr7	116762704	3.898476494959781	115.5765
chr7	116824010	41.00633914421567	115.8155
chr7	116844202	3.3560023654642794	116.6435
chr7	116878022	5.708761946450503	116.757
chr7	116905436	0.13355720064117	116.9135
chr7	116931642	2.383445884944486	116.917
chr7	117014715	8.387880688276512	117.115
chr7	117040228	0.24954250540676373	117.329
chr7	117100338	2.9665237538434988	117.344
chr7	117123429	0.0795865742755753	117.4125
chr7	117217666	0.9247272054744201	117.42
chr7	117250108	2.8076344970364926	117.45
chr7	117285369	0.08276432857419155	117.549
chr7	117333699	2.4079264200847534	117.553
chr7	117359032	0.6008916456673288	117.614
chr7	117384827	0.0	117.6295
chr7	117427085	1.5602496399430184	117.6295
chr7	117443749	0.0	117.6555
chr7	117450276	0.0	117.6555
chr7	117463408	2.5435394098982447	117.6555
chr7	117480117	3.676667919059644	117.698
chr7	117517379	0.4493795662763237	117.835
chr7	117551871	0.20723826748827015	117.8505
chr7	117604950	0.17409338974965474	117.8615
chr7	117737063	13.63636363636359	117.8845
chr7	117749713	5.86446568201558	118.057
chr7	117775035	0.37619369152105014	118.2055
chr7	117826870	0.45541111203154305	118.225
chr7	117851024	1.4564247122382759	118.236
chr7	117872309	2.5082696225548577	118.267
chr7	117917958	0.6079654950903606	118.3815
chr7	117961546	0.3095975232201926	118.408
chr7	117974466	5.228863325556892	118.412
chr7	117999328	0.5731696280430999	118.542
chr7	118098775	2.166313084530759	118.599
chr7	118132242	1.8864335309596998	118.6715
chr7	118289947	9.986065954482497	118.969
chr7	118315783	1.2262742589036113	119.227
chr7	118353295	0.8102456874019551	119.273
chr7	118429815	3.936641043559542	119.335
chr7	118451280	2.446362124930706	119.4195
chr7	118514435	0.7244166539578106	119.574
chr7	118540663	0.0	119.593
chr7	118571003	2.297872340425377	119.593
chr7	118629753	6.444425642327637	119.728
chr7	118665210	0.49157942649068775	119.9565
chr7	118720135	0.0844390832325281	119.9835
chr7	118761585	11.14501228917727	119.987
chr7	118773384	6.657130281690132	120.1185
chr7	118800648	0.0	120.3
chr7	118819340	3.9354738154613114	120.3
chr7	118832172	2.6738982022305158	120.3505
chr7	118858538	2.424492533078695	120.421
chr7	118897309	1.1232942568691755	120.515
chr7	119005473	5.057628757959312	120.6365
chr7	119030287	7.0890725436179185	120.762
chr7	119057512	0.08796428649978864	120.955
chr7	119102985	4.994316811903559	120.959
chr7	119132018	9.269093366804952	121.104
chr7	119163089	0.145539222820728	121.392
chr7	119190573	0.0	121.396
chr7	119204490	0.48479966586113643	121.396
chr7	119271528	0.4615917221218008	121.4285
chr7	119297525	0.07222928464118133	121.4405
chr7	119470585	0.4812319538014658	121.453
chr7	119487209	1.6576620825145068	121.461
chr7	119511641	4.145683910677321	121.5015
chr7	119531300	0.0	121.583
chr7	119557068	0.0	121.583
chr7	119590213	0.3711020016670914	121.583
chr7	119765367	1.391937798162911	121.648
chr7	119846908	0.19824148144688186	121.7615
chr7	119889785	1.1122659227249978	121.77
chr7	119944628	0.4042445679626759	121.831
chr7	119954523	2.882536632236477	121.835
chr7	119962849	0.8671088623890049	121.859
chr7	120018782	1.9909842223890786	121.9075
chr7	120045402	0.32589373889013884	121.9605
chr7	120096032	4.684019407402703	121.977
chr7	120128803	5.061138553729047	122.1305
chr7	120141152	2.6199152959715466	122.193
chr7	120191917	1.8109241107207759	122.326
chr7	120256801	4.056207446038108	122.4435
chr7	120277510	1.9723049762771805	122.5275
chr7	120313762	6.096195078242507	122.599
chr7	120345011	3.444036664075355	122.7895
chr7	120400324	1.0180744400589823	122.98
chr7	120503951	2.3063950796904664	123.0855
chr7	120564435	4.525278770163542	123.225
chr7	120610620	5.5865353305113015	123.434
chr7	120659756	3.6775522212415415	123.7085
chr7	120693746	4.384985808591473	123.8335
chr7	120725103	1.4176905542888676	123.971
chr7	120743090	0.7121963627114001	123.9965
chr7	120821720	0.6848718537462166	124.0525
chr7	121074322	3.123736724119215	124.2255
chr7	121101533	0.4441286196481267	124.3105
chr7	121152194	2.6763442350332376	124.333
chr7	121209922	1.1920792953487283	124.4875
chr7	121255221	1.0493407638983163	124.5415
chr7	121439146	2.4890809186116223	124.7345
chr7	121460439	0.5125161847217701	124.7875
chr7	121478975	2.407540211043799	124.797
chr7	121498497	6.145643328188812	124.844
chr7	121534132	2.2752991597042467	125.063
chr7	121575665	0.9623249771445904	125.1575
chr7	121596448	0.9618261873213336	125.1775
chr7	121619841	0.7069828148795535	125.2
chr7	121629035	0.0	125.2065
chr7	121644041	0.7560211685924935	125.2065
chr7	121662559	0.8911067545892336	125.2205
chr7	121679392	0.1931993817619025	125.2355
chr7	121764796	0.8183306055646791	125.252
chr7	121779460	0.0	125.264
