Chromosome	Position(bp)	Rate(cM/Mb)	Map(cM)
chr11	0	0.0	0.0
chr11	58340	0.0	0.0
chr11	58361	0.7522611570826262	0.0
chr11	115522	0.1704969851802938	0.043
chr11	485030	0.0	0.106
chr11	504716	0.0	0.106
chr11	521230	0.0	0.106
chr11	550396	9.623763876785512	0.106
chr11	576789	0.07648104510314613	0.36
chr11	818679	0.33292642326045974	0.3785
chr11	836701	0.0	0.3845
chr11	839990	0.0	0.3845
chr11	841307	0.0	0.3845
chr11	843214	1.0526084954277317	0.3845
chr11	888815	0.3944838015089009	0.4325
chr11	949654	0.0	0.4565
chr11	968487	0.22097819681791417	0.4565
chr11	995639	0.0	0.4625
chr11	1019965	0.0	0.4625
chr11	1074481	7.159724664623421	0.4625
chr11	1094384	0.1650451216578361	0.605
chr11	1273123	9.810498071440549	0.6345
chr11	1279086	0.13183816300470486	0.693
chr11	1544563	0.2252167711422246	0.728
chr11	1571204	0.0	0.734
chr11	1596109	0.0	0.734
chr11	1616245	1.408861251457444	0.734
chr11	1636829	1.8729997090485886	0.763
chr11	1664325	0.5023162359770056	0.8145
chr11	1700159	3.552608845888044	0.8325
chr11	1746463	0.19946145407399668	0.997
chr11	1776544	0.689655172413797	1.003
chr11	1809894	0.32787862529434253	1.026
chr11	1843443	0.0	1.037
chr11	1854635	0.0	1.037
chr11	1907621	0.0	1.037
chr11	1943557	0.0	1.037
chr11	1966822	0.09351037965214147	1.037
chr11	2030986	2.4327418431597096	1.043
chr11	2051950	0.0792728041433253	1.094
chr11	2203326	6.398144967365158	1.106
chr11	2226614	0.0	1.255
chr11	2229965	10.397017874786671	1.255
chr11	2252231	0.0	1.4865
chr11	2285321	0.0	1.4865
chr11	2288735	0.16003117128901723	1.4865
chr11	2360596	5.224056603773586	1.498
chr11	2402996	0.6226650062266498	1.7195
chr11	2471251	10.935785371022066	1.762
chr11	2497678	1.5676689873105192	2.051
chr11	2538184	1.602483849967451	2.1145
chr11	2558153	0.39417373676702283	2.1465
chr11	2584791	0.0	2.157
chr11	2593976	0.6676963670882018	2.157
chr11	2656130	2.0937457787383487	2.1985
chr11	2678339	2.651149979341687	2.245
chr11	2707383	3.379416282642087	2.322
chr11	2730168	2.019140989729226	2.399
chr11	2773008	2.6597888288869123	2.4855
chr11	2797822	4.070914178248704	2.5515
chr11	2885026	32.60471364024913	2.9065
chr11	2901404	0.0	3.4405
chr11	2927402	7.040904301178243	3.4405
chr11	2937841	0.0	3.514
chr11	2943966	1.3585697965232975	3.514
chr11	3105901	4.679140616631808	3.734
chr11	3283284	34.857295635318465	4.564
chr11	3298245	5.384870535066451	5.0855
chr11	3394719	0.0	5.605
chr11	3399720	0.7272627476809793	5.605
chr11	3436158	1.1651993785603427	5.6315
chr11	3463192	0.0	5.663
chr11	3482161	2.2993157236406447	5.663
chr11	3509343	6.760115319614282	5.7255
chr11	3529461	2.981602875872278	5.8615
chr11	3553106	0.0	5.932
chr11	3657217	3.0704279408942647	5.932
chr11	3678061	4.049968627003578	5.996
chr11	3713123	12.052306326607251	6.138
chr11	3742412	0.24154589371980698	6.491
chr11	3775532	0.6724101702038249	6.499
chr11	3799327	0.0	6.515
chr11	3807492	0.5576467307960412	6.515
chr11	3821838	16.32327336041798	6.523
chr11	3828730	42.88799753162598	6.6355
chr11	3835212	1.1819554796769334	6.9135
chr11	3896128	0.0	6.9855
chr11	3919002	0.6467886941336224	6.9855
chr11	4011768	1.5856777493606133	7.0455
chr11	4041093	0.3863924102665334	7.092
chr11	4101912	0.5274971941638575	7.1155
chr11	4191012	1.95378050534593	7.1625
chr11	4274440	0.18296587686398535	7.3255
chr11	4296302	1.998017966177552	7.3295
chr11	4327583	1.800360072014402	7.392
chr11	4417565	13.601375084074396	7.554
chr11	4430946	1.4136361518027774	7.736
chr11	4495319	5.372252032829733	7.827
chr11	4574150	5.9499093034945405	8.2505
chr11	4665664	0.28838678937733137	8.795
chr11	4705541	0.6435798710601831	8.8065
chr11	4794885	0.0	8.864
chr11	4809384	0.0	8.864
chr11	4867884	1.0906490255676728	8.864
chr11	4895849	2.006379257125112	8.8945
chr11	4905568	7.175196054652769	8.914
chr11	4930306	1.7136055982562863	9.0915
chr11	5000042	0.0	9.211
chr11	5023306	0.0	9.211
chr11	5041268	1.176292023981134	9.211
chr11	5054445	5.738241844622021	9.2265
chr11	5092610	14.746467850228633	9.4455
chr11	5116887	2.4470009741615493	9.8035
chr11	5160001	0.0	9.909
chr11	5165792	0.0	9.909
chr11	5169306	0.0	9.909
chr11	5181575	0.0	9.909
chr11	5188728	0.0	9.909
chr11	5200309	0.0	9.909
chr11	5225459	3.811563169164824	9.909
chr11	5237134	1.4676868293152385	9.9535
chr11	5257915	0.438410836306463	9.984
chr11	5290989	0.22507314877335988	9.9985
chr11	5357634	15.739769150052416	10.0135
chr11	5379553	4.429199413880396	10.3585
chr11	5454623	0.0	10.691
chr11	5484881	0.074089754445363	10.691
chr11	5532121	2.467576361678237	10.6945
chr11	5881249	0.9486263397807139	11.556
chr11	6003004	0.0	11.6715
chr11	6015694	0.0	11.6715
chr11	6040768	1.9564312473983876	11.6715
chr11	6076803	0.1392806156203057	11.742
chr11	6105522	1.5102948806334024	11.746
chr11	6246223	5.3882195448460175	11.9585
chr11	6291043	0.1183782184078525	12.2
chr11	6324833	1.188840748177062	12.204
chr11	6343759	1.3474062429823102	12.2265
chr11	6366024	0.6116017746817338	12.2565
chr11	6414258	0.7844412769173442	12.286
chr11	6518791	0.24288351306714218	12.368
chr11	6549670	0.5956038761521989	12.3755
chr11	6655445	6.723645061548339	12.4385
chr11	6724009	0.16242995208314626	12.8995
chr11	6748635	1.9614312949112775	12.9035
chr11	6885015	0.4060034374957862	13.171
chr11	6958906	1.5068592231839333	13.201
chr11	7000383	0.6272401433691662	13.2635
chr11	7089663	1.4828284800703098	13.3195
chr11	7171601	3.260602083504202	13.441
chr11	7220365	0.0	13.6
chr11	7240183	0.12792333903174835	13.6
chr11	7326172	0.5796671925802561	13.611
chr11	7440893	2.32541888597295	13.6775
chr11	7569687	2.457767639953873	13.977
chr11	7688494	3.02526990153043	14.269
chr11	7781213	0.25510497665693393	14.5495
chr11	8041890	0.043124018928571005	14.616
chr11	8215807	2.2295894001488263	14.6235
chr11	8575963	5.6940700808624305	15.4265
chr11	8590803	0.26477820174095573	15.511
chr11	8940152	0.0	15.6035
chr11	9004016	0.0	15.6035
chr11	9014461	0.0	15.6035
chr11	9021915	0.0	15.6035
chr11	9103117	0.0	15.6035
chr11	9145810	4.3737968519986055	15.6035
chr11	9181134	0.06282564626648364	15.758
chr11	9300512	0.0	15.7655
chr11	9331910	0.0	15.7655
chr11	9378343	0.5829112478239281	15.7655
chr11	9505292	0.0	15.8395
chr11	9518350	0.0725538971807656	15.8395
chr11	9663070	0.8113757632433172	15.85
chr11	9699428	2.1250141290832922	15.8795
chr11	9787898	1.647377458850495	16.0675
chr11	9859527	0.1859069695881607	16.1855
chr11	9937523	0.0	16.2
chr11	10007164	0.12515325971211483	16.2
chr11	10242875	0.0	16.2295
chr11	10261315	0.5622245859291753	16.2295
chr11	10294220	0.7230309457245043	16.248
chr11	10314966	6.717627982395162	16.263
chr11	10319283	0.715185630403621	16.292
chr11	10665347	0.0	16.5395
chr11	10676693	0.18397684344797832	16.5395
chr11	10717459	0.14484641370099158	16.547
chr11	10921123	0.0	16.5765
chr11	10954493	0.0	16.5765
chr11	10964435	0.0	16.5765
chr11	10993350	0.021912973356746957	16.5765
chr11	11335613	1.2673656053153821	16.584
chr11	11428325	0.2548124811786469	16.7015
chr11	11514663	0.0	16.7235
chr11	11541532	1.5308299551952156	16.7235
chr11	11635272	0.0	16.867
chr11	11641411	0.747593897793553	16.867
chr11	11858775	6.84022883674665	17.0295
chr11	11882897	15.404538250415497	17.1945
chr11	11908766	21.09375000000006	17.593
chr11	11918366	3.959673246100389	17.7955
chr11	12026582	1.4779899336901428	18.224
chr11	12051616	2.1554018094731116	18.261
chr11	12089196	2.0357656075364017	18.342
chr11	12114248	1.1400456018240592	18.393
chr11	12155913	0.40594899804403556	18.4405
chr11	12183010	0.8674246864376752	18.4515
chr11	12225665	2.1187120798691055	18.4885
chr11	12256816	0.08360604830038335	18.5545
chr11	12340542	0.5154918877856071	18.5615
chr11	12377400	0.0	18.5805
chr11	12404251	5.1008256589393035	18.5805
chr11	12429443	1.4917580368463916	18.709
chr11	12456257	2.1288029100529418	18.749
chr11	12480449	0.8114761989904831	18.8005
chr11	12553156	0.25285552358528524	18.8595
chr11	12610501	1.1451352956145993	18.874
chr11	12645868	0.24874496856766393	18.9145
chr11	12690090	0.7188653584612208	18.9255
chr11	12715825	0.9568753669834609	18.944
chr11	12761808	0.15675385166610195	18.988
chr11	12806464	0.0	18.995
chr11	12922074	1.259209141482487	18.995
chr11	12948678	0.0	19.0285
chr11	13019591	0.0	19.0285
chr11	13056284	0.0	19.0285
chr11	13083989	0.0	19.0285
chr11	13110739	0.0	19.0285
chr11	13146061	0.2533132217987365	19.0285
chr11	13232910	0.0	19.0505
chr11	13260196	0.3811199061858559	19.0505
chr11	13345471	3.8060450591122468	19.083
chr11	13381335	0.0	19.2195
chr11	13387755	8.271534512264664	19.2195
chr11	13391261	0.29218984442864276	19.2485
chr11	13454576	0.04804722355685289	19.267
chr11	13527421	7.708761122518852	19.2705
chr11	13585861	0.13794009458749867	19.721
chr11	13661981	0.0	19.7315
chr11	13707941	0.06760639556498299	19.7315
chr11	13767107	0.0	19.7355
chr11	13808009	0.0	19.7355
chr11	13830827	0.2860645688600328	19.7355
chr11	13843062	0.13348542581849904	19.739
chr11	13925468	0.6353838188921029	19.75
chr11	13989209	0.5325036022302334	19.7905
chr11	14084983	0.0670837036913032	19.8415
chr11	14144610	0.0	19.8455
chr11	14148818	12.781149589432237	19.8455
chr11	14162823	0.0	20.0245
chr11	14202916	0.0	20.0245
chr11	14207053	0.17834637243479143	20.0245
chr11	14249106	0.05809417896325043	20.032
chr11	14309353	0.6796888070939103	20.0355
chr11	14357169	0.6566756022524909	20.068
chr11	14412752	2.2100812650998556	20.1045
chr11	14449176	0.0	20.185
chr11	14476856	0.0	20.185
chr11	14482840	0.29559344078155153	20.185
chr11	14888803	6.698036203005797	20.305
chr11	14909630	4.096041391576147	20.4445
chr11	14983848	0.2686521338654397	20.7485
chr11	14996876	0.6370304052890575	20.752
chr11	15025917	2.097168822090258	20.7705
chr11	15043083	1.8815855494230518	20.8065
chr11	15047069	0.6009143025210467	20.814
chr11	15441468	0.0	21.051
chr11	15473024	0.0	21.051
chr11	15489679	0.0	21.051
chr11	15550669	3.936344375963084	21.051
chr11	15592205	9.50831081634319	21.2145
chr11	15641057	11.934083978419059	21.679
chr11	15658109	0.7475646109413806	21.8825
chr11	15765792	2.398647000471593	21.963
chr11	15950271	0.31544210424148067	22.4055
chr11	16032695	0.33605376860296077	22.4315
chr11	16074355	0.0	22.4455
chr11	16080205	1.2627349691491028	22.4455
chr11	16115050	0.0	22.4895
chr11	16127302	0.0	22.4895
chr11	16154756	2.2839229735782327	22.4895
chr11	16177086	0.28983266993842915	22.5405
chr11	16202963	3.142874165872343	22.548
chr11	16236531	1.1158272436878052	22.6535
chr11	16259384	5.418732558454654	22.679
chr11	16296293	0.8878011325462865	22.879
chr11	16317131	0.25655121861821134	22.8975
chr11	16344416	0.19953252380142095	22.9045
chr11	16379498	0.0	22.9115
chr11	16446146	4.389129389129413	22.9115
chr11	16479410	0.14265335235370125	23.0575
chr11	16507450	0.3012761195636424	23.0615
chr11	16553919	2.15964781127999	23.0755
chr11	16565958	0.9819324430478973	23.1015
chr11	16606694	8.351108785768888	23.1415
chr11	16631541	0.6772348065921192	23.349
chr11	16997736	0.4695899993522308	23.597
chr11	17028614	0.6826987079926806	23.6115
chr11	17087205	0.4649235868164528	23.6515
chr11	17195825	0.2967732652253471	23.702
chr11	17307021	0.0	23.735
chr11	17347193	0.04319281271595109	23.735
chr11	17428225	0.09822593055427083	23.7385
chr11	17611476	0.43050200277024747	23.7565
chr11	17638189	0.4781094187554058	23.768
chr11	17652830	0.7391090113330329	23.775
chr11	17687331	0.02051630753358196	23.8005
chr11	17857927	0.6709158000671531	23.804
chr11	17890718	0.37246470050449443	23.826
chr11	17920251	0.0	23.837
chr11	17937630	0.5533596837943001	23.837
chr11	17943955	0.0	23.8405
chr11	17972488	2.565524892525734	23.8405
chr11	17979699	0.6296931819970585	23.859
chr11	18043222	1.0388697097557493	23.899
chr11	18074506	1.220575414124054	23.9315
chr11	18080241	11.446409989593374	23.9385
chr11	18083124	1.0362969655099505	23.9715
chr11	18139575	0.0	24.03
chr11	18167787	0.0	24.03
chr11	18185743	0.0	24.03
chr11	18229755	2.296756820971759	24.03
chr11	18255008	3.375800596545603	24.088
chr11	18298257	0.0	24.234
chr11	18338595	0.0	24.234
chr11	18353951	1.1805260424044284	24.234
chr11	18375128	2.551999819327436	24.259
chr11	18419407	0.0	24.372
chr11	18464201	1.9093393027619525	24.372
chr11	18494578	1.070080547881235	24.43
chr11	18545976	0.06330609764332741	24.485
chr11	18664448	0.05084105633190094	24.4925
chr11	18802132	0.0	24.4995
chr11	18860780	1.1331822423675693	24.4995
chr11	18883283	0.581170089112769	24.525
chr11	18958132	0.1895473265211041	24.5685
chr11	19016165	1.7127305147576464	24.5795
chr11	19058787	0.0	24.6525
chr11	19085334	0.8309875247998032	24.6525
chr11	19181605	0.17387524451196623	24.7325
chr11	19204610	0.5012308707458862	24.7365
chr11	19283416	0.2807261449616448	24.776
chr11	19320819	1.0942641663911554	24.7865
chr11	19384332	0.0	24.856
chr11	19400650	0.2813592465199318	24.856
chr11	19542817	0.0	24.896
chr11	19544323	0.0	24.896
chr11	19564287	0.0	24.896
chr11	19587360	0.3146769678161024	24.896
chr11	19633439	0.21552885392539123	24.9105
chr11	19651998	1.7109817495279303	24.9145
chr11	19677422	6.693577231618222	24.958
chr11	19696993	4.645104207628786	25.089
chr11	19717337	0.46269108251917146	25.1835
chr11	19773530	0.8561750071348242	25.2095
chr11	19854121	12.639647720786053	25.2785
chr11	19878647	0.0	25.5885
chr11	19917311	1.8809980806142086	25.5885
chr11	20060586	0.3903200624511998	25.858
chr11	20107983	0.16839876828324424	25.8765
chr11	20128767	1.9343295130326756	25.88
chr11	20149446	1.8997361477571404	25.92
chr11	20168396	0.15102421879289407	25.956
chr11	20241232	0.1800990544800241	25.967
chr11	20263442	0.11964175839197883	25.971
chr11	20292696	0.7720640317325524	25.9745
chr11	20363286	0.5870445344130257	26.029
chr11	20387986	0.0	26.0435
chr11	20397165	3.802875599082793	26.0435
chr11	20406763	0.0	26.08
chr11	20414606	3.4188755698127244	26.08
chr11	20426452	0.7440087714718603	26.1205
chr11	20464758	0.18474531538659006	26.149
chr11	20483703	0.0	26.1525
chr11	20517172	8.093525179856421	26.1525
chr11	20522176	7.120923337568783	26.193
chr11	20541064	6.2348068785450845	26.3275
chr11	20563278	3.815753611338222	26.466
chr11	20585292	2.66299996518952	26.55
chr11	20614019	8.041458184417534	26.6265
chr11	20630807	14.459149645685695	26.7615
chr11	20649999	6.8431219432	27.039
chr11	20698661	11.072823340225117	27.372
chr11	20720426	0.30388539179515733	27.613
chr11	20743461	5.852059925093538	27.62
chr11	20758413	6.179728835978826	27.7075
chr11	20782605	1.912729974818031	27.857
chr11	20927947	5.097626123922984	28.135
chr11	20954528	4.813137032842764	28.2705
chr11	20965124	6.189213085764835	28.3215
chr11	20993399	9.592237324543548	28.4965
chr11	21047401	2.925169477549105	29.0145
chr11	21162608	1.7743514439547454	29.3515
chr11	21170780	0.0	29.366
chr11	21181920	16.510486390004505	29.366
chr11	21204330	0.7904570278815201	29.736
chr11	21218246	0.5155738870715388	29.747
chr11	21274494	1.279282027563615	29.776
chr11	21477733	3.8219556653141487	30.036
chr11	21494740	7.487378905717016	30.101
chr11	21524056	1.6971897694979186	30.3205
chr11	21536724	0.38708988494091495	30.342
chr11	21574183	11.110244815218953	30.3565
chr11	21587009	5.374903720572068	30.499
chr11	21616870	1.7233182790587065	30.6595
chr11	21633698	0.1771613686980638	30.6885
chr11	21653454	5.650811533992852	30.692
chr11	21681857	5.9856607248570075	30.8525
chr11	21697060	8.274139411443143	30.9435
chr11	21709871	29.053583855254278	31.0495
chr11	21712745	2.505896226415189	31.133
chr11	21733097	6.785862336211093	31.184
chr11	21788580	0.7725852419049308	31.5605
chr11	21817703	1.1026427074119531	31.583
chr11	22065290	0.0	31.856
chr11	22071845	0.0	31.856
chr11	22095648	0.5312367190819173	31.856
chr11	22123884	1.1733699184057482	31.871
chr11	22151582	0.49335250036150685	31.9035
chr11	22269145	0.0	31.9615
chr11	22344941	0.5150174403633271	31.9615
chr11	22515809	0.07423275148985972	32.0495
chr11	22562958	1.2061986343380569	32.053
chr11	22587415	1.2698412698408883	32.0825
chr11	22598440	5.801575473707093	32.0965
chr11	22607834	0.9671436142023488	32.151
chr11	22645574	0.2096405748488879	32.1875
chr11	22714740	0.0	32.202
chr11	22728890	0.8369201339078195	32.202
chr11	22733072	4.050830728738336	32.2055
chr11	22757388	0.3709733929638854	32.304
chr11	22805909	0.3355554561317294	32.322
chr11	22828260	1.035120147873996	32.3295
chr11	22841785	0.0	32.3435
chr11	22854003	0.0	32.3435
chr11	22868977	20.810190328075155	32.3435
chr11	22882480	0.5849840642274292	32.6245
chr11	22907267	0.09478223780858214	32.639
chr11	22949469	0.2445158586001468	32.643
chr11	22963783	0.0	32.6465
chr11	22967788	0.37264766163571666	32.6465
chr11	22978522	0.0	32.6505
chr11	23001540	0.0	32.6505
chr11	23041723	0.0	32.6505
chr11	23074151	0.0	32.6505
chr11	23094437	0.0	32.6505
chr11	23109316	0.6268282490597814	32.6505
chr11	23126067	0.18916107065155505	32.661
chr11	23147213	0.12985085701574908	32.665
chr11	23174167	0.7367599895987104	32.6685
chr11	23208778	1.519649420412502	32.694
chr11	23222926	2.322356439944579	32.7155
chr11	23282779	1.7020777086510368	32.8545
chr11	23299817	0.20412924297226767	32.8835
chr11	23316963	1.2393079315708089	32.887
chr11	23337539	21.40648537223468	32.9125
chr11	23350152	3.742220121326671	33.1825
chr11	23362845	0.9924882263651954	33.23
chr11	23388538	12.456747404844434	33.2555
chr11	23410213	2.6190603452883363	33.5255
chr11	23447631	1.195051082575732	33.6235
chr11	23468969	0.0	33.649
chr11	23484224	2.450161487916078	33.649
chr11	23502182	2.0028612303304727	33.693
chr11	23505677	0.8561138336185972	33.7
chr11	23522614	3.0722891566266224	33.7145
chr11	23539214	2.5423728813555826	33.7655
chr11	23555144	0.0	33.806
chr11	23568930	0.0	33.806
chr11	23580989	15.427545063827338	33.806
chr11	23596578	16.6132322937917	34.0465
chr11	23613733	1.9641043007113759	34.3315
chr11	23628498	0.954927425515697	34.3605
chr11	23636352	0.8688554803717977	34.368
chr11	23674333	1.878178455848293	34.401
chr11	23691637	0.8542476729114046	34.4335
chr11	23725585	3.4175642087822338	34.4625
chr11	23744897	0.0	34.5285
chr11	23770058	2.073205604803858	34.5285
chr11	23777052	3.9274106175519323	34.543
chr11	23784436	2.998275398319626	34.572
chr11	23847639	0.0	34.7615
chr11	23851880	1.4783849918439322	34.7615
chr11	23861688	4.141159524666637	34.776
chr11	23878350	0.4961301845604474	34.845
chr11	23893467	1.5023217700080895	34.8525
chr11	23908111	2.3587814504194284	34.8745
chr11	23940543	3.541282623459804	34.951
chr11	23961157	2.9384942750021645	35.024
chr11	23971026	0.08316699933476565	35.053
chr11	24019122	6.163780452010383	35.057
chr11	24036157	0.0	35.162
chr11	24051700	0.0	35.162
chr11	24068362	3.6980325311299254	35.162
chr11	24137588	2.7294144687697197	35.418
chr11	24172394	0.8131926320966445	35.513
chr11	24198833	0.49491586430287404	35.5345
chr11	24221059	1.9078947368421777	35.5455
chr11	24243859	0.0	35.589
chr11	24257820	1.0511435717134896	35.589
chr11	24285409	0.545707726468638	35.618
chr11	24311980	3.0545916621865987	35.6325
chr11	24332441	0.17656257882270598	35.695
chr11	24352264	1.2199855819884913	35.6985
chr11	24370297	1.480620736186999	35.7205
chr11	24396975	0.9217752420872762	35.76
chr11	24500037	5.639340036091913	35.855
chr11	24531069	6.462629144512004	36.03
chr11	24554202	0.9972132670346908	36.1795
chr11	24590804	1.5632380395420027	36.216
chr11	24635263	1.4307355664030168	36.2855
chr11	24653086	1.1284339412177138	36.311
chr11	24691635	1.6999360420102851	36.3545
chr11	24721342	0.3671133212074435	36.405
chr11	24781269	0.46562817473767293	36.427
chr11	24804893	1.141777235324082	36.438
chr11	24830292	1.4257548353456613	36.467
chr11	24891663	0.87447867617398	36.5545
chr11	24928828	0.29463759575709025	36.587
chr11	24979738	3.058360216179999	36.602
chr11	25003607	3.994055359465573	36.675
chr11	25008990	2.7586728138462853	36.6965
chr11	25035452	1.4558598358392487	36.7695
chr11	25075291	5.864185464638906	36.8275
chr11	25100870	2.8226724334166904	36.9775
chr11	25122835	2.6396832380115387	37.0395
chr11	25168295	0.0	37.1595
chr11	25175393	0.0	37.1595
chr11	25201561	1.8321729571271137	37.1595
chr11	25223393	6.726674409601035	37.1995
chr11	25233725	0.0	37.269
chr11	25250599	11.826640548481981	37.269
chr11	25271019	5.96366393514342	37.5105
chr11	25305310	114.77987421383338	37.715
chr11	25306264	8.782051282051311	37.8245
chr11	25337464	1.5972399693329735	38.0985
chr11	25486158	0.12024185790856469	38.336
chr11	25515266	0.46152621946361677	38.3395
chr11	25578101	1.118481950015561	38.3685
chr11	25604029	1.4125833919844397	38.3975
chr11	25704908	1.1704330602322996	38.54
chr11	25782657	2.110422765334523	38.631
chr11	25812035	5.45818941622959	38.693
chr11	25835486	0.09729519361750483	38.821
chr11	25871459	5.763513923436199	38.8245
chr11	25887942	5566.66666666672	38.9195
chr11	25887957	4.701956620658093	39.003
chr11	25901143	6.025256025256072	39.065
chr11	25927117	0.0	39.2215
chr11	25952678	0.4416180886769289	39.2215
chr11	25969661	2.365670273244089	39.229
chr11	26051456	28.03738317757002	39.4225
chr11	26063975	24.427408218656165	39.7735
chr11	26084976	7.5757575757575895	40.2865
chr11	26093622	4.5897018564595955	40.352
chr11	26253981	2.5241629271661297	41.088
chr11	26277157	21.688996266197893	41.1465
chr11	26295369	0.7636054852855431	41.5415
chr11	26453173	20.551877870845697	41.662
chr11	26482781	4.697719199229794	42.2705
chr11	26512902	4.471395320347936	42.412
chr11	26529228	10.805979850503762	42.485
chr11	26566152	3.7016883135480065	42.884
chr11	26635985	2.942995339797255	43.1425
chr11	26726539	1.5525978598391155	43.409
chr11	26813168	1.0955654726007584	43.5435
chr11	26862914	0.7719839988773096	43.598
chr11	26877163	9.409641660221759	43.609
chr11	26892679	3.9054428234903695	43.755
chr11	26916876	0.4589103174512023	43.8495
chr11	27004039	0.44683147817161467	43.8895
chr11	27117057	0.0	43.94
chr11	27247390	0.10935717002667528	43.94
chr11	27352550	1.287801412140855	43.9515
chr11	27397588	1.2501171984873316	44.0095
chr11	27429585	0.5121201775350143	44.0495
chr11	27479378	14.002387292259325	44.075
chr11	27490269	6.10424738650492	44.2275
chr11	27503948	20.756503538323493	44.311
chr11	27524014	1.2297161893112754	44.7275
chr11	27600861	0.4656231424608386	44.822
chr11	27701801	0.35866576336031325	44.869
chr11	27751987	1.37906223767836	44.887
chr11	27852055	0.0	45.025
chr11	27947071	0.0	45.025
chr11	27968767	0.0	45.025
chr11	27985401	3.3265160288790385	45.025
chr11	28025984	0.03867088179282934	45.16
chr11	28129421	0.3113376046667889	45.164
chr11	28373529	1.4371411886939753	45.24
chr11	28637247	0.1440204275460715	45.619
chr11	28765701	0.1942998809605633	45.6375
chr11	28968995	0.5542776376686964	45.677
chr11	29113327	3.2084283297786618	45.757
chr11	29167715	0.026153705326187597	45.9315
chr11	29320657	1.0171592516507237	45.9355
chr11	29520724	0.0	46.139
chr11	29646380	4.087148554665454	46.139
chr11	29676719	0.0	46.263
chr11	29696231	0.0	46.263
chr11	29736717	0.12296809856186348	46.263
chr11	29822105	0.0	46.2735
chr11	29914206	0.06147415011987692	46.2735
chr11	30207012	0.2822095123419734	46.2915
chr11	30233588	0.9224241306152372	46.299
chr11	30276952	0.8717474990462755	46.339
chr11	30594131	0.24523044553752602	46.6155
chr11	30875499	1.154701840118751	46.6845
chr11	31159122	0.05780034988478682	47.012
chr11	31418636	1.2742814922888475	47.027
chr11	31632482	0.9758001561280091	47.2995
chr11	31811822	2.0954999801060294	47.4745
chr11	32038021	0.6053268765132991	47.9485
chr11	32326295	0.10731559295566928	48.123
chr11	32596526	0.05808666530462722	48.152
chr11	32846153	0.14125223004378337	48.1665
chr11	33104556	0.7767403070985796	48.203
chr11	33165709	0.044968256498917406	48.2505
chr11	33410326	0.0	48.2615
chr11	33429679	0.03291058588741233	48.2615
chr11	34189313	0.0	48.2865
chr11	34313793	0.0	48.2865
chr11	34538534	0.0	48.2865
chr11	34549889	0.07897775550668472	48.2865
chr11	34733485	0.0	48.301
chr11	34792912	0.0	48.301
chr11	34924122	0.0	48.301
chr11	35109327	0.04993365956651014	48.301
chr11	35179420	0.0	48.3045
chr11	35247443	0.0	48.3045
chr11	35318069	0.0	48.3045
chr11	35402203	0.0	48.3045
chr11	35673133	0.0	48.3045
chr11	35880351	0.0	48.3045
chr11	36104078	0.0	48.3045
chr11	36227282	0.2694559439532319	48.3045
chr11	36268105	0.3957485300771711	48.3155
chr11	36276949	0.018467391203971336	48.319
chr11	36493547	0.21493869673977803	48.323
chr11	36712214	0.0	48.37
chr11	36762884	0.0	48.37
chr11	36887896	0.0	48.37
chr11	36913092	0.0	48.37
chr11	37013651	0.0	48.37
chr11	37041030	0.0	48.37
chr11	37063808	0.0	48.37
chr11	37112678	0.0	48.37
chr11	37151116	0.0	48.37
chr11	37174439	0.0	48.37
chr11	37205145	0.06430513706185237	48.37
chr11	37259573	0.0	48.3735
chr11	37350151	0.0	48.3735
chr11	37377735	0.0	48.3735
chr11	37414878	0.0	48.3735
chr11	37534835	0.0	48.3735
chr11	37784961	0.0	48.3735
chr11	37818991	0.0	48.3735
chr11	37838968	0.05008012820510045	48.3735
chr11	37918840	0.04178971415835674	48.3775
chr11	38170098	0.8288639687957409	48.388
chr11	38262393	0.40509685497516684	48.4645
chr11	38289547	0.0	48.4755
chr11	38353689	0.0	48.4755
chr11	38489951	0.0	48.4755
chr11	38520046	0.0	48.4755
chr11	38534392	0.2668279493382768	48.4755
chr11	38562500	2.075287833399666	48.483
chr11	38590207	0.0	48.5405
chr11	38646483	0.30031598464466264	48.5405
chr11	38684776	0.047644976858188144	48.552
chr11	38758236	0.0	48.5555
chr11	38774091	0.0	48.5555
chr11	38778228	0.0	48.5555
chr11	38841506	0.7420538401286507	48.5555
chr11	38890020	1.704545454545436	48.5915
chr11	38975380	0.0	48.737
chr11	39011531	0.04766119697685566	48.737
chr11	39084966	0.06605237953705355	48.7405
chr11	39145524	0.05015332588191608	48.7445
chr11	39215310	0.20446313821712375	48.748
chr11	39283782	1.9291476674851662	48.762
chr11	39317994	0.07978844663293058	48.828
chr11	39449592	0.0	48.8385
chr11	39505687	0.0	48.8385
chr11	39559076	0.0	48.8385
chr11	39578554	0.0	48.8385
chr11	39615042	0.0	48.8385
chr11	39639497	0.0	48.8385
chr11	39705008	0.0	48.8385
chr11	39893651	0.0	48.8385
chr11	39922960	0.0	48.8385
chr11	39959369	0.0	48.8385
chr11	39996015	0.0	48.8385
chr11	40012793	0.3344162048533724	48.8385
chr11	40023259	0.0	48.842
chr11	40076064	0.0	48.842
chr11	40112999	0.0	48.842
chr11	40134151	0.0	48.842
chr11	40167757	0.1063891521752015	48.842
chr11	40271151	0.0	48.853
chr11	40308945	0.19796775856125168	48.853
chr11	40601922	0.03911750899697561	48.911
chr11	40691396	0.04674835942477705	48.9145
chr11	40862525	0.0	48.9225
chr11	40978454	0.0	48.9225
chr11	40995310	0.0	48.9225
chr11	41014425	0.0	48.9225
chr11	41097674	0.5429302722408632	48.9225
chr11	41123460	0.1450639065317648	48.9365
chr11	41250990	0.14801657785682573	48.955
chr11	41274636	0.21706772513017542	48.9585
chr11	41306884	0.0	48.9655
chr11	41328253	0.10435923430146404	48.9655
chr11	41361791	0.0	48.969
chr11	41441038	0.0	48.969
chr11	41458768	0.05839875686819181	48.969
chr11	41655690	0.0	48.9805
chr11	41678740	0.03729752770676152	48.9805
chr11	41772580	0.0	48.984
chr11	41799958	0.5161169239429306	48.984
chr11	41821271	0.0	48.995
chr11	41831776	0.0	48.995
chr11	41884237	0.0	48.995
chr11	41962602	0.06483402489631189	48.995
chr11	42016586	0.0	48.9985
chr11	42054758	0.0	48.9985
chr11	42138665	0.0	48.9985
chr11	42151977	0.0	48.9985
chr11	42187346	0.0	48.9985
chr11	42196799	0.0	48.9985
chr11	42215358	0.0	48.9985
chr11	42319121	0.0	48.9985
chr11	42337688	0.0	48.9985
chr11	42372347	0.0	48.9985
chr11	42398151	2.0847174176995047	48.9985
chr11	42441802	0.2831267625572326	49.0895
chr11	42710233	0.2897664160723882	49.1655
chr11	42772352	0.1849609900457229	49.1835
chr11	42891296	0.22357788495314115	49.2055
chr11	42922605	0.0	49.2125
chr11	42958918	0.7223740726279996	49.2125
chr11	42984528	0.08968498920686419	49.231
chr11	43146205	0.0	49.2455
chr11	43152313	0.0	49.2455
chr11	43193062	0.0	49.2455
chr11	43214232	4.569772625947564	49.2455
chr11	43227690	0.07370606023177952	49.307
chr11	43478687	0.0	49.3255
chr11	43490077	0.10645740183114338	49.3255
chr11	43522954	0.1594319969389117	49.329
chr11	43569996	0.0	49.3365
chr11	43676386	0.0	49.3365
chr11	43693450	1.4661384409020508	49.3365
chr11	43725507	1.9248840522598814	49.3835
chr11	43791485	0.11269238199505767	49.5105
chr11	43822543	1.488663256737031	49.514
chr11	43861840	0.2452268348223858	49.5725
chr11	43890385	0.0	49.5795
chr11	43949571	0.8958403951380546	49.5795
chr11	43970222	0.0	49.598
chr11	44005755	0.0	49.598
chr11	44036552	0.2283477409883509	49.598
chr11	44067207	0.09730655456951949	49.605
chr11	44144283	3.1314112946765915	49.6125
chr11	44162805	0.7078522785521606	49.6705
chr11	44203774	0.1401345291480822	49.6995
chr11	44228750	0.11365250745838282	49.703
chr11	44263945	0.0	49.707
chr11	44322747	0.0	49.707
chr11	44359764	0.20810210876804341	49.707
chr11	44410220	0.0	49.7175
chr11	44423841	0.129356543592985	49.7175
chr11	44450898	1.693809050223907	49.721
chr11	44483074	8.860759493670741	49.7755
chr11	44502824	0.0	49.9505
chr11	44525595	0.445091850772954	49.9505
chr11	44550309	2.409038046186772	49.9615
chr11	44556328	0.4649338195766717	49.976
chr11	44625155	1.5556855653652568	50.008
chr11	44662759	4.343866040776621	50.0665
chr11	44677032	0.07679817439758187	50.1285
chr11	44722606	3.672506738544454	50.132
chr11	44767126	2.7545874475570975	50.2955
chr11	44790723	4.812536919281438	50.3605
chr11	44819502	0.3652998831040246	50.499
chr11	44908470	0.6638102709550227	50.5315
chr11	44925041	0.0	50.5425
chr11	44942479	0.0	50.5425
chr11	44959810	2.005378059341144	50.5425
chr11	44981751	0.3881723873572171	50.5865
chr11	45084798	0.15533712470982752	50.6265
chr11	45200675	0.7850018470631993	50.6445
chr11	45233159	4.152122508726519	50.67
chr11	45304207	2.010601352585575	50.965
chr11	45309678	0.0	50.976
chr11	45327213	0.22372745367295954	50.976
chr11	45392024	9.777987718469568	50.9905
chr11	45413194	3.6366956283571077	51.1975
chr11	45544632	5.029299127947296	51.6755
chr11	45566305	0.0	51.7845
chr11	45602003	0.31928480204343485	51.7845
chr11	45625493	0.4416692049953756	51.792
chr11	45658323	1.1459506450911787	51.8065
chr11	45708936	0.0	51.8645
chr11	45716383	0.02205127235843084	51.8645
chr11	45875104	0.0	51.868
chr11	45889094	8.866323128219932	51.868
chr11	45895692	0.0	51.9265
chr11	45922931	0.9292446568438872	51.9265
chr11	45930464	0.0	51.9335
chr11	45966737	1.0823318653428515	51.9335
chr11	45980134	11.713227869404205	51.948
chr11	46024699	0.3879377230642055	52.47
chr11	46044032	1.9427669747410667	52.4775
chr11	46212606	0.15367053038296896	52.805
chr11	46235382	5.307537559388573	52.8085
chr11	46258745	0.0	52.9325
chr11	46283833	0.0	52.9325
chr11	46312200	1.0529086601737077	52.9325
chr11	46350190	0.0	52.9725
chr11	46362108	0.0	52.9725
chr11	46365750	0.5312328265251983	52.9725
chr11	46393045	0.26600798023932726	52.987
chr11	46419360	0.0	52.994
chr11	46443936	0.9510666865582935	52.994
chr11	46470748	0.0	53.0195
chr11	46490359	1.2162388860927849	53.0195
chr11	46502281	0.06896908460778632	53.034
chr11	46560278	1.1588874680307344	53.038
chr11	46597814	0.0	53.0815
chr11	46619750	0.0	53.0815
chr11	46625756	0.26055237102676254	53.0815
chr11	46652622	16.981695609506172	53.0885
chr11	46676059	1.3435217062725382	53.4865
chr11	46735604	0.2277350985333946	53.5665
chr11	46768537	5.058655576935132	53.574
chr11	46800759	0.0	53.737
chr11	46826060	0.7135969141753506	53.737
chr11	46851985	0.0	53.7555
chr11	46907257	0.0	53.7555
chr11	46949258	0.0	53.7555
chr11	47004420	0.833024805627577	53.7555
chr11	47026028	0.0	53.7735
chr11	47054201	0.6585148553204376	53.7735
chr11	47131648	0.0	53.8245
chr11	47225942	0.0	53.8245
chr11	47266118	1.6262317978428993	53.8245
chr11	47420770	4.18868773192401	54.076
chr11	47456342	0.0	54.225
chr11	47646358	0.45641259698764813	54.225
chr11	47749335	0.397462862063841	54.272
chr11	48051250	2.3411908924658857	54.392
chr11	48101011	0.48738676660902286	54.5085
chr11	48160512	0.055251060820369846	54.5375
chr11	48296256	0.21386126514207712	54.545
chr11	48361719	0.0	54.559
chr11	48383305	0.0	54.559
chr11	48443180	0.5753918885295803	54.559
chr11	48475332	0.3046800312342672	54.5775
chr11	48749390	0.0	54.661
chr11	48770437	4.632627646326275	54.661
chr11	48810587	0.0	54.847
chr11	48837918	2.4614726027395655	54.847
chr11	48865950	0.0	54.916
chr11	48879442	0.2486266338321746	54.916
chr11	48921674	4.675890340763692	54.9265
chr11	48945092	2.338257111526737	55.036
chr11	48976098	0.05828339506076195	55.1085
chr11	49164831	0.6885090218422688	55.1195
chr11	49228011	0.08371528431813667	55.163
chr11	49275792	0.0	55.167
chr11	49300306	0.01906203876671548	55.167
chr11	49483917	0.0	55.1705
chr11	49536492	0.0	55.1705
chr11	49562496	0.2017872585761027	55.1705
chr11	49579841	2.1828837988160847	55.174
chr11	49596562	2.0662307718012136	55.2105
chr11	49686339	0.5055713967926263	55.396
chr11	49735788	0.0	55.421
chr11	49759379	1.3763712135055282	55.421
chr11	49929028	0.9977673720190375	55.6545
chr11	49979641	3.139363099146395	55.705
chr11	50028377	0.11391745866431784	55.858
chr11	50089825	0.5965817478232672	55.865
chr11	50151845	0.0	55.902
chr11	50163572	0.0	55.902
chr11	50200941	0.7988980716252442	55.902
chr11	50219091	0.016288312437767016	55.9165
chr11	50433969	0.0	55.92
chr11	50520652	0.017156946847756094	55.92
chr11	50724651	0.08425816702382101	55.9235
chr11	50807729	0.9410828368000879	55.9305
chr11	50900707	1.2642881884307808	56.018
chr11	50929577	1.3772330850736734	56.0545
chr11	51069350	0.3093493820042812	56.247
chr11	51140467	0.35913397407396097	56.269
chr11	51169704	11.904761904762903	56.2795
chr11	51174030	0.0	56.331
chr11	51223517	0.49351621796392847	56.331
chr11	51282279	2.4127223900636725	56.36
chr11	51306111	6.228062001056292	56.4175
chr11	51338304	0.0	56.618
chr11	51373803	0.6870309692421279	56.618
chr11	51421108	2.0458759108351616	56.6505
chr11	51653038	0.9152351450296872	57.125
chr11	51681446	2.960143778411956	57.151
chr11	51719282	4.35785915879595	57.263
chr11	51835853	0.410122886362077	57.771
chr11	51968740	3.208094917536255	57.8255
chr11	52016276	0.0	57.978
chr11	52042501	10.002450488983895	57.978
chr11	52087390	0.09801820859188036	58.427
chr11	52306737	0.1472382314584556	58.4485
chr11	52354279	0.5929569201193333	58.4555
chr11	52434386	0.34268090696214676	58.503
chr11	52486913	0.48520597469319693	58.521
chr11	52539468	0.0	58.5465
chr11	52558998	0.4495427065571216	58.5465
chr11	52688018	0.0	58.6045
chr11	52741910	1.0572593403918384	58.6045
chr11	52807646	0.0	58.674
chr11	52851519	0.0	58.674
chr11	52921698	0.0	58.674
chr11	52974763	0.0	58.674
chr11	53006041	0.0	58.674
chr11	53052609	0.0	58.674
chr11	53067024	0.0	58.674
chr11	53205597	0.04088116429558835	58.674
chr11	53291211	0.0282137473498859	58.6775
chr11	53415264	0.0	58.681
chr11	53461646	0.053273477621589856	58.681
chr11	53602429	0.0	58.6885
chr11	53748624	0.0	58.6885
chr11	53837834	0.0	58.6885
chr11	53945414	0.0	58.6885
chr11	54156272	1.068922247525253	58.6885
chr11	54220823	0.8335193348585609	58.7575
chr11	54364191	1.5380833212513934	58.877
chr11	54522830	0.0	59.121
chr11	54603188	0.0	59.121
chr11	54643265	0.0	59.121
chr11	54843973	0.2208458395655206	59.121
chr11	54943590	0.3993361932500265	59.143
chr11	55152687	0.0	59.2265
chr11	55180419	0.0	59.2265
chr11	55209416	0.06442999144513135	59.2265
chr11	55488789	0.0	59.2445
chr11	55598141	0.0	59.2445
chr11	55627813	1.2676566461410343	59.2445
chr11	55630574	1.8325150404536623	59.248
chr11	55688418	0.15660889538526382	59.354
chr11	55870400	0.02037976231375809	59.3825
chr11	56042139	6.240894947932487	59.386
chr11	56097740	0.3086578527702159	59.733
chr11	56156057	0.649654776473421	59.751
chr11	56222246	0.2878570984004959	59.794
chr11	56286514	0.6756059824651893	59.8125
chr11	56383464	0.05625936590581561	59.878
chr11	56578987	0.0	59.889
chr11	56601741	0.103520264091659	59.889
chr11	56775620	0.8147098175845157	59.907
chr11	56851107	0.48030209345466	59.9685
chr11	56941675	0.0	60.012
chr11	56955321	0.06323097183822544	60.012
chr11	57184639	0.1671835317840145	60.0265
chr11	57576424	0.19901817699350627	60.092
chr11	57742238	0.0	60.125
chr11	57746426	0.0	60.125
chr11	57796789	0.10063544092696593	60.125
chr11	57866347	0.10407993338884658	60.132
chr11	57938407	0.09294173880722559	60.1395
chr11	57976065	1.1254799841109135	60.143
chr11	57998722	0.3303799369273368	60.1685
chr11	58032017	0.0	60.1795
chr11	58175010	0.6110923803102252	60.1795
chr11	58293650	0.1967429209437716	60.252
chr11	58496961	0.0	60.292
chr11	58502045	51.60142348753801	60.292
chr11	58502326	0.6849006443473213	60.3065
chr11	58613291	0.3003987110165161	60.3825
chr11	58649909	0.36425449247208763	60.3935
chr11	58670499	1.10856641652853	60.401
chr11	58752587	0.23476078685348153	60.492
chr11	58814352	0.08288339490374623	60.5065
chr11	58856580	0.39222702375383395	60.51
chr11	58929242	6.38431045274353	60.5385
chr11	58953207	0.6806772738875035	60.6915
chr11	59011972	1.7721483238724955	60.7315
chr11	59153608	0.18877314616182458	60.9825
chr11	59211879	0.1444425720407383	60.9935
chr11	59336496	1.0481697343868905	61.0115
chr11	59423314	1.9362571841288385	61.1025
chr11	59520925	0.0	61.2915
chr11	59549870	3.759892881907071	61.2915
chr11	59717162	0.0	61.9205
chr11	59718359	2.8037562652430394	61.9205
chr11	60030797	0.18190939763096303	62.7965
chr11	60291916	82.92282430213429	62.844
chr11	60310186	0.1349059512797757	64.359
chr11	60336130	0.25491417889311563	64.3625
chr11	60406742	0.0	64.3805
chr11	60432213	0.0	64.3805
chr11	60498132	0.26808907952997846	64.3805
chr11	60606305	0.0	64.4095
chr11	60638356	0.0	64.4095
chr11	60673927	0.0	64.4095
chr11	60818838	1.0275671461982083	64.4095
chr11	60861171	0.13001002934521383	64.453
chr11	60888092	0.05695532239787713	64.4565
chr11	61212908	0.09846119222444935	64.475
chr11	61248455	9.557598682091344	64.4785
chr11	61357112	0.0	65.517
chr11	61386951	0.0	65.517
chr11	61442297	0.24501342005329677	65.517
chr11	61532088	0.0	65.539
chr11	61644056	0.10112684195326498	65.539
chr11	61678666	0.2709426340549196	65.5425
chr11	61759864	0.08252381401496042	65.5645
chr11	61802276	0.0	65.568
chr11	61831639	0.0	65.568
chr11	61867141	0.03611747466619715	65.568
chr11	61964047	0.0	65.5715
chr11	61979334	0.0	65.5715
chr11	61993161	0.0	65.5715
chr11	62044633	1.1318939415378548	65.5715
chr11	62079972	0.0	65.6115
chr11	62118623	0.0	65.6115
chr11	62199647	0.0	65.6115
chr11	62223503	0.0	65.6115
chr11	62244493	0.0	65.6115
chr11	62304047	0.0	65.6115
chr11	62342916	0.14671361502298333	65.6115
chr11	62366772	0.29023546929808614	65.615
chr11	62406395	0.0	65.6265
chr11	62406801	2.2529169864039256	65.6265
chr11	62508447	0.0	65.8555
chr11	62534112	0.0	65.8555
chr11	62573660	0.0	65.8555
chr11	62606059	0.0	65.8555
chr11	62700076	0.0	65.8555
chr11	62743769	1.8241473029552007	65.8555
chr11	62825451	0.6344244207429443	66.0045
chr11	62934211	0.5353516706663534	66.0735
chr11	62961296	0.5459954061080842	66.088
chr11	62987853	0.0	66.1025
chr11	63018583	2.0980628844051648	66.1025
chr11	63053377	1.053370786516894	66.1755
chr11	63070465	0.26816840976152173	66.1935
chr11	63096568	0.4573773734174461	66.2005
chr11	63137016	0.0	66.219
chr11	63145325	0.0	66.219
chr11	63145700	0.0	66.219
chr11	63153812	5.973257343270981	66.219
chr11	63162936	0.979671809943822	66.2735
chr11	63203766	1.159857337547251	66.3135
chr11	63238253	2.933469569373214	66.3535
chr11	63298932	14.598654849456315	66.5315
chr11	63330750	0.11046933686843106	66.996
chr11	63362433	0.0	66.9995
chr11	63398888	0.640737020746132	66.9995
chr11	63427761	0.039645680886279205	67.018
chr11	63516043	0.19547612398745579	67.0215
chr11	63551853	0.2999740562978835	67.0285
chr11	63613525	0.0	67.047
chr11	63652035	3.317910629490103	67.047
chr11	63668461	116.41929499072577	67.1015
chr11	63670617	0.9809707622859845	67.3525
chr11	63733310	1.4113058428059997	67.414
chr11	63772281	0.6235120734616195	67.469
chr11	63789923	0.2858542959819096	67.48
chr11	63802167	2.676674691969876	67.4835
chr11	63872777	0.42401064183561454	67.6725
chr11	63932917	4.709653153668965	67.698
chr11	63994068	4.151918270117969	67.986
chr11	64053679	1.8766318537855853	68.2335
chr11	64090447	0.10941218304671595	68.3025
chr11	64127006	0.834724540902099	68.3065
chr11	64135392	2.1819200896785262	68.3135
chr11	64160370	21.420518602031457	68.368
chr11	64163918	0.08303578842461758	68.444
chr11	64212090	0.0	68.448
chr11	64232974	0.8491166827841915	68.448
chr11	64275371	1.432755985736625	68.484
chr11	64291075	1.1363183286150462	68.5065
chr11	64316156	1.4878064557863298	68.535
chr11	64362533	3.5386108098851445	68.604
chr11	64380054	0.2408473396980971	68.666
chr11	64921891	10.472479298587599	68.7965
chr11	64942421	0.20380938264290346	69.0115
chr11	65050365	0.0	69.0335
chr11	65085093	0.7779746726023548	69.0335
chr11	65108230	0.9561752988048171	69.0515
chr11	65145880	0.0	69.0875
chr11	65169958	0.0	69.0875
chr11	65191188	0.20470230436239853	69.0875
chr11	65208286	0.0	69.091
chr11	65218334	0.0	69.091
chr11	65236122	0.0	69.091
chr11	65253825	0.0	69.091
chr11	65276882	0.0	69.091
chr11	65289957	0.0	69.091
chr11	65303928	0.0	69.091
chr11	65320620	0.0	69.091
chr11	65339356	0.21003360537701038	69.091
chr11	65356020	0.0	69.0945
chr11	65377464	0.0	69.0945
chr11	65399099	0.0	69.0945
chr11	65411073	0.1744059298018264	69.0945
chr11	65434008	0.2993641093401227	69.0985
chr11	65482444	0.25113581881682334	69.113
chr11	65526245	2.4638127502313676	69.124
chr11	65542480	0.0	69.164
chr11	65562491	0.7527960997987735	69.164
chr11	65576439	0.8876307456099737	69.1745
chr11	65597281	0.3711814706210446	69.193
chr11	65705045	24.22145328719563	69.233
chr11	65708802	6.251860672819203	69.324
chr11	65752469	0.0	69.597
chr11	65773309	0.46633881634771457	69.597
chr11	65796897	2.3730422401516837	69.608
chr11	65847465	2.3314838862002047	69.728
chr11	65864407	1.2816778327996254	69.7675
chr11	65881572	4.930378718101207	69.7895
chr11	65900029	2.6210364814181397	69.8805
chr11	65923493	4.395973154362424	69.942
chr11	65938393	1.049733002692833	70.0075
chr11	66004124	2.3774272535732814	70.0765
chr11	66039246	0.7840523746987523	70.16
chr11	66090263	5.884729329383025	70.2
chr11	66127393	10.507548744404863	70.4185
chr11	66153755	2.982612006600536	70.6955
chr11	66169513	1.127761070206226	70.7425
chr11	66208085	13.590155163188372	70.786
chr11	66217430	2.710459183674327	70.913
chr11	66226838	18.96664486592306	70.9385
chr11	66229896	0.05816417253159563	70.9965
chr11	66350245	0.0	71.0035
chr11	66350264	0.8622547962902948	71.0035
chr11	66354903	3.622735790132489	71.0075
chr11	66362908	0.6130670870551347	71.0365
chr11	66380035	17.61626736460755	71.047
chr11	66385002	0.26870163370568856	71.1345
chr11	66412914	0.0	71.142
chr11	66434169	13.600802407221611	71.142
chr11	66459094	1.1780104712042332	71.481
chr11	66474374	6.348020911127948	71.499
chr11	66490442	2.619788898170044	71.601
chr11	66516780	1.1491194116508476	71.67
chr11	66558116	10.198163363943177	71.7175
chr11	66568461	4.071856287425304	71.823
chr11	66618561	10.81746340199518	72.027
chr11	66626280	2.79173124684886	72.1105
chr11	66679831	0.4255977714151389	72.26
chr11	66705677	0.0	72.271
chr11	66709863	2.6079019428873553	72.271
chr11	66725201	11.200509377169832	72.311
chr11	66742477	0.1694197373996141	72.5045
chr11	66766087	0.6097048187704222	72.5085
chr11	66789869	3.0014205196352526	72.523
chr11	66811692	3.248920735235547	72.5885
chr11	66834161	2.6006063127858132	72.6615
chr11	66867807	6.0843373493975355	72.749
chr11	66909307	0.0	73.0015
chr11	66936389	1.700767922486278	73.0015
chr11	66955792	2.059153874953279	73.0345
chr11	66971818	2.1007464354360725	73.0675
chr11	66994191	0.2994310809459299	73.1145
chr11	67044286	4.511746534120094	73.1295
chr11	67163087	0.3627043234358927	73.6655
chr11	67183765	0.6483621807519911	73.673
chr11	67201502	2.7917364600788033	73.6845
chr11	67210457	2.511692360990504	73.7095
chr11	67222003	2.241035856573397	73.7385
chr11	67240075	3.2170254887407004	73.779
chr11	67268362	0.5561735261399373	73.87
chr11	67288140	3.989507049951224	73.881
chr11	67297289	8.002313922097803	73.9175
chr11	67312847	2.804141501293985	74.042
chr11	67333709	2.2885447363473417	74.1005
chr11	67349658	0.5631724084358636	74.137
chr11	67375405	2.2787239146077924	74.1515
chr11	67396250	261.16071428569245	74.199
chr11	67396474	0.0	74.2575
chr11	67406273	3.4073001405516634	74.2575
chr11	67429752	0.737291816060774	74.3375
chr11	67528763	0.5347992637183022	74.4105
chr11	67568965	3.140021708791629	74.432
chr11	67581863	7.008601465434363	74.4725
chr11	67588141	0.0	74.5165
chr11	67588280	169.9266503667604	74.5165
chr11	67588689	0.0	74.586
chr11	67590035	4.06690718268269	74.586
chr11	67605280	0.8803293786228632	74.648
chr11	67642198	5.887290167865873	74.6805
chr11	67683898	0.0	74.926
chr11	67697288	0.0	74.926
chr11	67714627	0.0	74.926
chr11	67741593	1.1129660545366968	74.926
chr11	67745187	4.787129038625992	74.93
chr11	67775581	0.19219927220524777	75.0755
chr11	67814603	5.701289799987312	75.083
chr11	67830652	18.043327154773483	75.1745
chr11	67847916	0.04888882680787391	75.486
chr11	67919507	0.0	75.4895
chr11	67949900	0.0	75.4895
chr11	67968074	0.4617580387874939	75.4895
chr11	67991896	2.8007326631453955	75.5005
chr11	68038848	1.5649628462056022	75.632
chr11	68083258	4.433063494685868	75.7015
chr11	68119576	0.0	75.8625
chr11	68122815	0.9226037929267392	75.8625
chr11	68142325	0.0	75.8805
chr11	68158919	0.0	75.8805
chr11	68174672	0.0	75.8805
chr11	68176422	0.0	75.8805
chr11	68196507	0.0	75.8805
chr11	68200259	0.0	75.8805
chr11	68202575	0.0	75.8805
chr11	68227594	0.0	75.8805
chr11	68229747	0.0	75.8805
chr11	68243121	0.34275082015399316	75.8805
chr11	68263544	13.536142897013859	75.8875
chr11	68277876	0.20638285896537797	76.0815
chr11	68331175	8.034610630408215	76.0925
chr11	68345737	0.3403993397184435	76.2095
chr11	68452964	0.0	76.246
chr11	68465800	5.368942731277737	76.246
chr11	68487592	0.3641693751764515	76.363
chr11	68597431	0.0	76.403
chr11	68624216	2.6563631972949824	76.403
chr11	68644921	0.0	76.458
chr11	68668412	0.0	76.458
chr11	68684501	3.2744082523646703	76.458
chr11	68707864	4.496474130417635	76.5345
chr11	68733106	7.419946842171783	76.648
chr11	68764710	1.275658123623192	76.8825
chr11	68781956	2.027322782039949	76.9045
chr11	68825363	0.4028609324061193	76.9925
chr11	68906036	0.0	77.025
chr11	68928233	0.34694916038271634	77.025
chr11	68949850	0.0	77.0325
chr11	68971415	0.0	77.0325
chr11	69018312	0.29340263224096746	77.0325
chr11	69030241	0.8492151464225592	77.036
chr11	69086175	1.3392654469514118	77.0835
chr11	69108202	1.6240995415847443	77.113
chr11	69146377	0.6175889328069326	77.175
chr11	69158521	0.8322461649191982	77.1825
chr11	69180750	1.1922276901225521	77.201
chr11	69220172	2.8015001581490946	77.248
chr11	69242303	3.748003113095333	77.31
chr11	69266716	0.2929973630240909	77.4015
chr11	69280368	2.8068454327441743	77.4055
chr11	69298716	0.9919457397203785	77.457
chr11	69357691	0.5646817248457741	77.5155
chr11	69377171	1.87748490649396	77.5265
chr11	69404335	1.6395651783309564	77.5775
chr11	69426597	1.2144733541905766	77.614
chr11	69502350	1.3824006101628545	77.706
chr11	69512839	0.1664605726244888	77.7205
chr11	69533865	3.8927335640133056	77.724
chr11	69544269	0.12223231123847526	77.7645
chr11	69572903	0.5490626715824772	77.768
chr11	69585652	2.702255556168153	77.775
chr11	69640051	7.18891276958415	77.922
chr11	69680530	0.6083235442193485	78.213
chr11	69704366	1.2887236679056382	78.2275
chr11	69724541	0.600432311263564	78.2535
chr11	69737032	0.0	78.261
chr11	69752160	0.0	78.261
chr11	69778100	2.1148386349153343	78.261
chr11	69795359	3.7589026642048378	78.2975
chr11	69825687	2.6553894571200125	78.4115
chr11	69840939	4.464285714285883	78.452
chr11	69855723	3.0039664022401027	78.518
chr11	69872867	1.4158885657422975	78.5695
chr11	69885933	8.692655280692497	78.588
chr11	69898990	0.8244023083266001	78.7015
chr11	69943871	2.6482669164803516	78.7385
chr11	69971625	0.0	78.812
chr11	70005818	0.42416016287792047	78.812
chr11	70023500	0.3684785647124134	78.8195
chr11	70062851	4.239553891986479	78.834
chr11	70075942	0.5328166626299675	78.8895
chr11	70096587	0.0	78.9005
chr11	70113195	12.319711538461803	78.9005
chr11	70124843	0.0	79.044
chr11	70148200	1.023425062542861	79.044
chr11	70187773	0.0	79.0845
chr11	70198954	3.0147131107251286	79.0845
chr11	70259988	0.2515132715169699	79.2685
chr11	70319627	0.15224010439332325	79.2835
chr11	70342617	1.0352426165016664	79.287
chr11	70410234	2.2514787254339823	79.357
chr11	70436439	0.0	79.416
chr11	70453938	0.7007539145562623	79.416
chr11	70474630	2.791456003688993	79.4305
chr11	70535351	1.6488201691833315	79.6
chr11	70667870	0.6336953077744497	79.8185
chr11	70702587	4.585875503449172	79.8405
chr11	70727664	0.2865511971472345	79.9555
chr11	70790480	2.6735391878219086	79.9735
chr11	70811239	4.273257492637592	80.029
chr11	70845873	2.394760006213277	80.177
chr11	70923125	2.118872328964328	80.362
chr11	70950970	0.5192107995841592	80.421
chr11	70965415	1.3663733209818782	80.4285
chr11	70987005	1.571792693288281	80.458
chr11	70998775	0.0	80.4765
chr11	71012876	0.4717772372723674	80.4765
chr11	71060568	4.462438146648757	80.499
chr11	71116143	0.5672236700905433	80.747
chr11	71148758	1.4931623083958743	80.7655
chr11	71330252	6.954523463957117	81.0365
chr11	71363324	5.870712401055944	81.2665
chr11	71386064	0.5565544995289889	81.4
chr11	71432780	1.0267419610767423	81.426
chr11	71454207	1.2901756915723457	81.448
chr11	71480560	0.058725817547316254	81.482
chr11	71599758	0.20082337584047985	81.489
chr11	71619676	0.0	81.493
chr11	71659863	0.0	81.493
chr11	71679573	2.672131998132326	81.493
chr11	71698846	0.2876243781095005	81.5445
chr11	71763166	2.6024723487311134	81.563
chr11	71780073	2.5030036043248107	81.607
chr11	71795055	3.059177532597791	81.6445
chr11	71834935	0.1532533496804668	81.7665
chr11	71857773	0.6250260427518051	81.77
chr11	71905771	0.0	81.8
chr11	71945922	0.6614774020860592	81.8
chr11	71978425	0.9776763891152399	81.8215
chr11	72009110	0.0	81.8515
chr11	72023209	0.06524008350738662	81.8515
chr11	72084521	0.1744190655894283	81.8555
chr11	72210654	1.1638316920320613	81.8775
chr11	72232994	0.103528854970938	81.9035
chr11	72266801	0.37554369759207706	81.907
chr11	72356005	0.5727908848846079	81.9405
chr11	72388303	6.81609647398081	81.959
chr11	72403561	1.8974484898540918	82.063
chr11	72448358	0.8799635443674065	82.148
chr11	72511997	0.6252849605940444	82.204
chr11	72588762	0.42205425315619427	82.252
chr11	72614825	1.5025685800726525	82.263
chr11	72664074	8.145873801616357	82.337
chr11	72680033	89.85234055922129	82.467
chr11	72683216	0.8215609658350228	82.753
chr11	72733121	0.48699039933247545	82.794
chr11	72740308	2.4646851088878488	82.7975
chr11	72767492	0.0	82.8645
chr11	72807937	3.776072884199723	82.8645
chr11	72824621	0.0	82.9275
chr11	72841484	1.5919971095657524	82.9275
chr11	72885768	0.0	82.998
chr11	72890998	0.0	82.998
chr11	72902246	1.1098987922795722	82.998
chr11	72928825	0.23460410557130074	83.0275
chr11	72945875	0.7675527187527453	83.0315
chr11	72970629	0.4639979752813802	83.0505
chr11	72994336	0.0	83.0615
chr11	73018642	5.674783326455511	83.0615
chr11	73033180	12.065745237205046	83.144
chr11	73046565	2.21729490022221	83.3055
chr11	73070468	8.824775262389984	83.3585
chr11	73091715	7.563235662409028	83.546
chr11	73111680	10.850347099439773	83.697
chr11	73165411	4.728327127747308	84.28
chr11	73195760	0.6757586927138272	84.4235
chr11	73212038	0.8829513608966231	84.4345
chr11	73238087	0.0	84.4575
chr11	73260184	7.94164005981491	84.4575
chr11	73284927	6.41666026281417	84.654
chr11	73310953	0.2778549597113704	84.821
chr11	73325349	1.9841269841270595	84.825
chr11	73340469	0.19883680469208517	84.855
chr11	73360586	3.8793983529573373	84.859
chr11	73375279	0.0	84.916
chr11	73389663	5.820047443041119	84.916
chr11	73407790	5.906962058622111	85.0215
chr11	73445796	0.09045026140125888	85.246
chr11	73611633	5.195843325341818	85.261
chr11	73616637	4.519687452121763	85.287
chr11	73642745	0.0	85.405
chr11	73731689	0.0	85.405
chr11	73747424	0.0	85.405
chr11	73774394	0.0	85.405
chr11	73794644	0.18261504747974627	85.405
chr11	73835714	2.694538424359753	85.4125
chr11	73877094	1.2431444241318474	85.524
chr11	73904444	1.3371755535283882	85.558
chr11	74000916	5.246982984783771	85.687
chr11	74027598	1.2093689068785816	85.827
chr11	74108632	1.250679717237419	85.925
chr11	74127022	4.0589066737977175	85.948
chr11	74179376	0.13578193421381882	86.1605
chr11	74208835	5.3470988750737725	86.1645
chr11	74235859	0.0	86.309
chr11	74329312	1.7030123413101734	86.309
chr11	74351919	2.0364684504040893	86.3475
chr11	74383837	12.762916071063916	86.4125
chr11	74403425	0.0	86.6625
chr11	74424925	0.0	86.6625
chr11	74441325	0.0	86.6625
chr11	74457638	2.000364978873514	86.6625
chr11	74528875	0.6504892810678244	86.805
chr11	74546554	0.07343530349737291	86.8165
chr11	74594215	0.0	86.82
chr11	74608981	3.0126833971020552	86.82
chr11	74642174	0.2503922812403826	86.92
chr11	74672127	0.10433123677236418	86.9275
chr11	74705674	0.4523863379331473	86.931
chr11	74714516	3.222748815165101	86.935
chr11	74725066	14.010943458797144	86.969
chr11	74737128	0.3398546013357192	87.138
chr11	74804804	0.8925568519906398	87.161
chr11	74843457	0.41404652847877604	87.1955
chr11	74882100	0.0	87.2115
chr11	74903773	4.867927539700968	87.2115
chr11	74916304	0.0	87.2725
chr11	74974895	0.0	87.2725
chr11	74999585	1.5002278827165088	87.2725
chr11	75078573	3.902636222994421	87.391
chr11	75207204	0.3778668594334648	87.893
chr11	75237638	0.0	87.9045
chr11	75301901	0.0	87.9045
chr11	75322606	0.0	87.9045
chr11	75359557	0.21842407033262357	87.9045
chr11	75432809	0.6081966190503909	87.9205
chr11	75464871	0.3024681400228823	87.94
chr11	75489667	0.0	87.9475
chr11	75508410	3.1403494645297023	87.9475
chr11	75533248	7.261828130029338	88.0255
chr11	75558104	5.998753505764894	88.206
chr11	75596612	0.2931476731407027	88.437
chr11	75610257	0.0	88.441
chr11	75635405	0.0	88.441
chr11	75648640	0.18316695668058786	88.441
chr11	75670478	1.1909452344282547	88.445
chr11	75726316	0.3110419906691204	88.5115
chr11	75739176	1.6535232765194297	88.5155
chr11	75750969	3.2113504000581803	88.535
chr11	75806086	1.0575154345122093	88.712
chr11	75940363	8.311229000884278	88.854
chr11	75962983	0.7862586186038318	89.042
chr11	75987784	1.090170918751159	89.0615
chr11	76027686	3.3590863285185715	89.105
chr11	76051502	1.474817491335503	89.185
chr11	76092185	1.0679855212701208	89.245
chr11	76231700	9.40099833610645	89.394
chr11	76243720	1.734354675531212	89.507
chr11	76257558	4.739604969975761	89.531
chr11	76284037	0.9740512740592878	89.6565
chr11	76296870	0.0	89.669
chr11	76306365	2.753445832796475	89.669
chr11	76337417	0.0	89.7545
chr11	76352923	11.179598743050658	89.7545
chr11	76377745	0.3206767145371087	90.032
chr11	76493126	1.274479328566889	90.069
chr11	76509211	1.8736861347224576	90.0895
chr11	76520152	2.151563991425084	90.11
chr11	76584059	0.38587252587606474	90.2475
chr11	76606087	2.640798107872575	90.256
chr11	76662320	2.368787738040694	90.4045
chr11	76673085	0.11851461680255637	90.43
chr11	76711055	1.1120007116807082	90.4345
chr11	76722296	2.5899597729650656	90.447
chr11	76740443	0.11811953697160606	90.494
chr11	76778540	0.3153827958683106	90.4985
chr11	76803906	2.7415060851927264	90.5065
chr11	76835458	1.6870421298327585	90.593
chr11	76878729	2.835866129800412	90.666
chr11	76901826	0.12596926349990975	90.7315
chr11	76937549	4.114690486731458	90.736
chr11	76975948	9.372907833072802	90.894
chr11	77002834	0.8350730688934077	91.146
chr11	77033969	1.3740251195014408	91.172
chr11	77085642	0.2210245337233322	91.243
chr11	77144459	0.6069855364017306	91.256
chr11	77173290	1.3396375098499533	91.2735
chr11	77179635	0.8488697456535046	91.282
chr11	77211442	0.8746451911016778	91.309
chr11	77241740	0.8159623129919005	91.3355
chr11	77366133	0.0	91.437
chr11	77425534	1.148415187041973	91.437
chr11	77475603	1.3631825512633045	91.4945
chr11	77501645	0.2379399686270583	91.53
chr11	77558382	3.4926405075020126	91.5435
chr11	77586441	0.9398496240603884	91.6415
chr11	77609849	0.0	91.6635
chr11	77641337	0.0	91.6635
chr11	77675894	0.0	91.6635
chr11	77700867	0.06109564863223509	91.6635
chr11	77774522	0.29785544082606374	91.668
chr11	77804738	0.07216974323598006	91.677
chr11	77867091	0.0	91.6815
chr11	77869055	0.7342926511517452	91.6815
chr11	77953490	0.6933566164197381	91.7435
chr11	78031372	1.2952948414884964	91.7975
chr11	78062253	0.07804235098234621	91.8375
chr11	78119914	0.08604371020492316	91.842
chr11	78172213	0.1999733368881067	91.8465
chr11	78194716	0.3675698382691607	91.851
chr11	78232804	0.42613636363705265	91.865
chr11	78243364	0.0	91.8695
chr11	78247676	0.355057598232055	91.8695
chr11	78260350	0.5062042469240393	91.874
chr11	78298872	2.3230152738249634	91.8935
chr11	78316091	0.3737145508123674	91.9335
chr11	78432490	0.23196474135932216	91.977
chr11	78484222	0.1961874243861043	91.989
chr11	78514805	0.0	91.995
chr11	78559900	0.12098481640554568	91.995
chr11	78659086	0.7658922644881577	92.007
chr11	78666920	0.0	92.013
chr11	78692292	0.0	92.013
chr11	78751362	0.5054201958938331	92.013
chr11	78780051	0.0	92.0275
chr11	78818687	0.0	92.0275
chr11	78818925	0.0	92.0275
chr11	78901652	0.38848548215359496	92.0275
chr11	79005903	0.0	92.068
chr11	79072520	0.0	92.068
