Chromosome	Position(bp)	Rate(cM/Mb)	Map(cM)
chr18	0	0.0	0.0
chr18	143715	0.1289138236871416	0.0
chr18	240679	1.142588824542182	0.0125
chr18	304569	0.0	0.0855
chr18	350461	0.0	0.0855
chr18	397342	2.1301188903566706	0.0855
chr18	427622	0.36203775536591704	0.15
chr18	446957	2.7503793626707136	0.157
chr18	489133	0.5925115653699778	0.273
chr18	576895	0.0	0.325
chr18	595624	0.8262151718527551	0.325
chr18	634960	0.23282394276764193	0.3575
chr18	658583	0.12080493932098903	0.363
chr18	1002112	1.0931806350858921	0.4045
chr18	1040532	2.7830287754673355	0.4465
chr18	1050054	4.231150415491347	0.473
chr18	1102522	0.19425019425019682	0.695
chr18	1125688	5.424906467129879	0.6995
chr18	1144398	1.1556876341423064	0.801
chr18	1156512	3.7671026460128987	0.815
chr18	1173103	0.7163323782234973	0.8775
chr18	1239413	0.0	0.925
chr18	1248770	9.861139062185552	0.925
chr18	1263677	1.2028942922206693	1.072
chr18	1318129	1.190389427398392	1.1375
chr18	1441618	0.0	1.2845
chr18	1472816	1.0222416934925747	1.2845
chr18	1630313	2.7631490271212216	1.4455
chr18	1734180	8.767113886696636	1.7325
chr18	1763323	0.26172871818360294	1.988
chr18	1778606	0.17487227234702185	1.992
chr18	1990189	0.8279140571794874	2.029
chr18	2065076	2.4479356960175354	2.091
chr18	2119816	1.3043380484404126	2.225
chr18	2164283	1.5077864794310958	2.283
chr18	2208719	4.493866036869369	2.35
chr18	2223962	0.404800457186407	2.4185
chr18	2244960	4.602322321263256	2.427
chr18	2282767	0.5282077617196101	2.601
chr18	2350922	6.535947712418286	2.637
chr18	2362244	1.3996976653043143	2.711
chr18	2380105	2.9594878989828084	2.736
chr18	2425721	1.6254567889516347	2.871
chr18	2467863	7.870507870507928	2.9395
chr18	2474597	0.12219897047367387	2.9925
chr18	2540064	5.868872617517186	3.0005
chr18	2557955	6.175081729022882	3.1055
chr18	2585485	0.0	3.2755
chr18	2607156	1.617405946736384	3.2755
chr18	2652290	0.3043985591801535	3.3485
chr18	2691712	12.120375483158478	3.3605
chr18	2709822	5.687403454570984	3.58
chr18	2724064	6.640014249807036	3.661
chr18	2774591	0.8289338140612909	3.9965
chr18	2836719	0.4643962848297046	4.048
chr18	2862559	4.1919581474898555	4.06
chr18	2892378	5.508618822145911	4.185
chr18	2924691	0.0	4.363
chr18	2927518	3.2741468328925762	4.363
chr18	2975164	0.3399832436829848	4.519
chr18	3057521	2.879642689233737	4.547
chr18	3066029	0.9838241014025044	4.5715
chr18	3109736	0.5258314710135406	4.6145
chr18	3124950	7.035214516377119	4.6225
chr18	3137956	4.129601285101611	4.714
chr18	3203943	0.0	4.9865
chr18	3237136	0.2497450519261497	4.9865
chr18	3285185	4.218319559228644	4.9985
chr18	3331649	19.40458015267177	5.1945
chr18	3364399	8.413597733711066	5.83
chr18	3382049	3.4504632655415017	5.9785
chr18	3434071	5.579683050993699	6.158
chr18	3468840	10.101873376179395	6.352
chr18	3498092	0.33669161637874956	6.6475
chr18	3613925	9.678468795749069	6.6865
chr18	3650811	1.5386394158506544	7.0435
chr18	3875685	1.0717114766320361	7.3895
chr18	3918607	0.3939840350817035	7.4355
chr18	3976985	10.839656466271983	7.4585
chr18	3988978	5.5706350208307	7.5885
chr18	4020662	0.29409602235133064	7.765
chr18	4034263	47.97555385790681	7.769
chr18	4040808	0.32693054857997983	8.083
chr18	4146335	0.5532323413118229	8.1175
chr18	4207792	2.261500922454339	8.1515
chr18	4224595	0.517668242178701	8.1895
chr18	4246810	0.0	8.201
chr18	4271504	10.503425922126953	8.201
chr18	4295877	4.124883395522354	8.457
chr18	4330181	0.18658705618939783	8.5985
chr18	4348939	0.6756085444609821	8.602
chr18	4399264	3.5827928781364826	8.636
chr18	4440433	0.0	8.7835
chr18	4467974	1.0887004354801815	8.7835
chr18	4502878	0.32192145116591114	8.8215
chr18	4538601	0.12232202145874073	8.833
chr18	4567214	0.0	8.8365
chr18	4570817	3.3413245430027083	8.8365
chr18	4637557	2.658323139173792	9.0595
chr18	4658811	0.0	9.116
chr18	4689021	3.779670412740063	9.116
chr18	4708864	1.3974196483701948	9.191
chr18	4770406	0.8224135095126142	9.277
chr18	4788645	1.9945178615203134	9.292
chr18	4833518	0.14027081618909457	9.3815
chr18	4886986	0.44174814465780915	9.389
chr18	4903964	0.7904293954283067	9.3965
chr18	4927369	1.9729482355334347	9.415
chr18	4976534	1.367137433931864	9.512
chr18	5058457	0.32985017190268323	9.624
chr18	5294928	7.841068917018248	9.702
chr18	5309148	2.1842586943258335	9.8135
chr18	5350123	2.389162561576343	9.903
chr18	5390723	4.5188848920863425	10.0
chr18	5412963	0.21259325113059474	10.1005
chr18	5464705	1.1128151417670362	10.1115
chr18	5518173	0.0	10.171
chr18	5523609	1.1315656139165708	10.171
chr18	5553214	2.3897845627050995	10.2045
chr18	5581250	2.5603397133668695	10.2715
chr18	5613277	2.346341119187057	10.3535
chr18	5641619	0.8325316362022073	10.42
chr18	5668645	11.549506804844471	10.4425
chr18	5676654	1.6070601694222557	10.535
chr18	5713367	1.7484071714328362	10.594
chr18	5747112	0.9777925091149735	10.653
chr18	5777282	0.538488014478118	10.6825
chr18	5867349	3.955335138588882	10.731
chr18	5900216	0.0	10.861
chr18	5909014	4.052287581699283	10.861
chr18	5928139	3.661745301801213	10.9385
chr18	6056220	2.691514125489366	11.4075
chr18	6131828	4.212299915753986	11.611
chr18	6155568	29.419213236535505	11.711
chr18	6167414	2.403038784486202	12.0595
chr18	6292464	2.040350618145711	12.36
chr18	6366961	2.335631891702921	12.512
chr18	6398430	5.04587155963349	12.5855
chr18	6400610	11.677798016595794	12.5965
chr18	6425315	0.30392726888312926	12.885
chr18	6463153	1.1183229541268735	12.8965
chr18	6485955	2.1084072740050974	12.922
chr18	6508721	8.310582945238435	12.97
chr18	6533629	1.2321720112127938	13.177
chr18	6566092	2.4968789013732824	13.217
chr18	6634177	3.90104083089403	13.387
chr18	6814898	3.026634382566553	14.092
chr18	6842982	7.883684947319295	14.177
chr18	6883699	1.5262560276053319	14.498
chr18	6951512	2.6058137475649494	14.6015
chr18	6991039	0.31525071704085855	14.7045
chr18	7071927	0.0	14.73
chr18	7101087	6.331151411095533	14.73
chr18	7110406	1.4818455306347482	14.789
chr18	7177552	0.761340370587568	14.8885
chr18	7274749	191.91919191919064	14.9625
chr18	7275442	0.0	15.0955
chr18	7300336	0.0	15.0955
chr18	7306602	3.901084369214563	15.0955
chr18	7314164	3.6410341008177722	15.125
chr18	7356597	0.20028039254956004	15.2795
chr18	7391548	0.0	15.2865
chr18	7404575	1.5165743769092042	15.2865
chr18	7497218	1.7488992222542459	15.427
chr18	7570121	0.35986756873463405	15.5545
chr18	7590962	0.04848308546357509	15.562
chr18	7673465	0.4876102664124843	15.566
chr18	7696024	0.0	15.577
chr18	7734439	0.42491198251790874	15.577
chr18	7775624	0.0	15.5945
chr18	7777684	0.0	15.5945
chr18	7787251	3.6290233625273074	15.5945
chr18	7832580	2.8594638505279995	15.759
chr18	7863355	0.28252215230512706	15.847
chr18	7941225	2.1167592109703603	15.869
chr18	7973822	0.5733056493848435	15.938
chr18	8006091	4.138602613000094	15.9565
chr18	8018414	0.14311799832204689	16.0075
chr18	8119729	0.0	16.022
chr18	8124231	0.891265597147955	16.022
chr18	8165184	0.0	16.0585
chr18	8190335	0.14137894141564697	16.0585
chr18	8321189	1.0519442832269268	16.077
chr18	8348757	0.1456603616538256	16.106
chr18	8396814	1.0937292854302416	16.113
chr18	8426986	0.2962883154662294	16.146
chr18	8464112	2.298058140870915	16.157
chr18	8481518	2.924149338374297	16.197
chr18	8515374	2.5793385429603464	16.296
chr18	8567713	0.0	16.431
chr18	8575614	0.0	16.431
chr18	8587607	0.7303631896951884	16.431
chr18	8602668	2.7767139027192567	16.442
chr18	8613112	0.0	16.471
chr18	8625274	5.455334449197258	16.471
chr18	8641405	0.48966221749444766	16.559
chr18	8759854	0.44356627283355105	16.617
chr18	8784653	0.4090351315729828	16.628
chr18	8828659	1.317803094711733	16.646
chr18	8875707	0.0	16.708
chr18	8938736	0.15380313199109039	16.708
chr18	9010256	2.1444302770371526	16.719
chr18	9018883	0.0	16.7375
chr18	9041612	0.20793164719668883	16.7375
chr18	9094514	0.0	16.7485
chr18	9106216	0.0	16.7485
chr18	9130782	0.22208267601969237	16.7485
chr18	9196073	0.18791946308719187	16.763
chr18	9233323	0.2517707878747284	16.77
chr18	9263112	0.8255016510032958	16.7775
chr18	9294608	0.1624695369618533	16.8035
chr18	9337693	0.6715506715506248	16.8105
chr18	9386833	0.19761768473848684	16.8435
chr18	9460207	1.1460720983537438	16.858
chr18	9469805	1.5040566556655421	16.869
chr18	9527981	1.4123840400603629	16.9565
chr18	9559134	0.0	17.0005
chr18	9589536	1.8673336531213898	17.0005
chr18	9618722	0.5852630048347863	17.055
chr18	9756267	34.19811320754707	17.1355
chr18	9757115	3.686825394048582	17.1645
chr18	9871441	0.0	17.586
chr18	9887742	0.08305647840534336	17.586
chr18	9935902	5.143416970554619	17.59
chr18	9954275	2.326952312990605	17.6845
chr18	10083199	0.11542393562638752	17.9845
chr18	10113522	1.013021991895834	17.988
chr18	10279856	0.39240906464936953	18.1565
chr18	10371597	0.29909184838763436	18.1925
chr18	10481931	1.8902563405181119	18.2255
chr18	10555466	0.670602501132985	18.3645
chr18	10718752	3.1428170857089253	18.474
chr18	10761548	6.025432500369711	18.6085
chr18	10802126	1.384123979652163	18.853
chr18	10844391	1.8447387041342465	18.9115
chr18	10883963	7.562455104158309	18.9845
chr18	10909021	9.092877246157137	19.174
chr18	10936735	10.687904923038845	19.426
chr18	10960968	20.960777258006846	19.685
chr18	10966526	2.4554526818498843	19.8015
chr18	11010917	0.2741242732363853	19.9105
chr18	11384835	0.24483498792592331	20.013
chr18	11533915	6.972697416793326	20.0495
chr18	11574717	4.1463352969433345	20.334
chr18	11653823	1.145585876734989	20.662
chr18	11736750	0.0	20.757
chr18	11763384	4.360561880034626	20.757
chr18	11778405	0.09334453467746659	20.8225
chr18	11853396	0.1318217769575584	20.8295
chr18	11910291	0.7016868980452596	20.837
chr18	12050667	0.0	20.9355
chr18	12121758	0.5500439025866933	20.9355
chr18	12220841	0.2736826740621911	20.99
chr18	12248245	0.057737673006854305	20.9975
chr18	12308864	0.14143771436645744	21.001
chr18	12337145	0.4804172767203696	21.005
chr18	12359001	0.30327537403963944	21.0155
chr18	12418353	0.0	21.0335
chr18	12455381	0.3099573808602353	21.0335
chr18	12468286	0.0220861992806143	21.0375
chr18	12626756	1.113058305309539	21.041
chr18	12668982	0.2970885323826293	21.088
chr18	12706008	0.07055420326668317	21.099
chr18	12762702	0.42219541616392625	21.103
chr18	12770992	0.5577352104007302	21.1065
chr18	12796990	0.0	21.121
chr18	12817911	2.686194877042616	21.121
chr18	12849182	0.0	21.205
chr18	12860968	0.19593270724953357	21.205
chr18	12934973	1.981608599922273	21.2195
chr18	12973578	1.5741226581067913	21.296
chr18	13005977	4.852125693160815	21.347
chr18	13025453	1.7616580310879042	21.4415
chr18	13039928	0.0	21.467
chr18	13063062	0.5110073750794	21.467
chr18	13099265	4.5634750862782045	21.4855
chr18	13134326	0.5497261676527506	21.6455
chr18	13279853	0.0	21.7255
chr18	13327464	0.0	21.7255
chr18	13354309	0.0	21.7255
chr18	13376722	0.27601781569535744	21.7255
chr18	13456427	3.948501066656792	21.7475
chr18	13483146	0.0	21.853
chr18	13509435	3.6516432394576874	21.853
chr18	13549417	0.27597495289396345	21.999
chr18	13601958	0.13648949030920518	22.0135
chr18	13627601	3.134848233537901	22.017
chr18	13657746	0.0	22.1115
chr18	13703706	0.09820246787072814	22.1115
chr18	13820811	0.9933156987783719	22.123
chr18	13911920	0.0	22.2135
chr18	13934613	0.48365112632089885	22.2135
chr18	14002844	1.626849705829925	22.2465
chr18	14025280	0.0	22.283
chr18	14036121	0.0	22.283
chr18	14073853	0.08591487063672612	22.283
chr18	14114591	3.282994090610567	22.2865
chr18	14126775	0.3530706764418917	22.3265
chr18	14271222	0.7723356717941139	22.3775
chr18	14379983	1.6767785372347264	22.4615
chr18	14419046	3.7835792659855416	22.527
chr18	14429618	2.149737683693879	22.567
chr18	14533119	1.4164805750608624	22.7895
chr18	14731498	3.4179687500000204	23.0705
chr18	14785770	2.1592328372742924	23.256
chr18	14833009	4.639605963322892	23.358
chr18	14855748	0.0	23.4635
chr18	14878819	4.73095606683395	23.4635
chr18	14953751	2.543515123407579	23.818
chr18	15022750	3.1662665066026188	23.9935
chr18	15056070	3.5460040295500246	24.099
chr18	15130520	0.0	24.363
chr18	15164027	3.198777960949211	24.363
chr18	15230146	0.7058127091824089	24.5745
chr18	15317988	1.612039666651112	24.6365
chr18	15403904	4.259744700250733	24.775
chr18	15439000	0.9303817773501273	24.9245
chr18	15454585	1.1166634097316976	24.939
chr18	15490406	0.33757933114283134	24.979
chr18	15512623	3.862771466994808	24.9865
chr18	15547572	0.35207860759629817	25.1215
chr18	15733610	0.734129840218725	25.187
chr18	15768345	0.08720785369020036	25.2125
chr18	15808479	1.7025110575460252	25.216
chr18	15893941	0.16809547823161708	25.3615
chr18	15941533	0.0	25.3695
chr18	15946959	0.2275460780808585	25.3695
chr18	15977722	0.1829065513801003	25.3765
chr18	16037862	0.0	25.3875
chr18	16070855	0.23207497126691712	25.3875
chr18	16116099	0.0	25.398
chr18	16144022	2.6917216861351356	25.398
chr18	16183402	0.5892275342560116	25.504
chr18	16226679	0.2362669816893306	25.5295
chr18	16319794	1.0037989931123594	25.5515
chr18	16352171	0.6630996478712194	25.584
chr18	16395905	3.6060444173090143	25.613
chr18	16422111	3.7660611431102913	25.7075
chr18	16442424	11.78023267181541	25.784
chr18	16473111	6.475759737825482	26.1455
chr18	16555804	1.4962782925717426	26.681
chr18	16621634	0.6226297617027671	26.7795
chr18	16639301	3.763494107160498	26.7905
chr18	16689786	2.0623329615521997	26.9805
chr18	16737305	1.068328010435945	27.0785
chr18	16781767	15.105027141845659	27.126
chr18	16807189	1.4177362074854472	27.51
chr18	17020910	0.2718309652203229	27.813
chr18	17088967	5.399203617466548	27.8315
chr18	17103784	0.7191370355573585	27.9115
chr18	17153844	0.26026262865253125	27.9475
chr18	17196109	0.1872558985607484	27.9585
chr18	17214800	0.8594258106475665	27.962
chr18	17236326	0.36796426940064286	27.9805
chr18	17275732	14.252396994039833	27.995
chr18	17279591	0.11381003479331929	28.05
chr18	17310344	0.15463462048246587	28.0535
chr18	17378246	0.7384123457124783	28.064
chr18	17452053	0.10207355128463788	28.1185
chr18	17486342	9.110988404196922	28.122
chr18	17489964	0.24373895557844025	28.155
chr18	17506375	0.0	28.159
chr18	17552506	0.0	28.159
chr18	17598772	0.0	28.159
chr18	17646389	0.0	28.159
chr18	17672603	0.9555731969069542	28.159
chr18	17706614	0.9783353465143498	28.1915
chr18	17848181	0.14176353841802022	28.33
chr18	17872870	0.8270728513336048	28.3335
chr18	17916397	1.1790929060602209	28.3695
chr18	18040221	0.5441890266916042	28.5155
chr18	18154152	0.11090386651206566	28.5775
chr18	18253337	0.0	28.5885
chr18	18368590	0.18404827323279932	28.5885
chr18	18444657	0.8900435399678283	28.6025
chr18	18486228	0.05725222056825199	28.6395
chr18	18547361	3.3790075828122625	28.643
chr18	18584946	0.0	28.77
chr18	18683137	0.11263798152736317	28.77
chr18	18780795	0.3747724595781909	28.781
chr18	18799473	1.0849864993157308	28.788
chr18	18880580	4.34191606003413	28.876
chr18	18969596	0.06745528021536161	29.2625
chr18	19132667	0.42288196958725793	29.2735
chr18	19305292	0.7028600547059467	29.3465
chr18	19476023	0.529775808510089	29.4665
chr18	19517550	17.02253687981272	29.4885
chr18	19553003	0.14714833220743914	30.092
chr18	19702512	0.5748590390559974	30.114
chr18	19847765	0.23626698168917798	30.1975
chr18	19864695	2.149339277185243	30.2015
chr18	19889819	1.636569551094561	30.2555
chr18	19970170	1.2767326597113746	30.387
chr18	20116246	3.1463292825037468	30.5735
chr18	20146281	5.279329608938549	30.668
chr18	20164181	0.0	30.7625
chr18	20168004	2.9054065388421977	30.7625
chr18	20466069	0.0	31.6285
chr18	20484601	0.0	31.6285
chr18	20535800	0.17515461925011758	31.6285
chr18	20618584	0.4064769032028175	31.643
chr18	20708380	0.8538307444747233	31.6795
chr18	20738831	1.0342598577892474	31.7055
chr18	20777506	0.7728526586131609	31.7455
chr18	20861610	5.6300712038416005	31.8105
chr18	20903883	9.641087785579552	32.0485
chr18	20931940	9.858962070381923	32.319
chr18	20961152	2.5635124595655214	32.607
chr18	21039365	0.0	32.8075
chr18	21051133	0.6081379920389438	32.8075
chr18	21105397	1.3899598230591337	32.8405
chr18	21154679	0.44165709742957243	32.909
chr18	21188642	0.0	32.924
chr18	21218068	0.0	32.924
chr18	21244501	0.1284120927503119	32.924
chr18	21271757	3.0770672581300604	32.9275
chr18	21303768	3.616368827323662	33.026
chr18	21351053	0.7675273038401226	33.197
chr18	21470267	6.785331061036527	33.2885
chr18	21501953	0.0	33.5035
chr18	21522631	0.8669572144897121	33.5035
chr18	21543970	0.0	33.522
chr18	21582772	3.466135458167462	33.522
chr18	21607872	2.561057468890355	33.609
chr18	21704707	5.19359420572704	33.857
chr18	21796936	0.0	34.336
chr18	21884674	1.9448946515397818	34.336
chr18	21893929	0.0	34.354
chr18	21908254	0.6299874002520188	34.354
chr18	21924921	2.9345681016291665	34.3645
chr18	22041974	0.151699029126252	34.708
chr18	22114486	0.05820334586083407	34.719
chr18	22174620	0.04971449674728703	34.7225
chr18	22245022	3.9450986274656588	34.726
chr18	22311687	0.2511415525114791	34.989
chr18	22355487	0.02984463734504239	35.0
chr18	22472761	0.02971667275147009	35.0035
chr18	22590540	0.0	35.007
chr18	22628555	0.059400563456815804	35.007
chr18	22687477	0.06715401293199219	35.0105
chr18	22739596	0.29945292254530664	35.014
chr18	22826421	0.0	35.04
chr18	22855562	0.0	35.04
chr18	22914131	0.030657113326231115	35.04
chr18	23028297	0.4432624113475345	35.0435
chr18	23068905	0.0	35.0615
chr18	23091287	0.15821449666695395	35.0615
chr18	23138691	0.9764294472953393	35.069
chr18	23160710	1.4246082327359924	35.0905
chr18	23280743	0.198713590963818	35.2615
chr18	23376358	0.06445790898534771	35.2805
chr18	23430657	0.3520732312320717	35.284
chr18	23493144	0.0	35.306
chr18	23519440	1.2948000828674997	35.306
chr18	23538748	0.0	35.331
chr18	23582102	0.0	35.331
chr18	23612973	0.0	35.331
chr18	23642799	0.07399890058766535	35.331
chr18	23690097	0.37013358457553813	35.3345
chr18	23779254	1.0723949052992432	35.3675
chr18	23809560	0.0	35.4
chr18	23838485	0.0	35.4
chr18	23850296	0.0	35.4
chr18	23886194	0.0	35.4
chr18	23902756	0.0	35.4
chr18	23920930	0.0	35.4
chr18	23933284	0.07337680035226109	35.4
chr18	23980983	0.0	35.4035
chr18	24002130	0.0	35.4035
chr18	24031741	0.0	35.4035
chr18	24097504	0.0	35.4035
chr18	24134624	0.0	35.4035
chr18	24151663	0.1629802095457693	35.4035
chr18	24173138	0.0	35.407
chr18	24201685	0.0	35.407
chr18	24224817	0.5145523394647089	35.407
chr18	24324904	0.0	35.4585
chr18	24350044	1.756632803170618	35.4585
chr18	24407825	1.5830643158678046	35.56
chr18	24456149	0.17956252040484832	35.6365
chr18	24701189	0.18812147272213897	35.6805
chr18	24719794	3.8255194410133133	35.684
chr18	24774035	0.6699963454745046	35.8915
chr18	24823289	0.6239555915744206	35.9245
chr18	24962722	1.5703069236261256	36.0115
chr18	24990742	0.5800294969774286	36.0555
chr18	25162285	1.2412459496184653	36.155
chr18	25200553	25.463651690965015	36.2025
chr18	25220719	0.3685277317118035	36.716
chr18	25329259	3.956733815706142	36.756
chr18	25397118	0.020132992798114376	37.0245
chr18	25570962	0.0	37.028
chr18	25592368	0.0	37.028
chr18	25615123	1.5905226786597635	37.028
chr18	25633356	1.1839766155834828	37.057
chr18	25775673	2.2278628951260915	37.2255
chr18	25885195	1.150919630821812	37.4695
chr18	26156717	0.8514429078745013	37.782
chr18	26321731	0.664761018413866	37.9225
chr18	26381903	0.29867388793756855	37.9625
chr18	26407014	17.48431365354278	37.97
chr18	26434267	0.0	38.4465
chr18	26452694	0.042588919579982	38.4465
chr18	26534875	0.7067984426474693	38.45
chr18	26618350	0.0	38.509
chr18	26640610	0.4910011343819297	38.509
chr18	26758736	0.11544605860917496	38.567
chr18	26918984	0.12077395280652164	38.5855
chr18	27039043	0.0	38.6
chr18	27292648	0.0	38.6
chr18	27380007	0.0	38.6
chr18	27437067	0.0	38.6
chr18	27462019	0.0	38.6
chr18	27579446	0.0	38.6
chr18	27607354	0.15966789078707422	38.6
chr18	27632406	0.08798634451933393	38.604
chr18	27802887	0.7776329572441724	38.619
chr18	28053005	0.023348256760808133	38.8135
chr18	28224324	0.04735147420923218	38.8175
chr18	28382714	0.0	38.825
chr18	28399957	0.0	38.825
chr18	28572307	0.0	38.825
chr18	28590940	0.0	38.825
chr18	28612179	0.9187243575221287	38.825
chr18	28651908	0.4210460655584478	38.8615
chr18	28748097	6.365436512108799	38.902
chr18	28862229	0.0	39.6285
chr18	28930670	0.14735601212510085	39.6285
chr18	28954422	0.0	39.632
chr18	28969011	0.0	39.632
chr18	28988290	10.46953394623138	39.632
chr18	29022771	0.1868338965427292	39.993
chr18	29084323	0.1543550165381478	40.0045
chr18	29106998	0.0	40.008
chr18	29122173	0.16520343623147987	40.008
chr18	29185731	0.16182451749315982	40.0185
chr18	29278424	0.10781438675177224	40.0335
chr18	29347988	0.015977248398300375	40.041
chr18	29598344	0.0	40.045
chr18	29626448	1.6179436600988584	40.045
chr18	29671567	0.36574661074808756	40.118
chr18	29692073	0.0	40.1255
chr18	29738684	0.07855305276796967	40.1255
chr18	29789605	0.45902442009916666	40.1295
chr18	29838622	0.0	40.152
chr18	29866706	0.0	40.152
chr18	29899436	0.04480057344737214	40.152
chr18	29977560	0.03594905505336273	40.1555
chr18	30074920	0.0	40.159
chr18	30120120	0.0	40.159
chr18	30141082	0.0	40.159
chr18	30164241	0.9194556822361512	40.159
chr18	30180555	0.022450144643090815	40.174
chr18	30336456	0.036651133567154257	40.1775
chr18	30431951	0.8192907571865259	40.181
chr18	30530817	0.46325542219426347	40.262
chr18	30554562	0.1247016939869032	40.273
chr18	30759050	0.7269907429845669	40.2985
chr18	30779683	0.08990408164533947	40.3135
chr18	30940966	0.2236869575591364	40.328
chr18	30974495	0.3987157156946751	40.3355
chr18	31022148	0.0	40.3545
chr18	31064080	0.7041151619465139	40.3545
chr18	31089644	0.14152278516822595	40.3725
chr18	31114375	0.3407939578152909	40.376
chr18	31168660	0.0942862530643271	40.3945
chr18	31285326	4.473063311049924	40.4055
chr18	31336186	0.0	40.633
chr18	31401987	1.6433581859090407	40.633
chr18	31447321	4.109156042566424	40.7075
chr18	31466303	0.33800715642742135	40.7855
chr18	31552100	0.03404338099402194	40.8145
chr18	31654910	0.43492194295667846	40.818
chr18	31698596	1.9897922763937377	40.837
chr18	31754632	0.0	40.9485
chr18	31767975	0.0	40.9485
chr18	31810434	0.48912584318625213	40.9485
chr18	32035325	0.0	41.0585
chr18	32113090	0.0	41.0585
chr18	32158188	0.9422867102149233	41.0585
chr18	32228761	0.05447108575731044	41.125
chr18	32430703	0.6744499744173301	41.136
chr18	32452202	0.0	41.1505
chr18	32753058	0.21746694502436453	41.1505
chr18	32822034	0.033044742581411816	41.1655
chr18	32927951	0.0	41.169
chr18	32938625	0.7534816046562715	41.169
chr18	32957869	0.3570964809763563	41.1835
chr18	32988673	0.0	41.1945
chr18	33021733	0.03946641408164475	41.1945
chr18	33110416	0.587111411853655	41.198
chr18	33160662	1.3989498294432468	41.2275
chr18	33186753	2.395619438737437	41.264
chr18	33188214	0.0	41.2675
chr18	33211320	0.0823706266346428	41.2675
chr18	33259881	0.0	41.2715
chr18	33262737	0.0	41.2715
chr18	33276754	0.0	41.2715
chr18	33285651	0.0	41.2715
chr18	33341100	0.0	41.2715
chr18	33424150	0.9789979183412566	41.2715
chr18	33472669	0.08047827086676008	41.319
chr18	33516159	0.541178785791734	41.3225
chr18	33536485	0.0	41.3335
chr18	33581640	0.0	41.3335
chr18	33592321	0.0	41.3335
chr18	33593226	0.21541819852941993	41.3335
chr18	33628042	0.0	41.341
chr18	33640370	0.0	41.341
chr18	33674691	0.9113127045275037	41.341
chr18	33698832	1.4865800513177108	41.363
chr18	33723385	1.0142269645436437	41.3995
chr18	33795361	2.2889761776924593	41.4725
chr18	33866135	1.5597920277296953	41.6345
chr18	33877675	5.735275164325212	41.6525
chr18	33885434	1.1561848753889057	41.697
chr18	33955492	0.0	41.778
chr18	33991451	0.3942574365109082	41.778
chr18	34028229	0.05099216177631197	41.7925
chr18	34096867	0.1558881168715541	41.796
chr18	34164223	1.465936270349383	41.8065
chr18	34177184	0.5913660555891319	41.8255
chr18	34183948	0.6318316800404238	41.8295
chr18	34247256	0.9388480081197421	41.8695
chr18	34326076	2.300361485376283	41.9435
chr18	34356506	1.7604157934446136	42.0135
chr18	34392293	0.6213657061774897	42.0765
chr18	34500120	2.5543836519444123	42.1435
chr18	34530460	0.05879289781798561	42.221
chr18	34589991	0.9675938073995916	42.2245
chr18	34620479	3.011757902852737	42.254
chr18	34641231	0.14924773401759606	42.3165
chr18	34815438	0.0	42.3425
chr18	34821461	0.06671114076041924	42.3425
chr18	34873926	0.0	42.346
chr18	34954477	0.0	42.346
chr18	35025369	0.0	42.346
chr18	35040582	2.1113655883196607	42.346
chr18	35068526	0.5211739699149969	42.405
chr18	35117454	1.563789583423787	42.4305
chr18	35186517	0.0	42.5385
chr18	35242055	0.0	42.5385
chr18	35298480	0.07988380537402168	42.5385
chr18	35436180	0.0	42.5495
chr18	35529780	0.0	42.5495
chr18	35567563	0.10465359659527362	42.5495
chr18	35639228	0.0	42.557
chr18	35679810	0.0	42.557
chr18	35689441	0.0	42.557
chr18	35787815	0.16820669238360733	42.557
chr18	35832403	0.0	42.5645
chr18	35858010	0.0	42.5645
chr18	35896904	0.25332947307436277	42.5645
chr18	35910720	0.0	42.568
chr18	35922902	0.0360278752818152	42.568
chr18	36020049	0.07094714437739949	42.5715
chr18	36076429	6.133435877715874	42.5755
chr18	36102434	0.5305669939816857	42.735
chr18	36165574	0.0	42.7685
chr18	36267938	0.0	42.7685
chr18	36278842	0.058552294518008974	42.7685
chr18	36347157	14.462809917365707	42.7725
chr18	36347399	1.045046169203785	42.776
chr18	36379455	0.3009527303578299	42.8095
chr18	36553901	0.10130206926360533	42.862
chr18	36627937	0.32390094520172197	42.8695
chr18	36661898	0.4582516907908883	42.8805
chr18	36693540	3.5022383451682573	42.895
chr18	36745364	9.801762114537295	43.0765
chr18	36749904	0.4115149361216301	43.121
chr18	36803365	0.0	43.143
chr18	36850290	1.435727477420522	43.143
chr18	36929344	5.812590036517039	43.2565
chr18	36959193	0.30620423822688764	43.43
chr18	37070230	0.7019733250136762	43.464
chr18	37095872	0.45085662759244266	43.482
chr18	37112507	0.05563503417584647	43.4895
chr18	37175417	1.1244520678482466	43.493
chr18	37201652	0.0	43.5225
chr18	37233436	0.6426505766004028	43.5225
chr18	37261445	0.0	43.5405
chr18	37344736	2.967996492766298	43.5405
chr18	37458786	0.0	43.879
chr18	37474325	1.4576315107541367	43.879
chr18	37489761	1.0163071095302822	43.9015
chr18	37533055	1.4513788098691183	43.9455
chr18	37555792	0.20789480522862377	43.9785
chr18	37594273	0.0	43.9865
chr18	37609288	0.0	43.9865
chr18	37747327	0.0	43.9865
chr18	37767780	0.0	43.9865
chr18	37793156	0.1028988063739196	43.9865
chr18	37827170	1.3098968013735874	43.99
chr18	37883663	0.1257997268349688	44.064
chr18	37911485	0.7669038387797998	44.0675
chr18	37934956	1.4508828538137513	44.0855
chr18	38024212	0.5648002967308438	44.215
chr18	38083525	0.0	44.2485
chr18	38145281	0.6981236730867901	44.2485
chr18	38197564	0.6298154640690516	44.285
chr18	38245197	0.0	44.315
chr18	38495013	0.0	44.315
chr18	38506660	0.0	44.315
chr18	38668504	0.0	44.315
chr18	38692569	0.0	44.315
chr18	38843366	2.0259740259741026	44.315
chr18	38872241	0.16068903458028633	44.3735
chr18	38965589	1.0765842916563966	44.3885
chr18	38986024	1.1431916585668014	44.4105
chr18	39076560	2.3864609330880118	44.514
chr18	39131453	0.9452774972158767	44.645
chr18	39170066	3.2979587990718735	44.6815
chr18	39254967	4.695599146254734	44.9615
chr18	39304162	0.0	45.1925
chr18	39314004	0.0	45.1925
chr18	39328872	0.6366974650555578	45.1925
chr18	39362640	0.09361980995190021	45.214
chr18	39405366	0.3954132068009519	45.218
chr18	39433185	0.0	45.229
chr18	39452252	0.0	45.229
chr18	39488728	0.3783529902932413	45.229
chr18	39527052	3.5656922582718984	45.2435
chr18	39558182	0.23374278621398237	45.3545
chr18	39620216	1.2455661944108165	45.369
chr18	39717762	0.0	45.4905
chr18	39740226	0.0	45.4905
chr18	39751891	0.5761198329253012	45.4905
chr18	39828264	1.5219531266362492	45.5345
chr18	39971501	0.0	45.7525
chr18	39976056	0.0	45.7525
chr18	40001356	0.07334317761762078	45.7525
chr18	40103615	0.034846327694890544	45.76
chr18	40204056	0.9700518536809147	45.7635
chr18	40459197	0.0	46.011
chr18	40494355	0.12725884448952463	46.011
chr18	40521858	0.0	46.0145
chr18	40549983	0.41637867141894114	46.0145
chr18	40790149	4.703439008001844	46.1145
chr18	40806520	2.4837547773327664	46.1915
chr18	40915629	0.5598921528125538	46.4625
chr18	41007611	0.2664109121909734	46.514
chr18	41063915	0.0	46.529
chr18	41089500	0.5836330367845278	46.529
chr18	41121198	3.43586387434568	46.5475
chr18	41139534	1.0639368539099403	46.6105
chr18	41209087	0.0	46.6845
chr18	41269202	0.0	46.6845
chr18	41286831	0.0	46.6845
chr18	41304474	0.2323497195206259	46.6845
chr18	41334601	3.5899396720199492	46.6915
chr18	41358139	0.8572370590174679	46.776
chr18	41418799	0.0	46.828
chr18	41427283	0.13959239022037234	46.828
chr18	41452356	0.0	46.8315
chr18	41463888	0.0	46.8315
chr18	41506711	0.0	46.8315
chr18	41523310	0.6255433745414184	46.8315
chr18	41570469	0.0	46.861
chr18	41575079	0.0	46.861
chr18	41604195	0.0	46.861
chr18	41615200	2.0857241743628907	46.861
chr18	41670097	0.0	46.9755
chr18	41692889	0.5035246727089818	46.9755
chr18	41773322	2.1868240861345773	47.016
chr18	41857005	0.0	47.199
chr18	41877418	6.131605184446657	47.199
chr18	41907508	0.816615820775897	47.3835
chr18	41939959	10.986571967595578	47.41
chr18	41948970	0.0	47.509
chr18	41952890	0.0	47.509
chr18	41964597	0.0	47.509
chr18	42011350	0.0	47.509
chr18	42102044	0.0	47.509
chr18	42123453	0.0	47.509
chr18	42126036	0.5364087434622211	47.509
chr18	42133493	0.0	47.513
chr18	42180105	0.20356296881169347	47.513
chr18	42342217	0.0	47.546
chr18	42360323	0.0	47.546
chr18	42380219	0.09573897725242264	47.546
chr18	42458557	0.7026957966014585	47.5535
chr18	42489865	0.11662779073650455	47.5755
chr18	42519875	0.4180750125776628	47.579
chr18	42660998	0.0	47.638
chr18	42685742	0.0	47.638
chr18	42720853	2.1114644700485656	47.638
chr18	42740034	0.8361581920903737	47.6785
chr18	42784284	4.318241298089669	47.7155
chr18	42799568	0.0	47.7815
chr18	42833894	0.0	47.7815
chr18	42860640	0.6523299049773019	47.7815
chr18	42906629	1.8609206660136899	47.8115
chr18	42932154	1.5665481713562572	47.859
chr18	42965348	4.829773274039524	47.911
chr18	42992782	0.45486819916566984	48.0435
chr18	43082918	0.19865970916219333	48.0845
chr18	43120671	0.488693411524403	48.092
chr18	43143180	1.8222722159729126	48.103
chr18	43187630	4.100990375226826	48.184
chr18	43223475	3.2476349975104326	48.331
chr18	43267661	0.610795454545545	48.4745
chr18	43302861	15.714225286578294	48.496
chr18	43326502	1.0258801585450439	48.8675
chr18	43347947	1.6574349323125082	48.8895
chr18	43394706	1.422695879355382	48.967
chr18	43433365	1.3520170207414597	49.022
chr18	43528778	0.0	49.151
chr18	43567492	0.0	49.151
chr18	43584647	0.0	49.151
chr18	43597776	0.0	49.151
chr18	43614793	2.486286973906654	49.151
chr18	43634300	6.963915919878361	49.1995
chr18	43688867	0.3849509829081909	49.5795
chr18	43708350	0.09604994597185217	49.587
chr18	43749995	5.554259043173852	49.591
chr18	43771420	6.071844095404363	49.71
chr18	43798924	10.487597849665141	49.877
chr18	43851939	0.28079132099560394	50.433
chr18	43891114	0.0	50.444
chr18	43933290	0.6816434859537503	50.444
chr18	44002241	11.88305988792127	50.491
chr18	44017052	1.7155044510385307	50.667
chr18	44038620	3.1833375019895986	50.704
chr18	44082599	0.7817468730124748	50.844
chr18	44120335	3.832752613241388	50.8735
chr18	44123205	1.9106045048674725	50.8845
chr18	44200144	0.15352897311029504	51.0315
chr18	44222941	14.236636776522776	51.035
chr18	44240115	0.6023595879028822	51.2795
chr18	44264187	7.390004271678848	51.294
chr18	44311007	0.0	51.64
chr18	44386164	0.05839172505843345	51.64
chr18	44446104	0.3783449129806436	51.6435
chr18	44504252	6.506407072613501	51.6655
chr18	44514319	0.47239566217540535	51.731
chr18	44538663	1.9966808422362354	51.7425
chr18	44596509	12.453247194831759	51.858
chr18	44631801	0.0	52.2975
chr18	44640143	0.0	52.2975
chr18	44663148	6.855430138383989	52.2975
chr18	44710191	2.6959600836955246	52.62
chr18	44797173	0.14693997502012282	52.8545
chr18	44824395	0.07588569446251534	52.8585
chr18	44962761	18.5134841235319	52.869
chr18	44981153	0.514256328209836	53.2095
chr18	45016155	0.0	53.2275
chr18	45033972	1.3075974382977602	53.2275
chr18	45101271	1.3806455708255831	53.3155
chr18	45132778	0.18022889069107792	53.359
chr18	45154972	0.07669652718125214	53.363
chr18	45252760	5.326231691078764	53.3705
chr18	45259519	0.41137633316405825	53.4065
chr18	45357969	5.386831522717644	53.447
chr18	45424613	0.24068216201365022	53.806
chr18	45439155	0.5991611743559244	53.8095
chr18	45464190	0.0	53.8245
chr18	45490572	0.19783437306287927	53.8245
chr18	45566393	1.7868745938920132	53.8395
chr18	45591017	5.129806405567043	53.8835
chr18	45613435	0.6154237935570723	53.9985
chr18	45636996	0.09664503658711862	54.013
chr18	45673211	0.1800288046087442	54.0165
chr18	45714871	0.0	54.024
chr18	45755260	0.0	54.024
chr18	45760045	0.0	54.024
chr18	45801996	17.03305923812715	54.024
chr18	45825832	0.8990649724287082	54.43
chr18	45834174	0.6293002181574329	54.4375
chr18	45846092	0.411813154488779	54.445
chr18	45871589	5.058246474555446	54.4555
chr18	45962925	4.5917101017629856	54.9175
chr18	45966954	0.8836051088440223	54.936
chr18	45991852	12.602544287243093	54.958
chr18	46008674	0.27650788969179635	55.17
chr18	46062922	2.5375756392738436	55.185
chr18	46103906	1.5834726887958108	55.289
chr18	46171479	0.8161488655531077	55.396
chr18	46189858	5.002382086707928	55.411
chr18	46254927	13.049101085481624	55.7365
chr18	46302095	0.20056380714676458	56.352
chr18	46391842	0.5490312854777663	56.37
chr18	46445573	0.13724951962650075	56.3995
chr18	46471074	2.8720795146507885	56.403
chr18	46486568	9.513598610281848	56.4475
chr18	46523410	0.3580578939830496	56.798
chr18	46586249	0.9179288187924424	56.8205
chr18	46658150	19.1992196160156	56.8865
chr18	46680703	0.0	57.3195
chr18	46707471	0.5700325732903095	57.3195
chr18	46713611	1.9698929789484025	57.323
chr18	46730617	8.97836741592047	57.3565
chr18	46754285	0.4171957192090719	57.569
chr18	46781850	0.0	57.5805
chr18	46791499	0.15858248403603595	57.5805
chr18	46838793	0.0	57.588
chr18	46854709	0.0	57.588
chr18	46876855	0.6063230835857858	57.588
chr18	46888400	1.2844350932133382	57.595
chr18	46929274	0.23115071026300074	57.6475
chr18	46976862	0.0689125598063065	57.6585
chr18	47027651	0.5636353556447347	57.662
chr18	47081764	1.233045622687356	57.6925
chr18	47085008	6.165027480474291	57.6965
chr18	47112664	1.6899413074276624	57.867
chr18	47162074	3.2574336305929235	57.9505
chr18	47239896	4.524886877825547	58.204
chr18	47240780	2.108393625993139	58.208
chr18	47263309	0.0	58.2555
chr18	47268728	4.5671378091873684	58.2555
chr18	47325328	1.8867066739406804	58.514
chr18	47369320	11.68814349543496	58.597
chr18	47384763	0.13576415826204016	58.7775
chr18	47410543	1.3570842076452851	58.781
chr18	47454387	5.534243129362994	58.8405
chr18	47470288	2.3716352424997935	58.9285
chr18	47495587	0.16606566710928997	58.9885
chr18	47516663	1.3563677898343798	58.992
chr18	47607715	0.0	59.1155
chr18	47623652	2.2581292653553646	59.1155
chr18	47653544	0.0	59.183
chr18	47671441	0.0	59.183
chr18	47691332	0.0	59.183
chr18	47709762	1.6202203499675611	59.183
chr18	47734450	9.064133410769053	59.223
chr18	47782662	1.4494819884041426	59.66
chr18	47824746	0.6433877288414801	59.721
chr18	47841843	9.236197592361835	59.732
chr18	47846661	3.1554109713360106	59.7765
chr18	47918284	4.3308791684713634	60.0025
chr18	47939065	3.713914648317271	60.0925
chr18	47982954	0.0	60.2555
chr18	48008831	0.0	60.2555
chr18	48024551	0.0	60.2555
chr18	48043432	0.0	60.2555
chr18	48067510	4.3342631752602285	60.2555
chr18	48100849	0.0652790211877518	60.4
chr18	48154465	4.002229089619567	60.4035
chr18	48174204	3.1496289478225004	60.4825
chr18	48208970	2.063505432493932	60.592
chr18	48268335	14.018891310851641	60.7145
chr18	48291732	0.796603082601625	61.0425
chr18	48707874	2.440374358458141	61.374
chr18	48727748	0.31271281844589865	61.4225
chr18	48799699	0.345684548835007	61.445
chr18	48853216	0.0	61.4635
chr18	48897926	2.275356729656672	61.4635
chr18	48910891	3.701782514382639	61.493
chr18	48953303	1.8270401948843569	61.65
chr18	48983680	0.6326234681982218	61.7055
chr18	49054022	0.0	61.75
chr18	49079220	0.5833651192533679	61.75
chr18	49123789	1.8637353641957832	61.776
chr18	49192200	5.706672029765116	61.9035
chr18	49231978	45.20691962152337	62.1305
chr18	49242441	7.213821785228504	62.6035
chr18	49281394	2.095093528137506	62.8845
chr18	49344637	10.65449010654479	63.017
chr18	49399825	2.7208070136359037	63.605
chr18	49525523	1.884413407047092	63.947
chr18	49597694	3.016252466749064	64.083
chr18	49660023	4.4394891546724935	64.271
chr18	49684688	11.796127309147483	64.3805
chr18	49711646	0.6317345284637798	64.6985
chr18	49795542	4.804444110802496	64.7515
chr18	49822184	8.497729208061548	64.8795
chr18	49850368	3.1784734619233372	65.119
chr18	49873335	2.353136592658434	65.192
chr18	49891396	7.040836853751646	65.2345
chr18	49916251	2.24540608245384	65.4095
chr18	49981718	1.871010345586792	65.5565
chr18	50004433	2.5138998476980468	65.599
chr18	50058930	10.027560411437543	65.736
chr18	50099568	2.8568208222788316	66.1435
chr18	50214906	0.6186351955841454	66.473
chr18	50246427	0.9239139733431628	66.4925
chr18	50304874	0.15513496742180968	66.5465
chr18	50353219	1.511085321921617	66.554
chr18	50394580	1.056847257758997	66.6165
chr18	50412558	1.2612519221135041	66.6355
chr18	50470437	5.437737901033055	66.7085
chr18	50485149	7.241129616220203	66.7885
chr18	50508626	2.8934422629243355	66.9585
chr18	50599694	0.0	67.222
chr18	50606438	3.274687456103551	67.222
chr18	50663390	1.7987585039345517	67.4085
chr18	50790978	0.07238639859553517	67.638
chr18	50846237	0.802316252136964	67.642
chr18	50874904	0.0	67.665
chr18	50914478	2.3494729319276115	67.665
chr18	50970448	3.4924872718245177	67.7965
chr18	51002660	9.120914743759759	67.909
chr18	51036593	1.0726882658811954	68.2185
chr18	51091595	2.369532125111182	68.2775
chr18	51126412	0.6546724213180604	68.36
chr18	51312001	2.8422184667383377	68.4815
chr18	51455199	0.3729740726510032	68.8885
chr18	51499438	0.15509887553320417	68.905
chr18	51602598	0.0	68.921
chr18	51640937	0.2085324528629847	68.921
chr18	51698482	5.155648371728582	68.933
chr18	51759774	0.0585454385785883	69.249
chr18	51828097	0.0	69.253
chr18	51863287	0.0	69.253
chr18	51888898	0.0	69.253
chr18	51934735	0.0	69.253
chr18	51939085	0.4347826086959629	69.253
chr18	51947135	9.572105863289575	69.2565
chr18	51963798	5.095563257042808	69.416
chr18	52022084	2.6341784655911438	69.713
chr18	52040306	4.222590861107082	69.761
chr18	52060199	0.0	69.845
chr18	52078723	1.0971797649689548	69.845
chr18	52223640	0.0	70.004
chr18	52239854	0.0	70.004
chr18	52259664	0.6672226855709397	70.004
chr18	52271654	1.2401702415513338	70.012
chr18	52449049	6.136475208641552	70.232
chr18	52451086	3.344481605351297	70.2445
chr18	52465438	0.0	70.2925
chr18	52491992	0.0	70.2925
chr18	52524243	1.41717176121741	70.2925
chr18	52547176	0.0	70.325
chr18	52620854	5.602011258675851	70.325
chr18	52639151	2.067791914834707	70.4275
chr18	52689688	1.764110685847567	70.532
chr18	52803343	2.1365502325533123	70.7325
chr18	52898590	1.5644142870605675	70.936
chr18	52951645	1.3619339462034592	71.019
chr18	52998637	2.0417940411552906	71.083
chr18	53042471	0.0	71.1725
chr18	53059289	0.0	71.1725
chr18	53079674	0.7540941161240342	71.1725
chr18	53234164	0.09471670234320508	71.289
chr18	53286953	0.0	71.294
chr18	53366997	0.0	71.294
chr18	53382392	0.646962680468723	71.294
chr18	53397076	0.12479440921042662	71.3035
chr18	53553333	1.4955304034536943	71.323
chr18	53582754	0.0	71.367
chr18	53597876	1.4448779078154754	71.367
chr18	53604797	1.1585076045632037	71.377
chr18	53621629	0.9472433612689449	71.3965
chr18	53652772	0.0	71.426
chr18	53672798	0.0	71.426
chr18	53697786	0.0	71.426
chr18	53724902	0.18609935746753503	71.426
chr18	53775950	0.0	71.4355
chr18	53797263	0.1925817509531045	71.4355
chr18	53823226	1.6947034659420284	71.4405
chr18	53887249	0.0	71.549
chr18	53912262	0.07268815328471154	71.549
chr18	53981049	0.0	71.554
chr18	54049909	0.0	71.554
chr18	54078091	1.9025426228539715	71.554
chr18	54111993	3.136866435529259	71.6185
chr18	54130164	0.0	71.6755
chr18	54185955	0.0	71.6755
chr18	54261733	0.10510605200637894	71.6755
chr18	54309304	0.10044561326634617	71.6805
chr18	54364060	0.0	71.686
chr18	54426733	0.19844419749148487	71.686
chr18	54451929	0.0	71.691
chr18	54465764	0.31343219056673255	71.691
chr18	54512026	0.0	71.7055
chr18	54523394	0.5717988792742182	71.7055
chr18	54549627	0.06550504388831983	71.7205
chr18	54625957	0.0637764140649283	71.7255
chr18	54696516	0.6646831676896431	71.73
chr18	54712313	0.14663147511258204	71.7405
chr18	54749822	0.44698579765878343	71.746
chr18	54809108	1.1257292767924458	71.7725
chr18	54860186	0.5841761291031197	71.83
chr18	54887575	0.0	71.846
chr18	54904057	0.26243788039531546	71.846
chr18	54993602	0.0	71.8695
chr18	55071567	0.04440858862104099	71.8695
chr18	55206676	1.9383665155397036	71.8755
chr18	55221895	3.6700053520912777	71.905
chr18	55234974	1.5416238437821757	71.953
chr18	55254434	0.0	71.983
chr18	55272841	0.0	71.983
chr18	55353963	0.0	71.983
chr18	55370135	0.0	71.983
chr18	55394053	0.0	71.983
chr18	55418403	0.056575257215291413	71.983
chr18	55542132	0.2572512701784609	71.99
chr18	55573230	0.0	71.998
chr18	55660177	0.0	71.998
chr18	55705207	0.0	71.998
chr18	55726127	0.0	71.998
chr18	55730194	0.0	71.998
chr18	55752891	0.0	71.998
chr18	55765985	0.0	71.998
chr18	55767727	0.0	71.998
chr18	55807286	0.0	71.998
