Chromosome	Position(bp)	Rate(cM/Mb)	Map(cM)
chr12	0	0.0	0.0
chr12	94344	0.0	0.0
chr12	146372	0.0	0.0
chr12	178274	1.970429581598144	0.0
chr12	214053	0.0	0.0705
chr12	248446	0.02509116456458468	0.0705
chr12	547356	0.0	0.078
chr12	569473	0.0	0.078
chr12	622807	2.618390675150628	0.078
chr12	658325	0.0	0.171
chr12	714756	13.168269988960734	0.171
chr12	727438	4.031527450625112	0.338
chr12	760552	0.0	0.4715
chr12	765520	92.73753185293049	0.4715
chr12	771014	0.20053475935829043	0.981
chr12	808414	0.0	0.9885
chr12	905110	0.0	0.9885
chr12	938643	0.30178267336336784	0.9885
chr12	1263380	0.09462528387585172	1.0865
chr12	1326788	0.15775856629015086	1.0925
chr12	1374329	1.1215081876978106	1.1
chr12	1446999	0.0	1.1815
chr12	1490572	0.0	1.1815
chr12	1543546	30.615084887280823	1.1815
chr12	1568697	0.0	1.9515
chr12	1584934	0.5575422001768738	1.9515
chr12	1610941	0.0	1.966
chr12	1635961	6.158203253638932	1.966
chr12	1651144	0.25487197584597693	2.0595
chr12	1702150	0.0	2.0725
chr12	1724919	0.0	2.0725
chr12	1768874	0.0	2.0725
chr12	1794100	0.0	2.0725
chr12	1893068	0.0	2.0725
chr12	1945208	0.0	2.0725
chr12	1987100	0.0	2.0725
chr12	2065095	0.0	2.0725
chr12	2096737	0.0	2.0725
chr12	2129233	0.0	2.0725
chr12	2145857	0.3773798516897186	2.0725
chr12	2198854	0.5970318985614432	2.0925
chr12	2251615	0.0	2.124
chr12	2259639	37.41596024554223	2.124
chr12	2269902	0.09093251291999126	2.508
chr12	2335885	0.0	2.514
chr12	2354755	0.4133939644481225	2.514
chr12	2427325	0.08924587237840059	2.544
chr12	2483350	1.3030798188098571	2.549
chr12	2531697	0.15178312171686303	2.612
chr12	2607463	0.5477479733325009	2.6235
chr12	2639412	0.0	2.641
chr12	2676462	0.0	2.641
chr12	2724240	0.0	2.641
chr12	2738570	0.0	2.641
chr12	2785332	0.0	2.641
chr12	2854337	0.0	2.641
chr12	2907694	0.0	2.641
chr12	2960696	0.35808726311150013	2.641
chr12	2978848	0.0	2.6475
chr12	2999681	0.2824060999717701	2.6475
chr12	3020927	0.0	2.6535
chr12	3045893	2.5080760047352473	2.6535
chr12	3245249	3.5402601679564683	3.1535
chr12	3251322	1.138640918200039	3.175
chr12	3284256	0.0	3.2125
chr12	3289919	2.2173729410108414	3.2125
chr12	3332537	3.2626940830885434	3.307
chr12	3380197	17.900045196127405	3.4625
chr12	3422236	0.0	4.215
chr12	3432163	38.67682336601997	4.215
chr12	3455924	0.8264621653308589	5.134
chr12	3507953	0.9539795437804177	5.177
chr12	3673575	0.24850282184196135	5.335
chr12	3917033	0.0	5.3955
chr12	3943956	0.0	5.3955
chr12	3973370	1.399104573073221	5.3955
chr12	4023402	3.7344646271510515	5.4655
chr12	4056874	13.791079812206583	5.5905
chr12	4121626	4.144579204943887	6.4835
chr12	4229719	1.7735781566710351	6.9315
chr12	4263267	3.0012498355479558	6.991
chr12	4324075	2.3573433115061033	7.1735
chr12	4350800	0.5028103507102121	7.2365
chr12	4406487	4.950080707837624	7.2645
chr12	4490122	0.22414823670054645	7.6785
chr12	4510198	1.2313892309414667	7.683
chr12	4528064	10.445757831612218	7.705
chr12	4574255	8.135926738817826	8.1875
chr12	4600681	1.484492469227048	8.4025
chr12	4679159	2.1661205550546385	8.519
chr12	4724632	4.197105928631651	8.6175
chr12	4753104	16.546707795422517	8.737
chr12	4779363	0.2747020539261242	9.1715
chr12	4826687	0.40993686972206866	9.1845
chr12	4887672	12.008928571428577	9.2095
chr12	4910072	0.0	9.4785
chr12	4949476	1.3782097780356792	9.4785
chr12	4997727	8.471592659420004	9.545
chr12	5020450	0.0	9.7375
chr12	5062508	0.0	9.7375
chr12	5070572	5.319946988072311	9.7375
chr12	5150554	2.5931657534819266	10.163
chr12	5174463	10.21001380713613	10.225
chr12	5229507	4.488675712416932	10.787
chr12	5268494	0.0	10.962
chr12	5296961	36.58470463849055	10.962
chr12	5333848	0.07512160309500178	12.3115
chr12	5387095	0.583515681983889	12.3155
chr12	5393950	11.712779562681325	12.3195
chr12	5426009	0.3268265145437797	12.695
chr12	5661608	0.8704423799684365	12.772
chr12	5968923	0.0	13.0395
chr12	5991039	0.19170335275471193	13.0395
chr12	6137098	4.065040650406502	13.0675
chr12	6247183	2.4127051462205187	13.515
chr12	6284900	2.643060916261069	13.606
chr12	6296818	0.3112719349442004	13.6375
chr12	6322519	1.8663607908703868	13.6455
chr12	6373956	0.44837450054486366	13.7415
chr12	6462052	2.9199639386957745	13.781
chr12	6561882	0.2962962962962637	14.0725
chr12	6575382	1.7284628536484983	14.0765
chr12	6655511	8.646119977985698	14.215
chr12	6746361	1.5831758034026506	15.0005
chr12	6788681	0.6918407427245133	15.0675
chr12	6855893	4.189359028068699	15.114
chr12	6877376	0.49846188902814376	15.204
chr12	6947592	20.211404269375265	15.239
chr12	6971811	6.219476562173859	15.7285
chr12	6995768	0.07385836076645405	15.8775
chr12	7043156	0.0	15.881
chr12	7067950	3.8954933172140387	15.881
chr12	7097728	2.2270641317342337	15.997
chr12	7149590	4.265402843601875	16.1125
chr12	7188625	4.388623251846345	16.279
chr12	7233172	2.2325496628394155	16.4745
chr12	7266094	0.7696084285392485	16.548
chr12	7341457	3.616200578591373	16.606
chr12	7345605	0.0	16.621
chr12	7354000	0.0	16.621
chr12	7354387	2.834309079081867	16.621
chr12	7365148	12.975499677627447	16.6515
chr12	7371352	2.613684657883576	16.732
chr12	7418412	0.30790173073180704	16.855
chr12	7480120	4.2416332618625985	16.874
chr12	7565936	3.209051250666909	17.238
chr12	7629662	0.7765754296626345	17.4425
chr12	7668937	2.3648580070235683	17.473
chr12	7718200	1.8669108914876669	17.5895
chr12	7817562	0.9468691373756621	17.775
chr12	7874064	1.049061366146101	17.8285
chr12	7937454	0.2074803585260674	17.895
chr12	7973602	2.3621327728788915	17.9025
chr12	8083037	8.614935851481912	18.161
chr12	8123490	10.29518091226307	18.5095
chr12	8155301	2.8437542501761945	18.837
chr12	8236180	2.5966694891334674	19.067
chr12	8253895	4.7560933882318235	19.113
chr12	8341572	1.010717418665801	19.53
chr12	8367791	6.531678641410935	19.5565
chr12	8375446	0.6875408579608208	19.6065
chr12	8419807	0.4088356600892094	19.637
chr12	8502970	2.628742672379838	19.671
chr12	8541011	21.567537520844887	19.771
chr12	8585986	3.441453020361256	20.741
chr12	8645118	2.6754534189478107	20.9445
chr12	8680626	0.9964434633309001	21.0395
chr12	8745858	2.0374637310120693	21.1045
chr12	8792730	2.753498711665785	21.2
chr12	8812523	2.9072199447837224	21.2545
chr12	8860335	0.20538865134341416	21.3935
chr12	8913892	0.31360283664220356	21.4045
chr12	9033470	0.5034000132039342	21.442
chr12	9094058	5.394140002451941	21.4725
chr12	9110372	0.48111618955976343	21.5605
chr12	9181041	3.960824965574864	21.5945
chr12	9245674	8.559077809798287	21.8505
chr12	9280374	10.853241850596554	22.1475
chr12	9425538	1.5728144717166876	23.723
chr12	9535214	0.4435701612281733	23.8955
chr12	9561140	15.73576799140705	23.907
chr12	9570450	0.71389026486785	24.0535
chr12	9639088	0.2886121876805888	24.1025
chr12	9651215	4.584374317801442	24.106
chr12	9692442	0.342712842712813	24.295
chr12	9747882	6.5977622798654885	24.314
chr12	9767813	0.5233166647284766	24.4455
chr12	9810808	2.8746136718619897	24.468
chr12	9870990	0.2632964718273655	24.641
chr12	9886182	0.5258360793662121	24.645
chr12	9943234	0.0	24.675
chr12	10012237	1.980584690917149	24.675
chr12	10048085	0.0	24.746
chr12	10094802	0.4649282393369656	24.746
chr12	10144272	4.817025468664027	24.769
chr12	10213298	0.42346564282086185	25.1015
chr12	10231009	7.533037138300244	25.109
chr12	10266121	0.24533856722277073	25.3735
chr12	10463807	0.7536552278551258	25.422
chr12	10503613	0.054164474295071784	25.452
chr12	10568231	0.06519861126954382	25.4555
chr12	10629582	0.5259835893120334	25.4595
chr12	10643841	0.0	25.467
chr12	10705913	0.0	25.467
chr12	10724317	0.12815693243567006	25.467
chr12	10782839	2.7638424377554762	25.4745
chr12	10825895	0.25543313174826054	25.5935
chr12	10898321	0.14408844410681912	25.612
chr12	10974663	1.5578278234322491	25.623
chr12	11022486	3.6574048801789614	25.6975
chr12	11059124	0.30440076535071325	25.8315
chr12	11070622	0.05563061273144637	25.835
chr12	11133537	1.5961691939345652	25.8385
chr12	11201199	0.0	25.9465
chr12	11240881	0.6641059697741866	25.9465
chr12	11296595	0.5921488035110752	25.9835
chr12	11354013	4.569731953290886	26.0175
chr12	11414301	0.1776543169998907	26.293
chr12	11476219	1.2641226198941777	26.304
chr12	11514190	0.061493996648597726	26.352
chr12	11579237	3.200036312468754	26.356
chr12	11601268	0.5160668822679615	26.4265
chr12	11615801	5.105392010509326	26.434
chr12	11649295	10.636049869690765	26.605
chr12	11677689	4.790639826799908	26.907
chr12	11699398	5.306184624758818	27.011
chr12	11797868	0.4892508705787395	27.5335
chr12	11867362	8.421063165479143	27.5675
chr12	11967290	0.0	28.409
chr12	11986601	0.2817241518090822	28.409
chr12	12210224	0.10569228446320243	28.472
chr12	12243339	0.1124163903097447	28.4755
chr12	12278921	2.867679268156002	28.4795
chr12	12377084	0.0	28.761
chr12	12412751	0.7353996269192202	28.761
chr12	12468503	4.2269113355027415	28.802
chr12	12498312	0.1710491533066792	28.928
chr12	12562621	0.0	28.939
chr12	12608110	0.3394116864102351	28.939
chr12	12683240	0.09815744454101434	28.9645
chr12	12754554	0.8247601684247908	28.9715
chr12	12777591	7.868749262304728	28.9905
chr12	12853842	0.44967455756600005	29.5905
chr12	12919445	0.13043154207344965	29.62
chr12	12946279	1.1849803737626043	29.6235
chr12	12986786	1.3422818791945823	29.6715
chr12	13022546	0.3563848322615525	29.7195
chr12	13085680	6.701377225394708	29.742
chr12	13115450	2.8255927249106767	29.9415
chr12	13177030	0.7931357704231907	30.1155
chr12	13204768	0.19066988686920766	30.1375
chr12	13244103	35.054383435985045	30.145
chr12	13251734	0.0	30.4125
chr12	13297064	5.401996270703027	30.4125
chr12	13351766	0.5032994072251616	30.708
chr12	13396471	5.128304369702375	30.7305
chr12	13422308	0.23517962857840782	30.863
chr12	13483963	0.6721284673654205	30.8775
chr12	13539012	0.0	30.9145
chr12	13583023	2.9004242906390405	30.9145
chr12	13613191	8.518693800284039	31.002
chr12	13642773	0.256668344237518	31.254
chr12	13742123	0.5753739930955339	31.2795
chr12	13799477	1.5515409139213687	31.3125
chr12	13846527	0.867097587892104	31.3855
chr12	13859213	4.27407328504471	31.3965
chr12	13896765	3.0171261147089576	31.557
chr12	13982774	0.06528796495161118	31.8165
chr12	14204867	0.11827272875578504	31.831
chr12	14327465	0.2010374752129899	31.8455
chr12	14655762	0.5752160328396125	31.9115
chr12	14732255	0.9833175098330517	31.9555
chr12	14747001	1.3114301490889508	31.97
chr12	14768733	0.6735101491011278	31.9985
chr12	14790262	0.0	32.013
chr12	14815656	4.823816819179415	32.013
chr12	14839807	12.162583596105168	32.1295
chr12	14868666	3.599764913311746	32.4805
chr12	14895890	1.0377108540140456	32.5785
chr12	14941182	0.1437001839362409	32.6255
chr12	14993374	0.8337166513338421	32.633
chr12	15028158	3.994154895275243	32.662
chr12	15069218	2.1332941003384653	32.826
chr12	15089609	0.15814110403576698	32.8695
chr12	15137035	0.11468415982384947	32.877
chr12	15202432	0.0	32.8845
chr12	15235336	3.0145479398554955	32.8845
chr12	15276304	0.0	33.008
chr12	15276311	0.8934045721291902	33.008
chr12	15333396	0.0	33.059
chr12	15362590	1.5662428597752573	33.059
chr12	15378871	0.2403965714474888	33.0845
chr12	15439188	0.9364858599908512	33.099
chr12	15493113	0.31333096218003764	33.1495
chr12	15552156	0.0	33.168
chr12	15565926	0.7020007020006871	33.168
chr12	15622906	0.0	33.208
chr12	15644353	0.17192011050315367	33.208
chr12	15813036	2.1455018022214793	33.237
chr12	15853819	2.4558909067407906	33.3245
chr12	15884765	2.1080125041131774	33.4005
chr12	15933389	0.0	33.503
chr12	15933794	0.8507266894393012	33.503
chr12	16010787	4.486073453290662	33.5685
chr12	16031072	0.594766058683607	33.6595
chr12	16061336	1.3925543264640938	33.6775
chr12	16150381	2.097186700767282	33.8015
chr12	16228581	0.08103352472685917	33.9655
chr12	16271773	0.4067024564828526	33.969
chr12	16290214	0.06292757036648924	33.9765
chr12	16401453	1.8505751297216724	33.9835
chr12	16484130	0.0	34.1365
chr12	16490369	0.0	34.1365
chr12	16512316	0.0	34.1365
chr12	16536279	0.0	34.1365
chr12	16552711	0.0	34.1365
chr12	16605801	0.36146320304594365	34.1365
chr12	16647299	0.0	34.1515
chr12	16662475	0.0	34.1515
chr12	16734133	0.0	34.1515
chr12	16761023	0.21638330757357038	34.1515
chr12	16777198	0.16193957340484655	34.155
chr12	16820424	0.0	34.162
chr12	16900640	1.3065064018813235	34.162
chr12	16950391	0.0	34.227
chr12	16973697	0.0	34.227
chr12	16995968	0.0	34.227
chr12	17032401	0.21978805303429963	34.227
chr12	17116573	0.10193939702841008	34.2455
chr12	17155812	0.08655225283155697	34.2495
chr12	17196250	0.11239154216181811	34.253
chr12	17262981	0.26185844680551407	34.2605
chr12	17276347	0.5428144931468805	34.264
chr12	17342668	1.9165432528967694	34.3
chr12	17365626	1.5813998406528433	34.344
chr12	17448464	6.384408602150461	34.475
chr12	17455904	0.09548753205659687	34.5225
chr12	17492558	1.0209152586318273	34.526
chr12	17585122	0.0	34.6205
chr12	17606564	0.0	34.6205
chr12	17641882	3.7677138786833715	34.6205
chr12	17695230	0.8289078085925075	34.8215
chr12	17730819	2.379126826628163	34.851
chr12	17775163	4.5218238925593415	34.9565
chr12	17793629	0.0	35.04
chr12	17804694	0.12822391559211976	35.04
chr12	17831990	0.05052240163288594	35.0435
chr12	17980439	0.3167420814475471	35.051
chr12	17991489	0.0	35.0545
chr12	17991490	0.0	35.0545
chr12	18003635	0.0	35.0545
chr12	18015864	1.1201159649470016	35.0545
chr12	18061395	3.723764387272439	35.1055
chr12	18064349	1.0135940853804342	35.1165
chr12	18089507	1.806364341213102	35.142
chr12	18150126	4.681453515809298	35.2515
chr12	18203101	0.7614636792256801	35.4995
chr12	18251035	1.868527379786814	35.536
chr12	18323552	1.8315856953156806	35.6715
chr12	18367230	1.1786935396796854	35.7515
chr12	18422800	0.3465330939105562	35.817
chr12	18454543	0.5961130164951273	35.828
chr12	18515773	0.32769394909317456	35.8645
chr12	18581383	7.277275569958503	35.886
chr12	18598972	0.3357314148680046	36.014
chr12	18619822	0.441561605457037	36.021
chr12	18685498	0.7126120250261095	36.05
chr12	18726895	2.0077297595743184	36.0795
chr12	18746818	0.7499062617173138	36.1195
chr12	18770821	0.0	36.1375
chr12	18841950	6.2588904694163485	36.1375
chr12	18848980	9.166568523534698	36.1815
chr12	18874453	1.6316000282732195	36.415
chr12	18959339	1.7594626940321414	36.5535
chr12	19071305	2.834060850869408	36.7505
chr12	19086654	2.4780730272949523	36.794
chr12	19155861	10.253011578495892	36.9655
chr12	19181512	3.4631000716503966	37.2285
chr12	19210821	2.893436838390993	37.33
chr12	19267501	2.605505111073003	37.494
chr12	19337545	2.230838689116684	37.6765
chr12	19412853	1.8153036116799965	37.8445
chr12	19470970	1.7691353917801769	37.95
chr12	19504037	2.1350931677024043	38.0085
chr12	19509189	1.6663609123708458	38.0195
chr12	19574601	36.592785745328065	38.1285
chr12	19586106	4.077203827310649	38.5495
chr12	19646932	4.019961186582128	38.7975
chr12	19654146	0.7230993764096767	38.8265
chr12	19729516	0.272627206150464	38.881
chr12	20022957	5.926724137930621	38.961
chr12	20026669	1.7606576692373959	38.983
chr12	20101357	0.2929115407147783	39.1145
chr12	20138911	0.3623563515890825	39.1255
chr12	20158229	0.2342468962286843	39.1325
chr12	20205188	7.341240054045791	39.1435
chr12	20238493	0.24273415755065972	39.388
chr12	20300289	1.8622681666159733	39.403
chr12	20352913	0.0	39.501
chr12	20361393	0.0	39.501
chr12	20374441	3.9711378737543037	39.501
chr12	20393705	2.1060223584565567	39.5775
chr12	20463030	0.6949806949807212	39.7235
chr12	20521305	0.2215189873417056	39.764
chr12	20552905	0.4531108402861842	39.771
chr12	20584906	1.013513513513552	39.7855
chr12	20645586	1.4652053403296503	39.847
chr12	20740112	1.8262554840907554	39.9855
chr12	20834020	6.524973432518643	40.157
chr12	20881070	2.1001972654921426	40.464
chr12	20939874	1.8672864241064602	40.5875
chr12	21002264	5.3324395149002735	40.704
chr12	21018673	14.539092664092644	40.7915
chr12	21043537	0.0	41.153
chr12	21056182	4.392681550737462	41.153
chr12	21093403	4.236847191044697	41.3165
chr12	21160670	30.413869125162808	41.6015
chr12	21180628	2.0489986504191426	42.2085
chr12	21383654	0.42099761918603124	42.6245
chr12	21418096	5.257766127331187	42.639
chr12	21451285	1.6146253808694164	42.8135
chr12	21489684	5.452121327555812	42.8755
chr12	21531686	0.7450807735292602	43.1045
chr12	21590740	1.0711097887533878	43.1485
chr12	21607545	2.821030505849597	43.1665
chr12	21643702	0.5823717427811929	43.2685
chr12	21680620	15.11804698929978	43.29
chr12	21715479	1.317784677593929	43.817
chr12	21743177	7.443775736459321	43.8535
chr12	21749491	0.198824250110116	43.9005
chr12	21842538	0.35816618911200376	43.919
chr12	21852310	1.7822423849648064	43.9225
chr12	21858482	2.2547395545738764	43.9335
chr12	21901946	0.8017699833555952	44.0315
chr12	21951212	5.5555555555555545	44.071
chr12	21995942	0.9398496240601105	44.3195
chr12	22027330	10.746012035533887	44.349
chr12	22037799	3.1552451519125975	44.4615
chr12	22094213	5.873558308415176	44.6395
chr12	22103577	1.6849485468732435	44.6945
chr12	22192007	0.11901523395003064	44.8435
chr12	22221415	7.631232516043999	44.847
chr12	22245723	4.698488702678545	45.0325
chr12	22279138	16.257326262907473	45.1895
chr12	22286304	3.1230293384583874	45.306
chr12	22352906	2.600565209548247	45.514
chr12	22386168	0.512252526651061	45.6005
chr12	22422283	0.6428782070185471	45.619
chr12	22507058	9.505338351639997	45.6735
chr12	22533096	0.0	45.921
chr12	22555415	7.972665148063863	45.921
chr12	22576926	3.9624762712176103	46.0925
chr12	22631185	6.171010422437217	46.3075
chr12	22708806	2.376221886672547	46.7865
chr12	22834636	0.1188954611657041	47.0855
chr12	22868279	2.613865445723709	47.0895
chr12	22897546	0.0	47.166
chr12	22942054	2.407937891808852	47.166
chr12	22966141	5.438189568706139	47.224
chr12	23029949	1.4329622860940898	47.571
chr12	23078101	0.9500665046553323	47.64
chr12	23478073	6.442182763100897	48.02
chr12	23505781	3.082245636106274	48.1985
chr12	23537576	0.0	48.2965
chr12	23581001	0.0	48.2965
chr12	23605416	0.3312055883414332	48.2965
chr12	23638628	0.23021014897901806	48.3075
chr12	23669035	0.21199506629655565	48.3145
chr12	23720923	1.3746630727763325	48.3255
chr12	23776573	10.607117934403421	48.402
chr12	23783738	0.9991972261600955	48.478
chr12	23842285	0.0	48.5365
chr12	23890635	9.247960953053877	48.5365
chr12	23921777	2.953498905412569	48.8245
chr12	23974765	0.3497046938141258	48.981
chr12	24026237	3.7615849311470138	48.999
chr12	24079539	1.112613988393951	49.1995
chr12	24102458	0.372061559276025	49.225
chr12	24132023	0.8032733388559273	49.236
chr12	24171860	1.3265009449046608	49.268
chr12	24199376	0.8227790639612003	49.3045
chr12	24287492	0.2053848164605788	49.377
chr12	24341050	2.0342775771754527	49.388
chr12	24419702	0.3646190803020042	49.548
chr12	24489638	0.42568012073819433	49.5735
chr12	24515479	0.06166097036754345	49.5845
chr12	24572241	0.27357059364808073	49.588
chr12	24612450	0.7572628390474174	49.599
chr12	24626976	0.0	49.61
chr12	24637545	0.6647168306301436	49.61
chr12	24709004	0.49515455895861193	49.6575
chr12	24723141	10.241516355854722	49.6645
chr12	24739496	2.2257458303970217	49.832
chr12	24824636	6.148025537952067	50.0215
chr12	24854239	1.4241464022501211	50.2035
chr12	24910413	0.09868328305192153	50.2835
chr12	24945880	0.338214228871571	50.287
chr12	25021276	0.1183672089012987	50.3125
chr12	25050845	1.840357967667433	50.316
chr12	25147837	0.9670025309200714	50.4945
chr12	25189719	0.7815026409399705	50.535
chr12	25319597	0.3246524101912749	50.6365
chr12	25532132	1.3110455588331784	50.7055
chr12	25590101	3.882809742321101	50.7815
chr12	25592934	0.7339384900830231	50.7925
chr12	25678091	0.256203791816302	50.855
chr12	25705413	0.25624599615631977	50.862
chr12	25775658	0.0	50.88
chr12	25804031	4.234886124912313	50.88
chr12	25834020	0.8427289094322115	51.007
chr12	25912337	0.2643404705259581	51.073
chr12	25938818	0.0	51.08
chr12	25979645	5.541808433859249	51.08
chr12	26018441	6.090000729341463	51.295
chr12	26032152	0.404560056034545	51.3785
chr12	26114958	0.3434838740243692	51.412
chr12	26199387	6.255380200860526	51.441
chr12	26216812	0.6376037959668797	51.55
chr12	26250532	4.538725261025481	51.5715
chr12	26276200	1.561507516408996	51.688
chr12	26295092	0.0	51.7175
chr12	26333017	0.8338351785797323	51.7175
chr12	26376191	1.9975639464067525	51.7535
chr12	26458291	0.7382798080472779	51.9175
chr12	26507053	0.1699265214283406	51.9535
chr12	26677715	0.47487575924894704	51.9825
chr12	26722990	2.2067144473784315	52.004
chr12	26749500	0.0	52.0625
chr12	26768738	1.2480961245557094	52.0625
chr12	26792374	6.0558755450290285	52.092
chr12	26810951	0.19151846785200521	52.2045
chr12	26829226	2.389148059241797	52.208
chr12	26873384	2.0311149524634464	52.3135
chr12	26896524	1.2302610512833543	52.3605
chr12	26955861	0.7942594215599355	52.4335
chr12	26992373	0.0	52.4625
chr12	27031620	0.3413551800648704	52.4625
chr12	27084351	4.695687222894077	52.4805
chr12	27109161	0.4914337076024086	52.597
chr12	27382850	0.5152362726339617	52.7315
chr12	27389643	0.022718716327633108	52.735
chr12	27543701	0.0	52.7385
chr12	27584665	0.472833562585784	52.7385
chr12	27607929	0.2584742633485342	52.7495
chr12	27621470	0.07116858821859942	52.753
chr12	27670649	0.643425362657679	52.7565
chr12	27687745	0.1423809986085394	52.7675
chr12	27842260	0.0	52.7895
chr12	27863623	0.23830959063709	52.7895
chr12	27939155	3.4555341168216582	52.8075
chr12	27967660	0.0	52.906
chr12	28012231	0.2077069156512185	52.906
chr12	28062783	0.0	52.9165
chr12	28135339	2.4788266887006287	52.9165
chr12	28183749	0.0	53.0365
chr12	28183969	0.3203954595388595	53.0365
chr12	28194893	0.0	53.04
chr12	28244735	0.0	53.04
chr12	28303727	0.0	53.04
chr12	28320307	0.06810928621472913	53.04
chr12	28371695	0.253505870965494	53.0435
chr12	28458478	0.0	53.0655
chr12	28551478	0.03893582819286527	53.0655
chr12	28731261	0.0	53.0725
chr12	28768444	0.0	53.0725
chr12	28810156	0.3491295037706119	53.0725
chr12	28831638	0.0	53.08
chr12	28923143	0.02626346002328069	53.08
chr12	29056408	0.0	53.0835
chr12	29115569	0.0	53.0835
chr12	29158086	0.0	53.0835
chr12	29285184	0.0	53.0835
chr12	29310933	0.0	53.0835
chr12	29705228	0.3990610328638649	53.0835
chr12	29769128	0.0	53.109
chr12	29844037	0.0	53.109
chr12	29943402	0.0	53.109
chr12	29986237	0.0	53.109
chr12	30058170	0.0	53.109
chr12	30178510	0.0	53.109
chr12	30195994	0.09910802775011739	53.109
chr12	30231309	0.0	53.1125
chr12	30259733	0.5936054366071042	53.1125
chr12	30308587	0.0	53.1415
chr12	30374787	0.6075477485341845	53.1415
chr12	30459554	2.3405972558523462	53.193
chr12	30465749	0.20724710399437143	53.2075
chr12	30603266	0.0	53.236
chr12	30687114	0.0	53.236
chr12	30715475	0.044829264543926294	53.236
chr12	30793549	0.06434578091370202	53.2395
chr12	31018894	0.3171216882406315	53.254
chr12	31053581	2.0397994456728257	53.265
chr12	31085692	0.3121895842203146	53.3305
chr12	31120927	2.059947456412572	53.3415
chr12	31154423	1.0898360215954819	53.4105
chr12	31184244	4.25060062834982	53.443
chr12	31200477	1.624129930395592	53.512
chr12	31202632	0.12866921717648758	53.5155
chr12	31260921	1.078582434513219	53.523
chr12	31264166	0.0	53.5265
chr12	31298019	0.17890129641035118	53.5265
chr12	31418197	0.17721624551747817	53.548
chr12	31562089	0.18260292164667463	53.5735
chr12	31622329	0.8281885258243663	53.5845
chr12	31648893	1.0646890373743838	53.6065
chr12	31676131	0.1227424162721006	53.6355
chr12	31733161	0.6877794103854211	53.6425
chr12	31765148	0.4277375201288407	53.6645
chr12	31824764	0.4007739082367409	53.69
chr12	31860944	0.0	53.7045
chr12	31907372	0.20220305037745337	53.7045
chr12	31959300	0.09162753407393845	53.715
chr12	32002955	0.0	53.719
chr12	32062910	1.3751480194049186	53.719
chr12	32089089	0.28529267092962485	53.755
chr12	32139914	0.7044734061288694	53.7695
chr12	32171143	1.0043116136517087	53.7915
chr12	32228894	0.0314140824844276	53.8495
chr12	32340309	2.0529453672803077	53.853
chr12	32393647	0.0	53.9625
chr12	32427759	0.3452016964198368	53.9625
chr12	32468315	0.5710804842762723	53.9765
chr12	32481448	1.1747549218180022	53.984
chr12	32543163	3.25747046560103	54.0565
chr12	32577699	2.0319303338172525	54.169
chr12	32625929	1.1967806600245086	54.267
chr12	32659352	1.279606583701195	54.307
chr12	32699208	0.18035782993459706	54.358
chr12	32740792	0.0	54.3655
chr12	32763340	1.5893928937407305	54.3655
chr12	32811157	0.0	54.4415
chr12	32830734	1.1164807412875246	54.4415
chr12	33046143	0.301741479395379	54.682
chr12	33080941	0.0	54.6925
chr12	33114336	0.5998569148643149	54.6925
chr12	33205191	17.2483766233768	54.747
chr12	33219975	0.4532383095773375	55.002
chr12	33251967	1.420454545454476	55.0165
chr12	33290335	2.3080596381387832	55.071
chr12	33309182	1.1875137598153167	55.1145
chr12	33459075	2.446419631809126	55.2925
chr12	33564944	6.186909801367674	55.5515
chr12	33577228	4.711522565713324	55.6275
chr12	33613522	0.36698744087425955	55.7985
chr12	33662570	3.8167938931299155	55.8165
chr12	33673967	0.6057781919850673	55.86
chr12	33727617	5.315396404505287	55.8925
chr12	33768724	0.5955436903172793	56.111
chr12	33866114	0.9295810518273624	56.169
chr12	33983909	2.2028731312118777	56.2785
chr12	34031801	0.11912865895175292	56.384
chr12	34061181	1.6510648610984073	56.3875
chr12	34094190	0.3316711651950725	56.442
chr12	34137908	4.387990762124741	56.4565
chr12	34172548	4.2489096713278895	56.6085
chr12	34194789	0.0	56.703
chr12	34217729	0.17393779351995828	56.703
chr12	34280970	0.20127744082444002	56.714
chr12	34318232	0.0	56.7215
chr12	34325910	0.5582433941198574	56.7215
chr12	34371589	1.4204545454545532	56.747
chr12	34422981	1.2798824734006464	56.82
chr12	34467907	1.7221413937468402	56.8775
chr12	34501586	1.13103316903587	56.9355
chr12	34543583	8.48613930580061	56.983
chr12	34573632	2.2637795275589543	57.238
chr12	34599032	0.20967687094108725	57.2955
chr12	34687263	4.137115839243344	57.314
chr12	34710105	0.14238192008494746	57.4085
chr12	34787362	0.0	57.4195
chr12	34827197	0.17871427841983215	57.4195
chr12	34885950	0.0	57.43
chr12	34928712	0.3404714943176054	57.43
chr12	34971300	0.0	57.4445
chr12	35082334	0.0	57.4445
chr12	35199129	0.0	57.4445
chr12	35239680	0.0	57.4445
chr12	35278409	0.07380851961203082	57.4445
chr12	35325829	0.0	57.448
chr12	35416123	2.6931815280933105	57.448
chr12	35455296	0.8211371363002443	57.5535
chr12	35689727	0.9704389369959783	57.746
chr12	35716519	0.10026642220765179	57.772
chr12	35751426	0.48339017643743276	57.7755
chr12	35788663	0.1108471892318415	57.7935
chr12	35820238	0.0	57.797
chr12	35880187	0.0	57.797
chr12	35909035	0.20603322108082595	57.797
chr12	35979412	0.0	57.8115
chr12	35993481	0.13872960674781334	57.8115
chr12	36047543	0.2511154196546997	57.819
chr12	36133161	0.6906451438167208	57.8405
chr12	36207005	3.632487927959316	57.8915
chr12	36229992	0.8279621939724062	57.975
chr12	36269245	0.33835334704439685	58.0075
chr12	36495340	0.7676154511283867	58.084
chr12	36552009	0.060392855525265174	58.1275
chr12	36618242	0.0	58.1315
chr12	36648461	0.1136621959534763	58.1315
chr12	36679254	1.438848920863364	58.135
chr12	36727209	0.044755316292245835	58.204
chr12	36805412	2.153459398510045	58.2075
chr12	36859511	4.834254143646592	58.324
chr12	36881231	4.939668174962301	58.429
chr12	36907751	23.615635179150132	58.56
chr12	36908365	3.619509319008138	58.5745
chr12	36999952	0.0	58.906
chr12	37029964	1.631199305618043	58.906
chr12	37063375	0.06336834434354804	58.9605
chr12	37126498	0.1267243564213947	58.9645
chr12	37154117	0.5231635156587596	58.968
chr12	37209549	0.38850038850036406	58.997
chr12	37330527	0.0	59.044
chr12	37526511	0.0	59.044
chr12	37552923	2.3061018925940546	59.044
chr12	37571786	5.063542494043083	59.0875
chr12	37576822	0.0	59.113
chr12	37598543	0.0	59.113
chr12	37635026	0.0	59.113
chr12	37650810	0.0	59.113
chr12	37665713	0.9887693511016685	59.113
chr12	37801235	0.0	59.247
chr12	37823957	0.2834165869558462	59.247
chr12	37852184	0.0	59.255
chr12	37872428	0.0	59.255
chr12	37948181	7.9115610015982165	59.255
chr12	37966951	7.426670415143852	59.4035
chr12	38009635	0.2825200791055373	59.7205
chr12	38034412	2.971889422404497	59.7275
chr12	38077314	0.0	59.855
chr12	38086196	7.003864971738897	59.855
chr12	38130957	14.053098025645493	60.1685
chr12	38182974	1.1901850493192025	60.8995
chr12	38244309	0.6350550381033264	60.9725
chr12	38260843	0.6523930964948945	60.983
chr12	38311426	2.600708277999344	61.016
chr12	38329498	0.41786478178957676	61.063
chr12	38400095	1.1754006657743956	61.0925
chr12	38458373	0.0390459403377518	61.161
chr12	38548011	0.0	61.1645
chr12	38566409	0.33882163330347553	61.1645
chr12	38621010	0.7625826131164498	61.183
chr12	38654449	0.5312389325222592	61.2085
chr12	38702450	0.32510545608230973	61.234
chr12	38825487	0.0	61.274
chr12	38840169	0.29779630732600193	61.274
chr12	38851922	0.1289538161118195	61.2775
chr12	38906205	0.0	61.2845
chr12	38911105	0.09416860889417292	61.2845
chr12	38953582	1.5985307121965902	61.2885
chr12	38982984	0.7528574361779262	61.3355
chr12	38997595	0.0	61.3465
chr12	39035615	0.6466729147141763	61.3465
chr12	39142315	0.5637125239577625	61.4155
chr12	39257622	2.2579442349919576	61.4805
chr12	39305896	0.0	61.5895
chr12	39323096	0.3035454103933912	61.5895
chr12	39479580	11.046593966860133	61.637
chr12	39493702	0.40675068251383983	61.793
chr12	39566228	0.0999514521518834	61.8225
chr12	39601245	0.746775288527005	61.826
chr12	39615975	1.59657379802962	61.837
chr12	39682054	7.348492487647453	61.9425
chr12	39721722	2.6570618800188277	62.234
chr12	39764062	0.057492741541348535	62.3465
chr12	39833636	0.14020750711062377	62.3505
chr12	39858599	0.0	62.354
chr12	39895125	0.48600430636731917	62.354
chr12	39976400	0.523194977328031	62.3935
chr12	40010804	0.7314974182444338	62.4115
chr12	40045664	0.0	62.437
chr12	40112676	3.3612190020915524	62.437
chr12	40119370	13.389941214892733	62.4595
chr12	40123963	2.4715574735190278	62.521
chr12	40200433	1.7018779342722536	62.71
chr12	40243033	1.5292353823089035	62.7825
chr12	40276383	1.2797806783444037	62.8335
chr12	40358819	2.417552055861183	62.939
chr12	40438445	15.588914549653456	63.1315
chr12	40458363	0.7760296688395404	63.442
chr12	40519572	2.1778119395337745	63.4895
chr12	40531281	190.17094017093726	63.515
chr12	40532451	6.408352740743004	63.7375
chr12	40596430	0.0	64.1475
chr12	40606647	0.3709070834627744	64.1475
chr12	40664613	1.6968472319369994	64.169
chr12	40703214	0.0	64.2345
chr12	40714392	0.0	64.2345
chr12	40732525	4.869149471565179	64.2345
chr12	40772265	4.235395035473828	64.428
chr12	40828222	6.5394310406913005	64.665
chr12	40897647	1.3555898144699303	65.119
chr12	40916458	0.2839007969502972	65.1445
chr12	40965771	0.144875045273114	65.1585
chr12	40993381	3.6968900569426557	65.1625
chr12	41221681	0.0	66.0065
chr12	41290530	0.0	66.0065
chr12	41315946	1.146269476285274	66.0065
chr12	41388791	5.437190382214266	66.09
chr12	41438449	6.478717714246319	66.36
chr12	41496408	13.952375890294613	66.7355
chr12	41515222	0.46738393298986164	66.998
chr12	41569781	0.1092896174864169	67.0235
chr12	41601806	0.8833567556717756	67.027
chr12	41626711	4.271061573147519	67.049
chr12	41658202	0.15103756238505472	67.1835
chr12	41734342	1.244176962472335	67.195
chr12	41768903	4.456199301708989	67.238
chr12	41845089	1.597755823880964	67.5775
chr12	41886084	2.3454501491093485	67.643
chr12	41948119	3.0560933143393454	67.7885
chr12	42030250	2.8986232433127177	68.0395
chr12	42170144	3.629395852119057	68.445
chr12	42192324	2.4139283666760964	68.5255
chr12	42225465	0.2407060711420257	68.6055
chr12	42300245	8.501884512472015	68.6235
chr12	42335002	0.15097861593798748	68.919
chr12	42407860	0.39434768320706476	68.93
chr12	42453505	4.078006105618127	68.948
chr12	42541293	0.0	69.306
chr12	42585363	56.24497588424448	69.306
chr12	42605267	0.7013161687002354	70.4255
chr12	42657312	4.39563877547815	70.462
chr12	42721239	0.11594779036647787	70.743
chr12	42751425	0.6095052341262933	70.7465
chr12	42817052	1.8707833341916915	70.7865
chr12	43205392	1.2178207773756422	71.513
chr12	43234953	29.064069582261364	71.549
chr12	43267605	0.0	72.498
chr12	43302948	0.0	72.498
chr12	43365289	2.3455145653555585	72.498
chr12	43399823	0.24995536511355124	72.579
chr12	43427828	0.18743640550540894	72.586
chr12	43446501	0.3215790640939938	72.5895
chr12	43491591	0.04866721359348278	72.604
chr12	43563508	0.0	72.6075
chr12	43599142	0.0	72.6075
chr12	43619006	0.0	72.6075
chr12	43662012	0.14854426619143116	72.6075
chr12	43685574	0.0	72.611
chr12	43702557	0.13744822783405744	72.611
chr12	43757123	0.20758541529300537	72.6185
chr12	43879964	0.0	72.644
chr12	43922792	4.8575844557288805	72.644
chr12	43936379	5.335132151836836	72.71
chr12	43952686	34.184031842659984	72.797
chr12	43956957	5.87321260104692	72.943
chr12	44011016	0.11984409845987076	73.2605
chr12	44106974	3.87846406385763	73.272
chr12	44138043	4.0950040950041595	73.3925
chr12	44190546	0.7764979940468781	73.6075
chr12	44213727	0.19392193257031862	73.6255
chr12	44249824	1.200706701658817	73.6325
chr12	44308123	1.2606337632186067	73.7025
chr12	44363254	2.155721688896472	73.772
chr12	44410338	0.0	73.8735
chr12	44443256	2.0622671633847	73.8735
chr12	44473320	0.0	73.9355
chr12	44491252	3.323592205078456	73.9355
chr12	44557295	3.091667954861582	74.155
chr12	44609047	0.0	74.315
chr12	44614053	0.0	74.315
chr12	44649804	0.0	74.315
chr12	44662804	0.0	74.315
chr12	44699502	0.0	74.315
chr12	44749136	0.0	74.315
chr12	44769970	0.0	74.315
chr12	44772225	1.0010921004734972	74.315
chr12	44794201	5.971197752019341	74.337
chr12	44819824	0.07793017456368626	74.49
chr12	44871152	0.15035010094946094	74.494
chr12	44894431	0.9300976175848937	74.4975
chr12	44953027	0.12443780776120014	74.552
chr12	45009280	0.0	74.559
chr12	45036585	0.30165912518854837	74.559
chr12	45096255	0.06490240301155081	74.577
chr12	45157886	0.0	74.581
chr12	45178481	1.055615391622608	74.581
chr12	45365102	0.0	74.778
chr12	45372119	0.17098303848242702	74.778
chr12	45415983	0.0	74.7855
chr12	45504490	0.13232703943344115	74.7855
chr12	45614067	0.0	74.8
chr12	45675656	0.27591099899481275	74.8
chr12	45726397	5.447131696081532	74.814
chr12	45758524	0.0	74.989
chr12	45789799	0.13242527430959142	74.989
chr12	45816229	0.0	74.9925
chr12	45827404	0.0	74.9925
chr12	45883185	0.0	74.9925
chr12	45960874	2.7437737441956815	74.9925
chr12	45994040	0.0	75.0835
chr12	46014519	0.0	75.0835
chr12	46079416	0.0	75.0835
chr12	46137723	5.358268543811629	75.0835
chr12	46161518	0.0	75.211
chr12	46183558	0.0	75.211
chr12	46200770	0.0	75.211
chr12	46225900	0.0	75.211
chr12	46287491	0.0	75.211
chr12	46301132	0.4015588938954546	75.211
chr12	46419421	0.5132272663647497	75.2585
chr12	46440854	0.0	75.2695
chr12	46453875	1.0653201797911316	75.2695
chr12	46488137	0.0	75.306
chr12	46559865	1.9654971022958283	75.306
chr12	46604383	40.776370492119874	75.3935
chr12	46625069	0.3547147502217101	76.237
chr12	46675814	10.571756969875128	76.255
chr12	46713225	0.0	76.6505
chr12	46772049	0.0	76.6505
chr12	46806237	0.2212558175022872	76.6505
chr12	46871772	0.0	76.665
chr12	46905184	0.0	76.665
chr12	46926581	0.0	76.665
chr12	46955385	0.0	76.665
chr12	47038119	0.21496130696471938	76.665
chr12	47105573	0.0	76.6795
chr12	47224175	0.0	76.6795
chr12	47344142	1.8340857787809741	76.6795
chr12	47361862	28.04104843453834	76.712
chr12	47377161	1.415631144498673	77.141
chr12	47703164	4.050632911392122	77.6025
chr12	47724889	2.8208307501550243	77.6905
chr12	47789409	4.547269420167342	77.8725
chr12	47811950	1.3813031881115445	77.975
chr12	47843442	5.600873829277921	78.0185
chr12	47886471	3.03050786354824	78.2595
chr12	48019617	2.394017075909399	78.663
chr12	48066818	0.10750046071633704	78.776
chr12	48099376	8.687402336483611	78.7795
chr12	48126254	0.0	79.013
chr12	48181048	0.2294893861153573	79.013
chr12	48198478	0.23161128312657503	79.017
chr12	48321529	0.8556344438375577	79.0455
chr12	48513784	0.044837879040245214	79.21
chr12	48591843	0.024207548605316678	79.2135
chr12	48736426	0.0	79.217
chr12	48780295	0.11110405688535652	79.217
chr12	48811797	0.0	79.2205
chr12	48832011	1.0130779149017117	79.2205
chr12	48853727	2.1449812314140755	79.2425
chr12	48874240	0.13030528667172378	79.2865
chr12	48901100	133.90928725701428	79.29
chr12	48901563	0.4249326178277031	79.352
chr12	48942746	5.620203020549736	79.3695
chr12	48962941	0.3612903225801699	79.483
chr12	48982316	0.16911386914459395	79.49
chr12	49369629	0.23832363157553518	79.5555
chr12	49537468	0.0	79.5955
chr12	49549788	0.21248178727524067	79.5955
chr12	49599204	1.1516162338187905	79.606
chr12	49611795	2.4990199921597998	79.6205
chr12	49642407	0.9411884411885973	79.697
chr12	49662063	1.7188775729445251	79.7155
chr12	49685334	1.4215523904163718	79.7555
chr12	49721562	1.6987542468856816	79.807
chr12	49762180	4.944072878228629	79.876
chr12	49796868	1.2386658031087403	80.0475
chr12	49858628	0.9356287425149589	80.124
chr12	49909396	1.4397299265244177	80.1715
chr12	49939610	2.1800480805124725	80.215
chr12	50006581	0.48515427906030006	80.361
chr12	50022040	6.406250000000983	80.3685
chr12	50031640	0.15721347843543304	80.43
chr12	50146134	0.1136880400183021	80.448
chr12	50212104	0.5293175773135314	80.4555
chr12	50287673	0.0	80.4955
chr12	50306151	0.9386947023483174	80.4955
chr12	50364743	1.7186203626883647	80.5505
chr12	50398491	2.043187760239995	80.6085
chr12	50450126	0.5074742817045427	80.714
chr12	50529933	0.12601203414941525	80.7545
chr12	50561676	0.9293032548846304	80.7585
chr12	50647762	1.2428809666153948	80.8385
chr12	50679543	0.0	80.878
chr12	50693289	0.0	80.878
chr12	50750339	0.0	80.878
chr12	50774380	4.755371593340059	80.878
chr12	50817384	0.8147689768977695	81.0825
chr12	50865864	0.0	81.122
chr12	50913655	0.06317817825730716	81.122
chr12	50976968	0.07977844386436286	81.126
chr12	51064711	1.4877200060516793	81.133
chr12	51084540	0.0	81.1625
chr12	51161671	0.2082702211452948	81.1625
chr12	51214487	0.0	81.1735
chr12	51248939	0.03926980600718639	81.1735
chr12	51338066	0.14870836165823803	81.177
chr12	51361602	1.3108517966381004	81.1805
chr12	51439414	0.0	81.2825
chr12	51469467	0.0	81.2825
chr12	51663766	0.0	81.2825
chr12	51694112	0.6969192999128365	81.2825
chr12	51757247	0.9149419485107384	81.3265
chr12	51773095	0.8078312107966823	81.341
chr12	51804661	1.1486258641039546	81.3665
chr12	51852109	0.183954125646988	81.421
chr12	51930933	0.0	81.4355
chr12	51950405	0.0	81.4355
chr12	51971505	0.42421905129177323	81.4355
chr12	51997435	1.476862487692689	81.4465
chr12	52037046	1.318306364059767	81.505
chr12	52056389	1.9507241729458362	81.5305
chr12	52075100	3.382134914752015	81.567
chr12	52096684	3.600654664483968	81.64
chr12	52111959	7.728993662016069	81.695
chr12	52159766	0.0569046704508968	82.0645
chr12	52230059	0.5487071557426901	82.0685
chr12	52296579	0.7293566032818856	82.105
chr12	52315774	1.0793837699927074	82.119
chr12	52325965	3.3014607406487295	82.13
chr12	52358072	10.707635009310204	82.236
chr12	52372034	1.7609046849759107	82.3855
chr12	52402984	1.7136329017523197	82.44
chr12	52416114	1.163223525032457	82.4625
chr12	52491336	3.018422655298441	82.55
chr12	52622696	11.631122325533196	82.9465
chr12	52680558	0.27670171555052775	83.6195
chr12	52720312	0.7315842583248325	83.6305
chr12	52740132	2.245324803149837	83.645
chr12	52772644	0.0	83.718
chr12	52822890	0.0	83.718
chr12	52891740	3.6670741193462066	83.718
chr12	52918737	0.08278733117303738	83.817
chr12	52961014	0.0	83.8205
chr12	52977599	0.8375209380237157	83.8205
chr12	53008046	0.13081300281217467	83.846
chr12	53038624	0.5950964056182964	83.85
chr12	53051227	0.0	83.8575
chr12	53055436	4.65374147374058	83.8575
chr12	53085197	2.0263328132731675	83.996
chr12	53137755	0.0	84.1025
chr12	53169476	0.0	84.1025
chr12	53188414	0.1903674090991185	84.1025
chr12	53209426	0.0	84.1065
chr12	53235713	0.0	84.1065
chr12	53273239	0.05192262046051657	84.1065
chr12	53340647	5.4343211344145415	84.11
chr12	53364201	0.0	84.238
chr12	53431595	0.43192005976846914	84.238
chr12	53474427	0.17741105096910864	84.2565
chr12	53618161	0.4065512835407714	84.282
chr12	53626770	0.0	84.2855
chr12	53635859	0.03133393017012087	84.2855
chr12	53747559	1.7509015836514734	84.289
chr12	53766692	4.549909001819804	84.3225
chr12	53773835	3.4028073160358585	84.355
chr12	53787941	5.892436254553216	84.403
chr12	53806609	1.527810933396824	84.513
chr12	53869444	0.0	84.609
chr12	53870190	1.59795829213908	84.609
chr12	53913683	6.706521739130328	84.6785
chr12	53959683	7.367990176013378	84.987
chr12	53984113	20.017917271631894	85.167
chr12	54016484	13.286172868862286	85.815
chr12	54033306	0.09547207759979874	86.0385
chr12	54111863	0.0	86.046
chr12	54126945	8.541647449497166	86.046
chr12	54181150	0.17969451931738042	86.509
chr12	54203410	10.514210612781346	86.513
chr12	54215584	15.062983760813509	86.641
chr12	54255118	0.0	87.2365
chr12	54264914	0.0	87.2365
chr12	54307553	0.2669578934594268	87.2365
chr12	54348758	0.0	87.2475
chr12	54390065	0.0	87.2475
chr12	54406033	0.0	87.2475
chr12	54434348	4.625784645098933	87.2475
chr12	54589673	1.1656823127137526	87.966
chr12	54602541	0.0	87.981
chr12	54636109	0.8418974626959526	87.981
chr12	54653332	0.19645262685161036	87.9955
chr12	54671148	8.713715333980995	87.999
chr12	54708216	0.5717255717253472	88.322
chr12	54746696	3.503310949449724	88.344
chr12	54832472	1.59420151090102	88.6445
chr12	54936913	34.45491251682181	88.811
chr12	54944343	5.509109734048479	89.067
chr12	55009054	1.794771751853217	89.4235
chr12	55073129	2.1636602324111105	89.5385
chr12	55093696	0.5600776641027768	89.583
chr12	55120478	0.026427659943992248	89.598
chr12	55252915	2.876670848293675	89.6015
chr12	55276032	6.609208234716034	89.668
chr12	55298425	0.7670289787289173	89.816
chr12	55351878	0.6577381325247733	89.857
chr12	55431697	1.2544475868991611	89.9095
chr12	55475541	1.4006756200049408	89.9645
chr12	55560500	1.0314949800578028	90.0835
chr12	55575042	2.140785415036221	90.0985
chr12	55618484	1.8399516669407057	90.1915
chr12	55636691	0.21816368509645956	90.225
chr12	55652734	13.162101673239588	90.2285
chr12	55662117	1.8085362912932672	90.352
chr12	55666264	0.5225404968889786	90.3595
chr12	55687315	1.5854221437314318	90.3705
chr12	55737144	6.307434624496482	90.4495
chr12	55803415	1.1981584210723153	90.8675
chr12	55856413	0.1151907847373618	90.931
chr12	55891138	0.0	90.935
chr12	55931713	1.6530888101412267	90.935
chr12	55986459	0.18013257757727422	91.0255
chr12	56028095	7.057810930999716	91.033
chr12	56062950	0.18637365486837265	91.279
chr12	56124654	3.5318823978619776	91.2905
chr12	56161320	1.046226700806605	91.42
chr12	56197641	0.0	91.458
chr12	56240723	0.0	91.458
chr12	56285162	0.0	91.458
chr12	56324679	0.0	91.458
chr12	56380510	2.9438252842507944	91.458
chr12	56469340	1.2514634047880953	91.7195
chr12	56494111	2.405014089981283	91.7505
chr12	56514693	32.89350988437153	91.8
chr12	56536141	4.855830761123246	92.5055
chr12	56735386	3.1800329405803214	93.473
chr12	56814316	5.19406687684101	93.724
chr12	56853014	11.9801218718571	93.925
chr12	56869917	0.0	94.1275
chr12	56889945	5.011796668334835	94.1275
chr12	56959880	6.193332722777099	94.478
chr12	57003556	10.2731914445633	94.7485
chr12	57060549	5.50250176717614	95.334
chr12	57132698	0.747078440395654	95.731
chr12	57308717	4.349485969840157	95.8625
chr12	57345388	24.834749763926045	96.022
chr12	57350683	0.27929060187158833	96.1535
chr12	57365005	0.5406676069580661	96.1575
chr12	57386275	2.9589157737884166	96.169
chr12	57456740	1.5178883137780017	96.3775
chr12	57522621	3.7697682971677837	96.4775
chr12	57528059	2.280252389579349	96.498
chr12	57560073	1.444390948483444	96.571
chr12	57630691	1.3318215359141528	96.673
chr12	57686254	0.0	96.747
chr12	57706318	1.9257007650991622	96.747
chr12	57764219	4.966458750147075	96.8585
chr12	57806704	0.5528282694258826	97.0695
chr12	57829315	0.671698513425325	97.082
chr12	57885888	18.442356811983288	97.12
chr12	57908987	0.5852245675289388	97.546
chr12	57959395	2.0265175317329187	97.5755
chr12	57991223	0.0	97.64
chr12	58026677	4.204545454545076	97.64
chr12	58039877	0.3688675765400361	97.6955
chr12	58064276	0.1949407150883644	97.7045
chr12	58107879	2.116040955631803	97.713
chr12	58129854	0.6540918770916697	97.7595
chr12	58162724	0.0	97.781
chr12	58172736	0.3058415740646461	97.781
chr12	58270826	2.118644067795687	97.811
chr12	58284986	0.8892131603548069	97.841
chr12	58328845	1.0610079575609783	97.88
chr12	58332615	0.28315037462984033	97.884
chr12	58378527	1.4444080142491	97.897
chr12	58491376	0.32142529157862604	98.06
chr12	58545821	0.3733379282616953	98.0775
chr12	58754747	0.2805836139168102	98.1555
chr12	58802861	0.6117834818458874	98.169
chr12	58840456	564.9819494585138	98.192
chr12	58840733	0.18596820922407659	98.3485
chr12	58891817	1.1633602743075708	98.358
chr12	58908149	0.12378973429426593	98.377
chr12	59021244	13.18336867336597	98.391
chr12	59042938	0.06781316117825982	98.677
chr12	59116670	1.7220994191129202	98.682
chr12	59136123	1.1502658561481804	98.7155
chr12	59267397	0.2716933051021788	98.8665
chr12	59320766	0.24973777533602506	98.881
chr12	59360808	0.14093329157510381	98.891
chr12	59392738	0.18947900291938738	98.8955
chr12	59677730	0.3440539384056708	98.9495
chr12	59850668	0.5358754512636918	99.009
chr12	59868396	1.9446733978979758	99.0185
chr12	59907220	2.18277449046713	99.094
chr12	59945245	1.2779639586972604	99.177
chr12	60239463	9.224397590362686	99.553
chr12	60244775	0.6032438064683767	99.602
chr12	60317714	1.889060621672749	99.646
chr12	60352652	0.4580571314613607	99.712
chr12	60834033	0.8630609896430282	99.9325
chr12	60860103	0.8991429445974335	99.955
chr12	60886239	1.9496364871324134	99.9785
chr12	60925990	0.7805500502267606	100.056
chr12	60999656	0.3817058782703755	100.1135
chr12	61028474	0.0	100.1245
