Chromosome	Position(bp)	Rate(cM/Mb)	Map(cM)
chr8	0	0.0	0.0
chr8	75255	0.0	0.0
chr8	144351	0.0	0.0
chr8	164461	0.0	0.0
chr8	226297	0.0	0.0
chr8	233562	0.0	0.0
chr8	244326	0.0	0.0
chr8	245037	5.821960686114937	0.0
chr8	253024	17.217839805825246	0.0465
chr8	259616	0.28082103201729264	0.16
chr8	800886	0.9212344541685867	0.312
chr8	816083	0.4452359750667858	0.326
chr8	848650	1.4399736690529055	0.3405
chr8	860803	0.05901287553648074	0.358
chr8	954003	2.4968100691545505	0.3635
chr8	1017484	0.6125696101829751	0.522
chr8	1080334	0.46614613681389155	0.5605
chr8	1114658	1.4056909183847297	0.5765
chr8	1126396	1.50146484375	0.593
chr8	1167356	1.8084564442180324	0.6545
chr8	1186986	0.0	0.69
chr8	1231820	0.0	0.69
chr8	1239731	0.0	0.69
chr8	1245328	1.2796406560117008	0.69
chr8	1283620	0.8496556658617305	0.739
chr8	1305982	0.9023423691603563	0.758
chr8	1359731	0.2017665784872017	0.8065
chr8	1382034	0.0	0.811
chr8	1437642	1.539850262836509	0.811
chr8	1475308	0.06375967301355029	0.869
chr8	1624305	0.0	0.8785
chr8	1624495	0.0	0.8785
chr8	1647010	0.0	0.8785
chr8	1699214	1.400560224089639	0.8785
chr8	1726703	0.0	0.917
chr8	1761564	0.27423686499981004	0.917
chr8	1814438	0.3443051921222975	0.9315
chr8	1828960	0.0	0.9365
chr8	1876228	0.16701306413301473	0.9365
chr8	1903172	0.13295397133512388	0.941
chr8	1940779	5.35371830385681	0.946
chr8	1959551	0.0	1.0465
chr8	1981858	0.0	1.0465
chr8	1983591	6.469600996156133	1.0465
chr8	2002062	0.4462009178990315	1.166
chr8	2064814	2.361528553027049	1.194
chr8	2081117	29.704029841619285	1.2325
chr8	2113823	0.7736377702504897	2.204
chr8	2137736	0.0	2.2225
chr8	2159935	2.522983341397657	2.2225
chr8	2203336	0.0	2.332
chr8	2219784	0.7167388382858003	2.332
chr8	2253269	0.19810610563018888	2.356
chr8	2278508	4.298341203535521	2.361
chr8	2295026	1.0331732380207728	2.432
chr8	2312932	1.1303305360506908	2.4505
chr8	2342127	4.921225611240573	2.4835
chr8	2370880	4.986702127659567	2.625
chr8	2375392	0.9878711376982611	2.6475
chr8	2411834	2.4341264528692284	2.6835
chr8	2428267	0.4655493482309129	2.7235
chr8	2436859	3.320094327913622	2.7275
chr8	2452973	6.388555203669323	2.781
chr8	2471287	1.3629548861932683	2.898
chr8	2500635	2.430896973669822	2.938
chr8	2518941	1.5622637705992106	2.9825
chr8	2538784	0.6431331388498721	3.0135
chr8	2733145	0.0	3.1385
chr8	2751641	1.2806648073310924	3.1385
chr8	2786779	4.11019229828253	3.1835
chr8	2807216	8.974700399467372	3.2675
chr8	2825991	19.893283841781695	3.436
chr8	2843233	0.0	3.779
chr8	2862901	17.82388498611337	3.779
chr8	2893506	0.719424460431682	4.3245
chr8	2906016	3.5089633104250684	4.3335
chr8	2933517	43.68932038834952	4.43
chr8	2938358	2.28694663001234	4.6415
chr8	2980554	6.935626841714375	4.738
chr8	3105777	2.819702056915605	5.6065
chr8	3136454	0.5606386795837898	5.693
chr8	3158750	0.0	5.7055
chr8	3186463	0.28353600907316306	5.7055
chr8	3202334	12.478946562547868	5.71
chr8	3215396	0.19519812609796797	5.873
chr8	3235888	0.6177325581395798	5.877
chr8	3249648	1.6010548125823563	5.8855
chr8	3265575	28.707851921716582	5.911
chr8	3274057	0.0	6.1545
chr8	3281445	0.0	6.1545
chr8	3288992	0.2801120448179378	6.1545
chr8	3305057	2.4140869071286644	6.159
chr8	3315620	0.0	6.1845
chr8	3396364	3.1764318630678012	6.1845
chr8	3426744	1.835260115606946	6.281
chr8	3461344	0.12928666084875268	6.3445
chr8	3492283	10.727013542409129	6.3485
chr8	3506313	0.0	6.499
chr8	3519101	0.29979389169945686	6.499
chr8	3545786	0.0	6.507
chr8	3546103	0.0	6.507
chr8	3565094	0.3859017236943804	6.507
chr8	3576755	0.0	6.5115
chr8	3581399	0.43308791684712034	6.5115
chr8	3599871	0.0	6.5195
chr8	3614947	0.0	6.5195
chr8	3636758	1.175934705412089	6.5195
chr8	3744332	0.20101215532326847	6.646
chr8	3786618	1.1908198614319156	6.6545
chr8	3800474	3.7219454860916525	6.671
chr8	3818341	1.2742555664848438	6.7375
chr8	3930171	0.32613422235107775	6.88
chr8	3943969	0.20974254103086148	6.8845
chr8	3963040	0.0	6.8885
chr8	3963689	0.0	6.8885
chr8	4020005	10.535931790499394	6.8885
chr8	4028215	19.637968601597887	6.975
chr8	4046114	69.81858163826266	7.3265
chr8	4047933	9.352685501397069	7.4535
chr8	4060817	23.219403460354528	7.574
chr8	4079659	0.0	8.0115
chr8	4079871	36.42508449117519	8.0115
chr8	4082534	0.0	8.1085
chr8	4098531	0.0	8.1085
chr8	4116675	0.06725967278171438	8.1085
chr8	4176146	3.0334569845124615	8.1125
chr8	4288559	0.0	8.4535
chr8	4310835	1.5997866951072612	8.4535
chr8	4325837	0.053649347862373575	8.4775
chr8	4409715	0.0	8.482
chr8	4451318	0.0	8.482
chr8	4499362	0.0	8.482
chr8	4502415	0.0	8.482
chr8	4515377	0.19060325931579797	8.482
chr8	4536363	0.0	8.486
chr8	4563043	2.8316457868542537	8.486
chr8	4574697	7.369688293095585	8.519
chr8	4605431	2.277585059041995	8.7455
chr8	4633970	9.628457716362197	8.8105
chr8	4674423	0.0	9.2
chr8	4676255	4.241103160688102	9.2
chr8	4697358	6.691979932650677	9.2895
chr8	4755562	10.204935173567536	9.679
chr8	4803382	2.702499004059126	10.167
chr8	4896259	0.9224368032658306	10.418
chr8	4921735	0.6193868070609414	10.4415
chr8	4928193	36.955296769346475	10.4455
chr8	4938841	0.0	10.839
chr8	4947949	0.9993337774817167	10.839
chr8	4955454	2.2650341930844253	10.8465
chr8	5173773	0.0	11.341
chr8	5181590	5.238804382512572	11.341
chr8	5200392	0.47139237522827876	11.4395
chr8	5217363	3.951595630756048	11.4475
chr8	5264053	6.508402240597487	11.632
chr8	5282798	0.24681607266266117	11.754
chr8	5313185	0.0	11.7615
chr8	5352054	1.9447768849376192	11.7615
chr8	5375450	11.64154859669701	11.807
chr8	5386531	3.744886789191652	11.936
chr8	5403888	1.020029673590598	12.001
chr8	5414672	0.0	12.012
chr8	5421565	1.2710787221421642	12.012
chr8	5445167	0.5544281021821539	12.042
chr8	5492964	0.0	12.0685
chr8	5609148	2.1551724137931436	12.0685
chr8	5623532	7.899041832203725	12.0995
chr8	5644927	1.6873069943650576	12.2685
chr8	5676338	9.993020747414432	12.3215
chr8	5692099	7.795380249308494	12.479
chr8	5719936	0.5529342376880186	12.696
chr8	5733500	0.4829518014102376	12.7035
chr8	5764559	0.0	12.7185
chr8	5797210	1.5502062066746336	12.7185
chr8	5831399	0.0	12.7715
chr8	5848229	0.0	12.7715
chr8	5859077	0.0	12.7715
chr8	5903200	19.114126097366288	12.7715
chr8	5915730	0.09127878429249472	13.011
chr8	6074584	3.3813400125235353	13.0255
chr8	6098539	0.0	13.1065
chr8	6128582	10.650829488563796	13.1065
chr8	6138769	0.0	13.215
chr8	6164112	8.899628690988377	13.215
chr8	6181079	0.49170654953125836	13.366
chr8	6196332	0.06929750806161274	13.3735
chr8	6521019	0.0	13.396
chr8	6524730	1.6602809706257855	13.396
chr8	6548220	14.86403441388848	13.435
chr8	6561238	1.038795408729986	13.6285
chr8	6609852	0.2731245447924357	13.679
chr8	6637312	0.40494573727122096	13.6865
chr8	6655833	0.0	13.694
chr8	6676589	1.7443169029934056	13.694
chr8	6694361	4.923345382026713	13.725
chr8	6710407	20.877640720260835	13.804
chr8	6724513	0.202808903310833	14.0985
chr8	6744236	1.1657276083155677	14.1025
chr8	6764824	1.1518967900476555	14.1265
chr8	6777846	0.0	14.1415
chr8	6794009	1.4904980747732663	14.1415
chr8	6810111	1.9097702740104916	14.1655
chr8	6828176	0.4940267672684786	14.2
chr8	6883841	0.0	14.2275
chr8	6900447	0.0	14.2275
chr8	6913946	1.6846789574062564	14.2275
chr8	6929676	1.1592931445043306	14.254
chr8	6977550	6.226387217965764	14.3095
chr8	7024929	1.6247648366683878	14.6045
chr8	7036623	0.2596896708433136	14.6235
chr8	7052026	2.171785146213187	14.6275
chr8	7068372	1.5396458814472116	14.663
chr8	7083960	0.17056114617095922	14.687
chr8	7107412	11.81434599156113	14.691
chr8	7121632	44.35054564812345	14.859
chr8	7136660	0.0	15.5255
chr8	7154883	6.371951219512292	15.5255
chr8	7171283	0.0	15.63
chr8	7186405	0.0	15.63
chr8	7201483	0.46871338176699784	15.63
chr8	7218551	18.326804700615586	15.638
chr8	7236421	0.38135189245872436	15.9655
chr8	7246910	1.7450245168734095	15.9695
chr8	7281580	1.3478338620904222	16.03
chr8	7432563	0.41297285391775146	16.2335
chr8	7450724	25.31218359770519	16.241
chr8	7459613	0.0	16.466
chr8	7468497	6.881768953068585	16.466
chr8	7472929	7.273760126457205	16.4965
chr8	7513417	2.27385071675726	16.791
chr8	7523532	1.1010052656773426	16.814
chr8	7544422	0.0	16.837
chr8	7611795	0.0	16.837
chr8	7617090	1.4383989993748119	16.837
chr8	7625085	0.0	16.8485
chr8	7632811	0.0	16.8485
chr8	7664386	0.42708274016287706	16.8485
chr8	7681947	0.0	16.856
chr8	7700723	0.1430099236451124	16.856
chr8	7781137	0.0	16.8675
chr8	7798519	0.48235388696842413	16.8675
chr8	7823397	0.6390308957545048	16.8795
chr8	7841393	4.409679134905273	16.891
chr8	7863957	0.29155581471624764	16.9905
chr8	7891396	6.31001371742104	16.9985
chr8	7898686	0.5699367554051847	17.0445
chr8	7925882	0.0	17.06
chr8	7953061	4.069877498039454	17.06
chr8	7990040	15.797131573477555	17.2105
chr8	7994851	0.0	17.2865
chr8	8020738	0.47298096251641664	17.2865
chr8	8029195	0.0	17.2905
chr8	8044370	0.0	17.2905
chr8	8062767	0.0	17.2905
chr8	8079566	0.1559923340909635	17.2905
chr8	8102003	0.3111387678903067	17.294
chr8	8114859	0.1777642338362792	17.298
chr8	8134548	7.355899086259417	17.3015
chr8	8151949	0.6471945523100944	17.4295
chr8	8169718	0.0	17.441
chr8	8175647	0.321975529859776	17.441
chr8	8211364	0.0	17.4525
chr8	8225136	1.3140971872727463	17.4525
chr8	8243019	1.0540305210576824	17.476
chr8	8264840	0.0	17.499
chr8	8293066	21.260467802483603	17.499
chr8	8306918	1.0401497815684444	17.7935
chr8	8340567	0.6291774934222785	17.8285
chr8	8401758	0.0	17.867
chr8	8409221	0.0	17.867
chr8	8423304	2.9641185647425785	17.867
chr8	8480994	0.0	18.038
chr8	8491371	0.20044097013436238	18.038
chr8	8511327	0.0	18.042
chr8	8529837	0.16448044738672574	18.042
chr8	8554156	0.5685694791903786	18.046
chr8	8567347	6.617836031868361	18.0535
chr8	8590693	0.4586613008227187	18.208
chr8	8624487	3.4435731333105726	18.2235
chr8	8639152	0.0	18.274
chr8	8668928	0.6931991139106884	18.274
chr8	8801646	0.19532339974323057	18.366
chr8	8819565	2.9759337531269994	18.3695
chr8	8831158	2.207163601161611	18.404
chr8	8856983	1.9014550264551475	18.461
chr8	8881175	7.762818676596783	18.507
chr8	8898630	0.25727222832053664	18.6425
chr8	8927782	13.447103982787725	18.65
chr8	8968683	8.074730842305337	19.2
chr8	8984473	0.754207684979293	19.3275
chr8	9009665	0.0	19.3465
chr8	9079309	0.0	19.3465
chr8	9104666	0.0	19.3465
chr8	9121322	0.6629834254143897	19.3465
chr8	9166572	0.0	19.3765
chr8	9280715	0.19073049780666299	19.3765
chr8	9301687	4.271010186757064	19.3805
chr8	9320535	0.3220167448709634	19.461
chr8	9331404	2.21268163804492	19.4645
chr8	9346544	0.12109103018187217	19.498
chr8	9379577	5.225487712186443	19.502
chr8	9395365	0.9665900975687512	19.5845
chr8	9439334	0.9272670664518867	19.627
chr8	9513207	0.4091361889853999	19.6955
chr8	9541315	0.0	19.707
chr8	9557079	6.582551379243293	19.707
chr8	9613668	1.8646397264636385	20.0795
chr8	9732994	1.4786383942617554	20.302
chr8	9748887	0.0	20.3255
chr8	9765355	0.49627125918771164	20.3255
chr8	9802633	0.4000800160031566	20.344
chr8	9822629	1.606613893863071	20.352
chr8	9882382	1.209612386430883	20.448
chr8	9900983	0.0	20.4705
chr8	9920746	0.0	20.4705
chr8	9927930	0.18261949402226213	20.4705
chr8	9968999	0.0	20.478
chr8	9979610	2.104677944563469	20.478
chr8	9992201	0.16320535313563733	20.5045
chr8	10016710	0.04504748004394671	20.5085
chr8	10183201	3.7335073220241237	20.516
chr8	10196995	0.0	20.5675
chr8	10209424	2.0386689464686545	20.5675
chr8	10224630	0.0	20.5985
chr8	10249281	3.7633599277434757	20.5985
chr8	10302425	1.5635364351368748	20.7985
chr8	10334084	8.433165195460223	20.848
chr8	10346772	7.016371533578418	20.955
chr8	10364730	0.26448665544600225	21.081
chr8	10406320	1.3779055835130416	21.092
chr8	10423012	0.0789248184729739	21.115
chr8	10467358	0.0	21.1185
chr8	10472859	0.8413082343043129	21.1185
chr8	10529913	1.8479164741754373	21.1665
chr8	10562382	11.825192802056396	21.2265
chr8	10564327	3.283837806967403	21.2495
chr8	10578335	2.3819211338283557	21.2955
chr8	10637321	2.2198966162433096	21.436
chr8	10668854	23.867436910914638	21.506
chr8	10672143	0.0	21.5845
chr8	10697468	4.4155586425881	21.5845
chr8	10707546	2.608695652173819	21.629
chr8	10725946	5.65799108034353	21.677
chr8	10755992	9.586311159977885	21.847
chr8	10770544	5.528303355913706	21.9865
chr8	10796230	19.57320520067842	22.1285
chr8	10803306	0.6113059425373026	22.267
chr8	10834387	0.5885500267522329	22.286
chr8	10871767	0.0	22.308
chr8	10897985	1.7348471940395898	22.308
chr8	10962544	0.4185623293902845	22.42
chr8	10990019	0.22414345180920425	22.4315
chr8	11021249	0.21010610358219264	22.4385
chr8	11040287	16.015688838045456	22.4425
chr8	11058644	1.515917129863625	22.7365
chr8	11068539	0.5416187796404228	22.7515
chr8	11144238	16.455262255742127	22.7925
chr8	11164657	0.8435028372368352	23.1285
chr8	11255943	0.35391966023693	23.2055
chr8	11267245	1.2518034456421243	23.2095
chr8	11290811	2.529675034053298	23.239
chr8	11311367	0.14847495015479353	23.291
chr8	11334940	2.0061522000803222	23.2945
chr8	11342417	0.365230094959715	23.3095
chr8	11352000	0.8207836699737078	23.313
chr8	11366011	0.0	23.3245
chr8	11370307	6.562453915351618	23.3245
chr8	11377088	4.210658622423339	23.369
chr8	11385044	0.0	23.4025
chr8	11393762	1.880414113669948	23.4025
chr8	11417427	3.117547966483665	23.447
chr8	11463136	11.58376598001449	23.5895
chr8	11481049	0.7051949360287321	23.797
chr8	11570386	0.0	23.86
chr8	11585864	8.45527332965216	23.86
chr8	11614840	2.1081129060890924	24.105
chr8	11637372	5.2895659533309365	24.1525
chr8	11670456	2.4471635150166726	24.3275
chr8	11692931	8.435582822085301	24.3825
chr8	11694235	7.721700366183833	24.3935
chr8	11700516	13.667936365673302	24.442
chr8	11727294	0.5635445005830445	24.808
chr8	11753024	1.2204500618584344	24.8225
chr8	11782931	2.947087697599812	24.859
chr8	11834677	1.4557231181916097	25.0115
chr8	11865246	0.990544799639786	25.056
chr8	11931876	0.753564154786131	25.122
chr8	11956426	17.245989304812916	25.1405
chr8	11975126	23.39889997203297	25.463
chr8	11985853	4.622496147919879	25.714
chr8	12026740	0.25303643724697317	25.903
chr8	12157156	0.11070694290681475	25.936
chr8	12188771	0.9181304784673175	25.9395
chr8	12217634	2.725887917902583	25.966
chr8	12230107	0.0	26.0
chr8	12262686	0.0	26.0
chr8	12279650	1.2064860691075676	26.0
chr8	12310732	0.445879458794532	26.0375
chr8	12343252	0.429342492639714	26.052
chr8	12351404	2.5583700186692018	26.0555
chr8	12394791	1.065484075332576	26.1665
chr8	12429517	0.2715276143583905	26.2035
chr8	12484760	1.057579318448924	26.2185
chr8	12506035	3.739423570647209	26.241
chr8	12550828	1.274791336786437	26.4085
chr8	12588089	2.4537140307827867	26.456
chr8	12592572	0.6515506906437568	26.467
chr8	12604083	0.0	26.4745
chr8	12627355	0.4436819687648062	26.4745
chr8	12644259	3.130054513868136	26.482
chr8	12677645	1.102061871785639	26.5865
chr8	12741616	1.1031935410060962	26.657
chr8	12802802	1.181435101418908	26.7245
chr8	12970818	1.18184786157365	26.923
chr8	13047393	0.0	27.0135
chr8	13109291	0.5572245372613672	27.0135
chr8	13253757	0.30414818884657985	27.094
chr8	13304719	0.0	27.1095
chr8	13322031	1.8160905623827797	27.1095
chr8	13338550	0.0	27.1395
chr8	13372673	0.8358662613981566	27.1395
chr8	13418733	0.44651774908052894	27.178
chr8	13503836	0.1387167773318343	27.216
chr8	13557903	0.3140200726555928	27.2235
chr8	13639108	3.77761938702782	27.249
chr8	13688213	2.2377962044200426	27.4345
chr8	13717036	1.6288586071272642	27.499
chr8	13742207	0.41282402791628536	27.54
chr8	13806399	3.2668954593453075	27.5665
chr8	13836703	2.1919524033191395	27.6655
chr8	13862251	0.8294166436273469	27.7215
chr8	13880336	0.0	27.7365
chr8	13883789	1.8613974799541666	27.7365
chr8	13897757	2.800174762680189	27.7625
chr8	13922934	1.2834369089436575	27.833
chr8	13937738	4.446604300813992	27.852
chr8	13978893	1.105495893872062	28.035
chr8	13982059	0.3712871287128854	28.0385
chr8	14002259	0.0	28.046
chr8	14003410	0.18864602459944876	28.046
chr8	14043167	0.9102632177805093	28.0535
chr8	14056350	1.0789286349884466	28.0655
chr8	14101302	4.783291342607815	28.114
chr8	14128689	0.0	28.245
chr8	14148183	0.9363685546630031	28.245
chr8	14172212	2.4869782934299076	28.2675
chr8	14261678	0.0	28.49
chr8	14286476	1.9501889245520678	28.49
chr8	14335702	0.0	28.586
chr8	14348270	0.6542268745023109	28.586
chr8	14365848	0.0	28.5975
chr8	14369308	0.0	28.5975
chr8	14375074	0.7129761662250862	28.5975
chr8	14379983	0.0	28.601
chr8	14396503	0.7485029940119239	28.601
chr8	14411199	0.0	28.612
chr8	14420788	0.0	28.612
chr8	14441381	0.0	28.612
chr8	14461460	0.8805031446547172	28.612
chr8	14465435	1.371008969651845	28.6155
chr8	14508469	0.30059912515292686	28.6745
chr8	14556706	2.5011368804001872	28.689
chr8	14596288	0.1980982567352812	28.788
chr8	14613956	0.4223686433519335	28.7915
chr8	14631713	1.8199985725502081	28.799
chr8	14645724	1.579716440898825	28.8245
chr8	14671045	8.468962906888818	28.8645
chr8	14692181	19.05323800930102	29.0435
chr8	14706588	1.111280255746641	29.318
chr8	14772278	0.0	29.391
chr8	14772329	3.480974672908617	29.391
chr8	14788991	5.855525507631614	29.449
chr8	14832625	0.6369426751591912	29.7045
chr8	14849895	0.20940442493214914	29.7155
chr8	14919139	2.355005541189434	29.73
chr8	14940795	0.10737513805382565	29.781
chr8	14973391	0.0	29.7845
chr8	14990926	0.0	29.7845
chr8	15027141	0.41508029656766326	29.7845
chr8	15062074	0.0	29.799
chr8	15102409	0.4059444385612489	29.799
chr8	15130738	0.0	29.8105
chr8	15150650	0.0	29.8105
chr8	15164974	0.0	29.8105
chr8	15188627	0.0	29.8105
chr8	15205722	0.0	29.8105
chr8	15262623	0.0	29.8105
chr8	15277270	0.10990736379334112	29.8105
chr8	15309115	0.0	29.814
chr8	15328423	0.0	29.814
chr8	15341292	0.0	29.814
chr8	15359553	0.23027830778333763	29.814
chr8	15374752	0.0	29.8175
chr8	15397127	0.0	29.8175
chr8	15413271	0.47382440323736086	29.8175
chr8	15452315	0.0	29.836
chr8	15474370	0.0	29.836
chr8	15484453	0.0	29.836
chr8	15500459	3.304268012850056	29.836
chr8	15511354	0.0	29.872
chr8	15563943	2.5918944392081134	29.872
chr8	15572431	0.0	29.894
chr8	15589213	2.9794574251215504	29.894
chr8	15614721	0.33976184312711616	29.97
chr8	15645625	10.143774507018223	29.9805
chr8	15663222	0.0	30.159
chr8	15677781	0.8679870591020609	30.159
chr8	15715800	0.7490081814739912	30.192
chr8	15837294	0.0	30.283
chr8	15845486	0.0	30.283
chr8	15849870	2.414810839817401	30.283
chr8	15864778	5.364309972213758	30.319
chr8	15877734	0.0	30.3885
chr8	15910981	15.560895557378936	30.3885
chr8	15928043	16.558089033659048	30.654
chr8	15942779	3.173508106243571	30.898
chr8	15986264	2.911298315163345	31.036
chr8	16002408	3.9547542098996415	31.083
chr8	16096472	0.16968051582888938	31.455
chr8	16117099	4.340022155848161	31.4585
chr8	16188412	5.068350963980435	31.768
chr8	16233693	5.890875002663191	31.9975
chr8	16280630	0.2868343053829347	32.274
chr8	16332925	0.0	32.289
chr8	16362362	0.0	32.289
chr8	16388950	34.07811552784238	32.289
chr8	16400497	1.6095611633242672	32.6825
chr8	16427523	0.13896609227349055	32.726
chr8	16481493	0.8765597607507808	32.7335
chr8	16510584	9.178743961352652	32.759
chr8	16524039	0.5837632364920766	32.8825
chr8	16560869	2.8158148505301175	32.904
chr8	16586794	0.07682851874621348	32.977
chr8	16632350	0.0	32.9805
chr8	16646669	0.0	32.9805
chr8	16651632	2.602472348731393	32.9805
chr8	16665465	1.9401428682901811	33.0165
chr8	16806434	0.0	33.29
chr8	16822067	0.0	33.29
chr8	16824131	0.0	33.29
chr8	16827350	2.2419444616240343	33.29
chr8	16859688	12.291384754172771	33.3625
chr8	16872990	0.0	33.526
chr8	16913591	0.0	33.526
chr8	16938664	1.0613148650673225	33.526
chr8	17058798	0.0	33.6535
chr8	17098504	0.0	33.6535
chr8	17120063	0.09077911172634144	33.6535
chr8	17164126	0.3593060260753652	33.6575
chr8	17193349	0.0	33.668
chr8	17196570	0.0	33.668
chr8	17215060	0.0	33.668
chr8	17234093	0.5834924676428381	33.668
chr8	17252945	0.0	33.679
chr8	17273203	1.0457379642095959	33.679
chr8	17349704	5.561007523716272	33.759
chr8	17358875	1.3664379579019958	33.81
chr8	17393271	0.0	33.857
chr8	17423202	0.0	33.857
chr8	17436480	1.1785367657254224	33.857
chr8	17479754	0.0	33.908
chr8	17491611	0.24239905810619822	33.908
chr8	17506050	0.29040604044571483	33.9115
chr8	17543928	0.0	33.9225
chr8	17561665	1.3727997592900465	33.9225
chr8	17588253	6.709173962695005	33.959
chr8	17609269	0.0	34.1
chr8	17612552	0.6974108621737919	34.1
chr8	17624023	0.0	34.108
chr8	17652087	0.0	34.108
chr8	17665484	0.1480792012185861	34.108
chr8	17689120	1.3283419876826974	34.1115
chr8	17713963	5.7301427129880285	34.1445
chr8	17727837	0.0	34.224
chr8	17743190	16.290396893306276	34.224
chr8	17758383	0.08819897689193108	34.4715
chr8	17798066	0.051234057669057254	34.475
chr8	17944453	5.825859755666859	34.4825
chr8	17986936	0.9272918861962305	34.73
chr8	18010661	10.44720264454543	34.752
chr8	18026694	6.946804894629465	34.9195
chr8	18050230	0.0	35.083
chr8	18070010	4.711843538381466	35.083
chr8	18133361	8.036456169505605	35.3815
chr8	18171873	3.5940965053144485	35.691
chr8	18184950	2.904652774076498	35.738
chr8	18203713	0.8051082731818593	35.7925
chr8	18221723	4.8049745618992254	35.807
chr8	18242951	25.009545628102373	35.909
chr8	18248189	2.3985777844666463	36.04
chr8	18354502	2.65584655108826	36.295
chr8	18368057	0.2691258791445487	36.331
chr8	18395925	19.590059858516117	36.3385
chr8	18412464	2.281488474549596	36.6625
chr8	18463308	5.89804802696223	36.7785
chr8	18477550	0.0	36.8625
chr8	18533027	0.0	36.8625
chr8	18589445	0.0	36.8625
chr8	18627266	6.889997624139012	36.8625
chr8	18639893	6.231226433182089	36.9495
chr8	18702481	11.235570170931247	37.3395
chr8	18731674	1.2792720123011958	37.6675
chr8	18811016	0.7545587927059603	37.769
chr8	18834871	0.0	37.787
chr8	18845790	0.0	37.787
chr8	18857378	0.6132147784758214	37.787
chr8	18863901	1.5326267664175943	37.791
chr8	18883149	2.085381980943177	37.8205
chr8	18912640	5.049569165199639	37.882
chr8	18945019	0.0	38.0455
chr8	18946276	3.0594405594427454	38.0455
chr8	18947420	3.1884875846501	38.049
chr8	18982860	0.06792440014260359	38.162
chr8	19041749	0.8092251669027214	38.166
chr8	19086236	0.5704971475146702	38.202
chr8	19092371	3.4631882427396583	38.2055
chr8	19120813	5.4818931408378315	38.304
chr8	19153922	1.8120553192004678	38.4855
chr8	19236425	0.0	38.635
chr8	19253280	4.205731363428259	38.635
chr8	19294771	9.220494417862811	38.8095
chr8	19344931	2.5761124121778063	39.272
chr8	19353471	0.521198396865683	39.294
chr8	19409112	45.51788202508081	39.323
chr8	19411265	0.0	39.421
chr8	19418366	0.0	39.421
chr8	19432580	0.0	39.421
chr8	19441722	74.63414634146623	39.421
chr8	19442747	6.066724164967851	39.4975
chr8	19493763	9.139366207467148	39.807
chr8	19534849	0.7291246017859283	40.1825
chr8	19579423	2.266798502124781	40.215
chr8	19674491	5.5502574861719784	40.4305
chr8	19726921	11.629686304514234	40.7215
chr8	19733456	10.526133250095366	40.7975
chr8	19791122	5.459949937421836	41.4045
chr8	19823082	0.6256039875896682	41.579
chr8	19921387	0.0	41.6405
chr8	19921688	0.3215113249592164	41.6405
chr8	20011887	0.0	41.6695
chr8	20015360	1.78437648981816	41.6695
chr8	20088775	0.0	41.8005
chr8	20111113	0.10296805416113942	41.8005
chr8	20149960	4.255581596151489	41.8045
chr8	20198602	0.0	42.0115
chr8	20199108	7500.000000000284	42.0115
chr8	20199109	0.0	42.019
chr8	20199110	3500.000000002501	42.019
chr8	20199111	0.7862407862407694	42.0225
chr8	20300861	5.85027149103833	42.1025
chr8	20342483	0.13561160835377198	42.346
chr8	20368292	3.9558143006418756	42.3495
chr8	20441981	0.0	42.641
chr8	20447316	0.0	42.641
chr8	20539847	0.0	42.641
chr8	20545608	0.0	42.641
chr8	20575999	11.151657437415588	42.641
chr8	20615186	0.0	43.078
chr8	20710486	0.5058290779458713	43.078
chr8	20731244	0.3851783375701272	43.0885
chr8	20770187	9.814292430653596	43.1035
chr8	20778695	0.0	43.187
chr8	20792049	0.0	43.187
chr8	20805859	4.670532829953861	43.187
chr8	20831552	0.40817913232780273	43.307
chr8	20857276	0.0	43.3175
chr8	20875962	0.19222776392348256	43.3175
chr8	20972202	1.5634674922600478	43.336
chr8	21004502	0.0	43.3865
chr8	21025451	0.1419114319247261	43.3865
chr8	21155814	0.4799780581452819	43.405
chr8	21163106	0.11656564310938856	43.4085
chr8	21193132	0.12708682340711439	43.412
chr8	21279687	0.438189098275061	43.423
chr8	21470244	0.9366300721690176	43.5065
chr8	21738226	0.46909649172686146	43.7575
chr8	21808574	0.687917718925975	43.7905
chr8	21972111	0.045565203806679874	43.903
chr8	22048924	0.44134656358435953	43.9065
chr8	22147486	0.08113433527798476	43.95
chr8	22276901	1.4740900328833342	43.9605
chr8	22294539	0.04259876828707311	43.9865
chr8	22376701	0.6451325858692909	43.99
chr8	22399177	0.14885382554342286	44.0045
chr8	22422690	0.6099099856985859	44.008
chr8	22446464	0.0	44.0225
chr8	22460252	2.4620220010475142	44.0225
chr8	22479342	0.3369272237198281	44.0695
chr8	22513474	0.4810170073869024	44.081
chr8	22542579	0.11748120300760274	44.095
chr8	22572371	0.30621726643010183	44.0985
chr8	22667075	0.17940145152088044	44.1275
chr8	22728390	0.0	44.1385
chr8	22757905	1.3317997457472284	44.1385
chr8	22774424	0.6573350862269216	44.1605
chr8	22813217	0.03803066358077714	44.186
chr8	22905248	0.27637515312671374	44.1895
chr8	22972186	0.4196757277841915	44.208
chr8	23092517	0.0	44.2585
chr8	23111563	0.1928929658365198	44.2585
chr8	23204879	0.0	44.2765
chr8	23322675	0.07633920781718943	44.2765
chr8	23368523	0.040148204228126635	44.28
chr8	23455700	0.09782734363190937	44.2835
chr8	23568143	2.4161518093557848	44.2945
chr8	23613463	1.0762016670144077	44.404
chr8	23704524	0.0	44.502
chr8	23723224	0.0	44.502
chr8	23739712	0.6752264605667511	44.502
chr8	23787844	1.5587114651888365	44.5345
chr8	23810940	0.8091720551531468	44.5705
chr8	23949971	0.457979012122326	44.683
chr8	24038403	0.0	44.7235
chr8	24043162	0.3114858599906711	44.7235
chr8	24112186	0.423194370685093	44.745
chr8	24172442	0.01703976655521902	44.7705
chr8	24407187	1.3366372263748902	44.7745
chr8	24504446	0.44331630998702265	44.9045
chr8	24701822	0.9171907756819971	44.992
chr8	24709454	0.4844321134451593	44.999
chr8	24800282	0.0	45.043
chr8	24854374	0.0	45.043
chr8	24908304	0.1844532279316206	45.043
chr8	24927279	0.6138345610023783	45.0465
chr8	24950901	0.0	45.061
chr8	24980020	5.7963709677419715	45.061
chr8	25057396	0.5330882352940508	45.5095
chr8	25084596	0.5306648472441737	45.524
chr8	25097787	0.0	45.531
chr8	25120618	0.0	45.531
chr8	25155146	0.8370704182058887	45.531
chr8	25337329	0.0	45.6835
chr8	25381568	0.04844357707366739	45.6835
chr8	25453817	0.5465000237611164	45.687
chr8	25474860	0.0	45.6985
chr8	25497444	0.0	45.6985
chr8	25499218	0.0	45.6985
chr8	25502129	0.0	45.6985
chr8	25533609	0.0	45.6985
chr8	25573221	0.0	45.6985
chr8	25587557	0.0	45.6985
chr8	25616363	0.17602855304527187	45.6985
chr8	25698736	0.6251237868884871	45.713
chr8	25779520	0.0	45.7635
chr8	25828851	0.0	45.7635
chr8	25858797	0.41727140783737543	45.7635
chr8	25886357	0.0	45.775
chr8	25922766	0.029298264705657086	45.775
chr8	26042227	0.0	45.7785
chr8	26067829	0.0530335171827898	45.7785
chr8	26133825	0.0	45.782
chr8	26164043	25.899488762419512	45.782
chr8	26184777	0.5369238394184513	46.319
chr8	26245307	0.6733425414364078	46.3515
chr8	26332187	0.14082240283264266	46.41
chr8	26357041	0.3819609082766498	46.4135
chr8	26395003	0.4706409681757238	46.428
chr8	26417313	0.0	46.4385
chr8	26444386	0.734861845972985	46.4385
chr8	26464798	0.2986263189329199	46.4535
chr8	26499959	0.42833989349393536	46.464
chr8	26543149	0.0	46.4825
chr8	26635415	0.0	46.4825
chr8	26668179	0.050016433971096154	46.4825
chr8	26738156	0.13335941250733982	46.486
chr8	26794395	1.3428268065704596	46.4935
chr8	26826417	0.5101256446451308	46.5365
chr8	26897968	0.06286612373197763	46.573
chr8	27072943	0.08629829622504002	46.584
chr8	27154057	0.317453367194986	46.591
chr8	27199733	1.3135189430036298	46.6055
chr8	27238560	0.23218203071204915	46.6565
chr8	27363462	3.765255777720215	46.6855
chr8	27375015	0.6825456599509594	46.729
chr8	27396259	2.145742174352151	46.7435
chr8	27420027	0.5723342431980076	46.7945
chr8	27476812	0.5720377544917565	46.827
chr8	27515271	0.8658443237003253	46.849
chr8	27594962	2.1189081391001676	46.918
chr8	27619031	0.11356077935137161	46.969
chr8	27680672	0.33710895361379617	46.976
chr8	27777080	0.0	47.0085
chr8	27791609	0.0	47.0085
chr8	27803462	0.0	47.0085
chr8	27830508	0.12997591113114196	47.0085
chr8	27888211	0.7842578069301858	47.016
chr8	27902237	7.850669451385378	47.027
chr8	27929050	0.1811125485124192	47.2375
chr8	27948375	0.06576351440225665	47.241
chr8	28001596	2.737294890884132	47.2445
chr8	28068085	0.6251297751741776	47.4265
chr8	28294438	0.2241805813235202	47.568
chr8	28359118	0.0	47.5825
chr8	28425958	0.0	47.5825
chr8	28444873	0.05567751582824911	47.5825
chr8	28507735	1.0897529038710145	47.586
chr8	28624734	0.2059308072484935	47.7135
chr8	28641730	0.0	47.717
chr8	28653330	0.0	47.717
chr8	28666949	0.0	47.717
chr8	28694130	0.0	47.717
chr8	28696095	0.0	47.717
chr8	28748428	0.0	47.717
chr8	28782167	0.0	47.717
chr8	28808231	0.44624263699650646	47.717
chr8	28825038	0.0	47.7245
chr8	28843820	0.2794574957041089	47.7245
chr8	29012003	0.12056908608626064	47.7715
chr8	29045179	0.27523642809171517	47.7755
chr8	29136010	0.0	47.8005
chr8	29154398	1.034806361335947	47.8005
chr8	29273744	0.0	47.924
chr8	29308865	0.0	47.924
chr8	29331006	0.0753849343208342	47.924
chr8	29384067	0.28097780275378326	47.928
chr8	29408980	2.6344105970093112	47.935
chr8	29462882	0.3139411522723989	48.077
chr8	29509069	0.7633185933879859	48.0915
chr8	29528065	0.0	48.106
chr8	29554309	0.0	48.106
chr8	29571183	0.9974574613730087	48.106
chr8	29596748	26.497136756284203	48.1315
chr8	29607051	1.382313955690352	48.4045
chr8	29633456	3.993791029330917	48.441
chr8	29664379	1.4687274041937304	48.5645
chr8	29686507	2.3429726867156786	48.597
chr8	29717664	0.24598084863385386	48.67
chr8	29774579	3.131835354941459	48.684
chr8	29804753	3.507472097862359	48.7785
chr8	29868189	2.877906976744295	49.001
chr8	29919789	1.628083322181928	49.1495
chr8	29942208	0.282542885973679	49.186
chr8	29966983	0.33480648185350137	49.193
chr8	29989384	0.5371564051272611	49.2005
chr8	30016378	0.3624023984448219	49.215
chr8	30046731	0.0	49.226
chr8	30082456	0.10766580534030089	49.226
chr8	30114964	0.1980007277864157	49.2295
chr8	30208398	2.2505366664360094	49.248
chr8	30237280	1.4926909614986803	49.313
chr8	30256708	1.564440622910101	49.342
chr8	30298576	1.8830882647543632	49.4075
chr8	30323535	1.6306249562599893	49.4545
chr8	30394980	0.0	49.571
chr8	30417551	0.09634176553173776	49.571
chr8	30453880	0.0	49.5745
chr8	30482548	0.0	49.5745
chr8	30488089	0.0	49.5745
chr8	30492361	0.19068373740119576	49.5745
chr8	30529071	0.674521090026107	49.5815
chr8	30540190	5.47730829420991	49.589
chr8	30542107	0.0	49.5995
chr8	30554956	0.0	49.5995
chr8	30585906	0.0	49.5995
chr8	30627594	0.09562972171745679	49.5995
chr8	30669422	0.0	49.6035
chr8	30678681	0.12024650533608564	49.6035
chr8	30711946	0.0	49.6075
chr8	30720807	0.273362752372316	49.6075
chr8	30772021	0.07138641944756699	49.6215
chr8	30877083	0.15772870662461166	49.629
chr8	30991203	0.0	49.647
chr8	30999750	0.0	49.647
chr8	31060349	0.058849245048298436	49.647
chr8	31119823	0.182725508480961	49.6505
chr8	31199177	0.1951981260979308	49.665
chr8	31235038	1.177565202221427	49.672
chr8	31269431	0.07332299828219929	49.7125
chr8	31317165	0.45398266611635296	49.716
chr8	31365625	0.06052850027674497	49.738
chr8	31423449	3.2086744855052403	49.7415
chr8	31437006	1.4498550144987234	49.785
chr8	31457008	0.034599339646913745	49.814
chr8	31558166	0.7966683534608568	49.8175
chr8	31704400	0.05238227084628385	49.934
chr8	31971666	1.0123320449109872	49.948
chr8	31982532	1.9346799580272	49.959
chr8	31997780	1.0995388045570191	49.9885
chr8	32030521	0.32097108342317643	50.0245
chr8	32064792	1.3366519174042897	50.0355
chr8	32086488	0.7293514685588789	50.0645
chr8	32111853	1.7689123071134418	50.083
chr8	32138423	0.42041454829871094	50.13
chr8	32189563	0.16043017414969996	50.1515
chr8	32279945	0.8711211564723393	50.166
chr8	32301182	0.49739892306285777	50.1845
chr8	32410752	0.6762428877903437	50.239
chr8	32475078	0.0	50.2825
chr8	32513108	0.8360128617363052	50.2825
chr8	32551983	3.2655900115356338	50.315
chr8	32610931	0.08190774847306408	50.5075
chr8	32653662	0.13532715339325338	50.511
chr8	32683220	3.2460681998929255	50.515
chr8	32744833	6.153171587255076	50.715
chr8	32779043	0.7648858554955094	50.9255
chr8	32813035	1.1016682404784324	50.9515
chr8	32911522	6.777260772809986	51.06
chr8	32965895	0.0	51.4285
chr8	33073689	0.0	51.4285
chr8	33092177	0.0	51.4285
chr8	33141031	5.0834452330713615	51.4285
chr8	33156670	0.0	51.508
chr8	33194280	0.0	51.508
chr8	33224213	0.0	51.508
chr8	33277689	0.0	51.508
chr8	33318663	0.0	51.508
chr8	33430376	0.0	51.508
chr8	33455955	0.0	51.508
chr8	33470823	0.0	51.508
chr8	33472404	0.0	51.508
chr8	33487917	0.0	51.508
chr8	33489734	0.27580772261587044	51.508
chr8	33502424	0.0	51.5115
chr8	33543821	0.1077508799655238	51.5115
chr8	33613426	0.5480271024313863	51.519
chr8	33633498	2.183682511551222	51.53
chr8	33665096	0.5973163664684795	51.599
chr8	33816607	0.06937699458855598	51.6895
chr8	33874263	2.073499662845662	51.6935
chr8	33903923	1.3209137078958715	51.755
chr8	33947832	0.47965813456582423	51.813
chr8	34016631	1.6088389222718649	51.846
chr8	34068221	3.1912468657395987	51.929
chr8	34125252	0.3568333588216854	52.111
chr8	34144869	0.0	52.118
chr8	34151599	0.0	52.118
chr8	34193222	0.0	52.118
chr8	34262414	0.3739529317909994	52.118
chr8	34282470	0.0	52.1255
chr8	34315425	1.333823935240381	52.1255
chr8	34348038	0.6803983423023929	52.169
chr8	34380372	0.013041841955215789	52.191
chr8	34648739	0.1633453119895521	52.1945
chr8	34694654	0.12666015271604608	52.202
chr8	34749920	0.5381532066507638	52.209
chr8	34803808	0.0	52.238
chr8	34885026	0.0	52.238
chr8	34944337	0.0	52.238
chr8	34955604	0.2046663937780282	52.238
chr8	34975148	0.42281729842001453	52.242
chr8	35042553	0.1815780785738327	52.2705
chr8	35103133	0.37001122792687	52.2815
chr8	35181509	0.0	52.3105
chr8	35322818	1.982057166701416	52.3105
chr8	35346783	0.2620682425704249	52.358
chr8	35442178	0.0	52.383
chr8	35505541	0.28530951162878637	52.383
chr8	35556363	0.17085255424569243	52.3975
chr8	35661717	0.05012845416376694	52.4155
chr8	35741512	0.0	52.4195
chr8	35836648	0.0	52.4195
chr8	35886220	0.42923536899445647	52.4195
chr8	35953782	0.7111893795719586	52.4485
chr8	35968546	0.077639751552752	52.459
chr8	36020066	0.0	52.463
chr8	36060976	0.30671187826947505	52.463
chr8	36119663	0.0	52.481
chr8	36148321	0.8383929899527743	52.481
chr8	36222272	0.07880575507168956	52.543
chr8	36311098	5.345675638748504	52.55
chr8	36340374	0.17515461925007467	52.7065
chr8	36423158	0.14120695956497714	52.721
chr8	36603744	0.0	52.7465
chr8	36628169	0.0	52.7465
chr8	36640392	0.0	52.7465
chr8	36664812	0.0	52.7465
chr8	36694975	0.0	52.7465
chr8	36736688	0.0	52.7465
chr8	36778647	0.0	52.7465
chr8	36823061	0.0	52.7465
chr8	36837932	1.037091264031274	52.7465
chr8	36862520	5.796842950147582	52.772
chr8	36873733	0.0	52.837
chr8	36902682	6.631568289966601	52.837
chr8	36912559	0.2085692151837762	52.9025
chr8	36946121	0.7871716415067685	52.9095
chr8	37024884	0.4656540030186641	52.9715
chr8	37056023	0.6444033851137089	52.986
chr8	37231379	0.34259928754492897	53.099
chr8	37495536	0.8170394996336384	53.1895
chr8	37513283	0.0	53.204
chr8	37553359	0.40916849168802216	53.204
chr8	37809977	0.07902817919080792	53.309
chr8	37854265	0.0	53.3125
chr8	37868899	0.0	53.3125
chr8	37881066	0.048340538375516225	53.3125
chr8	37953469	7.712683078840499	53.316
chr8	37966305	3.3960292580982223	53.415
chr8	38002671	0.0	53.5385
chr8	38036452	1.8359243723628142	53.5385
chr8	38197134	0.35479165845391025	53.8335
chr8	38247868	0.0	53.8515
chr8	38285708	0.0	53.8515
chr8	38339431	0.5071348628987321	53.8515
chr8	38425207	0.2702828649983351	53.895
chr8	38532502	1.5079806978470147	53.924
chr8	38554054	0.14953361677365518	53.9565
chr8	38677772	0.0	53.975
chr8	38710936	0.0	53.975
chr8	38728306	6.766666666666765	53.975
chr8	38743306	1.1300520647469503	54.0765
chr8	38852593	16.280016280015932	54.2
chr8	38864878	0.0	54.4
chr8	38870969	0.15656966306209102	54.4
chr8	38966773	2.9245519264479496	54.415
chr8	39022679	2.7136211540031074	54.5785
chr8	39096197	0.0	54.778
chr8	39193091	0.0	54.778
chr8	39196517	0.0	54.778
chr8	39218856	0.3878490641577715	54.778
chr8	39378712	0.3912824416023996	54.84
chr8	39471995	0.5788283437433551	54.8765
chr8	39509139	4.308524119286544	54.898
chr8	39520976	1.667193653166226	54.949
chr8	39555765	0.0	55.007
chr8	39607528	0.0	55.007
chr8	39642692	1.0724455456530255	55.007
chr8	39669733	0.7835437793828574	55.036
chr8	39780767	0.05064385217397368	55.123
chr8	39928860	0.10975442447537079	55.1305
chr8	39965305	0.11684973124558302	55.1345
chr8	40025211	1.0510546790055246	55.1415
chr8	40066598	0.0	55.185
chr8	40086375	0.14808448364973645	55.185
chr8	40258574	0.16625103906894423	55.2105
chr8	40342784	0.5766596986954999	55.2245
chr8	40356657	0.897286256200689	55.2325
chr8	40425197	0.19770660340062565	55.294
chr8	40498538	0.8219800975882858	55.3085
chr8	40612896	1.5731987414409982	55.4025
chr8	40751785	0.10884776862060008	55.621
chr8	40783940	1.215141294516443	55.6245
chr8	41020538	1.1948257134393285	55.912
chr8	41273713	0.2928329144195785	56.2145
chr8	41806440	0.09357600711177001	56.3705
chr8	42041543	0.01859308762126678	56.3925
chr8	42229785	0.01807830865917405	56.396
chr8	42838249	0.0	56.407
chr8	43033749	0.0	56.407
chr8	43231858	0.0	56.407
chr8	43351458	0.061563282809006435	56.407
chr8	43586988	0.09463022424098846	56.4215
chr8	43740216	0.1168368373566359	56.436
chr8	43894277	0.13567695784187722	56.454
chr8	44108020	0.03877892908109597	56.483
chr8	44301424	0.13011421136331272	56.4905
chr8	44439764	0.0	56.5085
chr8	44711399	0.052054742660294466	56.5085
chr8	44922715	0.0	56.5195
chr8	44999261	0.1345344107535846	56.5195
chr8	45348614	0.0	56.5665
chr8	45378963	0.14477466856952292	56.5665
chr8	45427314	0.0	56.5735
chr8	45485534	0.1505703716187208	56.5735
chr8	45847491	0.034084866773618695	56.628
chr8	46067530	0.07506983240222094	56.6355
chr8	46353930	0.012565790890887652	56.657
chr8	46632464	0.04240191977557482	56.6605
chr8	47068765	0.020857729427568247	56.679
chr8	47404372	0.09581480913690382	56.686
chr8	47482648	0.10651272028161736	56.6935
chr8	47858190	0.38439361906571046	56.7335
chr8	47868596	0.06356355447401162	56.7375
chr8	47923659	0.0	56.741
chr8	47953693	0.0	56.741
chr8	48005001	0.0	56.741
chr8	48073198	0.0	56.741
chr8	48096550	0.0	56.741
chr8	48130140	0.48717602794140186	56.741
chr8	48263562	0.16933758216725606	56.806
chr8	48328521	0.04898468115426962	56.817
chr8	48553081	0.0	56.828
chr8	49285879	0.024065799253172294	56.828
chr8	50179263	0.0	56.8495
chr8	50386382	0.0	56.8495
chr8	50535155	0.0	56.8495
chr8	50816443	0.07876117424159851	56.8495
chr8	51044982	0.06461908454422792	56.8675
chr8	51222948	0.0	56.879
chr8	51789907	0.03339949614476775	56.879
chr8	51894699	0.0	56.8825
chr8	52127965	0.0	56.8825
chr8	52458797	0.0	56.8825
chr8	52480706	0.09082367679297326	56.8825
chr8	52640356	0.0	56.897
chr8	52832912	0.0	56.897
chr8	52886451	0.0	56.897
chr8	53050719	0.0	56.897
chr8	53269160	0.0	56.897
chr8	53310252	0.0	56.897
chr8	53332017	0.0	56.897
chr8	53380918	0.0	56.897
chr8	53421501	0.0	56.897
chr8	53739799	0.007475197295374233	56.897
chr8	54743117	0.013699917017655284	56.9045
chr8	54998593	0.0	56.908
chr8	55134552	0.0	56.908
chr8	55147327	0.0	56.908
chr8	55180913	0.0	56.908
chr8	55258261	0.018164832883513574	56.908
chr8	55450941	0.0	56.9115
chr8	55494828	0.0	56.9115
chr8	55526189	0.0	56.9115
chr8	55761880	0.0	56.9115
chr8	55875500	0.2961606806311665	56.9115
chr8	55912642	0.0	56.9225
chr8	56225010	0.0	56.9225
chr8	56299365	0.03640732515382849	56.9225
chr8	56683903	0.012157130917096826	56.9365
chr8	57012928	0.0	56.9405
chr8	57058507	0.006478398243803415	56.9405
chr8	57598764	0.0	56.944
chr8	57899296	0.0	56.944
chr8	58272179	0.0	56.944
chr8	58525988	0.0	56.944
chr8	58755489	0.11826921452342401	56.944
chr8	58814676	0.018123739833704643	56.951
chr8	59035381	0.0	56.955
chr8	59232141	0.0	56.955
chr8	59394119	0.17780364012547742	56.955
chr8	59455985	0.0	56.966
chr8	59512954	0.0	56.966
chr8	59670277	0.0	56.966
chr8	59749729	0.0	56.966
chr8	59780415	0.0	56.966
chr8	59859538	0.0	56.966
chr8	59995148	0.0	56.966
chr8	60232131	0.022192069188501945	56.966
chr8	60389845	0.027056695372551377	56.9695
chr8	60519203	0.043993752887065654	56.973
chr8	60610125	0.0	56.977
chr8	60633957	0.0	56.977
chr8	60731804	0.12359411692012293	56.977
chr8	60788441	0.0	56.984
chr8	60828745	0.014871594404861719	56.984
chr8	61064093	0.05047191238082179	56.9875
chr8	61143345	0.037500133929038476	56.9915
chr8	61330011	0.021838956622009256	56.9985
chr8	61673434	0.0	57.006
chr8	61792935	0.06838982984609668	57.006
chr8	62048821	0.0	57.0235
chr8	62094345	0.0	57.0235
chr8	62154662	0.16466145604637492	57.0235
chr8	62200210	0.0	57.031
chr8	62523506	0.154233715490212	57.031
chr8	62756918	0.0	57.067
chr8	62927340	0.0	57.067
chr8	63005340	0.0	57.067
chr8	63262972	0.0	57.067
chr8	63287785	0.07671211859689284	57.067
chr8	63339928	0.0	57.071
chr8	63495577	0.0	57.071
chr8	63661983	0.04904914724557508	57.071
chr8	63733340	0.0	57.0745
chr8	63797831	0.0	57.0745
chr8	63820246	0.0	57.0745
chr8	63883202	0.0748166990872391	57.0745
chr8	63983447	0.0	57.082
chr8	64095722	0.0	57.082
chr8	64283951	0.03824859675458537	57.082
chr8	64388530	0.579510760996592	57.086
chr8	64494654	0.0	57.1475
chr8	64540715	0.0	57.1475
chr8	64579363	0.0	57.1475
chr8	64609770	0.021909370324712525	57.1475
chr8	64769519	0.053640668822440125	57.151
chr8	64834768	0.0	57.1545
chr8	64835206	0.0	57.1545
chr8	64911145	0.0	57.1545
chr8	64915582	0.0	57.1545
chr8	64942563	0.0	57.1545
chr8	65085386	0.0	57.1545
chr8	65110830	0.0	57.1545
chr8	65201224	0.026872001328949416	57.1545
chr8	65610572	0.17928680943667527	57.1655
chr8	65853200	0.03479422694186459	57.209
chr8	66787263	0.0	57.2415
chr8	66846243	0.2767974534632747	57.2415
chr8	66860694	0.2006765667107678	57.2455
chr8	66878135	0.0	57.249
chr8	66908767	0.0	57.249
chr8	66928479	0.0	57.249
chr8	66955204	0.0	57.249
chr8	66971344	0.0	57.249
chr8	66971499	0.0	57.249
chr8	67001983	0.0	57.249
chr8	67027855	0.0	57.249
chr8	67067455	0.0	57.249
chr8	67092009	0.0	57.249
chr8	67092679	0.0	57.249
chr8	67093186	0.0	57.249
chr8	67094338	0.0	57.249
chr8	67095043	0.0	57.249
chr8	67096158	0.0	57.249
chr8	67096283	0.0	57.249
chr8	67104637	0.0	57.249
chr8	67118702	0.0	57.249
chr8	67144074	0.07075898922198673	57.249
chr8	67497386	1.8270401948843569	57.274
chr8	67501491	0.0	57.2815
chr8	67601540	0.020714616610101353	57.2815
chr8	68132566	0.053719293668068505	57.2925
chr8	68262873	0.0	57.2995
chr8	68331188	0.7092790387182192	57.2995
chr8	68403092	0.0	57.3505
chr8	68488406	0.0	57.3505
chr8	68633169	0.0	57.3505
chr8	68650682	0.20578905911825396	57.3505
chr8	68791603	0.04810930433949363	57.3795
chr8	68864354	0.0	57.383
chr8	68944965	0.0	57.383
chr8	68978789	0.04993793428161279	57.383
chr8	69048876	0.0	57.3865
chr8	69095632	0.0	57.3865
chr8	69115898	0.0	57.3865
chr8	69174806	0.16426475097464374	57.3865
chr8	69220464	0.0	57.394
chr8	69265964	0.0	57.394
chr8	69279098	0.0	57.394
chr8	69286114	0.0	57.394
chr8	69353715	0.0	57.394
chr8	69424528	0.0	57.394
chr8	69428504	0.0	57.394
chr8	69508881	0.5261144059691403	57.394
chr8	69529789	0.05307533664926223	57.405
chr8	69661677	0.2706443815465988	57.412
chr8	69903692	0.0	57.4775
chr8	69985911	0.0	57.4775
chr8	70036823	0.0	57.4775
chr8	70041332	0.17315881024154448	57.4775
chr8	70168383	0.0	57.4995
chr8	70269689	0.0	57.4995
chr8	70278060	0.6833258516634269	57.4995
chr8	70378305	0.7754736405813356	57.568
chr8	70453098	0.0	57.626
chr8	70533868	0.0	57.626
chr8	70584382	0.0	57.626
chr8	70617111	0.0	57.626
chr8	70618059	0.03368676362844248	57.626
chr8	70736800	0.03366096674295474	57.63
chr8	70944756	0.304092361612192	57.637
chr8	71041766	1.1307806285580566	57.6665
chr8	71093058	1.454998960714591	57.7245
chr8	71097869	0.051241408523839446	57.7315
chr8	71244235	0.013665415955749436	57.739
chr8	71500356	0.0	57.7425
chr8	71513131	0.5483257786226264	57.7425
chr8	71526809	0.19575856443720155	57.75
chr8	71618759	1.2627790212328474	57.768
chr8	71684883	0.0	57.8515
chr8	71696347	0.5779428125586851	57.8515
chr8	71765558	0.0	57.8915
chr8	71829945	0.6815991726795394	57.8915
chr8	71872492	0.5490131488649523	57.9205
chr8	72018208	0.46026716903570986	58.0005
chr8	72064920	3.7971452275096187	58.022
chr8	72111929	0.1608086377212268	58.2005
chr8	72133694	0.09406326426408937	58.204
chr8	72170903	2.7138514980459827	58.2075
chr8	72203145	18.091079226448137	58.295
chr8	72204748	0.7822033102843646	58.324
chr8	72236709	1.318061994364145	58.349
chr8	72280713	0.0	58.407
chr8	72314443	0.20129904986849223	58.407
chr8	72351701	0.0469244382474728	58.4145
chr8	72426289	0.3543227373964873	58.418
chr8	72436167	1.8364739699773345	58.4215
chr8	72442429	0.0	58.433
chr8	72470584	0.0	58.433
chr8	72474673	0.14822971370500174	58.433
chr8	72498285	2.2558087074215623	58.4365
chr8	72516017	0.0	58.4765
chr8	72538627	0.0	58.4765
chr8	72587420	0.8287222378050045	58.4765
chr8	72626637	0.069950335261943	58.509
chr8	72726708	0.5708195048519634	58.516
chr8	72924669	0.05984849780274792	58.629
chr8	72983150	0.3774143417450006	58.6325
chr8	73050715	2.9973001418569587	58.658
chr8	73072568	0.0	58.7235
chr8	73123449	0.6595986735409838	58.7235
chr8	73206075	0.07660319544763627	58.778
chr8	73251765	0.0	58.7815
chr8	73300101	0.0705389173283677	58.7815
chr8	73399337	0.0	58.7885
chr8	73439960	0.0	58.7885
chr8	73477409	0.06453278265363414	58.7885
chr8	73531645	0.03224379997784755	58.792
chr8	73640193	0.0	58.7955
chr8	73645054	2.0652622883106937	58.7955
chr8	73652317	0.16277005031078404	58.8105
chr8	73719897	0.0	58.8215
chr8	73750700	0.7125890736342313	58.8215
chr8	73775960	0.09144827946600739	58.8395
chr8	73814233	0.0806012855904605	58.843
chr8	73863860	0.06031467025100202	58.847
chr8	73921889	0.17109476205619245	58.8505
chr8	73962802	0.0	58.8575
chr8	73986541	0.14006137234673696	58.8575
chr8	74065078	0.0	58.8685
chr8	74078979	1.2357644778289782	58.8685
chr8	74099614	0.0	58.894
chr8	74132515	0.8629331459338879	58.894
chr8	74229278	0.04845330140028585	58.9775
chr8	74373747	0.14421977103873332	58.9845
chr8	74474288	0.0	58.999
chr8	74508595	1.3363028953229905	58.999
chr8	74522065	1.2203698341123879	59.017
chr8	74546238	0.869100147078456	59.0465
chr8	74583633	2.57578020008969	59.079
chr8	74610421	0.5628901852418217	59.148
chr8	74629963	5.307672391473404	59.159
chr8	74641550	0.11796904492261677	59.2205
chr8	74705126	0.8337849668570297	59.228
chr8	74753100	0.0	59.268
chr8	74882112	0.21291696238467805	59.268
chr8	74931427	0.6920415224913757	59.2785
chr8	74979112	0.0	59.3115
chr8	74985006	0.11456253477776164	59.3115
chr8	75015557	5.418218760582824	59.315
chr8	75030322	1.5739051094889487	59.395
chr8	75074162	0.1896786028130243	59.464
chr8	75282409	0.7339988256019069	59.5035
chr8	75313063	0.9367290534399203	59.526
chr8	75366974	6.53566851772731	59.5765
chr8	75402089	0.9467218792814509	59.806
chr8	75467050	0.4918601959725516	59.8675
chr8	75518894	0.3838822408132527	59.893
chr8	75556666	1.0509219451612481	59.9075
chr8	75567133	0.3888024883359401	59.9185
chr8	75632719	0.0	59.944
chr8	75717200	0.0	59.944
chr8	75732459	0.5571651437485754	59.944
chr8	75777329	0.12069343866574149	59.969
chr8	75868469	0.0	59.98
chr8	75897353	0.2878762954435352	59.98
chr8	75909511	0.7570841444946893	59.9835
chr8	75918757	0.8219628472792988	59.9905
chr8	75985670	0.21245774987933919	60.0455
chr8	76037445	3.014753046824698	60.0565
chr8	76053035	0.4025912235114294	60.1035
chr8	76080358	0.4438807863029738	60.1145
chr8	76096128	2.5462962962963926	60.1215
chr8	76109088	9.85283112995856	60.1545
chr8	76113097	0.0	60.194
chr8	76126156	0.9379423250737515	60.194
chr8	76184795	0.0	60.249
chr8	76189866	0.6301819532818858	60.249
chr8	76402503	0.1185677021577762	60.383
chr8	76432022	0.16921237280870619	60.3865
chr8	76476345	0.0	60.394
chr8	76503153	0.21179913739993042	60.394
chr8	76555089	0.05503663867653231	60.405
chr8	76618683	0.23402512578856435	60.4085
chr8	76712690	0.9954953833901382	60.4305
chr8	76793052	3.5413839891451246	60.5105
chr8	76829902	0.26857863515356095	60.641
chr8	76872720	0.8322352451624999	60.6525
chr8	76915977	0.5579712933390439	60.6885
chr8	76967951	2.4937655860348036	60.7175
chr8	77002838	0.6743177491009352	60.8045
chr8	77040654	0.284186322887405	60.83
chr8	77079361	0.4296214043993081	60.841
chr8	77155009	1.3543359586614518	60.8735
chr8	77179006	1.0193151584257194	60.906
chr8	77207947	4.734706147602765	60.9355
chr8	77227906	0.7456194855225833	61.03
chr8	77276188	0.7200864103691295	61.066
chr8	77326182	0.5331523846453463	61.102
chr8	77367446	0.4552738927738669	61.124
chr8	77422358	0.29730935037890466	61.149
chr8	77435812	0.5739929033604274	61.153
chr8	77474140	0.0	61.175
chr8	77484168	0.01842706567407523	61.175
chr8	77674106	0.3001320581055778	61.1785
chr8	77699095	0.01816785017234802	61.186
chr8	77891743	0.15289230055461084	61.1895
chr8	77986581	0.0	61.204
chr8	78027716	0.1770518952724358	61.204
chr8	78211278	0.0	61.2365
chr8	78318254	0.2593324144203299	61.2365
chr8	78459000	0.0	61.273
chr8	78482418	0.25555711450956947	61.273
chr8	78582200	0.0	61.2985
chr8	78595515	0.34601102734332356	61.2985
chr8	78773255	2.8773214752819216	61.36
chr8	78777078	583.333333333316	61.371
chr8	78777258	0.6920524072414481	61.476
chr8	78840837	0.0	61.52
chr8	78873726	0.21362956633191615	61.52
chr8	78906493	0.12728314134785793	61.527
chr8	78937919	0.5592841163309281	61.531
chr8	78950435	0.044378510657214064	61.538
chr8	79029302	0.36349537149228345	61.5415
chr8	79049935	1.1649982740766751	61.549
chr8	79131051	0.0	61.6435
chr8	79158995	1.2623122077404534	61.6435
chr8	79239403	0.47951774215680243	61.745
chr8	79246702	0.32628655547635077	61.7485
chr8	79312595	0.0	61.77
chr8	79333890	0.08877735822256227	61.77
chr8	79418371	0.0	61.7775
chr8	79437319	0.8053150795247357	61.7775
chr8	79482022	0.8647974903366754	61.8135
chr8	79624830	0.034932362213706485	61.937
chr8	79739337	0.12577712293798812	61.941
chr8	79767164	0.6404391582804211	61.9445
chr8	79772629	0.07282613972908952	61.948
chr8	79875614	0.36614312408459626	61.9555
chr8	79915216	0.07466507381181203	61.97
chr8	79962092	0.0	61.9735
chr8	79988036	0.3164419784125592	61.9735
chr8	80103381	0.1931756317721719	62.01
chr8	80160324	0.22251430818748777	62.021
chr8	80353570	0.0	62.064
chr8	80411762	0.0	62.064
chr8	80495233	0.5676229596987709	62.064
chr8	80726020	1.1321822813472728	62.195
chr8	80832010	1.3832306963524472	62.315
chr8	80884785	0.2822161775920604	62.388
chr8	81051324	1.5213330251097883	62.435
chr8	81211381	0.14774359862647546	62.6785
chr8	81309524	0.0	62.693
chr8	81336498	0.0	62.693
chr8	81388284	0.0	62.693
chr8	81394935	0.1819550759192532	62.693
chr8	81474625	0.8070541141312738	62.7075
chr8	81583044	0.8202222056517545	62.795
chr8	81596455	0.2409883057253839	62.806
chr8	81714718	4.20168067226892	62.8345
chr8	81763270	0.2388305538398474	63.0385
chr8	81884695	0.04992938558318087	63.0675
chr8	81954794	1.1898900377486696	63.071
chr8	81966980	0.10417209229641604	63.0855
chr8	82005378	1.1231047607163338	63.0895
chr8	82021405	0.0	63.1075
chr8	82097190	0.0	63.1075
chr8	82103039	0.0	63.1075
chr8	82152704	1.2196889189450186	63.1075
chr8	82194108	0.0	63.158
chr8	82200954	0.029510961214126438	63.158
chr8	82319554	0.3560561921409589	63.1615
chr8	82350448	0.0719502104543257	63.1725
chr8	82406042	0.0	63.1765
chr8	82441915	0.14371945961486823	63.1765
chr8	82518453	0.16679374761718208	63.1875
chr8	82560421	0.0	63.1945
chr8	82620352	0.0	63.1945
chr8	82635259	0.3832468390926152	63.1945
chr8	82777465	0.2664940800242851	63.249
chr8	82803732	0.5068700772728241	63.256
chr8	83004967	2.392100977198908	63.358
chr8	83024615	0.23472709063596284	63.405
chr8	83056567	0.6257387193214449	63.4125
chr8	83142865	0.17611421593943388	63.4665
chr8	83228037	0.0	63.4815
chr8	83301247	0.038792769027880925	63.4815
chr8	83391470	0.052897258410701885	63.485
chr8	83457636	0.07927927927924813	63.4885
chr8	83596386	3.2309240055719237	63.4995
chr8	83622230	0.2847230739579036	63.583
chr8	83736376	0.12890595982506303	63.6155
chr8	83965225	0.0978218338333153	63.645
chr8	84072563	0.0	63.6555
chr8	84101691	0.0	63.6555
chr8	84156910	0.10273570506033215	63.6555
chr8	84190978	0.2876812888121378	63.659
chr8	84241381	0.2130717726849633	63.6735
chr8	84379832	0.38600228669705916	63.703
chr8	84482163	0.0	63.7425
chr8	84569992	0.0	63.7425
chr8	84581787	0.0	63.7425
chr8	84635212	0.3547896604158643	63.7425
chr8	84645077	0.0	63.746
chr8	84672441	0.2101487853400287	63.746
chr8	84708130	0.0	63.7535
chr8	84730284	0.014924649177456999	63.7535
chr8	84998297	0.0	63.7575
chr8	85010669	0.037381979749674256	63.7575
chr8	85104297	0.0	63.761
chr8	85135645	0.0	63.761
chr8	85159742	0.0	63.761
chr8	85227842	0.0	63.761
chr8	85356236	0.2667692384047954	63.761
chr8	85436830	0.1764800256698096	63.7825
chr8	85561490	0.2286796145419301	63.8045
chr8	85655508	0.06445753127656843	63.826
chr8	85826163	0.12158726649713364	63.837
chr8	85916633	1.4712327051901382	63.848
chr8	85948579	0.15406765163708228	63.895
chr8	86136808	0.23284694194350464	63.924
chr8	86169018	0.0	63.9315
chr8	86187541	0.0	63.9315
chr8	86202194	0.4848764719464511	63.9315
chr8	86223849	6.055021719099562	63.942
chr8	86246640	0.1276790588732383	64.08
chr8	86360206	0.16202203499695758	64.0945
chr8	86384894	0.6027122049221725	64.0985
chr8	86414759	2.2549660894412544	64.1165
chr8	86443806	0.2179734695145666	64.182
chr8	86475920	1.0739945189247402	64.189
chr8	86516423	0.0	64.2325
chr8	86539283	0.16113809534782814	64.2325
chr8	86582724	0.09638271480772125	64.2395
chr8	86702040	0.0	64.251
chr8	86746941	0.04759379376913325	64.251
chr8	86820480	0.0	64.2545
chr8	86848721	1.2044493777012004	64.2545
chr8	86891064	1.3098802395218943	64.3055
chr8	86896408	0.0	64.3125
chr8	86914033	0.0	64.3125
chr8	86924948	0.0	64.3125
chr8	86936881	4.666881235918307	64.3125
chr8	86943095	0.0	64.3415
chr8	86950819	0.4383366899657166	64.3415
chr8	86993024	4.471673532621926	64.36
chr8	87021425	0.7183621343337464	64.487
chr8	87046482	28.15440655671354	64.505
chr8	87066248	0.22770151584168244	65.0615
chr8	87096990	3.389830508478719	65.0685
chr8	87098170	0.0	65.0725
chr8	87145030	0.6767171698184399	65.0725
chr8	87171629	84.6354166666637	65.0905
chr8	87172013	0.0	65.123
chr8	87255692	0.8714942164471304	65.123
chr8	87268314	2.873443551409762	65.134
chr8	87292327	2.3876281433452946	65.203
chr8	87360805	0.1592163522774503	65.3665
chr8	87426753	0.5957108816522935	65.377
chr8	87469559	0.3808943399101234	65.4025
chr8	87508940	0.0	65.4175
chr8	87509057	0.051118024215374855	65.4175
chr8	87577526	0.03146378518314881	65.421
chr8	87688765	0.0	65.4245
chr8	87717829	0.10748219378333582	65.4245
chr8	87787608	0.0	65.432
chr8	87812600	0.0	65.432
chr8	87839863	0.5408103835593454	65.432
chr8	87899958	0.0	65.4645
chr8	87902024	0.2279565970637117	65.4645
chr8	87934925	0.0	65.472
chr8	87941502	0.0868464802362845	65.472
chr8	87981803	0.6985426954112094	65.4755
chr8	88023318	2.7964538585120042	65.5045
chr8	88040125	0.7164739598773684	65.5515
chr8	88060363	0.11150095147468451	65.566
chr8	88127627	0.0	65.5735
chr8	88161440	3.12133011929041	65.5735
chr8	88177619	0.7289112716195011	65.624
chr8	88192710	1.2521588946457842	65.635
chr8	88204290	0.5172089524165732	65.6495
chr8	88225558	0.2417356620538399	65.6605
chr8	88242105	0.19920885625631896	65.6645
chr8	88277244	3.733456923631758	65.6715
chr8	88296663	0.1404212637914745	65.744
chr8	88321588	0.3191463444344294	65.7475
chr8	88526823	0.1377880819299969	65.813
chr8	89027592	0.021172727107674146	65.882
chr8	89192899	0.03627067428437307	65.8855
chr8	89592671	0.0	65.9
chr8	89679242	0.0	65.9
chr8	89711851	0.1133786848068769	65.9
chr8	89742721	0.0	65.9035
chr8	89864800	0.05295808745653656	65.9035
chr8	89930890	0.0	65.907
chr8	89955123	0.0	65.907
chr8	89959198	0.04505397466168904	65.907
chr8	90125665	0.16909744240078958	65.9145
chr8	90149320	0.0	65.9185
chr8	90164823	0.0	65.9185
chr8	90210016	0.0	65.9185
chr8	90310142	0.0	65.9185
chr8	90358950	0.0	65.9185
chr8	90435180	0.3989361702128805	65.9185
chr8	90506620	0.013945348180448194	65.947
chr8	90793454	0.0	65.951
chr8	90850588	0.0	65.951
chr8	90916552	0.0	65.951
chr8	90943778	0.0	65.951
chr8	91009578	0.034069560308013176	65.951
chr8	91112309	0.0	65.9545
chr8	91212013	0.0	65.9545
chr8	91305747	0.048390999274169594	65.9545
chr8	91450402	0.0	65.9615
chr8	91823302	0.0	65.9615
chr8	91860262	0.11952989216467386	65.9615
chr8	92169808	0.0	65.9985
chr8	92387443	0.0	65.9985
chr8	92535054	0.0	65.9985
chr8	92548216	0.0	65.9985
chr8	92584237	0.0	65.9985
chr8	92627535	0.0	65.9985
chr8	92671712	0.054226294071740316	65.9985
chr8	92865345	0.0	66.009
chr8	92908253	0.0	66.009
chr8	92950242	0.0	66.009
chr8	93077530	0.0	66.009
chr8	93208527	0.0	66.009
chr8	93376803	0.0	66.009
chr8	93426459	0.0	66.009
chr8	93453923	0.04643765164801292	66.009
chr8	93540060	0.047149159734555565	66.013
chr8	93688525	0.0	66.02
chr8	93716785	0.0	66.02
chr8	93757460	0.027471449315195646	66.02
chr8	93884865	0.0	66.0235
chr8	93974615	0.0	66.0235
chr8	94086951	0.09726336265967267	66.0235
chr8	94200046	0.04430043287854721	66.0345
chr8	94358058	0.0	66.0415
chr8	94397016	0.0	66.0415
chr8	94428405	0.06630043568862476	66.0415
chr8	94481195	0.0	66.045
chr8	94513324	0.07394510584230654	66.045
chr8	94662083	0.0	66.056
chr8	94703551	0.13225660894058863	66.056
chr8	94896358	0.05858043626446234	66.0815
chr8	95084134	0.43935217091650347	66.0925
chr8	95142174	0.0	66.118
chr8	95196946	0.12373831114891025	66.118
chr8	95253517	0.0	66.125
chr8	95280603	0.0	66.125
chr8	95292514	0.0	66.125
chr8	95359277	0.0	66.125
chr8	95428482	0.28644590078556703	66.125
chr8	95543687	0.062264346743231114	66.158
chr8	95832777	0.0	66.176
chr8	95851049	0.0	66.176
chr8	95866298	0.0	66.176
chr8	95879136	0.0	66.176
chr8	95910011	0.0	66.176
chr8	96008413	0.0	66.176
chr8	96030134	0.0	66.176
chr8	96066246	0.0	66.176
chr8	96093870	0.0557271598255342	66.176
chr8	96219482	0.016956460653687496	66.183
chr8	96425893	0.0	66.1865
chr8	96469705	0.6821924253116058	66.1865
chr8	96490960	1.2025170493856867	66.201
chr8	96521313	0.0	66.2375
chr8	96548367	0.14516195927180545	66.2375
chr8	96572478	0.12103606874843952	66.241
chr8	96663360	0.0	66.252
chr8	96665021	0.0	66.252
chr8	96691899	4.60266766860788	66.252
chr8	96713191	0.7931992735389282	66.35
chr8	96804593	0.0	66.4225
chr8	96836558	0.053213361391266624	66.4225
chr8	97043273	0.0	66.4335
chr8	97187513	0.0	66.4335
chr8	97274156	0.0	66.4335
chr8	97366003	0.0	66.4335
chr8	97513970	0.0	66.4335
chr8	97563540	0.0	66.4335
chr8	97662134	0.03434773648419024	66.4335
chr8	97865932	0.20802829184766128	66.4405
chr8	97990915	0.09253261774782222	66.4665
chr8	98066564	0.09328041789623555	66.4735
chr8	98184488	0.026027820021361413	66.4845
chr8	98453431	0.2087472287005583	66.4915
chr8	98522893	0.044735632744838855	66.506
chr8	98768782	0.17030500077426677	66.517
chr8	98833372	0.08588491421490792	66.528
chr8	99083707	0.0	66.5495
chr8	99088449	0.0	66.5495
chr8	99298998	0.21020547585290286	66.5495
chr8	99318027	0.0	66.5535
chr8	99341040	0.0	66.5535
chr8	99362843	0.03940332113709542	66.5535
chr8	99451668	0.0	66.557
chr8	99466641	0.0	66.557
chr8	99524627	0.0	66.557
chr8	99572700	0.16423597424764985	66.557
chr8	99618366	0.10766249346342555	66.5645
chr8	99650875	0.04580312508182403	66.568
chr8	99727289	0.0	66.5715
chr8	99790715	0.12591068156752877	66.5715
chr8	99905876	0.0	66.586
chr8	99932101	0.0	66.586
chr8	99958026	0.0	66.586
chr8	99997690	4.430379746838609	66.586
chr8	99998480	0.0	66.5895
chr8	100100035	0.0	66.5895
chr8	100180917	0.6808756473477057	66.5895
chr8	100229384	0.13811137301107063	66.6225
chr8	100283688	0.3958207598190946	66.63
chr8	100538854	0.2757463133919741	66.731
chr8	100580559	0.07265028229799672	66.7425
chr8	100628735	0.3518821603928508	66.746
chr8	100689835	0.5416370182351334	66.7675
chr8	100783994	0.13510905230660109	66.8185
chr8	100809899	1.828437582160085	66.822
chr8	100851738	0.3236395580010635	66.8985
chr8	100873367	0.20288465085388027	66.9055
chr8	100981803	3.243714638192951	66.9275
chr8	101028817	1.4718723837130712	67.08
chr8	101139900	0.22542831379608785	67.2435
chr8	101175388	0.17960670308926188	67.2515
chr8	101295094	0.07982120051091272	67.273
chr8	101338942	0.3170068721259468	67.2765
chr8	101476163	0.0	67.32
chr8	101525297	0.0	67.32
chr8	101543989	0.11756061719338394	67.32
chr8	101578014	0.0	67.324
chr8	101642922	0.0	67.324
chr8	101743984	0.0	67.324
chr8	101746249	0.0	67.324
chr8	101747118	0.0	67.324
chr8	101826309	0.041593877381279204	67.324
chr8	101910456	0.29936534546767674	67.3275
chr8	101993966	0.40174562412354636	67.3525
chr8	102057439	0.24973242953995728	67.378
chr8	102071454	0.39226544833623855	67.3815
chr8	102136461	0.0	67.407
chr8	102183643	0.03540731692208521	67.407
chr8	102296614	0.19619597798245877	67.411
chr8	102388359	0.0	67.429
chr8	102393246	0.1933274414495416	67.429
chr8	102411350	0.0	67.4325
chr8	102415799	0.0	67.4325
chr8	102424623	0.0	67.4325
chr8	102431433	0.0	67.4325
chr8	102536526	0.0	67.4325
chr8	102558463	0.5218959054891911	67.4325
chr8	102579540	0.0	67.4435
chr8	102665929	0.4690837711448366	67.4435
chr8	102735213	0.0	67.476
chr8	102738886	0.0	67.476
chr8	102786871	0.266789551551085	67.476
chr8	102869333	0.0	67.498
chr8	102881473	0.0	67.498
chr8	102881677	0.04731583999118966	67.498
chr8	102955648	0.0	67.5015
chr8	102984749	0.0	67.5015
chr8	102999434	0.0	67.5015
chr8	103075095	0.0	67.5015
chr8	103235326	0.030010975442468966	67.5015
chr8	103351950	0.16228726256665163	67.505
chr8	103422812	1.0123013839057886	67.5165
chr8	103461832	0.3144172080537901	67.556
chr8	103716271	0.4082180443560081	67.636
chr8	103805684	0.0	67.6725
chr8	103884652	0.30333458851090295	67.6725
chr8	103932454	0.08648167823880065	67.687
chr8	104053867	0.7768342664272685	67.6975
chr8	104091198	0.0	67.7265
chr8	104119979	0.15348686032090106	67.7265
chr8	104286117	0.06711777949984984	67.752
chr8	104450008	0.014126438689457359	67.763
chr8	104733165	0.16429225244689846	67.767
chr8	104775772	0.18548451204337693	67.774
chr8	104813511	0.3725782414302103	67.781
chr8	104832299	0.08171804007460737	67.788
chr8	104924078	1.130880579009828	67.7955
chr8	104930710	0.191654802321898	67.803
chr8	104967234	0.7880220646178392	67.81
chr8	105054795	0.0	67.879
chr8	105105851	1.0232114823948626	67.879
chr8	105141523	6.415383589948999	67.9155
chr8	105171529	0.6691072417399025	68.108
chr8	105236541	0.02743656274743861	68.1515
chr8	105364108	0.0	68.155
chr8	105428347	0.13430029546052785	68.155
chr8	105484192	0.0	68.1625
chr8	105499512	0.0	68.1625
chr8	105524035	0.09805123176871892	68.1625
chr8	105564830	0.0	68.1665
chr8	105576602	0.0	68.1665
chr8	105628652	0.0	68.1665
chr8	105653020	0.0541472961161305	68.1665
chr8	105782297	0.0	68.1735
chr8	105806700	0.4690213706569043	68.1735
chr8	105914371	0.1547835141485595	68.224
chr8	105985438	0.21614557152913624	68.235
chr8	106084908	0.35995625147092314	68.2565
chr8	106157139	0.3623938703667945	68.2825
chr8	106166797	0.0	68.286
chr8	106177740	0.45968994705634153	68.286
chr8	106209283	0.0	68.3005
chr8	106252330	0.3102738910896458	68.3005
chr8	106369968	0.6309716964120721	68.337
chr8	106386609	0.09278962735686004	68.3475
chr8	106548265	0.18975332068324754	68.3625
chr8	106566710	0.0	68.366
chr8	106576253	0.0	68.366
chr8	106616171	2.3138832997988805	68.366
chr8	106645991	0.4875385155425616	68.435
chr8	106697269	0.0	68.46
chr8	106760443	0.02484286885452568	68.46
chr8	106921455	0.04552690326003454	68.464
chr8	107239948	11.590794557366472	68.4785
chr8	107245901	0.0	68.5475
chr8	107325611	0.2635821511650511	68.5475
chr8	107684133	0.05204402924874641	68.642
chr8	108029994	0.2519588566009077	68.66
chr8	108131201	0.8372374726115939	68.6855
chr8	108243475	0.054734537493197295	68.7795
chr8	108307420	0.0	68.783
chr8	108382796	0.0	68.783
chr8	108414209	0.0	68.783
chr8	108445463	0.0	68.783
chr8	108659318	0.4503622478949703	68.783
chr8	108684853	0.0	68.7945
chr8	108767313	0.0	68.7945
chr8	108799257	0.0	68.7945
chr8	108826796	0.07142857142862247	68.7945
chr8	108875796	0.0	68.798
chr8	108897836	0.05910464900286237	68.798
chr8	108957053	6.21850293587326	68.8015
chr8	108978682	0.0	68.936
chr8	109060257	0.07879333633472063	68.936
chr8	109104677	0.6761325219745534	68.9395
chr8	109147568	2.581732922363576	68.9685
chr8	109185527	0.7222864254600156	69.0665
chr8	109230523	0.6084725693988643	69.099
chr8	109260927	1.4102495875684442	69.1175
chr8	109317300	0.0	69.197
chr8	109319723	0.0	69.197
chr8	109322493	4.76654750297876	69.197
chr8	109331724	0.0	69.241
chr8	109399817	0.0	69.241
chr8	109417641	0.12057323963078755	69.241
chr8	109446669	0.0	69.2445
chr8	109508584	0.0	69.2445
chr8	109537384	0.0	69.2445
chr8	109576849	0.49684640545428826	69.2445
chr8	109649306	0.0	69.2805
chr8	109698399	4.110458219537115	69.2805
chr8	109734648	0.14997000599890742	69.4295
chr8	109757986	1.1274777232223607	69.433
chr8	109812976	1.8284878405554965	69.495
chr8	109834852	0.10968219583769472	69.535
chr8	109871321	1.4828197436597235	69.539
chr8	109929993	1.3603564528210323	69.626
chr8	109980715	0.652233901111331	69.695
chr8	110219893	0.5351226295990156	69.851
chr8	110375932	1.1550900970265177	69.9345
chr8	110382425	0.2489740551865999	69.942
chr8	110440664	0.0	69.9565
chr8	110483792	0.3589223883117116	69.9565
chr8	110554838	1.0288516264611236	69.982
chr8	110600520	1.2880788304243944	70.029
chr8	110662628	0.7046188983650552	70.109
chr8	110703785	0.0	70.138
chr8	110720031	0.0	70.138
chr8	110720580	0.9644377438806877	70.138
chr8	110810788	0.02830844885878533	70.225
chr8	110934426	1.025590127867891	70.2285
chr8	110994879	0.527704485488319	70.2905
chr8	111049834	0.08415889198779192	70.3195
chr8	111091422	0.14274188543427394	70.323
chr8	111171987	0.1197440897734541	70.3345
chr8	111201216	0.0	70.338
chr8	111267744	0.13316592474232397	70.338
chr8	111294027	0.0	70.3415
chr8	111319151	0.16948331799924948	70.3415
chr8	111360453	1.6852863627714156	70.3485
chr8	111397242	0.0	70.4105
chr8	111429583	9.725796871906569	70.4105
chr8	111449787	9.439783729779737	70.607
chr8	111517850	0.07767442763665629	71.2495
chr8	111569347	0.0	71.2535
chr8	111592066	0.34288663013735526	71.2535
chr8	111739345	0.0	71.304
chr8	111761620	0.0	71.304
chr8	111782055	7.131790010936984	71.304
chr8	111825943	0.0	71.617
chr8	111899792	3.8672252658716144	71.617
chr8	111952543	0.0	71.821
chr8	112005631	0.0	71.821
chr8	112043910	0.0	71.821
chr8	112076455	0.1794043774669384	71.821
chr8	112115473	0.0	71.828
chr8	112302056	0.03748567511703564	71.828
chr8	112395425	0.059358842625372756	71.8315
chr8	112639702	2.1905805038284103	71.846
chr8	112641528	0.2645502645504536	71.85
chr8	112654758	0.0	71.8535
chr8	112681806	0.0	71.8535
chr8	112718408	0.19355730678846958	71.8535
chr8	112754573	6.407701696266199	71.8605
chr8	112834867	0.13164390324189199	72.375
chr8	112865252	0.21675181916676858	72.379
chr8	112897547	0.0	72.386
chr8	112921067	1.0649954188667643	72.386
chr8	113132805	0.08719705080190511	72.6115
chr8	113339234	10.555565114158426	72.6295
chr8	113397355	0.5452562704471308	73.243
chr8	113463379	5.393743257820923	73.279
chr8	113576473	0.0	73.889
chr8	113626216	0.0	73.889
chr8	113647567	0.15169902912636307	73.889
chr8	113697007	0.0	73.8965
chr8	113741730	0.3153186184645183	73.8965
chr8	113809915	0.0	73.918
chr8	113852318	0.0	73.918
chr8	113904616	0.2548208550127289	73.918
chr8	113988989	0.2779181404752373	73.9395
chr8	114028569	14.095259375116203	73.9505
chr8	114082275	0.14586709886548366	74.7075
chr8	114205675	0.09094951291483427	74.7255
chr8	114403587	0.13708824566223418	74.7435
chr8	114429118	0.1771793054570244	74.747
chr8	114474270	0.0	74.755
chr8	114474923	24.82269503547873	74.755
chr8	114475346	0.31673411930319695	74.7655
chr8	114589006	0.0	74.8015
chr8	114606311	0.49162541533865123	74.8015
chr8	114694793	2.9833631345721874	74.845
chr8	114746245	0.03975872135938806	74.9985
chr8	114834276	0.19317902427048383	75.002
chr8	114891218	0.0	75.013
chr8	114943207	0.31102586698461604	75.013
chr8	115001080	0.10527222440206029	75.031
chr8	115105571	0.10186575166199861	75.042
chr8	115385351	0.40149892933658404	75.0705
chr8	115404031	0.6113537117908299	75.078
chr8	115409756	0.33398324667801954	75.0815
chr8	115465148	0.07376651843114425	75.1
chr8	115560042	0.0	75.107
chr8	115578938	0.0	75.107
chr8	115599393	0.11784115012974138	75.107
chr8	115663038	1.7642689117242774	75.1145
chr8	115679192	3.840592806795522	75.143
chr8	115712390	9.319495583493943	75.2705
chr8	115764807	0.41530618090159194	75.759
chr8	115799721	0.0	75.7735
chr8	115801846	0.0	75.7735
chr8	115836808	0.2256180104150526	75.7735
chr8	115918805	3.5391948078287143	75.792
chr8	115968110	0.0	75.9665
chr8	115995580	0.0	75.9665
chr8	116055291	0.06819953234611265	75.9665
chr8	116106611	0.5706831893041743	75.97
chr8	116112744	0.0	75.9735
chr8	116163737	0.422842913857518	75.9735
chr8	116206306	0.0	75.9915
chr8	116221850	0.0	75.9915
chr8	116245284	0.21823260686103468	75.9915
chr8	116279651	2.2981212665201416	75.999
chr8	116344269	3.1980071366053613	76.1475
chr8	116359122	2.848445314198744	76.195
chr8	116382117	6.553424961206124	76.2605
chr8	116418205	0.0741179958494452	76.497
chr8	116465427	0.0	76.5005
chr8	116509091	0.0	76.5005
chr8	116540239	0.3827877507919266	76.5005
chr8	116578119	0.4252475548268636	76.515
chr8	116594580	0.9720823542574519	76.522
chr8	116666076	4.467445152158487	76.5915
chr8	116677380	3.118503118503746	76.642
chr8	116691329	4.6855345911949975	76.6855
chr8	116723129	0.6682109764783659	76.8345
chr8	116734353	0.3595777119351852	76.842
chr8	116803879	0.08346037857620131	76.867
chr8	116893742	0.0	76.8745
chr8	116996746	0.031173770389632295	76.8745
chr8	117125059	0.25313709181610644	76.8785
chr8	117152712	0.2793597271097363	76.8855
chr8	117254731	0.0	76.914
chr8	117294864	0.0	76.914
chr8	117335273	0.03023865861314088	76.914
chr8	117467554	0.0	76.918
chr8	117493032	0.0	76.918
chr8	117723064	0.0	76.918
chr8	117738857	0.09761267291355116	76.918
chr8	117774713	0.0	76.9215
chr8	117817214	0.19699516705209574	76.9215
chr8	117855286	0.23525153818312605	76.929
chr8	117993436	0.13689722440894242	76.9615
chr8	118022655	5.84047462096221	76.9655
chr8	118060580	0.0	77.187
chr8	118064384	0.0	77.187
chr8	118099631	2.8071206520562315	77.187
chr8	118164288	0.0	77.3685
chr8	118250136	17.456516259138844	77.3685
chr8	118258070	0.335836844354756	77.507
chr8	118290824	1.7034376603386026	77.518
chr8	118339549	3.950622248135273	77.601
chr8	118389288	1.3232180663386361	77.7975
chr8	118394956	0.41389776725134114	77.805
chr8	118481934	0.0	77.841
chr8	118489047	5.360205831904294	77.841
chr8	118505371	4.7127468581689405	77.9285
chr8	118527651	0.2783292820960156	78.0335
chr8	118581544	0.0	78.0485
chr8	118606541	2.50194116124548	78.0485
chr8	118629723	0.311863279138733	78.1065
chr8	118653772	0.11894647408674601	78.114
chr8	118683197	0.0	78.1175
chr8	118693612	1.2063492063491017	78.1175
chr8	118756612	0.19979132905632652	78.1935
chr8	118936800	0.12733176290841308	78.2295
chr8	118968214	0.12588539393724493	78.2335
chr8	119027792	0.20607630711272382	78.241
chr8	119044776	0.06623769871314347	78.2445
chr8	119097616	11.964164209570441	78.248
chr8	119106434	0.06759598630054933	78.3535
chr8	119372722	0.5100925453621659	78.3715
chr8	119386445	0.3805175038050256	78.3785
chr8	119415353	1.9708621555822519	78.3895
chr8	119441230	0.0	78.4405
chr8	119466196	0.8302115199005503	78.4405
chr8	119588454	1.0815245767135215	78.542
chr8	119601861	0.5996443488688714	78.5565
chr8	119626042	0.0	78.571
chr8	119629981	0.0	78.571
chr8	119674000	0.5792354092597044	78.571
chr8	119699033	2.276607854297453	78.5855
chr8	119716603	0.7046276899639333	78.6255
chr8	119742858	3.075365929616136	78.644
chr8	119755702	0.13823064770941948	78.6835
chr8	119781022	0.8033888401988596	78.687
chr8	119808406	0.31462371004250267	78.709
chr8	119832244	0.09805569563519081	78.7165
chr8	119867938	0.2821581966956247	78.72
chr8	119931732	1.5383336105108156	78.738
chr8	119943758	0.0	78.7565
chr8	119944072	0.0	78.7565
chr8	119966930	1.4863410383886575	78.7565
chr8	120025463	4.838463882962334	78.8435
chr8	120051711	0.0	78.9705
chr8	120094715	0.0	78.9705
chr8	120112590	0.0	78.9705
chr8	120129947	0.0	78.9705
chr8	120167200	0.05805659688820789	78.9705
chr8	120227486	0.4155333937743911	78.974
chr8	120253958	0.0	78.985
chr8	120309562	0.0	78.985
chr8	120335532	0.0	78.985
chr8	120347875	0.13213031824540378	78.985
chr8	120374364	3.555123119526939	78.9885
chr8	120387725	4.572760692190616	79.036
chr8	120398878	3.5160767985192414	79.087
chr8	120420493	0.0	79.163
chr8	120423677	0.0	79.163
chr8	120466137	0.15691812796692511	79.163
chr8	120491628	0.5696188110914232	79.167
chr8	120535517	0.0	79.192
chr8	120559373	0.0	79.192
chr8	120600277	0.16092200646764707	79.192
chr8	120665526	0.9944662763653478	79.2025
chr8	120727871	1.2050279248986304	79.2645
chr8	120797164	0.0	79.348
chr8	120821997	1.1837701036817847	79.348
chr8	120834246	0.04062940756522472	79.3625
chr8	121006535	1.1508683825063486	79.3695
chr8	121025651	2.317768138130664	79.3915
chr8	121049165	0.0	79.446
chr8	121055963	2.0541834914077772	79.446
chr8	121098559	0.25329280648447683	79.5335
chr8	121112377	0.3105894661129889	79.537
chr8	121204138	0.0	79.5655
chr8	121223619	0.0	79.5655
chr8	121231464	2.0271075956914792	79.5655
chr8	121256623	0.8006079192335536	79.6165
chr8	121293470	0.05544290964393773	79.646
chr8	121356598	0.2404837158168039	79.6495
chr8	121400260	0.0	79.66
chr8	121443467	0.4247503156928727	79.66
chr8	121487022	0.0	79.6785
chr8	121502342	0.0	79.6785
chr8	121524221	3.0028794734680173	79.6785
chr8	121536376	5.810994231421804	79.715
chr8	121548164	1.0596242409420975	79.7835
chr8	121572701	0.0	79.8095
chr8	121589038	0.0	79.8095
chr8	121609988	2.1340697966357824	79.8095
chr8	121633886	0.27135990076000166	79.8605
chr8	121646784	0.42500944465434176	79.864
chr8	121689136	3.5841967021742365	79.882
chr8	121743960	0.45706823375715255	80.0785
chr8	121759275	3.8418228787180855	80.0855
chr8	121774372	1.2781186094070014	80.1435
chr8	121786108	2.5321146245057324	80.1585
chr8	121810396	7.000995957584051	80.22
chr8	121827465	21.521883089519097	80.3395
chr8	121844076	8.8562192799895	80.697
chr8	121866659	0.0	80.897
chr8	121888341	0.0	80.897
chr8	121908714	2.491347017946606	80.897
chr8	122021103	0.11251305955140709	81.177
chr8	122083318	0.0	81.184
chr8	122141342	0.0	81.184
chr8	122167379	0.0	81.184
chr8	122204175	0.6387735547756129	81.184
chr8	122210437	0.568089595844083	81.188
chr8	122222759	0.0	81.195
chr8	122235170	0.0	81.195
chr8	122257429	0.150240384615492	81.195
chr8	122280725	1.437344832092354	81.1985
chr8	122296031	3.3518261673597274	81.2205
chr8	122309009	1.7878182889311212	81.264
chr8	122431225	14.53156241074017	81.4825
chr8	122445229	0.0	81.686
chr8	122465068	1.6994583839945625	81.686
chr8	122501256	92.74495138369481	81.7475
chr8	122505267	0.19949380350926388	82.1195
chr8	122833598	0.0	82.185
chr8	122837000	0.9560229445513524	82.185
chr8	122840661	4.127558520862777	82.1885
chr8	122849504	2.496811537329611	82.225
chr8	122951434	0.41593012373972016	82.4795
chr8	122961051	6.326304106546942	82.4835
chr8	122965556	3.3039647577084557	82.512
chr8	122973274	13.215859030837505	82.5375
chr8	122979630	6.236024844720616	82.6215
chr8	123019880	0.1696065128902162	82.8725
chr8	123040516	0.0	82.876
chr8	123058934	0.41437137425037557	82.876
chr8	123120473	2.709191784822063	82.9015
chr8	123151294	0.0	82.985
chr8	123161698	0.0	82.985
chr8	123169533	33.03509979352992	82.985
chr8	123176798	1.1407711613053015	83.225
chr8	123198713	0.19828935239772633	83.25
chr8	123292011	0.5027739251039591	83.2685
chr8	123320851	0.029511458877911106	83.283
chr8	123439449	0.7702676680145814	83.2865
chr8	123496572	7.601283594063476	83.3305
chr8	123546432	11.403508771929523	83.7095
chr8	123575502	1.5055248618784776	84.041
chr8	123720302	0.0	84.259
chr8	123727435	2.4669589271560155	84.259
chr8	123789252	0.28114043791750853	84.4115
chr8	123879954	1.3770019489873258	84.437
chr8	123903556	0.8873212879468305	84.4695
chr8	123993715	3.767603803980934	84.5495
chr8	124012958	4.508484560139515	84.622
chr8	124101236	0.26628119293993463	85.02
chr8	124114380	1.161678283449869	85.0235
chr8	124136331	0.1981431159419024	85.049
chr8	124189323	0.46015092950489506	85.0595
chr8	124221921	3.672460184713806	85.0745
chr8	124235672	16.226716946635015	85.125
chr8	124253174	0.13959795788083482	85.409
chr8	124278246	0.0	85.4125
chr8	124319769	11.924545250393127	85.4125
chr8	124342034	1.0165553296550975	85.678
chr8	124345477	3.243441186471772	85.6815
chr8	124421939	0.0	85.9295
chr8	124435609	70.47690200473198	85.9295
chr8	124443640	5.704506560182085	86.4955
chr8	124464676	3.6599507174952564	86.6155
chr8	124478474	0.0	86.666
chr8	124496160	22.415482606564517	86.666
chr8	124500242	11.051829268292844	86.7575
chr8	124518610	0.0	86.9605
chr8	124548239	1.6206694069290102	86.9605
chr8	124590814	0.3077025431199885	87.0295
chr8	124650937	3.8129973474802505	87.048
chr8	124669033	2.476682299625707	87.117
chr8	124688010	10.218030209828186	87.164
chr8	124717272	1.6881944171805727	87.463
chr8	124742743	0.0	87.506
chr8	124801300	1.2529392581911898	87.506
chr8	124859563	0.0	87.579
chr8	124901165	0.0	87.579
chr8	124919218	7.078422949778774	87.579
chr8	124972761	2.132756193397942	87.958
chr8	125020352	0.45232495024384406	88.0595
chr8	125036933	6.0438647503536025	88.067
chr8	125061007	4.419055830997716	88.2125
chr8	125074924	2.7182147122257887	88.274
chr8	125131027	1.7210027276269597	88.4265
chr8	125300405	0.1252333894985619	88.718
chr8	125388241	0.0	88.729
chr8	125427291	0.7002100630186953	88.729
chr8	125447285	0.0	88.743
chr8	125530777	1.3180531661024315	88.743
chr8	125566815	0.41043244655087086	88.7905
chr8	125593616	0.07022190120786688	88.8015
chr8	125643458	1.3615338704860318	88.805
chr8	125670266	6.938593447985358	88.8415
chr8	125710620	10.067848544539668	89.1215
chr8	125724327	0.5464752347357384	89.2595
chr8	125744456	7.94348406419897	89.2705
chr8	125775173	0.0	89.5145
chr8	125788180	0.0	89.5145
chr8	125801575	16.30682682073902	89.5145
chr8	125814729	12.076883823779205	89.729
chr8	125826487	1.2167505999256891	89.871
chr8	125856074	2.621083339108938	89.907
chr8	126014787	2.7522296544038367	90.323
chr8	126029139	0.14215198498088968	90.3625
chr8	126233146	1.7715714881206108	90.3915
chr8	126247540	0.5541481950605607	90.417
chr8	126253856	1.1666264381686524	90.4205
chr8	126266285	0.33109659191211277	90.435
chr8	126288937	4.472892727693362	90.4425
chr8	126314871	0.0	90.5585
chr8	126327003	0.5506607929520371	90.5585
chr8	126346979	0.6826420601665733	90.5695
chr8	126389461	23.14593872291684	90.5985
chr8	126410415	0.0	91.0835
chr8	126445034	0.755405053399228	91.0835
chr8	126502619	2.2531271851451686	91.127
chr8	126528361	0.0	91.185
chr8	126537305	0.0	91.185
chr8	126581576	0.49933422103816105	91.185
chr8	126596596	0.19858389142252053	91.1925
chr8	126669613	0.0	91.207
chr8	126683242	2.613462519123298	91.207
chr8	126706774	0.2911054066212104	91.2685
chr8	126744561	0.4655493482313712	91.2795
chr8	126760671	0.11882532676925107	91.287
chr8	126790126	0.0	91.2905
chr8	126807870	0.0	91.2905
chr8	126828633	4.215576672256652	91.2905
chr8	126850101	0.0	91.381
chr8	126866037	0.07041013906011069	91.381
chr8	126922847	0.0	91.385
chr8	126960674	9.26634361982442	91.385
chr8	126984200	0.0	91.603
chr8	126997379	0.4909761961200146	91.603
chr8	127026912	1.4301947415849512	91.6175
chr8	127052433	0.0	91.654
chr8	127071928	0.0	91.654
chr8	127090630	0.4754186925987157	91.654
chr8	127136905	0.11203585147255125	91.676
chr8	127199385	0.0	91.683
chr8	127215708	0.0	91.683
chr8	127229177	0.2997601918455199	91.683
chr8	127240853	0.12708498808593768	91.6865
chr8	127272328	0.0	91.6905
chr8	127308788	0.12942590367024132	91.6905
chr8	127362873	0.3909711723918667	91.6975
chr8	127382056	0.8942322022952299	91.705
chr8	127402185	0.0	91.723
chr8	127446810	0.6445672191533152	91.723
chr8	127452240	0.0	91.7265
chr8	127489825	1.8354747205077233	91.7265
chr8	127501811	1.6423732293163271	91.7485
chr8	127550521	2.356969185729144	91.8285
chr8	127570674	0.0	91.876
chr8	127611044	0.0	91.876
chr8	127627446	1.5020332401176038	91.876
chr8	127709335	8.972449739389944	91.999
chr8	127722765	14.844519487828798	92.1195
chr8	127736979	0.0	92.3305
chr8	127814267	0.7104107465768329	92.3305
chr8	127829751	0.0	92.3415
chr8	127898521	28.00000000002001	92.3415
chr8	127898771	1.689535121851385	92.3485
chr8	127918303	0.19745007333873976	92.3815
chr8	127936029	0.32750070178612245	92.385
chr8	127946716	1.1717489229733065	92.3885
chr8	128017977	0.0920447074293886	92.472
chr8	128056002	0.0	92.4755
chr8	128070312	0.6083397854225135	92.4755
chr8	128088394	0.0	92.4865
chr8	128106605	0.0	92.4865
chr8	128124100	1.5893729505453869	92.4865
chr8	128153986	6.431885280471919	92.534
chr8	128177696	1.4374225526647124	92.6865
chr8	128197871	0.5141794881935737	92.7155
chr8	128248437	0.2929197121015816	92.7415
chr8	128284283	2.2297899943244475	92.752
chr8	128308949	0.5529977622882065	92.807
chr8	128347828	12.198750371913231	92.8285
chr8	128361272	1.8179108925642329	92.9925
chr8	128394827	19.692272361923834	93.0535
chr8	128403536	7.985363753766881	93.225
chr8	128426766	0.0	93.4105
chr8	128467079	25.141730342617485	93.4105
chr8	128479250	3.515767359101367	93.7165
chr8	128525897	0.6848800990731367	93.8805
chr8	128579191	0.21572978303762952	93.917
chr8	128595415	0.19899931771676718	93.9205
chr8	128613003	0.2975836209972296	93.924
chr8	128663409	0.2788622420526254	93.939
chr8	128675960	0.0	93.9425
chr8	128686879	3.079966092116668	93.9425
chr8	128704574	0.0	93.997
chr8	128715985	0.0	93.997
chr8	128731740	4.428562702339815	93.997
chr8	128748111	0.3570472194939461	94.0695
chr8	128759314	0.44779938587544793	94.0735
chr8	128774946	0.0	94.0805
chr8	128799072	0.0	94.0805
chr8	128813258	1.2067059690493755	94.0805
chr8	128867538	8.081961302728201	94.146
chr8	128884180	0.0	94.2805
chr8	128903763	0.0	94.2805
chr8	128914198	4.342207288705256	94.2805
chr8	128933543	2.8915471757893956	94.3645
chr8	128946166	5.2127729329230945	94.401
chr8	128961417	1.820091004549965	94.4805
chr8	128975702	4.150180629623212	94.5065
chr8	129022206	0.0	94.6995
chr8	129041642	0.0	94.6995
chr8	129057078	24.691358024690995	94.6995
chr8	129068013	0.23669439372438636	94.9695
chr8	129082800	3.3446926669189243	94.973
chr8	129114492	0.0	95.079
chr8	129158653	0.0	95.079
chr8	129169796	0.0	95.079
chr8	129198701	0.9595658791616961	95.079
chr8	129213812	1.2973908029408014	95.0935
chr8	129227686	2.6667959658646536	95.1115
chr8	129248310	0.29227557411294375	95.1665
chr8	129260285	0.0	95.17
chr8	129286599	0.9532062391677366	95.17
chr8	129298139	0.31649211646897457	95.181
chr8	129332895	0.43103448275892875	95.192
chr8	129349135	4.5600682369926515	95.199
chr8	129364376	0.4355942750460978	95.2685
chr8	129380446	1.3706749648072216	95.2755
chr8	129393943	0.0	95.294
chr8	129411518	0.0	95.294
chr8	129429181	0.0	95.294
chr8	129447873	15.18833535844493	95.294
chr8	129461041	0.5029883425053526	95.494
chr8	129511738	6.331858790875835	95.5195
chr8	129523267	7.751360214652993	95.5925
chr8	129550101	0.10126688363386212	95.8005
chr8	129693287	0.49261083743823014	95.815
chr8	129715617	0.0	95.826
chr8	129745798	0.1863325103649736	95.826
chr8	129767265	0.8347674209539173	95.83
chr8	129806198	0.0	95.8625
chr8	129819904	0.0	95.8625
chr8	129845692	0.9196555471958775	95.8625
chr8	129857653	5.477190876350036	95.8735
chr8	129870981	14.345633840524759	95.9465
chr8	129893392	0.0	96.268
chr8	129993012	0.0	96.268
chr8	129994584	0.0	96.268
chr8	129995442	0.29249540364386606	96.268
chr8	130007408	0.0	96.2715
chr8	130009782	0.5929677233245639	96.2715
chr8	130040981	1.1298114383666964	96.29
chr8	130066649	0.3876456290336743	96.319
chr8	130114373	6.208425720618977	96.3375
chr8	130116628	1.2401957498158522	96.3515
chr8	130131545	2.4518754238612885	96.37
chr8	130150714	0.0	96.417
chr8	130181793	248.99598393573342	96.417
chr8	130182291	6.446299415436422	96.541
chr8	130263035	18.495297805642895	97.0615
chr8	130290150	0.0	97.563
chr8	130298483	0.0	97.563
chr8	130310312	0.0	97.563
chr8	130317959	12.43107769423511	97.563
chr8	130327934	16.001949476078526	97.687
chr8	130340245	3.9157505593929707	97.884
chr8	130360803	10.136148826044455	97.9645
chr8	130414127	3.549060542797629	98.505
chr8	130428497	4.159172661871193	98.556
chr8	130437393	2.6615197074360064	98.593
chr8	130462003	0.0	98.6585
chr8	130472751	1.505711318795242	98.6585
chr8	130482381	24.22030524220554	98.673
chr8	130483888	8.893039876552997	98.7095
chr8	130496201	9.9737802683668	98.819
chr8	130515652	2.9987373737373377	99.013
chr8	130531492	3.3566071890354325	99.0605
chr8	130821517	2.2772185089692676	100.034
chr8	131004196	8.140391066022412	100.45
chr8	131016419	9.972477392143924	100.5495
chr8	131044396	24.25294612794605	100.8285
chr8	131063404	0.0	101.2895
chr8	131081077	0.09631359707184217	101.2895
chr8	131122608	0.0	101.2935
chr8	131187097	1.4716152848447945	101.2935
chr8	131207143	0.30422878004280945	101.323
chr8	131230152	1.064319410885	101.33
chr8	131247534	3.887124520312049	101.3485
chr8	131277762	2.0913407189693722	101.466
chr8	131286608	0.3804209992395328	101.4845
chr8	131306323	1.4155470249519553	101.492
chr8	131327163	0.7112222246169367	101.5215
chr8	131373562	0.31750063500098125	101.5545
chr8	131397184	2.8205324552671676	101.562
chr8	131436361	0.0	101.6725
chr8	131452300	0.03773218771227052	101.6725
chr8	131545059	0.9971970677017609	101.676
chr8	131563611	9.03396771862179	101.6945
chr8	131588517	7.702554004748686	101.9195
chr8	131605784	0.0	102.0525
chr8	131622087	1.0540013012363991	102.0525
chr8	131660512	0.4408134477485117	102.093
chr8	131677526	4.661560323016765	102.1005
chr8	131735232	8.672628107559568	102.3695
chr8	131766768	2.0362451639178127	102.643
chr8	131781501	0.0	102.673
chr8	131803125	20.99459945994583	102.673
chr8	131825345	12.901622305571827	103.1395
chr8	131847474	2.03968106805143	103.425
chr8	131874439	0.0	103.48
chr8	131908788	0.3381519993229079	103.48
chr8	131920617	13.663940912687963	103.484
chr8	131939572	7.277782320713529	103.743
chr8	131964030	0.576466598846928	103.921
chr8	132008265	3.7742178981801313	103.9465
chr8	132020188	1.0114145354724755	103.9915
chr8	132027109	0.7874015748027132	103.9985
chr8	132037269	2.5279663914805535	104.0065
chr8	132078211	0.0	104.11
chr8	132098656	0.0	104.11
chr8	132162733	0.44866042815055773	104.11
chr8	132170534	0.0	104.1135
chr8	132178062	0.0	104.1135
chr8	132191362	0.0	104.1135
chr8	132202565	0.0	104.1135
chr8	132222120	0.4007480630506641	104.1135
chr8	132240835	0.0	104.121
chr8	132284840	0.9221225584711866	104.121
chr8	132332556	4.614134072869457	104.165
chr8	132353470	0.0	104.2615
chr8	132375374	0.5548050945579924	104.2615
chr8	132396102	0.0	104.273
chr8	132414335	0.18400714999224546	104.273
chr8	132433356	3.197016118289717	104.2765
chr8	132448370	0.0	104.3245
chr8	132470395	3.707970336237621	104.3245
chr8	132484284	0.0	104.376
chr8	132498228	0.13470345995413502	104.376
chr8	132524211	0.1349118014099932	104.3795
chr8	132553860	6.0236311684302235	104.3835
chr8	132566809	0.0	104.4615
chr8	132608525	0.0	104.4615
chr8	132631444	0.0	104.4615
chr8	132644876	0.4938596780035086	104.4615
chr8	132705622	0.10330578512404076	104.4915
chr8	132739502	1.627240491571838	104.495
chr8	132760089	10.92870976667081	104.5285
chr8	132770932	0.0	104.647
chr8	132783378	0.0	104.647
chr8	132795642	12.773461703446008	104.647
chr8	132816623	6.006065927049001	104.915
chr8	132866739	1.4546011330581425	105.216
chr8	132879801	0.9663002778107943	105.235
chr8	132888080	2.8378619949948503	105.243
chr8	132910456	3.3829499323379246	105.3065
chr8	132912673	1.5561129691566162	105.314
chr8	132934201	66.0869565217334	105.3475
chr8	132934776	2.0250798348789205	105.3855
chr8	132947615	7.070107782062725	105.4115
chr8	132967841	4.190565664556946	105.5545
chr8	133008289	1.3809027934979543	105.724
chr8	133030376	10.268826181332436	105.7545
chr8	133048343	1.769428835982349	105.939
chr8	133127182	0.0	106.0785
chr8	133163709	9.78705097870496	106.0785
chr8	133177656	0.9006304413089504	106.215
chr8	133194311	3.848600508905245	106.23
chr8	133210031	1.459820715768508	106.2905
chr8	133253872	0.07728487203838852	106.3545
chr8	133299159	2.8347910165690386	106.358
chr8	133321912	0.0	106.4225
chr8	133366894	0.8917675772085543	106.4225
chr8	133388200	10.139324531329477	106.4415
chr8	133401909	4.933323055576424	106.5805
chr8	133414882	7.256796225567457	106.6445
chr8	133437137	1.3607293509321512	106.806
chr8	133459184	0.15767031821980707	106.836
chr8	133532121	1.717032967033032	106.8475
chr8	133558329	4.470310391362793	106.8925
chr8	133576113	1.4954742227473796	106.972
chr8	133588818	3.8458287549661136	106.991
chr8	133600649	6.291635825314685	107.0365
chr8	133618212	36.97051846831514	107.147
chr8	133632967	0.0	107.6925
chr8	133648102	13.757995039812062	107.6925
chr8	133686407	0.0	108.2195
chr8	133707491	4.828118964851171	108.2195
chr8	133730792	0.7870837537843731	108.332
chr8	133755567	4.429080695689405	108.3515
chr8	133774081	0.5170101456842403	108.4335
chr8	133871758	1.9361084220717093	108.484
chr8	133905847	0.0	108.55
chr8	133922537	27.361978061935385	108.55
chr8	133939038	1.1550764127477695	109.0015
chr8	133955920	3.9588073599621474	109.021
chr8	134031953	0.44154348243417424	109.322
chr8	134057998	2.3374599601766968	109.3335
chr8	134104202	3.1825219335970267	109.4415
chr8	134150706	0.4275940706954728	109.5895
chr8	134224374	5.2892988453848115	109.621
chr8	134286386	0.454490180580055	109.949
chr8	134615326	0.0	110.0985
chr8	134635996	0.0	110.0985
chr8	134671775	0.17196165255169119	110.0985
chr8	134695036	0.20384242980128817	110.1025
chr8	134714659	1.4206040197832803	110.1065
chr8	134771677	0.0	110.1875
chr8	134824790	0.0	110.1875
chr8	134849561	0.2410146717680103	110.1875
chr8	134882754	0.32617075533255047	110.1955
chr8	134933341	0.8673779165580718	110.212
chr8	134956399	0.0	110.232
chr8	134978222	2.5985013294656087	110.232
chr8	135003044	0.0	110.2965
chr8	135029005	0.2841594048153434	110.2965
chr8	135087071	0.5118729556293143	110.313
chr8	135127120	0.0	110.3335
chr8	135140346	0.4481275164083457	110.3335
chr8	135212870	0.851150939228907	110.366
chr8	135398501	0.10259830199804508	110.524
chr8	135476475	1.824455145708432	110.532
chr8	135516761	0.19260400616287932	110.6055
chr8	135537529	1.8222451435446887	110.6095
chr8	135566614	5.323146292585669	110.6625
chr8	135582582	1.3936893745125256	110.7475
chr8	135591551	6.0771008873306425	110.76
chr8	135604962	0.0	110.8415
chr8	135607347	0.0	110.8415
chr8	135628802	2.2523662499366965	110.8415
chr8	135648559	0.3969829297345066	110.886
chr8	135668711	0.0	110.894
chr8	135689151	0.9502850855254568	110.894
chr8	135719142	0.1223653216679889	110.9225
chr8	135751831	0.7589095986879141	110.9265
chr8	135768302	27.990797546015145	110.939
chr8	135769606	130.9012875536632	110.9755
chr8	135770072	0.3241374342716319	111.0365
chr8	135783955	0.0	111.041
chr8	135791609	0.0	111.041
chr8	135792351	0.0	111.041
chr8	135804657	1.6881198565118753	111.041
chr8	135809396	0.0	111.049
chr8	135833776	2.1666754742903778	111.049
chr8	135852699	0.879176086410568	111.09
chr8	135880566	0.5516871188511776	111.1145
chr8	135947633	0.0	111.1515
chr8	135989700	3.2608695652175146	111.1515
chr8	135997060	0.9955437565184789	111.1755
chr8	136018154	3.8000826104920677	111.1965
chr8	136030259	1.2297962051994955	111.2425
chr8	136047335	0.09181261046215916	111.2635
chr8	136090902	0.0	111.2675
chr8	136110332	0.0	111.2675
chr8	136128161	1.889295333038431	111.2675
chr8	136153038	0.26771969747706903	111.3145
chr8	136167979	0.14529076313991096	111.3185
chr8	136195510	1.2412814753517434	111.3225
chr8	136212428	0.5623552762155445	111.3435
chr8	136227543	1.080279601779024	111.352
chr8	136251148	0.0952222248674004	111.3775
chr8	136293155	0.3699673558214561	111.3815
chr8	136316130	0.23455824863138205	111.39
chr8	136335315	0.0	111.3945
chr8	136335639	0.5681011220004102	111.3945
chr8	136342680	0.0	111.3985
chr8	136362397	0.17517225271545314	111.3985
chr8	136388086	0.7307427785417773	111.403
chr8	136411350	0.3186235462804595	111.42
chr8	136423904	0.8966364018222721	111.424
chr8	136485802	4.047802621434232	111.4795
chr8	136490990	11.742892459826807	111.5005
chr8	136495035	1.723975061401693	111.548
chr8	136537379	0.0	111.621
chr8	136561573	0.8058017727643796	111.621
chr8	136582670	1.7717346518326305	111.638
chr8	136594805	8.1480825436187	111.6595
chr8	136606096	0.0	111.7515
chr8	136621511	0.0	111.7515
chr8	136641265	0.0	111.7515
chr8	136685713	0.0	111.7515
chr8	136700936	0.1881428213061364	111.7515
chr8	136748772	0.8298755186725331	111.7605
chr8	136764437	0.16893794346237476	111.7735
chr8	136791074	2.3772732675616335	111.778
chr8	136807900	1.4281419122072654	111.818
chr8	136814552	0.0	111.8275
chr8	136825672	0.7930017594725665	111.8275
chr8	136866025	0.5512829238414027	111.8595
chr8	136939490	0.8755715536531122	111.9
chr8	136960048	0.0	111.918
chr8	136971115	0.0	111.918
chr8	136999563	1.79521276595657	111.918
chr8	137014603	0.949033391916177	111.945
chr8	137028828	0.3664793549961562	111.9585
chr8	137065665	0.1029409073440695	111.972
chr8	137284237	0.0	111.9945
chr8	137294911	0.11700566686907425	111.9945
chr8	137453023	0.16907123534689905	112.013
chr8	137479639	0.0	112.0175
chr8	137515911	0.18289708990437636	112.0175
chr8	137540515	0.8731966590735055	112.022
chr8	137566855	0.15957446808486048	112.045
chr8	137595055	0.0	112.0495
chr8	137612410	0.12574820180095728	112.0495
chr8	137652172	0.15951224699560687	112.0545
chr8	137680383	0.20284459717444525	112.059
chr8	137722287	0.18523854608353335	112.0675
chr8	137746580	0.2860762597571579	112.072
chr8	137795518	0.0	112.086
chr8	137807290	2.3689360387265563	112.086
chr8	137816999	0.0	112.109
chr8	137860473	0.1891392064562574	112.109
chr8	137884265	0.07067337592575694	112.1135
chr8	137955013	0.0	112.1185
chr8	137959175	0.11232168931842443	112.1185
chr8	138003690	0.0	112.1235
chr8	138100453	0.0	112.1235
chr8	138130825	0.0	112.1235
chr8	138137136	0.0	112.1235
chr8	138163321	0.0	112.1235
chr8	138164225	0.09517826889755873	112.1235
chr8	138216758	0.0	112.1285
chr8	138238584	0.0	112.1285
chr8	138289364	0.0	112.1285
chr8	138321317	0.0970346219530246	112.1285
chr8	138372845	0.0	112.1335
chr8	138386229	0.0	112.1335
chr8	138438665	0.0	112.1335
chr8	138491002	0.0	112.1335
chr8	138513432	0.0	112.1335
chr8	138544271	0.0	112.1335
chr8	138585734	0.0	112.1335
chr8	138608412	0.0	112.1335
chr8	138656587	0.0	112.1335
chr8	138683058	0.0	112.1335
chr8	138702284	0.0	112.1335
chr8	138772084	0.0	112.1335
chr8	138774135	0.0	112.1335
chr8	138824396	0.0	112.1335
chr8	138847133	0.0	112.1335
chr8	138857742	0.0	112.1335
chr8	138876852	0.0	112.1335
