Chromosome	Position(bp)	Rate(cM/Mb)	Map(cM)
chr17	0	0.0	0.0
chr17	301098	0.21374372127818747	0.0
chr17	347883	4.102609025739857	0.01
chr17	484869	69.44241716537734	0.572
chr17	498571	2.598730456268902	1.5235
chr17	522044	5.056139888227361	1.5845
chr17	620637	2.42663012447185	2.083
chr17	673179	32.75351591413767	2.2105
chr17	692093	0.0	2.83
chr17	721389	0.28538473429492156	2.83
chr17	805486	0.018947288642995906	2.854
chr17	884653	0.6011013728379682	2.8555
chr17	910439	2.2917785027047066	2.871
chr17	934656	3.8136905683754074	2.9265
chr17	960484	1.7986577181208099	3.025
chr17	979109	1.8287193337834906	3.0585
chr17	996881	0.07838219156607451	3.091
chr17	1060671	11.311384954938404	3.096
chr17	1066108	1.067900685236261	3.1575
chr17	1099819	0.0	3.1935
chr17	1135062	0.0	3.1935
chr17	1152271	0.0	3.1935
chr17	1155138	0.19735110955180118	3.1935
chr17	1177940	1.3691455932964225	3.198
chr17	1244770	11.532453720628801	3.2895
chr17	1274859	2.519485227478706	3.6365
chr17	1302444	1.4060742407199123	3.706
chr17	1357562	0.04795990551898617	3.7835
chr17	1440965	0.06640547181087973	3.7875
chr17	1486142	0.08178546763112439	3.7905
chr17	1541164	12.713641606375155	3.795
chr17	1560238	0.0	4.0375
chr17	1596259	14.579166975285794	4.0375
chr17	1636762	0.10486891385767301	4.628
chr17	1703512	0.3924518428884604	4.635
chr17	1734089	0.1753002015952281	4.647
chr17	1791134	0.9943652635068326	4.657
chr17	1797168	0.01174715425187597	4.663
chr17	1882295	0.0	4.664
chr17	1935637	0.3370407819346411	4.664
chr17	1956406	4.765078307230887	4.671
chr17	1971411	7.564335846113864	4.7425
chr17	1990646	0.3107268305863238	4.888
chr17	2027656	10.511433489058344	4.8995
chr17	2035790	0.20996430606795863	4.985
chr17	2069129	0.11824058016711783	4.992
chr17	2081815	0.0	4.9935
chr17	2158540	0.01631640777966868	4.9935
chr17	2219828	0.0	4.9945
chr17	2254600	0.1252805194239258	4.9945
chr17	2346394	0.23908736935581915	5.006
chr17	2375672	1.0619367430113058	5.013
chr17	2410514	0.07935248373274384	5.05
chr17	2448320	0.10442773600668734	5.053
chr17	2477048	0.05014877469827344	5.056
chr17	2506959	0.8051853939369368	5.0575
chr17	2531798	0.017164238880434564	5.0775
chr17	2619189	0.0	5.079
chr17	2642157	0.5388293931433965	5.079
chr17	2686698	0.9792074669778033	5.103
chr17	2710697	3.4011904166458287	5.1265
chr17	2750683	13.252346769740488	5.2625
chr17	2770604	0.0	5.5265
chr17	2774388	0.4571187453848553	5.5265
chr17	2831266	0.0	5.5525
chr17	2861501	0.1924288013434895	5.5525
chr17	2890083	0.0	5.558
chr17	2955425	0.39065043297091134	5.558
chr17	2986143	0.05524251463926848	5.57
chr17	3013296	0.07158537749356003	5.5715
chr17	3034250	0.0	5.573
chr17	3044949	0.12419274714349798	5.573
chr17	3053001	7.17306576001327	5.574
chr17	3077119	0.6173220569170987	5.747
chr17	3125716	0.6939314574799027	5.777
chr17	3170389	0.10853217979131682	5.808
chr17	3234886	2.6308900523560044	5.815
chr17	3273086	0.6399924149047365	5.9155
chr17	3294180	7.694171816309218	5.929
chr17	3335445	0.0	6.2465
chr17	3359998	0.11319667407589562	6.2465
chr17	3408586	0.0	6.252
chr17	3429593	0.09255145861098574	6.252
chr17	3483617	0.0	6.257
chr17	3492283	0.0	6.257
chr17	3506773	0.5376869684231254	6.257
chr17	3557918	1.5726427089607076	6.2845
chr17	3587804	0.03127149915567071	6.3315
chr17	3683738	0.0	6.3345
chr17	3693092	0.0	6.3345
chr17	3718814	0.5913560639340408	6.3345
chr17	3748407	0.5045051424120532	6.352
chr17	3804898	0.3443822643134264	6.3805
chr17	3816513	0.9193429762196558	6.3845
chr17	3881777	0.9179048821065925	6.4445
chr17	3899208	7.9863920177567715	6.4605
chr17	3947415	3.2460162527806533	6.8455
chr17	3969442	0.0818883452412727	6.917
chr17	4018289	1.8094779999541843	6.921
chr17	4061948	0.300032435939027	7.0
chr17	4123608	0.0	7.0185
chr17	4139685	0.0	7.0185
chr17	4182740	0.2821935847990994	7.0185
chr17	4193371	1.2955823800796427	7.0215
chr17	4240840	0.0	7.083
chr17	4279512	0.0	7.083
chr17	4300089	0.19436818192861846	7.083
chr17	4341248	0.0	7.091
chr17	4378393	0.09911785112498299	7.091
chr17	4449016	0.0	7.098
chr17	4475272	1.8409613909486309	7.098
chr17	4494827	3.7638338527039314	7.134
chr17	4572806	3.3782204142703476	7.4275
chr17	4615580	0.879874039084937	7.572
chr17	4647971	0.11256190904998176	7.6005
chr17	4661297	0.7370166618409514	7.602
chr17	4699288	1.249592524176882	7.63
chr17	4717694	1.1816299183822792	7.653
chr17	4758739	0.737380263490538	7.7015
chr17	4829937	0.28308563340411547	7.754
chr17	4851132	1.5298437205799584	7.76
chr17	4872376	0.2722843221553218	7.7925
chr17	4907266	0.3965840890463625	7.802
chr17	4945089	4.7914972702985	7.817
chr17	4962307	23.96272465054372	7.8995
chr17	4966814	3.5531370038412122	8.0075
chr17	5013674	10.52424612455243	8.174
chr17	5061991	0.0	8.6825
chr17	5077496	1.9099170860639603	8.6825
chr17	5132734	1.9888387556399956	8.788
chr17	5166422	31.570662313432788	8.855
chr17	5183574	0.8259035185480214	9.3965
chr17	5233822	0.7121034617416399	9.438
chr17	5277355	5.1093183678241685	9.469
chr17	5320120	0.3199385717942168	9.6875
chr17	5374818	0.17535716127700718	9.705
chr17	5471763	1.133581209757883	9.722
chr17	5515871	0.1459498905375876	9.772
chr17	5556981	2.806201019814512	9.778
chr17	5673865	0.0	10.106
chr17	5702258	0.10788484063870059	10.106
chr17	5734700	11.204379562043744	10.1095
chr17	5762100	0.0	10.4165
chr17	5783558	2.490112787461582	10.4165
chr17	5831347	0.3164173477493776	10.5355
chr17	5905616	0.07959459817993987	10.559
chr17	5980998	0.9604076832614562	10.565
chr17	6006508	1.038743302839271	10.5895
chr17	6033945	2.619420089496823	10.618
chr17	6061432	2.4883049666567487	10.69
chr17	6071479	1.4718869590815633	10.715
chr17	6105449	1.7327018597666257	10.765
chr17	6122763	0.39012210821986454	10.795
chr17	6148396	1.7842690015451643	10.805
chr17	6175578	0.697164057858545	10.8535
chr17	6258055	1.636125654450294	10.911
chr17	6277919	3.089654570068576	10.9435
chr17	6323717	4.774897680763963	11.085
chr17	6332513	8.281179765568258	11.127
chr17	6361434	2.028297219748707	11.3665
chr17	6381648	2.3923444976076227	11.4075
chr17	6400876	1.3345492559888008	11.4535
chr17	6445835	14.404124128171443	11.5135
chr17	6465621	3.656093694313692	11.7985
chr17	6546992	0.0	12.096
chr17	6563151	1.6738019978927514	12.096
chr17	6638130	0.49993750781150886	12.2215
chr17	6726141	3.4912718204489117	12.2655
chr17	6744186	0.06392810827596349	12.3285
chr17	6798935	0.09845814544235286	12.332
chr17	6849718	10.415262235405185	12.337
chr17	6864552	1.1969947790653406	12.4915
chr17	6903817	0.8866995073891262	12.5385
chr17	6929192	4.326433661350388	12.561
chr17	6935086	4.571152083121139	12.5865
chr17	6974354	6.99977866312528	12.766
chr17	7010498	6.259054269900816	13.019
chr17	7064340	3.4374587724827483	13.356
chr17	7132559	0.0	13.5905
chr17	7161660	8.544971743718937	13.5905
chr17	7205721	3.151369394398011	13.967
chr17	7253954	5.574720819403931	14.119
chr17	7310190	1.7815258455533618	14.4325
chr17	7366041	2.6544089084552875	14.532
chr17	7381487	2.7542411653825596	14.573
chr17	7436130	0.02389657562074276	14.7235
chr17	7477977	0.054764512595827	14.7245
chr17	7523627	6.623086186134522	14.727
chr17	7546879	2.7442088175423347	14.881
chr17	7585688	1.8350885361745055	14.9875
chr17	7658709	0.08457088731779301	15.1215
chr17	7688270	0.6942121110739244	15.124
chr17	7748050	3.9720874200184206	15.1655
chr17	7836039	0.03169471649074342	15.515
chr17	7867590	1.123313666255873	15.516
chr17	7959283	7.323511879417551	15.619
chr17	7982769	3.23096439992598	15.791
chr17	8058443	0.25669108084058745	16.0355
chr17	8087661	0.6856800017142006	16.043
chr17	8134330	2.1745279683191545	16.075
chr17	8162612	2.8627080628024713	16.1365
chr17	8213438	1.5024291611671112	16.282
chr17	8284656	0.1998339840747944	16.389
chr17	8349710	4.7333752606666675	16.402
chr17	8379921	4.292613128241662	16.545
chr17	8391103	5.566902959669965	16.593
chr17	8416072	6.951180084060798	16.732
chr17	8468653	0.5040322580646206	17.0975
chr17	8482541	8.072239704473837	17.1045
chr17	8511777	2.4265915346155875	17.3405
chr17	8573180	20.074640341900967	17.4895
chr17	8589793	6.803993338498662	17.823
chr17	8702080	0.0	18.587
chr17	8809725	0.0	18.587
chr17	8813615	0.0	18.587
chr17	9176487	0.12403716153361487	18.587
chr17	9257108	3.0554343081622317	18.597
chr17	9270854	14.792732999606272	18.639
chr17	9306412	2.064913779173113	19.165
chr17	9739602	9.012131715771162	20.0595
chr17	9748257	0.5776929897627329	20.1375
chr17	9785474	3.65331317712269	20.159
chr17	9817226	2.4928473991091167	20.275
chr17	9900063	9.288327628938971	20.4815
chr17	9942428	10.258889246965342	20.875
chr17	9979664	13.43178069279706	21.257
chr17	10005126	0.792055078291592	21.599
chr17	10037952	6.484054518989009	21.625
chr17	10098408	1.5695156355545086	22.017
chr17	10123575	3.4691713376760975	22.0565
chr17	10156580	0.7614268811078646	22.171
chr17	10247856	1.1663250159043506	22.2405
chr17	10276150	27.984392147299303	22.2735
chr17	10284351	2.226132394891914	22.503
chr17	10359369	0.18502394427509694	22.67
chr17	10405309	0.2484860755765891	22.6785
chr17	10459638	3.1473104801351313	22.692
chr17	10533034	10.723337882628252	22.923
chr17	10563808	1.3528451860820019	23.253
chr17	10658793	6.492637215528806	23.3815
chr17	10770843	1.1828440301861123	24.109
chr17	10813114	11.890087313816151	24.159
chr17	10871524	0.161053648759893	24.8535
chr17	10899465	0.12260053243656117	24.858
chr17	10928013	0.15157639450283517	24.8615
chr17	10937909	0.12662234884461335	24.863
chr17	10969499	0.29258192293838053	24.867
chr17	10991715	0.03652745647144909	24.8735
chr17	11032780	0.008391796180054697	24.875
chr17	11211526	0.7730187814933871	24.8765
chr17	11228990	0.06229753301754731	24.89
chr17	11245042	1.837259625199106	24.891
chr17	11269535	1.307591174116839	24.936
chr17	11339511	0.3903764964432512	25.0275
chr17	11374093	1.0027597319117343	25.041
chr17	11432432	0.07901806879840156	25.0995
chr17	11451415	2.3174299701631424	25.101
chr17	11485936	0.051352628227465974	25.181
chr17	11534619	1.6917460600124767	25.1835
chr17	11557081	6.506041850869456	25.2215
chr17	11624941	0.9797251326711489	25.663
chr17	11661686	0.37216885832760943	25.699
chr17	11689899	0.3548091422489121	25.7095
chr17	11723720	2.2927476770846056	25.7215
chr17	11756868	1.7905244810648004	25.7975
chr17	11788423	0.21794717116247936	25.854
chr17	12045366	0.45860339977988773	25.91
chr17	12078074	0.45729562403262786	25.925
chr17	12149144	1.8398383494629567	25.9575
chr17	12196159	2.766251728907272	26.044
chr17	12203389	2.477380439465714	26.064
chr17	12231241	6.622882057508748	26.133
chr17	12267479	0.5320960326919499	26.373
chr17	12290971	8.758131031843863	26.3855
chr17	12314492	25.454175704989193	26.5915
chr17	12343996	0.01419523655178831	27.3425
chr17	12766673	1.1358574610243837	27.3485
chr17	12789123	0.0	27.374
chr17	12828736	5.004619648907055	27.374
chr17	12835230	0.0	27.4065
chr17	12876867	2.5773195876274375	27.4065
chr17	12878419	0.18465653883775693	27.4105
chr17	12978605	0.11457378551801353	27.429
chr17	12987333	0.26249475010500783	27.43
chr17	13015905	1.6321754126631336	27.4375
chr17	13032141	0.895603753747964	27.464
chr17	13083503	9.167613175401554	27.51
chr17	13101992	1.1852797872619636	27.6795
chr17	13216311	17.91856465557313	27.815
chr17	13237825	0.5564472980203274	28.2005
chr17	13284550	0.14852220406916222	28.2265
chr17	13291283	2.1067660270919637	28.2275
chr17	13377434	0.7711202383828676	28.409
chr17	13625774	0.0	28.6005
chr17	13692476	17.015021545648562	28.6005
chr17	13717307	0.04038902710913566	29.023
chr17	13779205	6.436105758725454	29.0255
chr17	13829546	0.0	29.3495
chr17	13862853	1.303999793425794	29.3495
chr17	13979034	0.40743866592937766	29.501
chr17	14013395	5.584473333158949	29.515
chr17	14089857	0.0	29.942
chr17	14252012	4.127027478113075	29.942
chr17	14317919	6.1807436591973595	30.214
chr17	14338224	0.6202855528848724	30.3395
chr17	14518786	5.557125364980679	30.4515
chr17	14550637	0.3078659756785996	30.6285
chr17	14570126	0.22065009032865543	30.6345
chr17	14642639	0.3245787238646149	30.6505
chr17	14716581	0.0777544514424401	30.6745
chr17	14729442	6.31486367634128	30.6755
chr17	14757867	3.1004234724740485	30.855
chr17	14764479	0.0	30.8755
chr17	15046119	1.6577540106951234	30.8755
chr17	15055469	0.9803240281142119	30.891
chr17	15256933	0.6759563460594465	31.0885
chr17	15389338	2.695417789757415	31.178
chr17	15401210	0.0	31.21
chr17	15421802	0.0	31.21
chr17	15442524	6.977689458946741	31.21
chr17	15464666	1.041629251822848	31.3645
chr17	15492507	0.0	31.3935
chr17	15518000	2.208106473079262	31.3935
chr17	15534530	1.205593109693175	31.43
chr17	15629504	1.239423585404595	31.5445
chr17	15659760	1.6539353430637243	31.582
chr17	15689084	0.3059399416360285	31.6305
chr17	15710330	1.2401398715133762	31.637
chr17	15734924	0.38487443471563165	31.6675
chr17	15755710	2.5272785622594025	31.6755
chr17	15768174	0.573558933180366	31.707
chr17	15827453	2.417127071823165	31.741
chr17	15863653	3.253796095444702	31.8285
chr17	15896845	1.6255455598111783	31.9365
chr17	15919299	2.0817373347100556	31.973
chr17	15949322	0.16675004168751673	32.0355
chr17	15985304	3.0008573878252065	32.0415
chr17	15995801	5.416726852520789	32.073
chr17	16009647	3.5077109162382722	32.148
chr17	16059252	0.46774928638251667	32.322
chr17	16100941	0.8836359813943423	32.3415
chr17	16253153	2.0378304943046026	32.476
chr17	16262722	0.2400672188211369	32.4955
chr17	16279384	0.9489380930863441	32.4995
chr17	16312579	2.8414199906485136	32.531
chr17	16340382	2.5662511783809885	32.61
chr17	16349929	0.9323780547648617	32.6345
chr17	16370307	6.045372108562083	32.6535
chr17	16401736	5.430509140947603	32.8435
chr17	16422084	0.49104782050315376	32.954
chr17	16461795	0.6687697160882936	32.9735
chr17	16501420	1.3604364913694553	33.0
chr17	16570883	2.279400401793066	33.0945
chr17	16583825	0.029708853238266126	33.124
chr17	16634315	2.896892759613191	33.1255
chr17	16661413	0.7919254658385394	33.204
chr17	16693613	0.4614592762188071	33.2295
chr17	16749956	2.281802624073043	33.2555
chr17	16788522	0.0	33.3435
chr17	16860694	0.042454912882480156	33.3435
chr17	16919580	1.3318258470030087	33.346
chr17	16971764	2.516387372809236	33.4155
chr17	17044686	1.4468402875012014	33.599
chr17	17162529	0.21638330757335075	33.7695
chr17	17194879	0.9777735381092438	33.7765
chr17	17215845	0.3190961306639684	33.797
chr17	17258152	1.96478633681721	33.8105
chr17	17343403	11.0294117647063	33.978
chr17	17344763	0.23501762632142642	33.993
chr17	17353273	0.20850361128259481	33.995
chr17	17413224	2.0541001974069832	34.0075
chr17	17431967	0.4245973645680287	34.046
chr17	17466117	1.955860337084152	34.0605
chr17	17486824	2.6591029959228094	34.101
chr17	17503747	0.8402719425556245	34.146
chr17	17516838	2.045038403918998	34.157
chr17	17558891	2.737143030929604	34.243
chr17	17591772	0.06594479102099099	34.333
chr17	17667593	1.4007782101167847	34.338
chr17	17680443	0.3364773491994103	34.356
chr17	17774060	3.553041838880392	34.3875
chr17	17801642	1.0539881253739551	34.4855
chr17	17910277	0.0	34.6
chr17	17919766	0.128004551272939	34.6
chr17	17954921	0.03293735315430177	34.6045
chr17	18000462	1.324235059512584	34.606
chr17	18032556	22.71266338118741	34.6485
chr17	18037223	1.641137855579931	34.7545
chr17	18039051	0.858942546287492	34.7575
chr17	18070485	0.6200821074238018	34.7845
chr17	18117253	4.010318949343492	34.8135
chr17	18138573	0.5636978579481611	34.899
chr17	18213081	1.1932273734848848	34.941
chr17	18319096	0.28834667508823125	35.0675
chr17	18391925	1.001468820937223	35.0885
chr17	18429370	0.5317928718900746	35.126
chr17	18477321	0.5927897411082337	35.1515
chr17	18518651	1.7644911369810792	35.176
chr17	18543304	4.019661889011655	35.2195
chr17	18565072	2.1947701762084773	35.307
chr17	18581019	1.2969777402424825	35.342
chr17	18647327	0.24861102103466365	35.428
chr17	18786098	1.9381443298969023	35.4625
chr17	18846723	0.6248224936097264	35.58
chr17	18881933	0.2341481689614385	35.602
chr17	18903287	9.671436142024431	35.607
chr17	18910835	0.0	35.68
chr17	18911015	0.155557283970012	35.68
chr17	18923872	0.8132322536181599	35.682
chr17	18960147	3.551527769273151	35.7115
chr17	19009140	0.8834493309486698	35.8855
chr17	19055549	1.3542079534946467	35.9265
chr17	19085825	2.307159336852409	35.9675
chr17	19225824	2.0983345849714814	36.2905
chr17	19248461	0.3628987233409152	36.338
chr17	19302195	0.07945476375450544	36.3575
chr17	19358831	0.04628772449546556	36.362
chr17	19391237	2.6095563754158517	36.3635
chr17	19402350	5.7415336706887405	36.3925
chr17	19407488	1.5692285234656729	36.422
chr17	19434890	3.9710823745035846	36.465
chr17	19474174	0.7984115082340171	36.621
chr17	19618210	1.1643379906854527	36.736
chr17	19639252	2.316420572787603	36.7605
chr17	19679616	0.1752049898382002	36.854
chr17	19708154	0.3236413535974869	36.859
chr17	19746777	0.06751586622856627	36.8715
chr17	19791211	0.0	36.8745
chr17	19823782	0.10661305553024769	36.8745
chr17	19856611	0.05230546390925094	36.878
chr17	19980881	0.3342390132400882	36.8845
chr17	20027255	0.23540489642230053	36.9
chr17	20037875	0.053571045921051844	36.9025
chr17	20084542	0.0	36.905
chr17	20118444	0.12323075839725896	36.905
chr17	20175248	0.2718218588266612	36.912
chr17	20221234	0.5226455890143713	36.9245
chr17	20291071	2.8030653705706134	36.961
chr17	20310514	0.0	37.0155
chr17	20325087	0.5139736588499599	37.0155
chr17	20434042	0.7607739009800847	37.0715
chr17	20501079	2.4245494680463584	37.1225
chr17	20514896	0.12001134652726089	37.156
chr17	20560725	0.4122395244618401	37.1615
chr17	20635924	0.6438075253944852	37.1925
chr17	20677862	0.35302507184063225	37.2195
chr17	20819495	13.942497046081103	37.2695
chr17	20832190	1.535175543986175	37.4465
chr17	20854663	0.26125101916606686	37.481
chr17	21202987	0.2875317390804192	37.572
chr17	21316018	0.47051831306798625	37.6045
chr17	21356399	0.8754941235773552	37.6235
chr17	21394092	0.23648811146204765	37.6565
chr17	21518834	0.736801097579594	37.686
chr17	21577873	0.7463655244027821	37.7295
chr17	21608689	3.2107843137254957	37.7525
chr17	21629089	0.7633731669619922	37.818
chr17	21682143	1.8527204502814405	37.8585
chr17	21724783	0.6857933811500859	37.9375
chr17	21804253	2.0838572917040863	37.992
chr17	21832086	1.1866026652921602	38.05
chr17	21925209	3.8746630727763134	38.1605
chr17	21945985	0.0	38.241
chr17	21975657	0.8500065385117122	38.241
chr17	21990951	1.2294722051462659	38.254
chr17	22059273	1.8433400363879675	38.338
chr17	22080159	0.01917472004908801	38.3765
chr17	22236615	0.0	38.3795
chr17	22260883	0.6752730883814504	38.3795
chr17	22286058	0.19367480860367192	38.3965
chr17	22417722	0.0	38.422
chr17	22462010	0.0	38.422
chr17	22486060	0.0	38.422
chr17	22510189	1.483679525222608	38.422
chr17	22530409	0.0	38.452
chr17	22568435	0.21564737341499998	38.452
chr17	22603214	0.0	38.4595
chr17	22646692	0.15013136494433196	38.4595
chr17	22686657	0.500264846094871	38.4655
chr17	22703648	0.47318611987383496	38.474
chr17	22808258	0.019709352744856603	38.5235
chr17	22884364	0.03542770091939213	38.525
chr17	22940817	0.14381471662245596	38.527
chr17	23020781	0.021651582730647153	38.5385
chr17	23066967	0.045926936804567775	38.5395
chr17	23143175	0.3613238907356691	38.543
chr17	23163932	0.0	38.5505
chr17	23172067	0.0	38.5505
chr17	23249140	0.19071727031577207	38.5505
chr17	23306817	0.5673222390317916	38.5615
chr17	23330613	0.0	38.575
chr17	23366730	0.0	38.575
chr17	23373553	0.0	38.575
chr17	23397405	1.5355642474285751	38.575
chr17	23431920	0.04182350480970464	38.628
chr17	23467785	0.5210420841682615	38.6295
chr17	23492735	0.527023840894329	38.6425
chr17	23564838	2.789767343930921	38.6805
chr17	23621832	0.24512807942150705	38.8395
chr17	23646309	0.2939276015021768	38.8455
chr17	23852142	0.9056976616533442	38.906
chr17	23888578	0.13021802217426284	38.939
chr17	24103602	0.0	38.967
chr17	24109827	0.0	38.967
chr17	24120756	0.0	38.967
chr17	24145324	0.039080819134155655	38.967
chr17	24170912	0.8461054972682055	38.968
chr17	24191595	0.34378888088535126	38.9855
chr17	24222137	2.4256651017213464	38.996
chr17	24247697	0.0972119609597262	39.058
chr17	24299131	2.525511074707282	39.063
chr17	24328432	0.9216117966310319	39.137
chr17	24367494	0.47597221732540673	39.173
chr17	24395857	4.4810740519452334	39.1865
chr17	24424310	0.04847544718600212	39.314
chr17	24486197	0.0	39.317
chr17	24504025	0.3365870077416136	39.317
chr17	24527793	0.04283965728268538	39.325
chr17	24609493	0.1188382373914927	39.3285
chr17	24630530	0.10558825858558675	39.331
chr17	24668413	6.578471770404184	39.335
chr17	24682246	0.06344467251351336	39.426
chr17	24816221	0.32148433912006363	39.4345
chr17	24914204	1.4479184811008055	39.466
chr17	24960132	1.4592821537110476	39.5325
chr17	25076285	0.10418403067197998	39.702
chr17	25100281	0.08763320246767127	39.7045
chr17	25128809	0.48643389903796025	39.707
chr17	25193566	2.849415628320173	39.7385
chr17	25234978	5.545877527619133	39.8565
chr17	25280327	2.6757906742115165	40.108
chr17	25303124	0.023184488914518797	40.169
chr17	25454087	2.3124287961808183	40.1725
chr17	25527819	0.2579106698912244	40.343
chr17	25646077	0.6215960217854841	40.3735
chr17	25662969	0.0	40.384
chr17	25668271	0.0322063266108159	40.384
chr17	25823520	0.5559039854037754	40.389
chr17	25858598	0.06848064280496972	40.4085
chr17	25880502	1.4248366013073055	40.41
chr17	25918752	0.09354286936076815	40.4645
chr17	25956168	0.35900864096655477	40.468
chr17	26077335	1.2512512512512448	40.5115
chr17	26121291	0.3315649867374958	40.5665
chr17	26149943	2.0870034439524927	40.576
chr17	26212952	1.8366855353484535	40.7075
chr17	26229558	1.005738626279537	40.738
chr17	26246461	4.842455848196447	40.755
chr17	26269280	2.4440134952051076	40.8655
chr17	26306923	1.8098058571898556	40.9575
chr17	26337313	0.016843807374179613	41.0125
chr17	26396682	0.19973368841545364	41.0135
chr17	26404192	3.434352810135892	41.015
chr17	26425739	0.0	41.089
chr17	26449363	0.04158972567424983	41.089
chr17	26509474	0.16000487633898622	41.0915
chr17	26575097	1.0262023671068323	41.102
chr17	26618948	0.3907975668604214	41.147
chr17	26677802	1.3708726415094858	41.17
chr17	26711722	0.05238893545670942	41.2165
chr17	26730810	0.1189268045160517	41.2175
chr17	26793874	1.4557401570596007	41.225
chr17	26831312	0.027824925568456966	41.2795
chr17	26867251	1.0543952393331788	41.2805
chr17	26901868	0.17543859649123472	41.317
chr17	26936068	0.5484460694698562	41.323
chr17	26941538	0.1574646533291795	41.326
chr17	27001869	0.0	41.3355
chr17	27022886	0.041712550472148134	41.3355
chr17	27082820	0.024406912037432137	41.338
chr17	27123792	0.039285527211776666	41.339
chr17	27161974	4.334111250737416	41.3405
chr17	27200967	0.0	41.5095
chr17	27223477	0.277298496425941	41.5095
chr17	27272161	2.5732826135600453	41.523
chr17	27307913	0.3136583974906096	41.615
chr17	27342983	2.9705788181721444	41.626
chr17	27371092	0.8873158944846385	41.7095
chr17	27470831	1.1543145916270867	41.798
chr17	27525842	9.761388286334427	41.8615
chr17	27529530	0.5883341738107468	41.8975
chr17	27565224	38.124999999995524	41.9185
chr17	27566024	0.8474023857639809	41.949
chr17	27581365	2.26557213052044	41.962
chr17	27615352	1.1038635223281605	42.039
chr17	27695072	3.2330852389450895	42.127
chr17	27724765	5.001907507100254	42.223
chr17	27748356	5.274735671878302	42.341
chr17	27790633	0.0	42.564
chr17	27809749	0.24551379341136476	42.564
chr17	27854553	1.5444146498760052	42.575
chr17	27884014	6.203863672059104	42.6205
chr17	27896748	0.12368966263637661	42.6995
chr17	27929087	2.855850924581845	42.7035
chr17	27971106	2.1178229333922762	42.8235
chr17	28007228	0.8031281435571195	42.9
chr17	28192130	4.780114722753657	43.0485
chr17	28210435	1.739256467859884	43.136
chr17	28251832	0.0	43.208
chr17	28321205	0.4243927918515972	43.208
chr17	28351837	1.177971925002499	43.221
chr17	28372211	0.3546766033091686	43.245
chr17	28489219	2.5514032717999418	43.2865
chr17	28502545	0.8598452278588409	43.3205
chr17	28529294	1.032329952316227	43.3435
chr17	28590321	1.37362637362616	43.4065
chr17	28608157	1.1411877482085948	43.431
chr17	28630064	5.0940114304645725	43.456
chr17	28654210	4.384646221687642	43.579
chr17	28674166	2.12430868402739	43.6665
chr17	28756075	2.3310023310023826	43.8405
chr17	28820854	3.473665973665941	43.9915
chr17	28878574	0.7727272727274096	44.192
chr17	28900574	1.6570988932945903	44.209
chr17	28917471	0.1731541764785792	44.237
chr17	28931909	0.4822472722890272	44.2395
chr17	28948498	0.8230797131776109	44.2475
chr17	28984339	0.21367521367522177	44.277
chr17	29033479	3.0696369058059076	44.2875
chr17	29067685	1.7061692235508872	44.3925
chr17	29138018	7.827668032913119	44.5125
chr17	29170467	0.0	44.7665
chr17	29183895	0.182792109738815	44.7665
chr17	29246808	1.9875376020627853	44.778
chr17	29321272	4.096390806606658	44.926
chr17	29367044	0.9272528028322712	45.1135
chr17	29390770	2.5688659255172928	45.1355
chr17	29425221	0.08162265845008547	45.224
chr17	29449724	1.7643865363734752	45.226
chr17	29497616	0.0	45.3105
chr17	29528863	3.2757860766018836	45.3105
chr17	29662724	0.7371777151176563	45.749
chr17	29716985	0.20585308951179287	45.789
chr17	29746132	0.0	45.795
chr17	29770630	0.3260515161395273	45.795
chr17	29838104	9.110541233634633	45.817
chr17	29852922	0.6804649844060366	45.952
chr17	29870557	2.465046412201982	45.964
chr17	29896520	1.6741262086166075	46.028
chr17	29925789	18.4516331658291	46.077
chr17	29938525	2.3583662714097766	46.312
chr17	29976475	1.8153255367428731	46.4015
chr17	30062410	1.1672697560406653	46.5575
chr17	30088111	4.450457507031723	46.5875
chr17	30116198	2.4005732712289563	46.7125
chr17	30144108	13.183438636122972	46.7795
chr17	30172439	2.729951915619698	47.153
chr17	30236909	4.588446257163877	47.329
chr17	30265350	3.325346358246605	47.4595
chr17	30330456	0.02328462190428834	47.676
chr17	30437823	1.2204080665418795	47.6785
chr17	30522221	0.7085721483907808	47.7815
chr17	30585729	1.0174806511874974	47.8265
chr17	30615705	10.853330678084413	47.857
chr17	30625748	5.123808764304614	47.966
chr17	30650827	0.6872226270120936	48.0945
chr17	30711215	1.3043052943925464	48.136
chr17	30803218	0.02500800256082041	48.256
chr17	31103122	0.4137217721082729	48.2635
chr17	31161132	0.04487658937920888	48.2875
chr17	31194557	0.0	48.289
chr17	31231989	0.08917954815695939	48.289
chr17	31282449	0.07480970281841409	48.2935
chr17	31335918	0.8379046356018796	48.2975
chr17	31418863	0.07550462256078408	48.367
chr17	31478462	0.0	48.3715
chr17	31515708	0.017936790749399797	48.3715
chr17	31599335	0.8008983271959345	48.373
chr17	31659892	0.6600297013365851	48.4215
chr17	31678073	118.20925553319891	48.4335
chr17	31679067	0.12978000964078054	48.551
chr17	31867848	0.3318331708734542	48.5755
chr17	31916065	0.44058217617204526	48.5915
chr17	31948976	0.6520486458616467	48.606
chr17	31981949	0.6742392994257699	48.6275
chr17	32044983	0.27410402247637794	48.67
chr17	32059576	0.24042314473474227	48.674
chr17	32084532	0.3606462781304234	48.68
chr17	32105328	0.014739805581982388	48.6875
chr17	32241015	0.18949442886361906	48.6895
chr17	32254208	0.27030102998926564	48.692
chr17	32289354	0.01894872475082499	48.7015
chr17	32368515	0.0	48.703
chr17	32389052	0.27606427537883976	48.703
chr17	32441576	1.301478761273636	48.7175
chr17	32512649	0.0	48.81
chr17	32556740	0.21823664788500277	48.81
chr17	32581942	0.04896440287907975	48.8155
chr17	32663634	1.1194602054900706	48.8195
chr17	32696239	0.0	48.856
chr17	32748042	0.0	48.856
chr17	32836411	2.397063597093474	48.856
chr17	32876460	1.2872561639766213	48.952
chr17	32916856	5.171116961263829	49.004
chr17	32932810	2.3131415353476106	49.0865
chr17	32974312	0.7776192044498844	49.1825
chr17	33028966	5.065401384970546	49.225
chr17	33044562	2.8766286459330592	49.304
chr17	33154239	3.0557834290402153	49.6195
chr17	33178619	1.0494097070397521	49.694
chr17	33270099	2.959173437656848	49.79
chr17	33300006	5.810244258111453	49.8785
chr17	33321950	5.082799053725131	50.006
chr17	33380284	0.3969566655640243	50.3025
chr17	33425629	1.437082547883357	50.3205
chr17	33597505	3.2902597283237127	50.5675
chr17	33651908	5.928905715938471	50.7465
chr17	33689942	0.1676854830103459	50.972
chr17	33755541	0.8401503426931441	50.983
chr17	33778156	5.914897445123944	51.002
chr17	33800388	0.3340199298558274	51.1335
chr17	33818351	12.771886368913936	51.1395
chr17	33831270	0.44249237929792884	51.3045
chr17	33861779	0.0	51.318
chr17	33884417	2.5651500612786147	51.318
chr17	33989674	1.4844283466436232	51.588
chr17	34023357	0.019512956603185253	51.638
chr17	34100229	0.8087499037202802	51.6395
chr17	34113212	1.6227466751331492	51.65
chr17	34141559	23.45497646155389	51.696
chr17	34171510	0.04468874290587545	52.3985
chr17	34193887	2.061005770815911	52.3995
chr17	34215721	0.5418535127057282	52.4445
chr17	34242481	27.25150100066688	52.459
chr17	34257471	0.12285012285012752	52.8675
chr17	34269681	1.125541125540963	52.869
chr17	34281231	0.3348307709478628	52.882
chr17	34317070	5.055691602812233	52.894
chr17	34329729	6.627807534770656	52.958
chr17	34374163	2.3831466175157896	53.2525
chr17	34443609	0.0	53.418
chr17	34445728	0.6619625075703743	53.418
chr17	34516729	3.282172373081365	53.465
chr17	34537904	0.08122439980967842	53.5345
chr17	34624085	0.08738814317671639	53.5415
chr17	34738517	0.0	53.5515
chr17	34780415	0.19139755011153067	53.5515
chr17	34809151	0.5440696409140576	53.557
chr17	34820179	0.5346659974248684	53.563
chr17	34911825	0.19113918956974815	53.612
chr17	34961527	0.0825518425571681	53.6215
chr17	35082663	0.40864188757011116	53.6315
chr17	35138947	0.7729380740202166	53.6545
chr17	35171938	22.942835170469372	53.68
chr17	35179740	0.37326627637417686	53.859
chr17	35230642	0.0784395753804349	53.878
chr17	35249765	0.6458315783563092	53.8795
chr17	35285378	20.04380832358146	53.9025
chr17	35318705	0.1693532246392881	54.5705
chr17	35383658	0.0	54.5815
chr17	35410132	12.679509632224482	54.5815
chr17	35424407	0.5005055105656429	54.7625
chr17	35524306	3.3133952463403626	54.8125
chr17	35587836	0.3583304666894776	55.023
chr17	35622720	0.0702411613205365	55.0355
chr17	35686785	0.011495926610004956	55.04
chr17	35817266	0.013870395028837808	55.0415
chr17	35997506	0.24790929825142247	55.044
chr17	36058012	0.0	55.059
chr17	36079375	3.3434769548238825	55.059
chr17	36155942	0.2398081534773409	55.315
chr17	36176792	0.2501986871927105	55.32
chr17	36210765	0.08238318064999775	55.3285
chr17	36241111	0.0421123557651432	55.331
chr17	36300476	0.20084623212469296	55.3335
chr17	36337818	0.03204511952822116	55.341
chr17	36369024	0.05245366592843188	55.342
chr17	36454814	0.31022501654534596	55.3465
chr17	36478990	0.2043944813490113	55.354
chr17	36508345	0.6751142501038894	55.36
chr17	36537229	1.979414093426545	55.3795
chr17	36538492	1.1900334696914154	55.382
chr17	36605717	0.0	55.462
chr17	36613117	0.17172541106760758	55.462
chr17	36636410	0.0	55.466
chr17	36637600	0.3316575897220771	55.466
chr17	36694888	1.2929557279496278	55.485
chr17	36726985	0.09582062379226451	55.5265
chr17	36789602	0.21549982490646424	55.5325
chr17	36826725	0.03978463252261245	55.5405
chr17	36864428	0.06347594261769014	55.542
chr17	36903813	0.01850344164014577	55.5445
chr17	36984879	0.0	55.546
chr17	37042982	0.08365400702690375	55.546
chr17	37108729	0.017447744006700596	55.5515
chr17	37194700	0.08328821888154102	55.553
chr17	37218713	0.11297104011943561	55.555
chr17	37320509	0.09577168031424817	55.5665
chr17	37341392	0.40178495101640516	55.5685
chr17	37399881	0.06149116064573234	55.592
chr17	37432406	0.0	55.594
chr17	37533903	0.0	55.594
chr17	37552219	0.0	55.594
chr17	37581697	0.01671033634563477	55.594
chr17	37731305	0.0	55.5965
chr17	37754798	0.07869162065393034	55.5965
chr17	37831045	0.35843282141775323	55.6025
chr17	37939852	0.11023089698555658	55.6415
chr17	38007891	0.02563905340608849	55.649
chr17	38046894	0.0	55.65
chr17	38080659	0.30378842030022596	55.65
chr17	38164599	0.048567265662977886	55.6755
chr17	38236664	5.069682049570121	55.679
chr17	38260630	0.0	55.8005
chr17	38276893	0.05417656141364913	55.8005
chr17	38387642	0.06858592959650525	55.8065
chr17	38445963	0.0	55.8105
chr17	38483872	0.040518638573793446	55.8105
chr17	38533232	0.10234182168440134	55.8125
chr17	38616287	0.11631824672307663	55.821
chr17	38740945	0.04743562985025001	55.8355
chr17	38793648	0.2875711738656788	55.838
chr17	38811035	0.0	55.843
chr17	38908506	0.044506159652455426	55.843
chr17	38964678	0.05029337803856016	55.8455
chr17	38994503	0.4706868592474523	55.847
chr17	39140035	0.0	55.9155
chr17	39146712	0.050677387749588056	55.9155
chr17	39176311	0.2880691365927932	55.917
chr17	39238796	0.0	55.935
chr17	39258499	0.184128153194456	55.935
chr17	39285654	1.5404593369660504	55.94
chr17	39324928	0.1803287134834271	56.0005
chr17	39480200	0.8340471574769381	56.0285
chr17	39502381	0.12086153435806093	56.047
chr17	39622353	0.3782953067738087	56.0615
chr17	39664648	0.33478406427855306	56.0775
chr17	39673609	1.623025319195041	56.0805
chr17	39687472	0.020498103925339132	56.103
chr17	39736257	0.0	56.104
chr17	39744622	0.4277058334323555	56.104
chr17	39786707	0.16206404771173855	56.122
chr17	39817559	0.022378173224942947	56.127
chr17	39929275	0.0	56.1295
chr17	39954613	0.10560936604213818	56.1295
chr17	39987754	0.2416132329708786	56.133
chr17	40041559	4.84187300809017	56.146
chr17	40082349	0.6448012896025742	56.3435
chr17	40162994	0.10228714046089896	56.3955
chr17	40187435	0.5450216574394984	56.398
chr17	40222296	0.0	56.417
chr17	40252352	0.020525283043634504	56.417
chr17	40374153	0.046906955363298614	56.4195
chr17	40427450	0.2164766482754109	56.422
chr17	40517529	2.256007846983785	56.4415
chr17	40537919	0.205477200249907	56.4875
chr17	40598753	0.3580865828661295	56.5
chr17	40639246	0.6161745827984828	56.5145
chr17	40658721	0.16894745734085345	56.5265
chr17	40688316	0.3714020427112176	56.5315
chr17	40763706	0.0	56.5595
chr17	40780142	0.08497930147011638	56.5595
chr17	40862515	0.058465855940243956	56.5665
chr17	40905275	0.7535254225124975	56.569
chr17	40933144	0.4548151077713295	56.59
chr17	40983714	0.7809327460718639	56.613
chr17	41015727	1.019882337785018	56.638
chr17	41062301	0.32289312237665857	56.6855
chr17	41077786	1.0433951827827024	56.6905
chr17	41117560	0.015587249629766493	56.732
chr17	41181715	1.0298533389583917	56.733
chr17	41222012	1.201848520563139	56.7745
chr17	41286496	1.3164496723100727	56.852
chr17	41479819	1.3756209400076944	57.1065
chr17	41492904	0.6806523444191487	57.1245
chr17	41603827	0.3235955056179898	57.2
chr17	41659452	2.074863311369636	57.218
chr17	41695117	0.058428279287038816	57.292
chr17	41712232	0.782064650677819	57.293
chr17	41739084	0.7307138193012374	57.314
chr17	41835565	1.5708336377581702	57.3845
chr17	41849252	1.0721595893304283	57.406
chr17	41880031	5.438516143805751	57.439
chr17	41897499	0.0	57.534
chr17	41939711	11.890101490509199	57.534
chr17	41963260	0.3242697924673451	57.814
chr17	42004892	2.658876050420113	57.8275
chr17	42050588	1.6199870401037406	57.949
chr17	42106144	1.5829046299959688	58.039
chr17	42159211	2.6085255309437327	58.123
chr17	42205214	0.43542851288345646	58.243
chr17	42224735	0.7541006176741148	58.2515
chr17	42384528	0.13863472522597983	58.372
chr17	42438627	1.9597897260904213	58.3795
chr17	42460313	5.030281795885692	58.422
chr17	42500271	0.3386760430461004	58.623
chr17	42631665	2.6634163958108097	58.6675
chr17	42675969	1.3368983957219758	58.7855
chr17	42732069	0.30353377212587457	58.8605
chr17	42763367	0.12959367073011596	58.87
chr17	42998718	0.0	58.9005
chr17	43011190	0.039910600255429356	58.9005
chr17	43048774	0.6093447367848076	58.902
chr17	43094725	3.733431704276613	58.93
chr17	43173339	1.0215664018161568	59.2235
chr17	43212984	2.2220823366485862	59.264
chr17	43371844	0.040259809973698456	59.617
chr17	43409102	1.418942887548746	59.6185
chr17	43437292	5.74782927724155	59.6585
chr17	43445469	1.377977415487002	59.7055
chr17	43501348	0.9708737864084608	59.7825
chr17	43504953	37.42640874684552	59.786
chr17	43508520	4.932587964485554	59.9195
chr17	43520684	2.5858748876702964	59.9795
chr17	43575211	0.8398094760592539	60.1205
chr17	43615101	1.1687797147384607	60.154
chr17	43640341	0.05368839256947764	60.1835
chr17	43686906	0.7765920136280854	60.186
chr17	43706865	0.0	60.2015
chr17	43716163	0.07742163824176335	60.2015
chr17	43761370	0.2752445088720584	60.205
chr17	43815867	0.09293248455008803	60.22
chr17	43837388	0.44169611307411705	60.222
chr17	43860028	0.519776248700579	60.232
chr17	43880229	1.070494013163152	60.2425
chr17	43892840	0.15608972929579712	60.256
chr17	44004955	0.6526563111865981	60.2735
chr17	44058582	0.9614015097563802	60.3085
chr17	44128792	2.1489343040083977	60.376
chr17	44151594	1.405230530101787	60.425
chr17	44262252	0.7518197029127646	60.5805
chr17	44663279	0.41411133679085	60.882
chr17	44713990	0.9870674026027677	60.903
chr17	44738811	5.864049784585581	60.9275
chr17	44751345	5.8826425125530255	61.001
chr17	44791973	0.9669261665096812	61.24
chr17	44832307	2.727117777399014	61.279
chr17	44855775	5.726820934927541	61.343
chr17	44881531	1.839260808926068	61.4905
chr17	44938891	0.7852839931153991	61.596
chr17	44985371	47.19963866305402	61.6325
chr17	44987585	1.6088995127332641	61.737
chr17	45041970	10.985301788947098	61.8245
chr17	45074559	0.6569794404082167	62.1825
chr17	45100435	1.1686976033908256	62.1995
chr17	45132522	0.8238428322516972	62.237
chr17	45290926	0.6396458595622222	62.3675
chr17	45340172	4.111530136344335	62.399
chr17	45429798	0.11142557885593916	62.7675
chr17	45474671	0.19258545979779257	62.7725
chr17	45505826	0.6066437954982086	62.7785
chr17	45529728	1.2965378510474945	62.793
chr17	45593359	2.3162771109707188	62.8755
chr17	45617104	0.07469694382779998	62.9305
chr17	45663960	0.8013439406812235	62.934
chr17	45715748	2.3041474654381826	62.9755
chr17	45731155	0.5686664771111959	63.011
chr17	45741706	0.5090612909793656	63.017
chr17	45795727	0.6262981813569879	63.0445
chr17	45858796	3.8962584022366373	63.084
chr17	45892418	0.6668235663291718	63.215
chr17	45905165	0.6445773218497592	63.2235
chr17	45941623	2.129825090470438	63.247
chr17	45994679	0.5943465753749989	63.36
chr17	46036742	0.827529135921692	63.385
chr17	46138249	8.255836022015426	63.469
chr17	46154056	2.8601144045761155	63.5995
chr17	46180978	2.3642172523965583	63.6765
chr17	46196628	2.475061876546741	63.7135
chr17	46223294	5.60009333488889	63.7795
chr17	46283293	1.046831955922942	64.1155
chr17	46346818	1.823556511056489	64.182
chr17	46372866	0.9957418932196973	64.2295
chr17	46449191	3.6554354736174304	64.3055
chr17	46505819	0.6252436014031293	64.5125
chr17	46567395	1.9432714226988903	64.551
chr17	46620913	0.8800900050810083	64.655
chr17	46676021	1.181494071801425	64.7035
chr17	46724265	1.719161751788185	64.7605
chr17	46764110	10.912184656359248	64.829
chr17	46777627	1.7084525690852108	64.9765
chr17	46801040	0.7265375746283712	65.0165
chr17	46832697	0.1260199741656116	65.0395
chr17	46864438	0.8899835456530361	65.0435
chr17	46961069	0.0	65.1295
chr17	46988558	0.5727766074150747	65.1295
chr17	47194572	1.1749772723374368	65.2475
chr17	47252871	2.4221152172652083	65.316
chr17	47287345	0.031422167291471	65.3995
chr17	47335082	2.2373249457051254	65.401
chr17	47388494	0.7715305236766006	65.5205
chr17	47409232	0.4336583093750666	65.5365
chr17	47471493	1.568580133329085	65.5635
chr17	47504644	3.4011557909944483	65.6155
chr17	47554480	3.371771528761499	65.785
chr17	47584138	1.2275055208382464	65.885
chr17	47669270	1.0404528050606048	65.9895
chr17	47705312	3.9545731089030096	66.027
chr17	47715174	1.1447710457907667	66.066
chr17	47815194	5.058099794941768	66.1805
chr17	47829824	1.5654765272829103	66.2545
chr17	47882843	1.1530700490052477	66.3375
chr17	47934878	1.1892999597472491	66.3975
chr17	47962205	1.8382900181595194	66.43
chr17	48029387	6.200856613181244	66.5535
chr17	48045030	2.9000630976071973	66.6505
chr17	48086236	1.7609099857814872	66.77
chr17	48131951	0.46817338939188996	66.8505
chr17	48186418	3.823245331616181	66.876
chr17	48211266	7.387783234254961	66.971
chr17	48234480	4.702772484170148	67.1425
chr17	48250747	0.9993437145756112	67.219
chr17	48351313	2.7064990236045605	67.3195
chr17	48380502	3.2054784540854575	67.3985
chr17	48407955	5.167626491155734	67.4865
chr17	48427403	0.6138451790051043	67.587
chr17	48503155	1.1716715847943509	67.6335
chr17	48526199	1.145837880308937	67.6605
chr17	48572017	1.4819693726330219	67.713
chr17	48614528	0.9501042049775013	67.776
chr17	48663470	0.8495970482570295	67.8225
chr17	48704666	4.019628314888191	67.8575
chr17	48714244	4.310661539592004	67.896
chr17	48755073	1.0381443910540602	68.072
chr17	48788787	1.2055641421943515	68.107
chr17	48804962	1.4473749319610623	68.1265
chr17	48885798	2.850919341405556	68.2435
chr17	48917016	0.6922157195903273	68.3325
chr17	48932907	3.31064713346381	68.3435
chr17	48976252	3.729055258467198	68.487
chr17	49046377	17.656968833019747	68.7485
chr17	49061810	1.5324851206386279	69.021
chr17	49174046	2.9218823759218084	69.193
chr17	49235479	2.8832053289588067	69.3725
chr17	49275712	6.530395540217928	69.4885
chr17	49294547	1.8898377804107982	69.6115
chr17	49343493	2.7788224478711667	69.704
chr17	49367424	77.82369146005479	69.7705
chr17	49368876	0.0	69.8835
chr17	49392502	0.0	69.8835
chr17	49398608	1.226771780226994	69.8835
chr17	49423470	4.075608036658492	69.914
chr17	49446166	0.27451159811503073	70.0065
chr17	49468023	4.308979152144847	70.0125
chr17	49483804	0.25220680958375974	70.0805
chr17	49527419	1.484171905824235	70.0915
chr17	49581658	1.1115406920547135	70.172
chr17	49602350	3.6909003079524507	70.195
chr17	49668594	0.0	70.4395
chr17	49753862	1.972324838770791	70.4395
chr17	49769833	2.5699350407907224	70.471
chr17	49815554	2.7091560290203236	70.5885
chr17	49859110	0.3891248075523395	70.7065
chr17	49918217	3.199354364524553	70.7295
chr17	49987606	3.16050226360289	70.9515
chr17	50011020	9.04340836012937	71.0255
chr17	50028436	11.863483257380603	71.183
chr17	50068812	4.16346623839096	71.662
chr17	50126096	0.8506627825853418	71.9005
chr17	50207797	0.083139341536812	71.97
chr17	50219825	0.7596628728856526	71.971
chr17	50477176	2.745809655699563	72.1665
chr17	50498117	1.0829992165536901	72.224
chr17	50519816	1.9857530101494794	72.2475
chr17	50551542	0.34167592038871425	72.3105
chr17	50563249	0.052462227196503404	72.3145
chr17	50649025	0.0	72.319
chr17	50671470	0.0	72.319
chr17	50689180	0.022409064018193706	72.319
chr17	50800742	0.0180535830343614	72.3215
chr17	50883828	0.23049909834189958	72.323
chr17	50957581	0.577627500704379	72.34
chr17	50993071	0.5649643284149749	72.3605
chr17	51069182	0.5460431374082455	72.4035
chr17	51094821	0.33475701258220436	72.4175
chr17	51138136	1.4859089087751876	72.432
chr17	51168084	1.838452160918473	72.4765
chr17	51218942	4.2646307181192515	72.57
chr17	51281550	7.062824257749136	72.837
chr17	51304487	2.492499423032635	72.999
chr17	51347817	1.939992089352674	73.107
chr17	51454003	0.9799562383721844	73.313
chr17	51624929	0.4503828254016084	73.4805
chr17	51638251	0.23316712702186046	73.4865
chr17	51666128	1.2924147006299187	73.493
chr17	51687406	4.108553977898746	73.5205
chr17	51719169	0.9523174292617317	73.651
chr17	51854103	1.39046896726023	73.7795
chr17	51862014	0.884539901042394	73.7905
chr17	51898191	2.6259042849189975	73.8225
chr17	51926943	2.5836680053549137	73.898
chr17	51964293	1.7013002794992522	73.9945
chr17	51997209	3.7131639941348724	74.0505
chr17	52018350	4.7405036015513256	74.129
chr17	52034593	4.480353233646285	74.206
chr17	52088495	1.9718824173815936	74.4475
chr17	52143265	0.7496595933480195	74.5555
chr17	52208628	1.0305121197186644	74.6045
chr17	52275585	10.115117657017281	74.6735
chr17	52287399	2.399425931739681	74.793
chr17	52309696	0.052966101694415464	74.8465
chr17	52328576	2.258331038281681	74.8475
chr17	52364886	2.910502061605737	74.9295
chr17	52385501	5.614266842800518	74.9895
chr17	52427893	4.132429964922326	75.2275
chr17	52490326	3.1139617029184357	75.4855
chr17	52511842	3.178729537733117	75.5525
chr17	52550694	1.4970521961909158	75.676
chr17	52615488	3.358373840035311	75.773
chr17	52672063	3.2218967781033916	75.963
chr17	52721568	5.812453942520268	76.1225
chr17	52775848	6.850657449310528	76.438
chr17	52831974	3.1893901151850717	76.8225
chr17	52919138	2.125706555872116	77.1005
chr17	52939837	0.8003822721300594	77.1445
chr17	52981692	4.896132055676135	77.178
chr17	53053177	5.295716562002041	77.528
chr17	53085184	1.25675984461865	77.6975
chr17	53124571	1.829020457932278	77.747
chr17	53146714	1.0484569448881045	77.7875
chr17	53168651	0.5264597292492698	77.8105
chr17	53241781	0.23651005759015198	77.849
chr17	53326344	1.0412838417246053	77.869
chr17	53342670	2.0592428322517393	77.886
chr17	53355296	3.772660460558461	77.912
chr17	53375706	0.30761056502455797	77.989
chr17	53447225	1.7965204236011212	78.011
chr17	53468377	0.35511363636355087	78.049
chr17	53492313	1.6734675163903325	78.0575
chr17	53514124	0.1451756625518116	78.094
chr17	53614003	0.07390027158332584	78.1085
chr17	53668130	0.587904503859622	78.1125
chr17	53687691	0.055683007773297245	78.124
chr17	53732588	0.429722470904224	78.1265
chr17	53760513	0.060192616372679066	78.1385
chr17	53785433	0.0	78.14
chr17	53838627	0.0	78.14
chr17	53861469	0.020595201318191224	78.14
chr17	53910024	0.9075842474941257	78.141
chr17	53948037	0.9742078472443619	78.1755
chr17	53989096	0.527729802340994	78.2155
chr17	54030784	0.16927347823127675	78.2375
chr17	54045553	1.079404466501458	78.24
chr17	54085853	1.5680283049206847	78.2835
chr17	54098289	0.2597402597406797	78.303
chr17	54115614	0.5791505791506011	78.3075
chr17	54120794	0.6485284580464098	78.3105
chr17	54153175	0.3812172041080842	78.3315
chr17	54197769	0.726686573474709	78.3485
chr17	54235612	3.120824983299705	78.376
chr17	54283516	1.2554828046533553	78.5255
chr17	54346440	0.7276390910107535	78.6045
chr17	54382172	4.987391426169719	78.6305
chr17	54400017	1.7241840198885174	78.7195
chr17	54437426	4.058004911705999	78.784
chr17	54480181	6.173686376732052	78.9575
chr17	54538493	1.3912779520390273	79.3175
chr17	54558259	3.6165444172778094	79.345
chr17	54587707	0.9130964113864078	79.4515
chr17	54622205	1.3690476190476144	79.483
chr17	54748205	1.021170610211627	79.6555
chr17	54768280	2.3173896922498587	79.676
chr17	54779068	0.021353377036680294	79.701
chr17	54825899	4.616173704906997	79.702
chr17	54837597	2.170082935842875	79.756
chr17	54860868	0.9143100148842519	79.8065
chr17	54884383	2.98067699054401	79.828
chr17	54928165	5.4644808743163376	79.9585
chr17	54934021	5.709537339838312	79.9905
chr17	54971327	1.4580117131024992	80.2035
chr17	55012136	9.714607057500388	80.263
chr17	55047701	5.9760036917397406	80.6085
chr17	55091041	2.934308051578711	80.8675
chr17	55140286	2.3243435060326516	81.012
chr17	55196646	7.472764923021375	81.143
chr17	55229967	1000.0000000047748	81.392
chr17	55229968	5.610381400576052	81.393
chr17	55286916	2.0727040816326627	81.7125
chr17	55321412	1.7720522052201895	81.784
chr17	55339188	11.719482467654228	81.8155
chr17	55355187	0.7393622371994335	82.003
chr17	55454597	4.689480354880373	82.0765
chr17	55466432	9.616001025706229	82.132
chr17	55482031	3.39940841463945	82.282
chr17	55504682	0.14188422247513832	82.359
chr17	55515254	0.7927070947282596	82.3605
chr17	55550576	0.4871115086083547	82.3885
chr17	55613190	0.9544287688967845	82.419
chr17	55658767	2.538184583044205	82.4625
chr17	55703484	0.5244332087246281	82.576
chr17	55740667	0.0	82.5955
chr17	55749408	1.4725694770810867	82.5955
chr17	55781325	0.7786562617654806	82.6425
chr17	55839759	0.20263835133418925	82.688
chr17	55889108	0.169766476779725	82.698
chr17	55942122	0.14502777839761294	82.707
chr17	55986941	3.588210166595608	82.7135
chr17	56022056	0.7706352405567274	82.8395
chr17	56064229	9.702077616620604	82.872
chr17	56084637	4.79254030682707	83.07
chr17	56123030	0.0	83.254
chr17	56135363	11.316358795140262	83.254
chr17	56153390	2.3166255490702867	83.458
chr17	56186628	0.032146071750185634	83.535
chr17	56217736	1.4962452713002448	83.536
chr17	56235447	0.6620304291050118	83.5625
chr17	56400092	1.3468877272873552	83.6715
chr17	56493641	1.4147303438223977	83.7975
chr17	56516967	1.8728969589231634	83.8305
chr17	56564220	0.10307539496613205	83.919
chr17	56617579	3.998804095971273	83.9245
chr17	56630958	0.14030755415898707	83.978
chr17	56666594	0.2814919071070146	83.983
chr17	56680804	0.09266123054158402	83.987
chr17	56691596	4.469884983855149	83.988
chr17	56729069	0.022025946564845796	84.1555
chr17	56774470	0.7161007161008527	84.1565
chr17	56796115	1.15496635532792	84.172
chr17	56865814	4.797638085865602	84.2525
chr17	56898330	0.2060884413827063	84.4085
chr17	56915313	0.12943308309592164	84.412
chr17	56934628	0.3725640045852815	84.4145
chr17	56986968	0.9082538088063492	84.434
chr17	57106428	0.16516913319223878	84.5425
chr17	57121564	3.8742260195784968	84.545
chr17	57150473	1.5054832739428314	84.657
chr17	57186674	5.565421846469311	84.7115
chr17	57226653	1.5342888818498688	84.934
chr17	57327677	4.42049645575572	85.089
chr17	57365908	8.226796956471672	85.258
chr17	57391799	6.332396801383323	85.471
chr17	57414934	8.114715864309616	85.6175
chr17	57477105	4.56084495653919	86.122
chr17	57516681	5.7255676209279205	86.3025
chr17	57536941	6.47674528748694	86.4185
chr17	57579169	1.9432321365996603	86.692
chr17	57641951	2.559166040571207	86.814
chr17	57684543	0.26101482564185907	86.923
chr17	57703699	1.0705892592916604	86.928
chr17	57761144	0.21055239038885198	86.9895
chr17	57801514	7.504749841671779	86.998
chr17	57833094	1.633428705641111	87.235
chr17	57879928	2.9667807180908756	87.3115
chr17	57926106	1.2669355672770346	87.4485
chr17	57945444	1.533547677468441	87.473
chr17	58039996	3.931793725684913	87.618
chr17	58064158	13.741779162340595	87.713
chr17	58078603	1.231673294948632	87.9115
chr17	58145991	2.37710140665609	87.9945
chr17	58166394	4.74732685567236	88.043
chr17	58188933	3.4052348069573304	88.15
chr17	58231074	1.2035504738980447	88.2935
chr17	58270956	1.6670941266990953	88.3415
chr17	58309946	2.993285945954216	88.4065
chr17	58375927	3.402343951675315	88.604
chr17	58472772	2.013085052843559	88.9335
chr17	58520460	0.5917727592605422	89.0295
chr17	58551722	0.12387188108308268	89.048
chr17	58579977	2.1731657008151517	89.0515
chr17	58620701	1.2367778681854094	89.14
chr17	58651426	4.424778761061919	89.178
chr17	58675608	2.379889930091528	89.285
chr17	58682331	3.4331676693692703	89.301
chr17	58697623	1.273426659406761	89.3535
chr17	58754556	4.863418983545232	89.426
chr17	58791567	8.411121649278773	89.606
chr17	58831633	2.045830471750137	89.943
chr17	58935014	1.0072581839729233	90.1545
chr17	58968769	0.5769230769230989	90.1885
chr17	58973969	0.19910403185618109	90.1915
chr17	58994059	1.9532899738153802	90.1955
chr17	59041415	4.994509581665734	90.288
chr17	59069646	1.9536701088474087	90.429
chr17	59091144	1.8450606070990796	90.471
chr17	59178675	0.141054575297806	90.6325
chr17	59217667	9.267915938376262	90.638
chr17	59242268	12.097964001180397	90.866
chr17	59269380	0.13564022184690935	91.194
chr17	59302556	0.2607317174920287	91.1985
chr17	59350498	4.503762289229848	91.211
chr17	59368705	1.5156593847005728	91.293
chr17	59437322	0.7475195940742366	91.397
chr17	59481468	3.930141159507847	91.43
chr17	59524469	0.5378526486705629	91.599
chr17	59573739	4.630773030377871	91.6255
chr17	59614229	1.3875942716718945	91.813
chr17	59661433	0.4060129528034384	91.8785
chr17	59711924	0.05109862033701078	91.899
chr17	59741279	0.9262272511078714	91.9005
chr17	59821173	0.6137357044487878	91.9745
chr17	59854575	2.4161355837239444	91.995
chr17	59868854	0.17591593563839636	92.0295
chr17	59911488	0.0	92.037
chr17	59968883	2.395726965674057	92.037
chr17	59994345	0.0	92.098
chr17	60015228	0.14586709886548366	92.098
chr17	60076928	0.390661333829426	92.107
chr17	60130683	0.8777559649651664	92.128
chr17	60183659	0.0572213321127041	92.1745
chr17	60262301	0.5047861202510248	92.179
chr17	60289045	0.5747255967005808	92.1925
chr17	60333414	0.9471327707939053	92.218
chr17	60368256	0.1450712057835109	92.251
chr17	60533692	1.515885542827583	92.275
chr17	60597681	1.7620406108404143	92.372
chr17	60615558	1.9008778599573797	92.4035
chr17	60630025	1.6744218838127267	92.431
chr17	60686761	1.4055801532089558	92.526
chr17	60700990	0.41017227235401577	92.546
chr17	60719275	1.4307175048287257	92.5535
chr17	60761212	1.1714515508621057	92.6135
chr17	60789809	0.0519894634684927	92.647
chr17	60818661	0.15104726100991125	92.6485
chr17	60848453	0.31671032133238936	92.653
chr17	60906866	0.4952003656866231	92.6715
chr17	60946244	0.18408860798331628	92.691
chr17	60978837	0.0	92.697
chr17	61013421	0.09267576314930229	92.697
chr17	61083558	0.4705190413171925	92.7035
chr17	61117563	1.4338919925511766	92.7195
chr17	61144413	0.0	92.758
chr17	61185867	0.1090334187433653	92.758
chr17	61204210	0.30097817908184976	92.76
chr17	61230790	1.393616496472788	92.768
chr17	61271332	4.9362201260935	92.8245
chr17	61291793	0.9310456984876135	92.9255
chr17	61414773	0.29078824384662566	93.04
chr17	61462918	0.0	93.054
chr17	61479551	0.1083247576234872	93.054
chr17	61516477	1.891754717851558	93.058
chr17	61538150	0.190422738479479	93.099
chr17	61588039	0.7160859979814006	93.1085
chr17	61765392	0.23873402755657525	93.2355
chr17	61809374	0.24494885764771498	93.246
chr17	61876735	0.0	93.2625
chr17	61899536	0.0	93.2625
