Chromosome	Position(bp)	Rate(cM/Mb)	Map(cM)
chr5	0	0.0	0.0
chr5	222124	0.2896945975176392	0.0
chr5	299792	0.1884858304950233	0.0225
chr5	450997	0.03895547389333995	0.051
chr5	528008	1.37182537755548	0.054
chr5	569194	0.7413539594479385	0.1105
chr5	650127	10.094856844486987	0.1705
chr5	661618	3.549147372799113	0.2865
chr5	697683	5.471286864463325	0.4145
chr5	720164	3.5663082437275997	0.5375
chr5	748064	3.4024827813750163	0.637
chr5	772311	27.598505434782606	0.7195
chr5	784087	0.7282770958364311	1.0445
chr5	949546	6.248636210350915	1.165
chr5	999957	13.865646665072918	1.48
chr5	1025055	0.3976021531685802	1.828
chr5	1041403	4.693979856901972	1.8345
chr5	1063346	1.6268785503703174	1.9375
chr5	1118974	13.126668644319164	2.028
chr5	1125716	5.296685483526953	2.1165
chr5	1196043	11.784829984690115	2.489
chr5	1248950	11.187167960768289	3.1125
chr5	1307678	1.2827747303220387	3.7695
chr5	1460082	0.6337095495787506	3.965
chr5	2249876	5.437677556818204	4.4655
chr5	2272404	14.533258803800894	4.588
chr5	2274193	12.918307086614226	4.614
chr5	2278257	114.40677966101752	4.6665
chr5	2278729	7.685069008782857	4.7205
chr5	2281917	3.732981993851564	4.745
chr5	2325180	18.165873214733097	4.9065
chr5	2329171	3.173528540600016	4.979
chr5	2352804	6.603587620737218	5.054
chr5	2378169	8.96153304213049	5.2215
chr5	2413654	1.308997965159552	5.5395
chr5	2494250	11.557689452061588	5.645
chr5	2514453	2.9154518950447055	5.8785
chr5	2514796	7.462686567162694	5.8795
chr5	2515131	29.673590504451063	5.882
chr5	2516479	3.499499499499502	5.922
chr5	2641354	15.579123215551279	6.359
chr5	2680862	0.21457553058678622	6.9745
chr5	2706494	7.324613555291316	6.98
chr5	2727519	0.0	7.134
chr5	2741950	0.36229864556044533	7.134
chr5	2759891	0.20243305249762883	7.1405
chr5	2811760	0.6873189650940269	7.151
chr5	2852498	1.380344355065275	7.179
chr5	3201324	6.780553635495882	7.6605
chr5	3231705	0.12567024128686802	7.8665
chr5	3243641	1.7796257796257684	7.868
chr5	3303766	6.368739205526883	7.975
chr5	3308398	5.622837370242172	8.0045
chr5	3324582	1.716561384235084	8.0955
chr5	3346428	7.561699758767872	8.133
chr5	3367984	1.8343705006717042	8.296
chr5	3533981	6.331524326382896	8.6005
chr5	3544484	0.6428553061277059	8.667
chr5	3583373	2.7923706753750426	8.692
chr5	3604502	2.161301330906624	8.751
chr5	3648457	0.20845927748013982	8.846
chr5	3696428	0.9042204489454737	8.856
chr5	3740665	0.4311831666090898	8.896
chr5	3758059	0.8479575283881319	8.9035
chr5	3771621	4.376930998970224	8.915
chr5	3787157	2.973451327433615	8.983
chr5	3815407	0.8489284636280968	9.067
chr5	3841911	0.9616438022665657	9.0895
chr5	3924062	2.7253819120705916	9.1685
chr5	3938005	0.40561369351821247	9.2065
chr5	3950332	8.581452683481933	9.2115
chr5	3960878	1.6932595245848128	9.302
chr5	3976233	0.1963516002655496	9.328
chr5	4083184	0.05820382981196937	9.349
chr5	4100365	2.0472967326815197	9.35
chr5	4124299	11.649514008004592	9.399
chr5	4131295	2.159761513658256	9.4805
chr5	4147732	1.7426915871563258	9.516
chr5	4170685	0.4837539305007036	9.556
chr5	4183088	0.799317915378907	9.562
chr5	4192471	1.9619157530293663	9.5695
chr5	4201136	3.2714727575543225	9.5865
chr5	4209542	1.7885395886358808	9.614
chr5	4224079	2.8283542513699866	9.64
chr5	4252364	1.828732196237018	9.72
chr5	4280799	4.684703653016035	9.772
chr5	4290298	4.287790697674409	9.8165
chr5	4310938	6.975350907223564	9.905
chr5	4322622	8.561066126855575	9.9865
chr5	4334478	0.06716818914570272	10.088
chr5	4349366	7.919550373914198	10.089
chr5	4370895	0.3015202970768703	10.2595
chr5	4402402	19.434063000533946	10.269
chr5	4411767	5.547733032948442	10.451
chr5	4429522	2.364729458917878	10.5495
chr5	4441997	4.4693691641995	10.579
chr5	4477125	9.561590885972883	10.736
chr5	4496787	5.304034855086223	10.924
chr5	4528461	2.81658904413393	11.092
chr5	4573551	2.613827993254657	11.219
chr5	4603201	4.812675847771324	11.2965
chr5	4616707	3.4129692832764245	11.3615
chr5	4624325	2.679658952497056	11.3875
chr5	4636640	1.2331689108118595	11.4205
chr5	4651642	3.5121328224776316	11.439
chr5	4659472	12.950049807883778	11.4665
chr5	4666499	4.429093864282883	11.5575
chr5	4678804	4.761153198653224	11.612
chr5	4697812	10.03490401396147	11.7025
chr5	4708126	30.46430537713349	11.806
chr5	4713575	14.401501969044816	11.972
chr5	4735413	17.258008956252198	12.2865
chr5	4749928	8.044918121317034	12.537
chr5	4812887	1.2981393336218578	13.0435
chr5	4822131	1.3124783061436855	13.0555
chr5	4868227	2.0429009193051884	13.116
chr5	4870185	4.0994684205784795	13.12
chr5	4881284	10.010400416016635	13.1655
chr5	4888976	9.41500446561477	13.2425
chr5	4902412	2.7537864563775494	13.369
chr5	4910401	3.1350419311857625	13.391
chr5	4923160	4.208676348163957	13.431
chr5	4944782	33.075435203094656	13.522
chr5	4952537	8.871398078975632	13.7785
chr5	4960033	2.3285009714541918	13.845
chr5	5127308	10.79649623141162	14.2345
chr5	5142035	3.6888428682372614	14.3935
chr5	5149761	0.24384296513032083	14.422
chr5	5153862	0.11853959222380725	14.423
chr5	5166516	0.6288253542383067	14.4245
chr5	5178443	1.6101207590569562	14.432
chr5	5195833	0.0	14.46
chr5	5200719	0.10739984964015098	14.46
chr5	5210030	9.259259259254128	14.461
chr5	5210138	0.25488530161428324	14.462
chr5	5216023	0.0	14.4635
chr5	5227843	0.6690081953503937	14.4635
chr5	5251759	2.624164410806034	14.4795
chr5	5306062	0.3550856150872067	14.622
chr5	5344081	7.861480387329709	14.6355
chr5	5374546	6.203756402959691	14.875
chr5	5383331	0.06973500697346205	14.9295
chr5	5397671	2.3438741458764127	14.9305
chr5	5410257	5.334626576139586	14.96
chr5	5422629	15.58862947026875	15.026
chr5	5436806	5.527301519627243	15.247
chr5	5469643	5.664076682884408	15.4285
chr5	5483414	45.18495395660973	15.5065
chr5	5489821	10.187728937729053	15.796
chr5	5502925	5.1424784625579605	15.9295
chr5	5540650	0.13552430967309284	16.1235
chr5	5570165	0.054600054599927346	16.1275
chr5	5588480	0.25899466902640567	16.1285
chr5	5634813	3.3772306708499125	16.1405
chr5	5684854	0.06219292244550172	16.3095
chr5	5700933	8.026475958612238	16.3105
chr5	5714077	6.0953853472882455	16.416
chr5	5730893	11.77983539094646	16.5185
chr5	5760053	1.752190237797387	16.862
chr5	5776033	3.2258064516128475	16.89
chr5	5816023	9.855289421157764	17.019
chr5	5828047	10.278292139655935	17.1375
chr5	5865310	0.3485940041831413	17.5205
chr5	5882522	2.500231502917032	17.5265
chr5	5893321	0.5260640841702168	17.5535
chr5	5914231	2.213415405371305	17.5645
chr5	5937950	0.18538544724239847	17.617
chr5	5970315	7.2124461898647745	17.623
chr5	5996797	21.76646996227159	17.814
chr5	6007134	0.8869179600886671	18.039
chr5	6068019	1.508577972559302	18.093
chr5	6113426	0.5082690589500917	18.1615
chr5	6332798	0.833564879133124	18.273
chr5	6339996	0.30602564494909457	18.279
chr5	6372673	1.2154554759466705	18.289
chr5	6380489	1.2113870381585583	18.2985
chr5	6393697	1.079350900699846	18.3145
chr5	6407131	0.35913090321415014	18.329
chr5	6434976	1.515354102598497	18.339
chr5	6457413	1.7543523276324855	18.373
chr5	6509569	0.0	18.4645
chr5	6516328	0.0	18.4645
chr5	6524134	3.9911308203987392	18.4645
chr5	6530899	6.885422270037661	18.4915
chr5	6540194	3.0922584400465967	18.5555
chr5	6567682	9.105149794399956	18.6405
chr5	6583003	8.367171157868786	18.78
chr5	6599257	2.9167746953590443	18.916
chr5	6645541	1.9629837352778863	19.051
chr5	6658022	0.6625282654721864	19.0755
chr5	6866315	5.3191489361701	19.2135
chr5	6870075	8.076805851874555	19.2335
chr5	6883199	7.550635171674899	19.3395
chr5	6902800	0.0	19.4875
chr5	6925914	0.0	19.4875
chr5	6937521	0.0	19.4875
chr5	6952725	0.10078613182802554	19.4875
chr5	6962647	1.4393599521460536	19.4885
chr5	6989395	1.3831258644535687	19.527
chr5	6997348	3.4917071954109575	19.538
chr5	7013386	1.7676172519443065	19.594
chr5	7038844	0.7029053420806265	19.639
chr5	7051648	6.127523533242577	19.648
chr5	7068539	1.422860122668919	19.7515
chr5	7269894	1.133144475920627	20.038
chr5	7282249	4.262071255927261	20.052
chr5	7336448	0.071341941927493	20.283
chr5	7350465	3.6204658788169155	20.284
chr5	7379743	0.10587907495123071	20.39
chr5	7559193	0.21865433872685228	20.409
chr5	7591207	3.512237954121395	20.416
chr5	7618540	0.0	20.512
chr5	7643745	7.821486082355398	20.512
chr5	7652439	2.7456218462453683	20.58
chr5	7665915	18.363295467078327	20.617
chr5	7674982	0.0	20.7835
chr5	7707346	0.8850981654328317	20.7835
chr5	7719774	0.1656909311830395	20.7945
chr5	7728827	0.13879250520488856	20.796
chr5	7736032	0.14234200037958408	20.797
chr5	7746570	3.0456269394320925	20.7985
chr5	7755271	10.371767241379544	20.825
chr5	7762695	1.118975746851235	20.902
chr5	7781909	0.0	20.9235
chr5	7791519	0.49902191704256815	20.9235
chr5	7816568	0.0	20.936
chr5	7827566	0.0	20.936
chr5	7835394	0.0	20.936
chr5	7860887	1.5247001423054043	20.936
chr5	7870725	27.733881163084632	20.951
chr5	7883381	0.0	21.302
chr5	7895525	0.04370438354972344	21.302
chr5	7918406	0.450694068865964	21.303
chr5	7929500	0.40566922745371037	21.308
chr5	7968941	0.27262813522335017	21.324
chr5	7985447	1.2769217672597744	21.3285
chr5	7997194	0.3151701919036399	21.3435
chr5	8011472	1.1374838856449965	21.348
chr5	8024659	0.07281465030760155	21.363
chr5	8052126	0.0	21.365
chr5	8063834	3.2244643228627377	21.365
chr5	8073448	0.9283039886127297	21.396
chr5	8105765	0.9913029686219942	21.426
chr5	8143594	0.17205781142464519	21.4635
chr5	8152312	0.6571741511500797	21.465
chr5	8161442	0.8118490356816921	21.471
chr5	8186693	5.588137656302213	21.4915
chr5	8195730	1.1422976501302051	21.542
chr5	8201858	1.155802126675957	21.549
chr5	8208347	0.8972573387615194	21.5565
chr5	8245683	1.6013664994128929	21.59
chr5	8255050	0.38181187087814067	21.605
chr5	8283860	1.3516834603097097	21.616
chr5	8296067	0.0	21.6325
chr5	8309579	0.13545241105292188	21.6325
chr5	8320653	0.5077782393943236	21.634
chr5	8342316	5.2928416485900165	21.645
chr5	8353841	1.6855850473670868	21.706
chr5	8400709	1.9814844891992835	21.785
chr5	8462279	0.0	21.907
chr5	8477444	0.4209344745334802	21.907
chr5	8491698	2.1876709117898816	21.913
chr5	8504497	0.19809825673544207	21.941
chr5	8517117	1.4207909069382494	21.9435
chr5	8529786	0.7404012269506327	21.9615
chr5	8558149	3.954252342133941	21.9825
chr5	8566368	7.754526565746498	22.015
chr5	8593320	0.7868383404863543	22.224
chr5	8607300	0.30189590629152213	22.235
chr5	8632143	2.632937532266491	22.2425
chr5	8641828	0.4915212582944399	22.268
chr5	8654035	3.727369542065917	22.274
chr5	8668120	0.3392641737032698	22.3265
chr5	8681384	11.432009626955434	22.331
chr5	8688863	10.17922394292713	22.4165
chr5	8694610	3.0450013473457163	22.475
chr5	8713165	5.0572096845564385	22.5315
chr5	8728984	5.088967971530273	22.6115
chr5	8757084	4.018626012629893	22.7545
chr5	8772761	6.210151527697266	22.8175
chr5	8845223	0.0	23.2675
chr5	8854689	0.23966036702290475	23.2675
chr5	8869293	18.265549001345235	23.271
chr5	8888619	2.4058873478630303	23.624
chr5	8906284	0.16788382439372487	23.6665
chr5	8918197	0.6219249267509895	23.6685
chr5	8954375	0.8944153577662286	23.691
chr5	8977295	1.7321016166282412	23.7115
chr5	8989419	2.2988505747125703	23.7325
chr5	8996814	0.39917883211680344	23.7495
chr5	9023118	3.296022651860236	23.76
chr5	9045721	0.0	23.8345
chr5	9054916	3.3028267768839408	23.8345
chr5	9082014	0.5508301797709528	23.924
chr5	9221803	0.9341764874962721	24.001
chr5	9235719	4.045004018216002	24.014
chr5	9254384	4.829428688861184	24.0895
chr5	9259250	5.241379310345026	24.113
chr5	9270125	2.5150168481709825	24.17
chr5	9290602	0.033803883390141155	24.2215
chr5	9364558	0.0	24.224
chr5	9378819	0.1630044989242537	24.224
chr5	9394156	0.11000898406703631	24.2265
chr5	9448697	0.03503240497451986	24.2325
chr5	9477242	0.0	24.2335
chr5	9491167	0.0	24.2335
chr5	9503105	0.7372958257712184	24.2335
chr5	9511921	0.28781119585587056	24.24
chr5	9518870	0.23476123401546534	24.242
chr5	9555077	0.7497574314193797	24.2505
chr5	9566414	1.7455097394384673	24.259
chr5	9586179	0.7004532344456492	24.2935
chr5	9598314	2.0672108555073403	24.302
chr5	9607747	1.3402113993830178	24.3215
chr5	9647293	6.457201354437135	24.3745
chr5	9659992	1.6959088815376884	24.4565
chr5	9683873	8.14757336343121	24.497
chr5	9698049	0.823707388366809	24.6125
chr5	9854051	0.37333333333322116	24.741
chr5	9863426	4.183145725585799	24.7445
chr5	9883148	3.8316664501881736	24.827
chr5	9890847	1.802162595114063	24.8565
chr5	9915817	2.770325440336112	24.9015
chr5	9932963	4.211286247142216	24.949
chr5	9957896	6.175716616173896	25.054
chr5	9962187	2.034358047016352	25.0805
chr5	9966611	1.1886919220631396	25.0895
chr5	9985960	0.8265316664943815	25.1125
chr5	9995639	3.0484782393178733	25.1205
chr5	10015813	2.7167422975878037	25.182
chr5	10066057	4.943616054727227	25.3185
chr5	10084768	3.0197964433507716	25.411
chr5	10102650	6.9271868787276025	25.465
chr5	10118746	4.203265614053963	25.5765
chr5	10137303	1.8808777429467798	25.6545
chr5	10167608	2.8979045920637816	25.7115
chr5	10169851	3.7561523184527803	25.718
chr5	10181432	2.5770892298524464	25.7615
chr5	10214997	1.9451086762554295	25.848
chr5	10243016	2.898922524371461	25.9025
chr5	10262506	2.1497897632070244	25.959
chr5	10294137	3.0622418458908465	26.027
chr5	10336263	0.0	26.156
chr5	10353713	0.869262865090848	26.156
chr5	10359465	11.402686660418311	26.161
chr5	10369068	14.86587183308498	26.2705
chr5	10382488	2.5947952573961217	26.47
chr5	10408887	8.519486254738176	26.5385
chr5	10436060	49.664694280078905	26.77
chr5	10448735	6.632008551161287	27.3995
chr5	10469317	8.416795069337395	27.536
chr5	10495277	3.0142366224840664	27.7545
chr5	10546202	27.300613496932094	27.908
chr5	10551092	1.1525655254845482	28.0415
chr5	10562805	3.554857057326705	28.055
chr5	10576167	3.7970838396112323	28.1025
chr5	10589335	0.2889839324935012	28.1525
chr5	10597986	9.247448979590676	28.155
chr5	10599554	4.706161512299287	28.1695
chr5	10612197	7.200407482867196	28.229
chr5	10633793	1.4674860130241028	28.3845
chr5	10644696	0.8140440291640012	28.4005
chr5	10672950	14.808960967564506	28.4235
chr5	10687502	1.2856012658228335	28.639
chr5	10702670	1.87601617542828	28.6585
chr5	10726657	2.950889528070747	28.7035
chr5	10773592	9.973824352378537	28.842
chr5	10784671	4.574442722612978	28.9525
chr5	10818227	14.230019493177188	29.106
chr5	10831052	20.55375052973595	29.2885
chr5	10852289	12.213558243157028	29.725
chr5	10864857	5.718085106383117	29.8785
chr5	10879897	3.6031398790372786	29.9645
chr5	10895439	3.7809705973933925	30.0205
chr5	10917920	7.108868060562394	30.1055
chr5	10952595	32.17821782178213	30.352
chr5	10966533	16.746854182087322	30.8005
chr5	10982745	4.659349761855449	31.072
chr5	11002061	3.015557535467102	31.162
chr5	11016652	1.2917897863519052	31.206
chr5	11081291	3.6948272418612977	31.2895
chr5	11101319	0.22835343739090097	31.3635
chr5	11138542	9.435475248583383	31.372
chr5	11157248	1.963165351143448	31.5485
chr5	11206658	1.4165452485026588	31.6455
chr5	11219012	5.0911479717523385	31.663
chr5	11237279	3.95718271365948	31.756
chr5	11254842	54.26794799321655	31.8255
chr5	11256611	83.08365982945257	31.9215
chr5	11260950	27.408700933870186	32.282
chr5	11274121	51.53134295472059	32.643
chr5	11292275	2.7807151529393925	33.5785
chr5	11343341	0.9371620809804512	33.7205
chr5	11384956	8.375000000000021	33.7595
chr5	11392956	5.3937214657992785	33.8265
chr5	11417707	8.62116759993327	33.96
chr5	11435744	3.3844031725701353	34.1155
chr5	11537239	0.4339223105493712	34.459
chr5	11566046	31.545741324922332	34.4715
chr5	11569850	1.866475233309135	34.5915
chr5	11590745	3.624206326909167	34.6305
chr5	11608542	1.6004168527618865	34.695
chr5	11621976	7.087970323264396	34.7165
chr5	11637072	0.04398311048557521	34.8235
chr5	11671176	0.2382329918659734	34.825
chr5	11700559	0.1892935564471664	34.832
chr5	11713766	54.60234154218817	34.8345
chr5	11733582	2.0976863753213433	35.9165
chr5	11830832	11.17578109211425	36.1205
chr5	11855573	68.5994647636039	36.397
chr5	11883598	22.67451168748018	38.3195
chr5	11908582	18.514261695378302	38.886
chr5	12060843	0.2216093765389624	41.705
chr5	12081149	0.42291908148242574	41.7095
chr5	12113070	0.0	41.723
chr5	12138940	0.212607632613893	41.723
chr5	12157754	11.60541586073545	41.727
chr5	12158271	1.3851386892030673	41.733
chr5	12186788	2.3879217377908777	41.7725
chr5	12206261	0.688901957489655	41.819
chr5	12265776	28.1625115420129	41.86
chr5	12267942	1.1199816208144702	41.921
chr5	12285353	3.4326049120091837	41.9405
chr5	12306037	1.7062199472624096	42.0115
chr5	12351166	0.0	42.0885
chr5	12372256	4.495655459010192	42.0885
chr5	12398726	2.0061873066466545	42.2075
chr5	12452061	0.6327927252273606	42.3145
chr5	12473395	0.0	42.328
chr5	12487592	0.0445891113389071	42.328
chr5	12510019	1.146230334985791	42.329
chr5	12544916	0.019230399415351037	42.369
chr5	12596917	0.20096463022532599	42.37
chr5	12616821	0.0	42.374
chr5	12643542	0.3054634316633748	42.374
chr5	12666458	0.041064388961796545	42.381
chr5	12690810	0.73854004061977	42.382
chr5	12750387	0.31130019715680335	42.426
chr5	12769661	3.9073173397453593	42.432
chr5	12787960	5.0315706393049355	42.5035
chr5	12798096	3.7398870401470456	42.5545
chr5	12804647	0.5017561465129218	42.579
chr5	12826570	0.09977650063847886	42.59
chr5	12851626	8.861822763544668	42.5925
chr5	12863531	10.507569011576006	42.698
chr5	12885991	2.5947505479888435	42.934
chr5	12939368	0.24448881463673963	43.0725
chr5	12963909	0.15251652262328996	43.0785
chr5	13003249	0.9237796272378483	43.0845
chr5	13120160	0.0	43.1925
chr5	13147794	0.0324559410599354	43.1925
chr5	13178605	2.8736657980223708	43.1935
chr5	13206618	1.9394215960298282	43.274
chr5	13224149	0.0436719364135588	43.308
chr5	13247047	0.0	43.309
chr5	13266810	0.0342598725532754	43.309
chr5	13310593	0.05757383844808422	43.3105
chr5	13327962	0.0	43.3115
chr5	13377210	0.06345446084860006	43.3115
chr5	13400849	0.0	43.313
chr5	13450807	0.0	43.313
chr5	13468400	0.0	43.313
chr5	13513189	0.018512347735896727	43.313
chr5	13567207	1.7729598297956837	43.314
chr5	13586948	0.21579628830395156	43.349
chr5	13633288	0.0	43.359
chr5	13654096	0.04645437019476782	43.359
chr5	13697149	0.8772891764450786	43.361
chr5	13715387	3.7206639954201846	43.377
chr5	13725869	0.0	43.416
chr5	13733049	0.0	43.416
chr5	13735213	0.055678401552671786	43.416
chr5	13798074	0.7270964614639152	43.4195
chr5	13814578	0.0	43.4315
chr5	13838774	0.05305978068624184	43.4315
chr5	13867044	0.0	43.433
chr5	13886411	0.0	43.433
chr5	13904888	0.09879749336652462	43.433
chr5	13940314	6.5239168544953765	43.4365
chr5	13980244	0.43534143206602255	43.697
chr5	14004363	1.822685423189904	43.7075
chr5	14025760	0.18108876135294522	43.7465
chr5	14061654	0.0	43.753
chr5	14085082	0.0	43.753
chr5	14096246	2.056350131974497	43.753
chr5	14112537	1.2639390047500605	43.7865
chr5	14161590	0.8358336905272499	43.8485
chr5	14184920	0.0	43.868
chr5	14208936	0.0895094880056472	43.868
chr5	14236866	2.920421809340112	43.8705
chr5	14274703	0.0	43.981
chr5	14307490	1.161973733988871	43.981
chr5	14325993	3.586800573895024	44.0025
chr5	14326690	4.573319061982781	44.005
chr5	14347244	0.7864815064493911	44.099
chr5	14369495	1.6086575021936849	44.1165
chr5	14390009	0.323652526647097	44.1495
chr5	14413182	3.4468054864618156	44.157
chr5	14427253	2.43738443435841	44.2055
chr5	14433202	2.9319965951006153	44.22
chr5	14454348	9.67202141900942	44.282
chr5	14469288	7.389162561576635	44.4265
chr5	14489791	6.976905632433869	44.578
chr5	14533005	0.3868880135059235	44.8795
chr5	14575653	3.136887270367223	44.896
chr5	14631122	8.415351464678862	45.07
chr5	14648293	0.35172914586538645	45.2145
chr5	14692361	1.0017335700124155	45.23
chr5	14788694	0.2525252525252161	45.3265
chr5	14840174	1.3576340053132891	45.3395
chr5	14891366	1.158842235757192	45.409
chr5	14909919	2.6785362587150052	45.4305
chr5	14935306	1.4675204967738213	45.4985
chr5	14976532	0.17885034995052485	45.559
chr5	15060401	0.6709684787573813	45.574
chr5	15095425	1.0288065843622782	45.5975
chr5	15143053	0.0	45.6465
chr5	15216701	0.44531032563306067	45.6465
chr5	15270596	0.6344528355949717	45.6705
chr5	15319457	2.1726441403461014	45.7015
chr5	15334876	3.8465662359942923	45.735
chr5	15372182	0.06568575932722474	45.8785
chr5	15402630	0.10859089736806439	45.8805
chr5	15476301	0.3834096393694718	45.8885
chr5	15520640	3.8086462412654156	45.9055
chr5	15585755	0.9273486627903071	46.1535
chr5	15733488	3.421293871136773	46.2905
chr5	15764032	4.384133611690818	46.395
chr5	15783192	4.577798861480025	46.479
chr5	15825352	1.8809471121930341	46.672
chr5	15838909	5.6933866224270595	46.6975
chr5	15852170	0.48916121723884576	46.773
chr5	15871591	0.5124885364407794	46.7825
chr5	15890128	1.2854247950880706	46.792
chr5	15923191	1.1729713878764483	46.8345
chr5	15947062	3.492362722351139	46.8625
chr5	15988438	5.988713578256317	47.007
chr5	15997121	0.0	47.059
chr5	16074590	9.787611600954046	47.059
chr5	16092623	12.376416251713891	47.2355
chr5	16134194	0.07115411982354047	47.75
chr5	16155275	0.016827462418667904	47.7515
chr5	16244415	0.0	47.753
chr5	16314193	0.0	47.753
chr5	16328791	0.7203400004802539	47.753
chr5	16370438	0.6037735849056832	47.783
chr5	16390313	0.04131411951344736	47.795
chr5	16450825	0.8805612495309503	47.7975
chr5	16485462	0.0	47.828
chr5	16565840	0.45538956507338385	47.828
chr5	16650383	1.226815168076146	47.8665
chr5	16852940	0.3612977816312922	48.115
chr5	16866779	0.09344047841536368	48.12
chr5	16888183	0.044379354724078876	48.122
chr5	16910716	2.6461390425794526	48.123
chr5	16914873	5.41801787550425	48.134
chr5	16927516	0.022068234982514662	48.2025
chr5	16972830	0.0	48.2035
chr5	17004201	0.1567594682721866	48.2035
chr5	17020149	0.22347617185318464	48.206
chr5	17073846	0.5099699117751038	48.218
chr5	17093455	0.20771513353088403	48.228
chr5	17110305	0.9027598658758224	48.2315
chr5	17152952	46.82686383240725	48.27
chr5	17156198	0.0	48.422
chr5	17162698	1.7074558907228876	48.422
chr5	17192567	0.2667852378835139	48.473
chr5	17215057	1.4142692322008192	48.479
chr5	17241926	0.06212337702663039	48.517
chr5	17258023	5.256791961295104	48.518
chr5	17279519	0.1800244833295691	48.631
chr5	17293406	2.4936564878817986	48.6335
chr5	17316264	0.09696311523087796	48.6905
chr5	17342047	2.112676056338108	48.693
chr5	17361927	7.489407411827823	48.735
chr5	17395441	2.53897438468095	48.986
chr5	17594931	0.9592680047225547	49.4925
chr5	17669467	2.89161431847641	49.564
chr5	17689525	5.516928657799305	49.622
chr5	17702757	3.001138362826903	49.695
chr5	17712420	1.398455437278382	49.724
chr5	17736375	9.249329758713106	49.7575
chr5	17773675	4.702339826549689	50.1025
chr5	17870648	2.1552561065587743	50.5585
chr5	17896399	1.7468170414312283	50.614
chr5	17939048	2.26451157186207	50.6885
chr5	17963115	0.7741347905281762	50.743
chr5	18018015	3.9760200163499637	50.7855
chr5	18058382	4.347227954326627	50.946
chr5	18094727	9.966618979494667	51.104
chr5	18115697	12.573344509639446	51.313
chr5	18139557	0.8548858348664401	51.613
chr5	18185762	4.604024902273025	51.6525
chr5	18220297	0.8698227042232122	51.8115
chr5	18247314	0.41660880433274733	51.835
chr5	18312123	2.223045572434319	51.862
chr5	18320220	0.754986227723708	51.88
chr5	18440752	5.590666018474293	51.971
chr5	18448980	7.470288624787694	52.017
chr5	18481375	0.6515758482552494	52.259
chr5	18502094	1.8669588863184128	52.2725
chr5	18526733	0.0	52.3185
chr5	18557151	0.8566058448794467	52.3185
chr5	18617272	0.0	52.37
chr5	18652891	0.3308093802837735	52.37
chr5	18680097	3.414081314633796	52.379
chr5	18715392	0.0	52.4995
chr5	18772041	0.9436403208377809	52.4995
chr5	18837744	3.4421835018886178	52.5615
chr5	18870572	1.7914583266982573	52.6745
chr5	18933370	3.5293556541230537	52.787
chr5	18954337	0.2796003578884687	52.861
chr5	19007985	0.09334104952680863	52.876
chr5	19061552	3.768393348486804	52.881
chr5	19069911	5.495520458113964	52.9125
chr5	19080738	1.3117306195403748	52.972
chr5	19115425	0.10617120106184176	53.0175
chr5	19153100	5.085759872356174	53.0215
chr5	19158114	1.5116330017964907	53.047
chr5	19226583	1.7027353619681258	53.1505
chr5	19235686	3.3136816426105087	53.166
chr5	19260281	4.092227106912289	53.2475
chr5	19281663	14.222563905438799	53.335
chr5	19286866	2.853676074060654	53.409
chr5	19309118	12.916105445449444	53.4725
chr5	19329906	3.532860879102271	53.741
chr5	19377318	8.666916074324106	53.9085
chr5	19385337	0.3748125937022749	53.978
chr5	19388005	10.087862024080893	53.979
chr5	19400297	4.26641384214285	54.103
chr5	19404516	3.327131098426291	54.121
chr5	19436225	0.9939892883036519	54.2265
chr5	19564496	2.395233157901611	54.354
chr5	19640689	0.1605394124257566	54.5365
chr5	19678063	0.5194130632391752	54.5425
chr5	19685764	5.532561871779721	54.5465
chr5	19697603	3.4012203166225277	54.612
chr5	19721859	6.089537195173199	54.6945
chr5	19757576	3.249459841099755	54.912
chr5	19816355	5.665970705895466	55.103
chr5	19879098	1.4149989892862982	55.4585
chr5	19903833	0.42978327649865466	55.4935
chr5	19974799	0.07579892062340911	55.524
chr5	20040763	0.13475013474995748	55.529
chr5	20066737	4.910819517561091	55.5325
chr5	20092191	0.01340578414900133	55.6575
chr5	20204083	0.11771160452176538	55.659
chr5	21181047	0.0	55.774
chr5	21209880	0.29693285824068866	55.774
chr5	21238506	0.37490170260233735	55.7825
chr5	21293187	0.1513775355737592	55.803
chr5	21365853	0.2916793334921738	55.814
chr5	21487562	0.042384555068184976	55.8495
chr5	21534749	3.3563160402477594	55.8515
chr5	21606107	0.16985426504044068	56.091
chr5	21635544	0.0	56.096
chr5	21678112	0.0	56.096
chr5	21727700	0.2787844995819659	56.096
chr5	21745635	0.0	56.101
chr5	21768539	0.14015994723392705	56.101
chr5	21889829	0.030822720043370357	56.118
chr5	21970938	0.061396399715064866	56.1205
chr5	22011657	0.0	56.123
chr5	22066046	0.4824495572185358	56.123
chr5	22112683	1.48515791071972	56.1455
chr5	22323435	0.06450364445576143	56.4585
chr5	22338938	2.050466797626527	56.4595
chr5	22437696	0.42997302896465567	56.662
chr5	22463279	0.7434944237918497	56.673
chr5	22495559	0.6099240546175521	56.697
chr5	22520972	0.34611574587947375	56.7125
chr5	22604759	0.07870366321828322	56.7415
chr5	22719112	2.979320014019612	56.7505
chr5	22724818	0.8568415502241296	56.7675
chr5	22747576	1.1747953008188412	56.787
chr5	22817801	0.18870576727187105	56.8695
chr5	23337128	0.1496893945064049	56.9675
chr5	23377211	0.6770767212559027	56.9735
chr5	23400842	0.0	56.9895
chr5	23422738	0.0	56.9895
chr5	23443289	0.24226659526184505	56.9895
chr5	23482502	0.47814591888383606	56.999
chr5	23500279	0.0	57.0075
chr5	23531635	0.24337932188433758	57.0075
chr5	23597376	0.28395559300925066	57.0235
chr5	23651962	0.8535336292242152	57.039
chr5	23657820	0.058741587365565694	57.044
chr5	23717403	0.5623196909686781	57.0475
chr5	23778756	0.02623570154259811	57.082
chr5	23816872	0.10755001075502553	57.083
chr5	23933097	0.0	57.0955
chr5	24000572	4.312271947156633	57.0955
chr5	24069909	0.15599650567813092	57.3945
chr5	24085935	2.1091210842959356	57.397
chr5	24100396	0.0	57.4275
chr5	24135910	0.8109818814779021	57.4275
chr5	24161188	0.0	57.448
chr5	24343664	2.780485008312624	57.448
chr5	24361107	0.0662469830765925	57.4965
chr5	24640365	0.0	57.515
chr5	24671104	0.4166533123937734	57.515
chr5	24702305	0.058803467052447496	57.528
chr5	24787334	1.066360429825127	57.533
chr5	24799525	2.3346726028884386	57.546
chr5	24817943	0.004457201946927093	57.589
chr5	25042299	0.3289815424038378	57.59
chr5	25071176	0.0	57.5995
chr5	25084232	0.018504811250882113	57.5995
chr5	25138272	0.04793212810660287	57.6005
chr5	25263449	0.01720509041275077	57.6065
chr5	25437816	0.0525731643203478	57.6095
chr5	25523411	0.010683075871255847	57.614
chr5	25617017	0.0	57.615
chr5	25639326	0.0	57.615
chr5	25651776	0.0	57.615
chr5	25692516	0.0	57.615
chr5	25721043	0.22903211030165602	57.615
chr5	25742874	0.3626293927606905	57.62
chr5	25773208	0.3938740993026809	57.631
chr5	25816369	0.38450162673738597	57.648
chr5	25833274	0.0	57.6545
chr5	25857527	0.12365434972361808	57.6545
chr5	25995007	0.18857606215467723	57.6715
chr5	26154094	0.0	57.7015
chr5	26189003	0.24271032104713905	57.7015
chr5	26248745	0.24161735700193485	57.716
chr5	26350145	0.0828450496317906	57.7405
chr5	26416534	0.06545930613135749	57.746
chr5	26462364	0.7598784194528464	57.749
chr5	26530138	0.41141496412916295	57.8005
chr5	26793862	0.08361204013378243	57.909
chr5	26811802	0.37909274358165496	57.9105
chr5	26897533	20.22867194371437	57.943
chr5	26898670	0.0	57.966
chr5	26928547	0.2515596699534842	57.966
chr5	26938485	0.08286002681653874	57.9685
chr5	27071239	0.0	57.9795
chr5	27149903	0.0	57.9795
chr5	27233651	0.1901502186727587	57.9795
chr5	27265205	0.5879049524411233	57.9855
chr5	27379169	0.7901850696609837	58.0525
chr5	27403214	0.1526251526252617	58.0715
chr5	27426146	0.72434607645878	58.075
chr5	27438571	1.566666666666568	58.084
chr5	27468571	0.8293296728436388	58.131
chr5	27486055	0.0	58.1455
chr5	27486105	0.0	58.1455
chr5	27500680	0.22285612408629832	58.1455
chr5	27534334	0.2834528923096641	58.153
chr5	27580197	0.7043155333591231	58.166
chr5	27595815	0.44322557411557767	58.177
chr5	27631914	0.271769428029891	58.193
chr5	27703666	0.15628488501898335	58.2125
chr5	27770851	0.02442320530146469	58.223
chr5	27832268	0.0	58.2245
chr5	27908860	0.0	58.2245
chr5	27965800	0.0	58.2245
chr5	27976981	0.023627256402964994	58.2245
chr5	28082791	0.0	58.227
chr5	28098309	0.045348183351862574	58.227
chr5	28153438	0.4471986200726951	58.2295
chr5	28169091	2.462515048703169	58.2365
chr5	28187365	0.4309553078150766	58.2815
chr5	28258138	0.20198592562074866	58.312
chr5	28381909	0.0606225940407654	58.337
chr5	28447891	6.155143338953903	58.341
chr5	28453821	2.2377469708549245	58.3775
chr5	28472143	2.0951183741880226	58.4185
chr5	28496008	2.0358678744624545	58.4685
chr5	28649014	0.03862495171872033	58.78
chr5	28674904	0.8904719501336704	58.781
chr5	28710840	0.3141725065791188	58.813
chr5	28846116	0.2450520178601491	58.8555
chr5	29160335	0.36275602938705254	58.9325
chr5	29291277	1.8000370595866517	58.98
chr5	29329054	0.2801748290933649	59.048
chr5	29355823	0.062034098075911405	59.0555
chr5	29452544	0.04433354022312939	59.0615
chr5	29531491	0.24943078615468212	59.065
chr5	29609669	0.07238315834389412	59.0845
chr5	29740915	0.05993407252019453	59.094
chr5	29807655	0.0	59.098
chr5	29828443	0.0351197583760637	59.098
chr5	29871154	0.9075966554705591	59.0995
chr5	29941119	0.46260225944687144	59.163
chr5	30023263	0.044246221372654534	59.201
chr5	30079765	0.08784104284890563	59.2035
chr5	30193607	0.40707845512042495	59.2135
chr5	30342227	0.6304491565819941	59.274
chr5	30407260	0.282766926742431	59.315
chr5	30502745	0.05120065536863319	59.342
chr5	30522276	0.06454527851272636	59.343
chr5	30537769	0.0	59.344
chr5	30582659	1.8708730741013182	59.344
chr5	30596289	0.05983246908655991	59.3695
chr5	30621359	0.5684811846592831	59.371
chr5	30657420	0.27105517908994764	59.3915
chr5	30683245	0.4082920401610613	59.3985
chr5	30737128	0.0	59.4205
chr5	30746164	0.48828125000001854	59.4205
chr5	30749236	0.10189525168134447	59.422
chr5	30783585	0.31261723146195813	59.4255
chr5	30799579	0.40244306614260467	59.4305
chr5	30820700	0.1603275615410947	59.439
chr5	30901784	0.5552727777520917	59.452
chr5	30923395	0.185938991909172	59.464
chr5	31022890	0.0	59.4825
chr5	31063326	0.13795386822633962	59.4825
chr5	31099570	0.0	59.4875
chr5	31110521	0.06473120367681148	59.4875
chr5	31141418	1.4492753623180374	59.4895
chr5	31144178	0.0	59.4935
chr5	31184690	3.3486814566763625	59.4935
chr5	31196635	0.5792199837552315	59.5335
chr5	31271736	0.6107415341827125	59.577
chr5	31324950	0.0	59.6095
chr5	31409844	0.18798688603487296	59.6095
chr5	31476338	0.7207856563654047	59.622
chr5	31554031	0.12012087953775878	59.678
chr5	31633118	4.367720465890348	59.6875
chr5	31647542	0.13636518596802752	59.7505
chr5	31735541	1.2030936694353302	59.7625
chr5	31752996	1.6066838046276146	59.7835
chr5	31768556	2.5974743706651524	59.8085
chr5	31804745	0.7454783602262863	59.9025
chr5	31876511	0.16346737658191562	59.956
chr5	31897922	0.0	59.9595
chr5	31918420	0.3346720214190221	59.9595
chr5	31936348	1.5019162379588318	59.9655
chr5	31965311	0.3496503496503629	60.009
chr5	31969601	0.1928693447954208	60.0105
chr5	31987748	0.8682268439953615	60.014
chr5	32013087	0.12076461251795584	60.036
chr5	32042069	1.3459200635126218	60.0395
chr5	32122683	4.515998379910874	60.148
chr5	32147373	1.0090107002064779	60.2595
chr5	32232605	0.2969121140139817	60.3455
chr5	32241025	0.021083702298074415	60.348
chr5	32288455	0.0	60.349
chr5	32362857	0.1548772246001744	60.349
chr5	32433881	0.2996920405927326	60.36
chr5	32482264	0.372932418795808	60.3745
chr5	32550641	0.5258989778999181	60.4
chr5	32631455	0.0	60.4425
chr5	32644755	0.08980207622392063	60.4425
chr5	32672594	0.096558075968962	60.445
chr5	32739911	0.10606140955610113	60.4515
chr5	32871910	0.34337341081953754	60.4655
chr5	33161682	0.18391052630289045	60.565
chr5	33569489	0.07902015013828825	60.64
chr5	33683384	0.19682625726802844	60.649
chr5	33838343	0.0	60.6795
chr5	33842148	0.3750042614121564	60.6795
chr5	33871481	0.0	60.6905
chr5	33897912	4.9029552985729365	60.6905
chr5	33912699	0.11568182869857165	60.763
chr5	33934310	0.0	60.7655
chr5	33970406	0.24172105390357518	60.7655
chr5	33991091	0.0	60.7705
chr5	34022699	0.08493799526350823	60.7705
chr5	34122772	0.9123459340356206	60.779
chr5	34151818	0.31716664464121724	60.8055
chr5	34189653	1.6561036975699737	60.8175
chr5	34221052	0.3818737270875909	60.8695
chr5	34256404	0.3364879074657884	60.883
chr5	34303954	0.0	60.899
chr5	34677763	0.5871906507790562	60.899
chr5	34747587	0.7336084364972647	60.94
chr5	34769397	1.3209359774925922	60.956
chr5	34798543	0.7214701014300346	60.9945
chr5	34822106	0.42495705697107994	61.0115
chr5	34933882	0.02936598831247687	61.059
chr5	34967935	0.5287384921622494	61.06
chr5	35016163	0.0	61.0855
chr5	35036217	0.20779580598786732	61.0855
chr5	35093966	2.95492028587147	61.0975
chr5	35115794	0.15024782052280578	61.162
chr5	35398660	0.34687855550514135	61.2045
chr5	35506767	0.21931198696664733	61.242
chr5	35634439	0.026276029691852314	61.27
chr5	35710554	0.11181241072122791	61.272
chr5	35929671	0.10496850944716983	61.2965
chr5	36115441	0.0	61.316
chr5	36151065	0.0	61.316
chr5	36197318	0.3925640765878799	61.316
chr5	36236802	0.26857980461956127	61.3315
chr5	36346639	0.31088888313169916	61.361
chr5	36385238	0.02068731536575034	61.373
chr5	36506085	0.10273652750532998	61.3755
chr5	36613155	0.00989759290540578	61.3865
chr5	36764707	0.006056715080038126	61.388
chr5	36929813	0.10398469345302913	61.389
chr5	36953855	0.0	61.3915
chr5	37006434	0.0	61.3915
chr5	37071301	0.0	61.3915
chr5	37128089	0.06608886119451148	61.3915
chr5	37286966	0.06806919460529201	61.402
chr5	37397148	0.3751085840636351	61.4095
chr5	37422474	0.0167984787297987	61.419
chr5	37571297	0.0	61.4215
chr5	37783193	0.026702269692899613	61.4215
chr5	37876818	0.0	61.424
chr5	37889694	0.0	61.424
chr5	37947709	0.07173258093826487	61.424
chr5	37968620	0.0	61.4255
chr5	37981588	0.0	61.4255
chr5	37997337	0.35705784337063956	61.4255
chr5	38009940	0.0	61.43
chr5	38033696	0.5744069779810876	61.43
chr5	38080701	0.0	61.457
chr5	38185707	0.03172163909233937	61.457
chr5	38327566	0.06700143876770688	61.4615
chr5	38469354	0.0	61.471
chr5	38599412	0.010553866936846061	61.471
chr5	38741540	0.0320307495196917	61.4725
chr5	38772760	0.12445860506792965	61.4735
chr5	38853108	0.12732365673542628	61.4835
chr5	38864889	0.13594202595445026	61.485
chr5	38960518	0.03545068455273685	61.498
chr5	39101559	0.014918952788974465	61.503
chr5	39503732	1.035464664768354	61.509
chr5	39515321	0.030892038503808693	61.521
chr5	39596248	0.00605843970946616	61.5235
chr5	39761307	0.0	61.5245
chr5	40434313	0.004055336417191535	61.5245
chr5	40804196	0.3713937665270015	61.526
chr5	40871510	0.12327475768050551	61.551
chr5	41078365	0.01830914999770121	61.5765
chr5	41296835	0.021304051421908485	61.5805
chr5	41461123	0.0	61.584
chr5	41526936	0.0	61.584
chr5	41567246	0.043018153660846506	61.584
chr5	41602115	0.8126777732624508	61.5855
chr5	41616881	0.4320642504956797	61.5975
chr5	41695573	0.2646024872633605	61.6315
chr5	41933666	0.020900139135226894	61.6945
chr5	42101129	0.23638618894628577	61.698
chr5	42297841	0.06896196798928833	61.7445
chr5	42783616	0.4111842105261543	61.778
chr5	42796992	0.0	61.7835
chr5	42806240	3.120199692780911	61.7835
chr5	42816656	0.0680942523498616	61.816
chr5	43220508	0.07090815621062883	61.8435
chr5	43276919	1.6873889875666714	61.8475
chr5	43293809	0.032812346192128465	61.876
chr5	43385238	0.0	61.879
chr5	43428742	0.019524538439949016	61.879
chr5	43556786	0.018571309184397672	61.8815
chr5	43664479	0.0	61.8835
chr5	43688400	0.049765838632972896	61.8835
chr5	43879294	0.01495871394949995	61.893
chr5	43979570	0.16701783236549272	61.8945
chr5	44096324	0.8110171108708405	61.914
chr5	44127766	0.5473953106468595	61.9395
chr5	44138727	0.16239220517413128	61.9455
chr5	44228017	0.2783873186388603	61.96
chr5	44319616	0.25217108944817124	61.9855
chr5	44464359	0.15471753958753137	62.022
chr5	44613017	0.0	62.045
chr5	44768117	0.013261684870527372	62.045
chr5	44956630	0.04883229768165961	62.0475
chr5	45038543	0.04469873055607019	62.0515
chr5	45329379	0.0	62.0645
chr5	45351923	0.0	62.0645
chr5	45378203	0.048959608323019314	62.0645
chr5	45398628	0.0	62.0655
chr5	45453944	0.01588747431525046	62.0655
chr5	45548358	0.03075598203854408	62.067
chr5	45613386	0.12084105373399315	62.069
chr5	45687864	0.16900895747472178	62.078
chr5	45764783	0.14338805489711873	62.091
chr5	45935648	0.15473198544582153	62.1155
chr5	46042284	0.0	62.132
chr5	46082139	0.0	62.132
chr5	46113896	0.15232827915920918	62.132
chr5	46156567	0.12810986702202357	62.1385
chr5	46195596	0.11307260674754514	62.1435
chr5	46266347	0.062187269787535894	62.1515
chr5	46370870	0.6647506207597497	62.158
chr5	46422017	0.18047645784872746	62.192
chr5	46521753	0.06996921354601872	62.21
chr5	46621797	0.4594900728772548	62.217
chr5	46715379	0.16599635756569092	62.26
chr5	46820803	0.3377280733254396	62.2775
chr5	46937761	0.04286510351927739	62.317
chr5	46984419	0.445706362045644	62.319
chr5	47014708	0.0	62.3325
chr5	47028838	1.0735217315613048	62.3325
chr5	47046071	0.07334246039507417	62.351
chr5	47127879	0.562509698443098	62.357
chr5	47205211	0.17161417784250346	62.4005
chr5	47324665	0.3406540557871716	62.421
chr5	47374569	1.1722618590456138	62.438
chr5	47424046	0.163373158500349	62.496
chr5	47564828	0.5157424234982267	62.519
chr5	47666623	0.25465875726527415	62.5715
chr5	47766757	0.2082996530411534	62.597
chr5	47927583	0.10898596997512963	62.6305
chr5	48253313	0.24755684966227112	62.666
chr5	48507800	0.13703974797585514	62.729
chr5	48817929	0.12040862886252658	62.7715
chr5	48896827	0.2591927011335459	62.781
chr5	48925763	0.22963430736549512	62.7885
chr5	48995439	0.7599580712791031	62.8045
chr5	49014519	0.19613654590467636	62.819
chr5	49129235	0.7799574568656829	62.8415
chr5	49150390	0.07363634690083304	62.858
chr5	49476316	0.21452322213878652	62.882
chr5	49606838	0.022407457201863736	62.91
chr5	49651466	0.12971203927272473	62.911
chr5	49701577	0.061969387122805634	62.9175
chr5	49814536	0.21578986531733285	62.9245
chr5	49948926	0.15800501494180083	62.9535
chr5	50094491	0.31788309932675324	62.9765
chr5	50243917	0.11233570902555438	63.024
chr5	50404151	0.41240205451202466	63.042
chr5	50457497	0.3367003367002355	63.064
chr5	50478287	0.2400485745350915	63.071
chr5	50690744	0.19195785196209783	63.122
chr5	50860052	0.06341663838224866	63.1545
chr5	51419842	0.39030525123191573	63.19
chr5	51604313	0.12442260136554277	63.262
chr5	51797204	0.3554007877507194	63.286
chr5	51950552	0.06377366147782582	63.3405
chr5	52123037	0.08166411874613393	63.3515
chr5	52276103	0.17657821475669458	63.364
chr5	52542274	0.0	63.411
chr5	52565887	0.16913368559795383	63.411
chr5	52737349	0.012230150465802756	63.44
chr5	53023527	0.06828461025552868	63.4435
chr5	53148006	0.019389314161216965	63.452
chr5	53276943	0.1607406931137225	63.4545
chr5	53308049	0.22459615882980494	63.4595
chr5	53481694	0.11304930229382851	63.4985
chr5	53716105	0.13890542524913685	63.525
chr5	53741302	0.0	63.5285
chr5	53752814	0.18334270418266518	63.5285
chr5	53793721	1.12248767538867	63.536
chr5	53859646	0.0	63.61
chr5	53900653	0.1561823000111137	63.61
chr5	53999896	0.28289955401710554	63.6255
chr5	54059988	0.0	63.6425
chr5	54190833	0.20242349787801794	63.6425
chr5	54262465	0.10674181290315665	63.657
chr5	54285886	0.5934839554682608	63.6595
chr5	54359182	0.6696972156829724	63.703
chr5	54408458	0.03489461825290125	63.736
chr5	54508760	0.19277904767144657	63.7395
chr5	54545071	0.2621403761715273	63.7465
chr5	54606107	0.05432863390647031	63.7625
chr5	54679733	0.2129079541592781	63.7665
chr5	54923970	0.6232139599926554	63.8185
chr5	54956864	0.15951425337041222	63.839
chr5	55054034	0.0	63.8545
chr5	55105458	0.011054731978023612	63.8545
chr5	55376835	0.0	63.8575
chr5	55455324	0.0	63.8575
chr5	55570003	0.0	63.8575
chr5	55649471	0.005208496098824283	63.8575
chr5	55841465	0.032818304737620624	63.8585
chr5	55917642	0.0	63.861
chr5	55993477	0.0	63.861
chr5	56046785	0.0	63.861
chr5	56089295	0.19885366709568508	63.861
chr5	56132040	0.13811946580411297	63.8695
chr5	56331143	0.7531599973803416	63.897
chr5	56376950	0.0	63.9315
chr5	56398794	0.06977782739760184	63.9315
chr5	56470450	0.1594187495773048	63.9365
chr5	56573951	0.22459292532280764	63.953
chr5	56618476	0.24165365454679802	63.963
chr5	56752966	0.0	63.9955
chr5	56788593	0.0	63.9955
chr5	56836990	0.3521550169207138	63.9955
chr5	56895203	0.5211100666202203	64.016
chr5	56944137	0.606575275992061	64.0415
chr5	56960623	0.038965846435508385	64.0515
chr5	57011950	2.225106619692278	64.0535
chr5	57038915	0.0978320419502906	64.1135
chr5	57064469	0.23102691463583738	64.116
chr5	57081783	1.0015934441155685	64.12
chr5	57125713	22.32142857140827	64.164
chr5	57125937	1.424808946073194	64.169
chr5	57149098	1.3641511376505011	64.202
chr5	57187950	0.13373274847532504	64.255
chr5	57206644	0.4050073637706145	64.2575
chr5	57233804	0.1635307245372649	64.2685
chr5	57337760	1.1274118050006812	64.2855
chr5	57407832	2.189225204644597	64.3645
chr5	57428844	0.07378113563931245	64.4105
chr5	57530496	1.1128807288626572	64.418
chr5	57631585	4.656938838869541	64.5305
chr5	57657353	0.0	64.6505
chr5	57689593	0.6245662734215877	64.6505
chr5	57711208	0.9443099273604665	64.664
chr5	57731858	0.9952499434519598	64.6835
chr5	57753963	2.783397780464758	64.7055
chr5	57837494	3.0610292710923397	64.938
chr5	57889764	0.08151492350141228	65.098
chr5	57969504	2.998629198080585	65.1045
chr5	57987012	4.345127250155502	65.157
chr5	58017621	0.0	65.29
chr5	58046380	0.9610139996363479	65.29
chr5	58123382	0.8854060655403884	65.364
chr5	58270772	0.5547076943870416	65.4945
chr5	58625914	0.09473644321488978	65.6915
chr5	58678692	0.0	65.6965
chr5	58697081	1.4375326711971834	65.6965
chr5	58739167	0.07871536523903136	65.757
chr5	58783631	0.7590918501145463	65.7605
chr5	58798122	4.032771575327879	65.7715
chr5	58821679	2.1363307697363347	65.8665
chr5	58836892	0.40278497036682215	65.899
chr5	58854271	0.1894246901546945	65.906
chr5	58872748	11.587685921826797	65.9095
chr5	58890094	2.3824257425742013	66.1105
chr5	58906254	2.470135654990599	66.149
chr5	58930949	0.05351791066102334	66.21
chr5	58958977	1.5234854180681054	66.2115
chr5	58984248	0.031135188990450865	66.25
chr5	59032425	9.898190045249512	66.2515
chr5	59050105	5.790329134498184	66.4265
chr5	59084559	14.903646194370525	66.626
chr5	59098985	0.4831900717157178	66.841
chr5	59118646	0.8551556383262078	66.8505
chr5	59276512	0.6879586390927546	66.9855
chr5	59324480	3.8313718937241648	67.0185
chr5	59366371	4.25287356321828	67.179
chr5	59383771	17.582483865130538	67.253
chr5	59400350	0.7472527472525674	67.5445
chr5	59434475	3.31433713257354	67.57
chr5	59467815	0.5453008697551662	67.6805
chr5	59504492	2.04470467958534	67.7005
chr5	59526011	46.45708582834247	67.7445
chr5	59536031	0.3851484266726015	68.21
chr5	60176044	0.0	68.4565
chr5	60201247	0.0	68.4565
chr5	60218808	0.11854167398399605	68.4565
chr5	60332692	0.0	68.47
chr5	60346729	0.7243227582214339	68.47
chr5	60360535	0.9907026367924874	68.48
chr5	60373657	2.245765617499832	68.493
chr5	60402823	5.375422966548267	68.5585
chr5	60426170	0.0	68.684
chr5	60442553	3.266659965825597	68.684
chr5	60462451	0.0	68.749
chr5	60476859	0.44927089751484633	68.749
chr5	60515811	2.360889147175147	68.7665
chr5	60529577	4.329668979917433	68.799
chr5	60545860	1.628100318691875	68.8695
chr5	60560294	0.5503240797358653	68.893
chr5	60593002	1.8414551987422778	68.911
chr5	60615267	0.3699182480673664	68.952
chr5	60642300	3.6895400193902956	68.962
chr5	60660866	2.3360405204785457	69.0305
chr5	60683768	6.673785371062467	69.084
chr5	60693133	1.3101641152938386	69.1465
chr5	60707635	0.7307998937024908	69.1655
chr5	60722687	0.7601373489553711	69.1765
chr5	60760838	0.3657222051125165	69.2055
chr5	60786814	1.057082452431137	69.215
chr5	60811410	0.04259488009561592	69.241
chr5	60834887	1.6671025104598496	69.242
chr5	60850183	0.0	69.2675
chr5	60867431	3.217259651779974	69.2675
chr5	60875357	0.04452359750663804	69.293
chr5	60931507	0.024261245087075806	69.2955
chr5	61137597	0.6353576534124241	69.3005
chr5	61194258	0.10808941156114515	69.3365
chr5	61217387	4.713247463481335	69.339
chr5	61231284	0.0	69.4045
chr5	61277451	0.0	69.4045
chr5	61298050	0.12972860775246361	69.4045
chr5	61317321	0.0	69.407
chr5	61351926	0.2001334222817182	69.407
chr5	61389401	0.46657152266977464	69.4145
chr5	61407619	0.0	69.423
chr5	61426480	1.6405993656349742	69.423
chr5	61444766	0.0	69.453
chr5	61477214	0.10479983231977584	69.453
chr5	61491527	0.0	69.4545
chr5	61507335	1.3595791215942747	69.4545
chr5	61524252	0.060646491599888656	69.4775
chr5	61540741	0.31761156106083466	69.4785
chr5	61559632	0.033112582781615066	69.4845
chr5	61589832	0.043488345123302546	69.4855
chr5	61624324	0.8050569503254587	69.487
chr5	61641093	0.0	69.5005
chr5	61654250	0.944748501433293	69.5005
chr5	61669598	0.0	69.515
chr5	61688670	0.23758944543822544	69.515
chr5	61724446	0.9845828730607755	69.5235
chr5	61745267	3.1672905269217484	69.544
chr5	61759159	0.4310809354461567	69.588
chr5	61777717	1.0695887540383873	69.596
chr5	61800623	1.182033096926002	69.6205
chr5	61816274	1.9397074274630977	69.639
chr5	61828647	1.289146019368533	69.663
chr5	61844549	2.125459558823474	69.6835
chr5	61879365	1.0210823472887331	69.7575
chr5	61896014	2.074511921339066	69.7745
chr5	61966392	0.07529364521598993	69.9205
chr5	61986314	0.10476323508886892	69.922
chr5	62029268	0.0	69.9265
chr5	62044523	0.08411843876170008	69.9265
chr5	62074243	0.10664619059797485	69.929
chr5	62097685	1.0857763300763161	69.9315
chr5	62115184	0.5800837898807826	69.9505
chr5	62130699	10.993176648975119	69.9595
chr5	62134656	1.456249208559968	70.003
chr5	62150450	1.4495037025366118	70.026
chr5	62213920	0.7989511205804828	70.118
chr5	62238327	0.09058518026408306	70.1375
chr5	62254886	0.23677979479122735	70.139
chr5	62273891	3.2959464777643186	70.1435
chr5	62294219	0.5455239757790146	70.2105
chr5	62312550	0.594684041782918	70.2205
chr5	62389902	5.2726494681501235	70.2665
chr5	62422618	0.15240185320726268	70.439
chr5	62439022	2.3526498266466507	70.4415
chr5	62455174	0.2667377967459895	70.4795
chr5	62481417	0.6799357151684807	70.4865
chr5	62505684	1.5911426393079133	70.503
chr5	62535851	0.5094762584062569	70.551
chr5	62575107	2.2863364180730317	70.571
chr5	62584292	0.800686302544798	70.592
chr5	62601777	0.7924627982742222	70.606
chr5	62613134	0.42242703533064097	70.615
chr5	62639174	0.096633295968371	70.626
chr5	62665045	1.2589398119625277	70.6285
chr5	62702378	1.8100112345522632	70.6755
chr5	62718400	4.881562099872523	70.7045
chr5	62737144	0.06020832078936504	70.796
chr5	62753753	2.832861189801807	70.797
chr5	62783405	2.880430144234678	70.881
chr5	62806839	0.16688361536696583	70.9485
chr5	62836800	1.783101682516434	70.9535
chr5	62913352	1.4666608292107892	71.09
chr5	62936193	1.671046425442965	71.1235
chr5	63010398	0.4743877579776948	71.2475
chr5	63436210	0.5333333333333535	71.4495
chr5	63543085	4.397309881013726	71.5065
chr5	63560482	4.802938268117147	71.583
chr5	63602956	4.726606421521164	71.787
chr5	63626969	1.5796025743411792	71.9005
chr5	63712117	24.311183144247273	72.035
chr5	63720755	2.6002248032969653	72.245
chr5	63787480	3.0301903628792655	72.4185
chr5	63868168	5.113057649215824	72.663
chr5	63892713	4.6785005209254695	72.7885
chr5	63994455	0.7196526151443879	73.2645
chr5	64076439	0.050293378038798395	73.3235
chr5	64106264	1.2556641371401505	73.325
chr5	64124581	0.023169243601537857	73.348
chr5	64189322	0.023513920240560666	73.3495
chr5	64231850	1.4491729110701548	73.3505
chr5	64245996	0.6831739260840975	73.371
chr5	64306010	0.7352670857687593	73.412
chr5	64333211	5.9099600208589065	73.432
chr5	64350470	11.71426521239939	73.534
chr5	64378342	5.710803124012141	73.8605
chr5	64400493	7.974302529314075	73.987
chr5	64445011	9.673475258918494	74.342
chr5	64458915	3.8093261791124107	74.4765
chr5	64593847	0.4837812730037451	74.9905
chr5	64904938	9.272997032639543	75.141
chr5	64908982	4.724478982691599	75.1785
chr5	64920306	2.117164309411743	75.232
chr5	64943214	5.126683036075598	75.2805
chr5	64980275	5.8279742765266	75.4705
chr5	64987739	33.649698015531904	75.514
chr5	64988898	0.2728810784265493	75.553
chr5	65007221	3.036523821743134	75.558
chr5	65030603	61.14188325521469	75.629
chr5	65032950	29.353539490750688	75.7725
chr5	65047599	8.119925046845184	76.2025
chr5	65058806	12.64352986711379	76.2935
chr5	65066557	2.6078234704113323	76.3915
chr5	65081512	1.8947326432517375	76.4305
chr5	65131651	0.17130830600570218	76.5255
chr5	65172513	1.9475045780893319	76.5325
chr5	65206916	18.19013160510501	76.5995
chr5	65232067	5.054544291244162	77.057
chr5	65263326	5.913164463722782	77.215
chr5	65287763	2.4954182484618963	77.3595
chr5	65348875	4.749459011325547	77.512
chr5	65384458	20.80335356316061	77.681
chr5	65400441	3.762691828678901	78.0135
chr5	65495187	9.26695047243275	78.37
chr5	65514449	31.32161955691305	78.5485
chr5	65522303	0.326595783285566	78.7945
chr5	65577417	4.860954103549276	78.8125
chr5	65590686	2.125247945593646	78.877
chr5	65671853	4.851047190791632	79.0495
chr5	65753691	0.3207624982818587	79.4465
chr5	65775514	2.546625720919168	79.4535
chr5	65788865	5.274261603375727	79.4875
chr5	65805929	1.3252997263501993	79.5775
chr5	65887420	0.21371707421326214	79.6855
chr5	65943569	2.601007890557571	79.6975
chr5	66023538	3.62476529178427	79.9055
chr5	66103957	2.183565033845341	80.197
chr5	66145174	5.589254766030792	80.287
chr5	66156714	3.4465388796096255	80.3515
chr5	66194433	2.7191206248190367	80.4815
chr5	66211718	7.0574991340496585	80.5285
chr5	66223266	1.3258656773212352	80.61
chr5	66307362	0.29492197973070083	80.7215
chr5	66419256	1.4832527282862629	80.7545
chr5	66474877	0.6087168249324875	80.837
chr5	66478984	0.5778708186139526	80.8395
chr5	66524842	19.517795637199363	80.866
chr5	66527455	0.0	80.917
chr5	66528183	1.0914628987223172	80.917
chr5	66587278	2.821058113797354	80.9815
chr5	66633360	11.794350569601235	81.1115
chr5	66656973	2.0049112554786124	81.39
chr5	66721315	7.420440636474464	81.519
chr5	66734387	0.733621474067281	81.616
chr5	66822307	3.9665970772446566	81.6805
chr5	66841467	6.867313689078797	81.7565
chr5	66870008	2.6641363453886093	81.9525
chr5	66897409	5.72964872845915	82.0255
chr5	66920098	4.268222024798247	82.1555
chr5	66945987	12.512245079703968	82.266
chr5	66968445	12.775822947154053	82.547
chr5	66998854	1.961181263759915	82.9355
chr5	67038371	0.20229140997104805	83.013
chr5	67092748	0.22362359676172694	83.024
chr5	67115107	0.9122556832482333	83.029
chr5	67162791	0.9776873007791912	83.0725
chr5	67200124	1.0795805058605545	83.109
chr5	67235786	1.210829660483409	83.1475
chr5	67297727	0.0	83.2225
chr5	67311334	1.246280480735973	83.2225
chr5	67363088	3.0153237765693985	83.287
chr5	67433893	0.5486753409623685	83.5005
chr5	67459409	5.322431348349476	83.5145
chr5	67472373	6.190502393660769	83.5835
chr5	67508719	0.5311254038008753	83.8085
chr5	67577441	1.10595345649394	83.845
chr5	67609540	0.8677935405977679	83.8805
chr5	67662548	0.41327469511242065	83.9265
chr5	67790792	0.18398830023110474	83.9795
chr5	67896777	0.2333177788151966	83.999
chr5	67918207	0.15135857368029082	84.004
chr5	68109805	0.11036512462062406	84.033
chr5	68164170	0.09526778909439894	84.039
chr5	68221902	0.0	84.0445
chr5	68282058	0.045618773037438894	84.0445
chr5	68336860	0.08095230752630952	84.047
chr5	68466566	0.0	84.0575
chr5	68508345	0.4904549913223805	84.0575
chr5	68534851	0.053172633818048994	84.0705
chr5	68563061	0.3442419791618986	84.072
chr5	68606635	0.4641054085259199	84.087
chr5	68739148	1.6430971458110002	84.1485
chr5	68820397	0.25771633011939704	84.282
chr5	68853379	0.14742087184711153	84.2905
chr5	68921212	0.0843739453256503	84.3005
chr5	68986398	0.0	84.306
chr5	68997895	0.37916129521517844	84.306
chr5	69024269	0.5982053838484773	84.316
chr5	69044329	1.383661722381902	84.328
chr5	69071431	0.5973144741244728	84.3655
chr5	69092358	1.5196778802440605	84.378
chr5	69130853	0.04737428050334107	84.4365
chr5	69173070	0.05882145336041614	84.4385
chr5	69258073	0.34929335267895184	84.4435
chr5	69295291	2.38479343480388	84.4565
chr5	69323805	0.1769285208771531	84.5245
chr5	69346413	1.0231761290631125	84.5285
chr5	69367426	2.4114204874290097	84.55
chr5	69382977	0.4364017223317339	84.5875
chr5	69400163	0.8873293403512399	84.595
chr5	69449750	1.7481772054752496	84.639
chr5	69473203	0.22578284361810283	84.68
chr5	69601645	0.1607717041799181	84.709
chr5	69617195	0.14892772041293106	84.7115
chr5	69687699	0.1251668891861784	84.722
chr5	69699683	0.10523804846553354	84.7235
chr5	69770950	0.06865976145642069	84.731
chr5	69872902	0.5107774032077014	84.738
chr5	69961003	0.0	84.783
chr5	69976622	0.1328056522084372	84.783
chr5	70014271	0.19353055017984525	84.788
chr5	70032356	0.1091083664294386	84.7915
chr5	70055269	0.3298601005105093	84.794
chr5	70106806	0.5737815579855511	84.811
chr5	70121620	0.676374631972464	84.8195
chr5	70146754	1.1396710733947772	84.8365
chr5	70175271	0.49542522241427084	84.869
chr5	70222705	26.89438555162946	84.8925
chr5	70225252	0.13901484810973433	84.961
chr5	70376315	0.4292898319637521	84.982
chr5	70433386	0.8425782895661041	85.0065
chr5	70454749	1.184590028841993	85.0245
chr5	70474165	0.9747201609860019	85.0475
chr5	70537773	0.6044870778500777	85.1095
chr5	70588229	0.035413272894850016	85.14
chr5	70616467	0.2170305119366259	85.141
chr5	70655632	1.3223381437285888	85.1495
chr5	70703653	0.5432590337145957	85.213
chr5	70857355	1.781895937277518	85.2965
chr5	70895236	0.0	85.364
chr5	70940092	0.0	85.364
chr5	70971295	0.04420241168354125	85.364
chr5	71027853	0.17508889128333732	85.3665
chr5	71064977	0.0	85.373
chr5	71103347	0.8988843259249155	85.373
chr5	71160084	0.03728199354272481	85.424
chr5	71294197	0.0	85.429
chr5	71330074	0.324607873688658	85.429
chr5	71368582	0.04469233794554196	85.4415
chr5	71424520	0.0	85.444
chr5	71448544	0.06971556051277893	85.444
chr5	71470060	0.351167114232512	85.4455
chr5	71494265	0.6702208682408399	85.454
chr5	71527090	0.3653826077881304	85.476
chr5	71555827	0.1257013564318605	85.4865
chr5	71643336	0.0	85.4975
chr5	71646842	0.05946481664986923	85.4975
chr5	71672067	0.11176514417704023	85.499
chr5	71725751	3.7167223694830906	85.505
chr5	71743105	4.474839581222329	85.5695
chr5	71749027	4.147071398032493	85.596
chr5	71760722	0.37714255988795986	85.6445
chr5	71799169	0.6663654845267394	85.659
chr5	71843439	0.1461755169297252	85.6885
chr5	71881065	0.46046297459063507	85.694
chr5	71904954	1.931129304418458	85.705
chr5	71984959	0.04061848411821273	85.8595
chr5	72169604	0.3786697554237962	85.867
chr5	72192051	0.0	85.8755
chr5	72238892	0.18071045022694113	85.8755
chr5	72277628	0.1607028069424761	85.8825
chr5	72342966	0.0	85.893
chr5	72354871	0.0	85.893
chr5	72377107	0.0	85.893
chr5	72393833	1.1905191384971048	85.893
chr5	72421552	0.3988300983778961	85.926
chr5	72455401	2.935582568428323	85.9395
chr5	72491680	1.9864234992332894	86.046
chr5	72523647	2.833084126859319	86.1095
chr5	72561768	1.5758480550718024	86.2175
chr5	72597939	0.6792392520375542	86.2745
chr5	72610453	1.7690875232774461	86.283
chr5	72637303	10.13499127028061	86.3305
chr5	72660786	0.0	86.5685
chr5	72681498	3.1927191324612667	86.5685
chr5	72735997	2.750211554734446	86.7425
chr5	72761995	0.1186896660869728	86.814
chr5	72774633	1.1865211200765444	86.8155
chr5	72783061	0.15389350569354482	86.8255
chr5	72805804	0.10699764605229777	86.829
chr5	72815150	1.0250235918130974	86.83
chr5	72845881	1.7445440240811287	86.8615
chr5	72860498	0.4026160221536698	86.887
chr5	72911415	2.3374646662316207	86.9075
chr5	72939009	0.1556137666312272	86.972
chr5	72977566	1.6828857832735558	86.978
chr5	73032234	0.0	87.07
chr5	73053822	1.4385132770889988	87.07
chr5	73079543	0.027417541743143405	87.107
chr5	73152489	1.3205989859689093	87.109
chr5	73194894	0.0	87.165
chr5	73241383	0.0511759942441935	87.165
chr5	73573570	0.5221240317327293	87.182
chr5	73637731	5.589268604279587	87.2155
chr5	73678434	2.379492569560172	87.443
chr5	73712685	1.5520828807430702	87.5245
chr5	73919826	1.9951396597759048	87.846
chr5	73953157	18.261693513653483	87.9125
chr5	73964766	3.935413319652755	88.1245
chr5	74038837	0.017452616147243794	88.416
chr5	74096135	1.1208967173739415	88.417
chr5	74114870	0.8321682977164491	88.438
chr5	74220017	0.09638244554407412	88.5255
chr5	74266706	0.4295163645730996	88.53
chr5	74278347	4.222527182518647	88.535
chr5	74297293	0.2700212840307843	88.615
chr5	74360251	0.2952714388151513	88.632
chr5	74383958	0.19029217167289111	88.639
chr5	74418116	1.129461372421106	88.6455
chr5	74457958	1.3864054523309663	88.6905
chr5	74496547	1.5497193999194068	88.744
chr5	74551073	0.3430984428609012	88.8285
chr5	74645798	0.32391148692405547	88.861
chr5	74704456	0.20319008432413332	88.88
chr5	74743828	0.3400782179901506	88.888
chr5	74761471	0.5693616451200987	88.894
chr5	74806258	0.053946577475030455	88.9195
chr5	74871137	1.115462793118524	88.923
chr5	74891308	0.7163109983584811	88.9455
chr5	74924813	0.8561039327826768	88.9695
chr5	74981465	0.0	89.018
chr5	75006050	0.0	89.018
chr5	75007419	0.0	89.018
chr5	75027564	0.06958619409876375	89.018
chr5	75049120	0.036157211556017456	89.0195
chr5	75104434	0.5146574440053872	89.0215
chr5	75128722	0.525838160584169	89.034
chr5	75246629	0.8279091012903735	89.096
chr5	75421769	0.4477648559792403	89.241
chr5	75503285	0.16814258491121528	89.2775
chr5	75512206	0.4735471310936487	89.279
chr5	75550217	0.0	89.297
chr5	75644213	0.6063809938431447	89.297
chr5	75676371	1.3882240306364941	89.3165
chr5	75707706	2.810743285446361	89.36
chr5	75728519	1.076411217043618	89.4185
chr5	75764286	2.689645372795148	89.457
chr5	75813549	0.10015452412300409	89.5895
chr5	75848495	0.0	89.593
chr5	75961410	0.3168185384104881	89.593
chr5	76027694	0.7889801461552459	89.614
chr5	76105009	4.1455073064565395	89.675
chr5	76124307	6.1736334405147035	89.755
chr5	76155407	14.260967650968828	89.947
chr5	76180230	0.09801003332336346	90.301
chr5	76317971	5.7271780631735485	90.3145
chr5	76326614	0.0	90.364
chr5	76365179	0.22975301550833724	90.364
chr5	76469639	0.8004246102744703	90.388
chr5	76586452	0.0	90.4815
chr5	76609707	0.0672223716052091	90.4815
chr5	76646897	0.0	90.484
chr5	76707156	0.03127084723163697	90.484
chr5	76755124	0.0	90.4855
chr5	76787291	0.0	90.4855
chr5	76859808	1.6017915182805533	90.4855
chr5	76924111	0.0	90.5885
chr5	76948299	3.133860617818355	90.5885
chr5	76968402	0.0	90.6515
chr5	76988397	3.929547713717695	90.6515
chr5	77052781	0.18442245035963076	90.9045
chr5	77085315	1.289752650176811	90.9105
chr5	77113615	1.0168274982053538	90.947
chr5	77138693	1.1580992229530003	90.9725
chr5	77152077	0.47089190414710685	90.988
chr5	77180746	0.33735915255446075	91.0015
chr5	77195567	2.289337733469136	91.0065
chr5	77253444	0.502491949873932	91.139
chr5	77302201	0.38834951456496114	91.1635
chr5	77304776	2.8911811710007824	91.1645
chr5	77339191	7.526963198706823	91.264
chr5	77378782	0.2606215578284681	91.562
chr5	77480462	0.39056143205859906	91.5885
chr5	77511187	14.655361450186254	91.6005
chr5	77538549	0.31989763275904504	92.0015
chr5	77541675	0.46270037911588274	92.0025
chr5	77575174	27.40237127933013	92.018
chr5	77587235	1.1613715995432758	92.3485
chr5	77638037	3.612789526686885	92.4075
chr5	77677757	0.21084591380599868	92.551
chr5	77713328	1.5203892196402098	92.5585
chr5	77744570	0.0	92.606
chr5	77748080	1.8091664433130439	92.606
chr5	77785390	0.0683190774191164	92.6735
chr5	77821983	23.593749999997193	92.676
chr5	77825183	0.028507084010512697	92.7515
chr5	77860262	0.07882705344511862	92.7525
chr5	77872948	0.3352762160211799	92.7535
chr5	77892335	0.866325911808055	92.76
chr5	77926964	2.9305888868372976	92.79
chr5	77948632	0.45907026191179706	92.8535
chr5	77990020	0.1661168988345901	92.8725
chr5	78032159	0.41608614244017184	92.8795
chr5	78190780	5.066597022721776	92.9455
chr5	78209925	1.4782486273405255	93.0425
chr5	78288058	0.5110263768231939	93.158
chr5	78313497	1.5857080928150493	93.171
chr5	78357326	2.238609428495642	93.2405
chr5	78361123	1.716864514863671	93.249
chr5	78381509	1.1744880763925922	93.284
chr5	78420675	0.0	93.33
chr5	78484962	0.0	93.33
chr5	78503655	0.045419311079934285	93.33
chr5	78668783	0.0	93.3375
chr5	78689830	0.02779862674757635	93.3375
chr5	78725803	0.19571724614317185	93.3385
chr5	78769233	0.1755426689751019	93.347
chr5	78851834	0.0	93.3615
chr5	78934160	0.0	93.3615
chr5	78967388	0.0	93.3615
chr5	78975412	0.15981988993270982	93.3615
chr5	79047368	1.4290319114642889	93.373
chr5	79093903	0.8223047751722773	93.4395
chr5	79145587	0.0	93.482
chr5	79147023	0.5944425768471185	93.482
chr5	79268986	1.7316939963500613	93.5545
chr5	79344057	0.0	93.6845
chr5	79349372	0.0	93.6845
chr5	79359558	2.043902554287491	93.6845
chr5	79401879	0.0819096653405687	93.771
chr5	79444609	0.0	93.7745
chr5	79461125	0.0	93.7745
chr5	79487555	0.9565081596003474	93.7745
chr5	79513169	0.2354682454244006	93.799
chr5	79528033	1.5669303089102378	93.8025
chr5	79534734	1.7544619649971596	93.813
chr5	79557818	0.0	93.8535
chr5	79575117	0.48065368901708144	93.8535
chr5	79625049	5.449087020891898	93.8775
chr5	79649365	3.1317163033463205	94.01
chr5	79681935	0.0	94.112
chr5	79697860	0.029520818081051614	94.112
chr5	79782546	0.28198918488531177	94.1145
chr5	79872975	0.6504336224149679	94.14
chr5	79932935	11.843361986628006	94.179
chr5	79938170	2.3704566248019607	94.241
chr5	79950193	1.947867969967659	94.2695
chr5	79978429	1.0100686205346658	94.3245
chr5	80009615	2.348498802726844	94.356
chr5	80020473	286.7454068241361	94.3815
chr5	80021235	8.425021158729804	94.6
chr5	80034232	4.551299648899708	94.7095
chr5	80103443	1.4983784671382618	95.0245
chr5	80176522	0.2756419556072168	95.134
chr5	80210987	0.0	95.1435
chr5	80220299	0.0	95.1435
chr5	80233983	1.015362197522828	95.1435
chr5	80298492	0.7335807370327051	95.209
chr5	80310079	0.1024195103142225	95.2175
chr5	80393071	0.10492790835470514	95.226
chr5	80474079	1.3278665610589473	95.2345
chr5	80495542	0.30901075357423613	95.263
chr5	80592626	0.4403879818118887	95.293
chr5	80683455	1.405789085545885	95.333
chr5	80705151	0.08249191579217734	95.3635
chr5	80765763	1.032110091744788	95.3685
chr5	80770123	0.7564296520423888	95.373
chr5	80785987	0.8076745566027917	95.385
chr5	80816321	11.644486692016777	95.4095
chr5	80818425	3.234175025942785	95.434
chr5	80847335	1.643310357420065	95.5275
chr5	80869242	4.146891030250775	95.5635
chr5	80890101	0.13771657041304972	95.65
chr5	81002651	0.1560589902983387	95.6655
chr5	81041098	0.4728132387711107	95.6715
chr5	81064363	0.0	95.6825
chr5	81081173	12.422360248442326	95.6825
chr5	81082944	0.0	95.7045
chr5	81089527	1.5586284070024654	95.7045
chr5	81102038	0.9234848146327302	95.724
chr5	81169175	0.10024971292123726	95.786
chr5	81224038	3.2948224219083517	95.7915
chr5	81259093	1.3843336031008588	95.907
chr5	81306047	0.11519220642451623	95.972
chr5	81397199	3.592991206194942	95.9825
chr5	81427675	5.462724935733616	96.092
chr5	81433899	15.487413239406306	96.126
chr5	81443552	1.4373502760129697	96.2755
chr5	81539562	23.138409760201814	96.4135
chr5	81544316	1.2737589121767743	96.5235
chr5	81665218	1.2498742942520622	96.6775
chr5	81804432	0.0	96.8515
chr5	81817848	0.017468469412627974	96.8515
chr5	81903717	0.07336643832973756	96.853
chr5	82033204	0.38184381608850637	96.8625
chr5	82084272	0.054597925278656735	96.882
chr5	82148377	0.03375550214701111	96.8855
chr5	82222439	0.5166104613618213	96.888
chr5	82570864	2.0811735033345617	97.068
chr5	82635491	0.0	97.2025
chr5	82666014	0.4728049591984522	97.2025
chr5	82694567	0.02292505341548392	97.216
chr5	82803618	0.1008945987753381	97.2185
chr5	82818485	0.0	97.22
chr5	82828264	0.041399296211867914	97.22
chr5	82876574	0.877253337002923	97.222
chr5	82934710	0.03361525325728747	97.273
chr5	83009081	2.318476897059843	97.2755
chr5	83027412	0.31480482101119817	97.318
chr5	83049648	0.18411362440815088	97.325
chr5	83125688	0.5314991402218511	97.339
chr5	83157673	0.0	97.356
chr5	83161082	0.021588946459515864	97.356
chr5	83207402	0.9131956775404942	97.357
chr5	83227113	0.0	97.375
chr5	83239524	1.0777973740939433	97.375
chr5	83259936	0.10154575200255139	97.397
chr5	83304251	0.08359806052491979	97.4015
chr5	83334156	0.5749401496730103	97.404
chr5	83387205	4.946093142158421	97.4345
chr5	83405199	0.35786292680414744	97.5235
chr5	83618968	0.9418358908395028	97.6
chr5	83640734	0.620696504237194	97.6205
chr5	83701150	0.9139097057215423	97.658
chr5	83712092	1.0730032385184438	97.668
chr5	83737721	1.9831367707705398	97.6955
chr5	83775792	0.0	97.771
chr5	83787197	0.018684254778587372	97.771
chr5	83840718	0.0	97.772
chr5	83862227	0.5909817653924645	97.772
chr5	84066125	8.177815055567516	97.8925
chr5	84075663	6.192268217585069	97.9705
chr5	84090278	0.5970500681141455	98.061
chr5	84149737	0.5742337919695963	98.0965
chr5	84194144	0.0	98.122
chr5	84225306	0.3788385256495055	98.122
chr5	84247743	1.718388805924415	98.1305
chr5	84296626	2.7168792009548626	98.2145
chr5	84328464	0.0	98.301
chr5	84353881	0.31304577058696836	98.301
chr5	84384228	0.5693087489897837	98.3105
chr5	84438680	0.4661356536531654	98.3415
chr5	84499821	0.6828421549732563	98.37
chr5	84578170	0.6481348120409292	98.4235
chr5	84605942	0.5749329244921644	98.4415
chr5	84637250	0.49186192094418174	98.4595
chr5	84659614	0.1654423929586213	98.4705
chr5	84674725	0.3238691568606406	98.473
chr5	84693251	0.630268652013131	98.479
chr5	84718637	0.07833716314983034	98.495
chr5	84737785	0.055389387393639904	98.4965
chr5	84755839	0.2008723599634126	98.4975
chr5	84773263	0.5178016641073522	98.501
chr5	84801266	0.6231500233681495	98.5155
chr5	84820523	1.546497337156719	98.5275
chr5	84869343	3.317827336161185	98.603
chr5	84898579	4.542060726729299	98.7
chr5	84914651	14.535802313088793	98.773
chr5	84930474	18.01408373819522	99.003
chr5	84948793	39.869517941282865	99.333
chr5	84965347	0.5786080343862624	99.993
chr5	84983494	6.096417182517138	100.0035
chr5	84999487	0.06477355166332589	100.101
chr5	85038083	0.07427581084462304	100.1035
chr5	85058278	1.410651503971477	100.105
chr5	85081317	0.1285099273918959	100.1375
chr5	85128006	1.9900918829655352	100.1435
chr5	85151623	0.5454170229076054	100.1905
chr5	85185542	0.758159536652751	100.209
chr5	85225771	8.840864440078255	100.2395
chr5	85236460	5.45021526060272	100.334
chr5	85247377	0.7713451162499422	100.3935
chr5	85375076	1.5445558947517724	100.492
chr5	85402592	2.635338160681723	100.5345
chr5	85422893	1.545253863135065	100.588
chr5	85443278	0.8591822347547423	100.6195
chr5	85465974	1.2476007677548206	100.639
chr5	85481604	1.8068720379140588	100.6585
chr5	85498484	0.0	100.689
chr5	85511839	0.0	100.689
chr5	85616815	0.02475921661850442	100.689
chr5	85657204	0.5103242521788973	100.69
chr5	85695415	0.0	100.7095
chr5	85742899	0.0	100.7095
chr5	85749004	0.9712901760936246	100.7095
chr5	85788642	1.7898052691864412	100.748
chr5	85809594	1.4927120529185782	100.7855
chr5	85826677	1.8531488939470775	100.811
chr5	85860943	9.592243691122752	100.8745
chr5	85875486	0.3917881209845578	101.014
chr5	85894629	5.443630443630409	101.0215
chr5	85914285	1.7523096542170342	101.1285
chr5	86023284	0.05430847212139578	101.3195
chr5	86050904	17.24388824214268	101.321
chr5	86064648	12.130177514792688	101.558
chr5	86103518	4.82867157879695	102.0295
chr5	86131476	0.15008576329311302	102.1645
chr5	86178116	1.0556875164951574	102.1715
chr5	86200850	3.215392561983409	102.1955
chr5	86239570	0.27504431269526775	102.32
chr5	86255931	0.0	102.3245
chr5	86284183	1.28545538837626	102.3245
chr5	86307910	0.8908910591517586	102.355
chr5	86367401	0.0	102.408
chr5	86398529	0.0	102.408
chr5	86406945	1.405294542139539	102.408
chr5	86433274	1.6432626232452643	102.445
chr5	86456703	0.45756507592168544	102.4835
chr5	86486207	1.924677486475066	102.497
chr5	86515043	2.918462643678484	102.5525
chr5	86548451	2.8483786152497945	102.65
chr5	86573553	7.221846084404531	102.7215
chr5	86582415	2.3028321592132084	102.7855
chr5	86659494	1.6564900239189226	102.963
chr5	86726805	3.3908200844339005	103.0745
chr5	86749071	7.046263345195389	103.15
chr5	86784196	0.8333437762378587	103.3975
chr5	86863995	1.2605798667386974	103.464
chr5	87147198	0.7343526399038881	103.821
chr5	87173752	9.791231732776495	103.8405
chr5	87197702	3.129800168749576	104.075
chr5	87336369	4.3042224422157735	104.509
chr5	87406068	1.1315937094997646	104.809
chr5	87457765	1.1184365434410781	104.8675
chr5	87466259	20.169209850431344	104.877
chr5	87479497	10.461442850484136	105.144
chr5	87498806	10.761122686603578	105.346
chr5	87539601	4.2331288343559885	105.785
chr5	87555901	1.343794702848234	105.854
chr5	87578970	3.3328043167744896	105.885
chr5	87597873	2.1084289419666056	105.948
chr5	87660716	0.7465870307165835	106.0805
chr5	87702908	0.030172587198921075	106.112
chr5	87752622	2.5625301152041313	106.1135
chr5	87775451	1.904223914865731	106.172
chr5	87830329	1.2893792370064994	106.2765
chr5	87943174	0.46140564998669237	106.422
chr5	87976767	1.8815730449084913	106.4375
chr5	88057019	0.0	106.5885
chr5	88201458	8.161434977579209	106.5885
chr5	88207033	0.046796761664316296	106.634
chr5	88228402	2.4461105904404468	106.635
chr5	88281752	27.815653122444466	106.7655
chr5	88285419	1.3047352342157847	106.8675
chr5	88316843	6.784893739230075	106.9085
chr5	88358627	4.7909407665509995	107.192
chr5	88382735	8.095066293857231	107.3075
chr5	88404909	5.747713687222775	107.487
chr5	88424482	0.4568713450290407	107.5995
chr5	88490146	10.133312784156786	107.6295
chr5	88503123	4.159132007233216	107.761
chr5	88525243	7.550731477112131	107.853
chr5	88531600	5.7854832316878335	107.901
chr5	88609813	3.011658031088044	108.3535
chr5	88656133	0.9116957541028197	108.493
chr5	88686845	0.08510557819784532	108.521
chr5	88898347	10.070371269109247	108.539
chr5	88902468	0.9341364118006952	108.5805
chr5	88974192	0.8781327385449581	108.6475
chr5	89031131	0.8842192863828101	108.6975
chr5	89059970	0.9657438447704314	108.723
chr5	89105013	4.46787597176404	108.7665
chr5	89116204	2.3351706147176756	108.8165
chr5	89163738	5.588521553483767	108.9275
chr5	89195589	4.308423711186927	109.1055
chr5	89229244	16.763661652208864	109.2505
chr5	89256565	6.942423612554629	109.7085
chr5	89280620	18.473505104520697	109.8755
chr5	89292962	1.020327558059937	110.1035
chr5	89444874	12.628322317536158	110.2585
chr5	89480429	3.145822825134657	110.7075
chr5	89518098	4.211922726142192	110.826
chr5	89578403	1.2750358603836216	111.08
chr5	89597226	0.5792882181690882	111.104
chr5	89630888	0.20033656542974007	111.1235
chr5	89680804	1.1576227390180336	111.1335
chr5	89729179	0.10035470196387429	111.1895
chr5	90018154	0.7205554827718904	111.2185
chr5	90025787	0.712781822966902	111.224
chr5	90071383	8.16655164481228	111.2565
chr5	90075730	1.0737127118246643	111.292
chr5	90118572	1.060098419013942	111.338
chr5	90156776	3.527077669189641	111.3785
chr5	90170385	2.2338973234601434	111.4265
chr5	90194558	0.13605071970818353	111.4805
chr5	90231309	0.26628203705759357	111.4855
chr5	90276374	0.4717259272360143	111.4975
chr5	90310292	0.0	111.5135
chr5	90348253	2.5010250102503915	111.5135
chr5	90360448	0.20744428639180304	111.544
chr5	90377320	0.21607927874224248	111.5475
chr5	90444425	1.318033803690618	111.562
chr5	90476670	0.10304179375145192	111.6045
chr5	90525194	0.10399334442586217	111.6095
chr5	90549234	1.9508188305360088	111.612
chr5	90568713	7.452907452907348	111.65
chr5	90587028	0.7517314470211548	111.7865
chr5	90627601	0.3503854239666134	111.817
chr5	90647579	2.7449324324320363	111.824
chr5	90657051	5.490337006868026	111.85
chr5	90682095	1.023177666724096	111.9875
chr5	90728519	0.7431490942872895	112.035
chr5	90750049	1.0279050957132492	112.051
chr5	90779721	6.615214994486825	112.0815
chr5	90798768	2.128813126883608	112.2075
chr5	90861479	0.5090364852989334	112.341
chr5	90976402	0.028115159693974948	112.3995
chr5	91029754	4.069526831286901	112.401
chr5	91037003	0.6834910620399839	112.4305
chr5	91094063	0.0	112.4695
chr5	91094233	0.0	112.4695
chr5	91115913	0.7469612259218463	112.4695
chr5	91160092	0.33902614739142967	112.5025
chr5	91183689	0.5252100840341742	112.5105
chr5	91205585	0.0	112.522
chr5	91224763	0.12062934050200404	112.522
chr5	91282792	0.5882276048679326	112.529
chr5	91359293	1.302996892853375	112.574
chr5	91379247	0.12328718869993663	112.6
chr5	91407636	0.30980733856143566	112.6035
chr5	91459281	1.4242334667991634	112.6195
chr5	91533707	0.15046428980865964	112.7255
chr5	91603491	0.15562749003969908	112.736
chr5	91619555	0.3582517315499189	112.7385
chr5	91673986	1.1843955881268298	112.758
chr5	91687495	0.09348706762231579	112.774
chr5	91751675	1.377410468319425	112.78
chr5	91764380	1.525940996947957	112.7975
chr5	91796819	0.1147503360546376	112.847
chr5	91827320	0.389501438159313	112.8505
chr5	91844008	0.13388417106581368	112.857
chr5	91922434	0.21753317380901413	112.8675
chr5	91936225	1.8906258818211765	112.8705
chr5	91953944	1.140057245427571	112.904
chr5	91974557	1.1173574496319945	112.9275
chr5	92003196	0.21443450557457971	112.9595
chr5	92019518	0.0	112.963
chr5	92039045	2.0607516064128246	112.963
chr5	92069859	0.0	113.0265
chr5	92090407	0.18750732450487057	113.0265
chr5	92218402	0.3126230229486929	113.0505
chr5	92261585	10.013654984070104	113.064
chr5	92270373	0.7817080320502904	113.152
chr5	92290841	0.2736663937668449	113.168
chr5	92508259	0.6181233774261576	113.2275
chr5	92532526	0.3466204506061298	113.2425
chr5	92552721	1.3644237992303827	113.2495
chr5	92617950	0.03355254328294104	113.3385
chr5	92647754	0.0	113.3395
chr5	92707697	0.0	113.3395
chr5	92722847	0.02374206619276898	113.3395
chr5	92786026	0.07722178095495766	113.341
chr5	92831350	7.914468203277168	113.3445
chr5	92852956	0.12856775520638994	113.5155
chr5	92864623	6.419450356250658	113.517
chr5	92907851	1.1898656272439623	113.7945
chr5	92956596	1.4490886842273771	113.8525
chr5	93003177	2.3747246696036144	113.92
chr5	93032233	4.8295312733988975	113.989
chr5	93072299	10.351377018041829	114.1825
chr5	93077564	15.581854043394031	114.237
chr5	93082634	7.86779358207878	114.316
chr5	93097187	0.4675249946056689	114.4305
chr5	93111090	48.13881891967451	114.437
chr5	93114663	1.2181048852420475	114.609
chr5	93145859	7.623233227530227	114.647
chr5	93182720	0.6136634861742266	114.928
chr5	93359527	5.654918463966102	115.0365
chr5	93386141	1.74275269914124	115.187
chr5	93409667	0.06649466712801386	115.228
chr5	93447264	0.09115437905628697	115.2305
chr5	93474690	133.33333333333837	115.233
chr5	93474735	1.64561560983946	115.239
chr5	93521526	10.872985027668118	115.316
chr5	93575559	0.1624842029249784	115.9035
chr5	93603254	5.045164133068627	115.908
chr5	93625949	12.20418125862273	116.0225
chr5	93644795	0.46600458365169634	116.2525
chr5	93710245	0.6195258291490088	116.283
chr5	93956401	14.762371017548992	116.4355
chr5	93982955	3.4594475866236003	116.8275
chr5	94001166	15.39127423822683	116.8905
chr5	94030046	4.20278434462972	117.335
chr5	94037660	0.0	117.367
chr5	94038357	0.0	117.367
chr5	94040631	1.553492550722438	117.367
chr5	94067345	0.09336719450245468	117.4085
chr5	94094121	0.0	117.411
chr5	94095211	0.0	117.411
chr5	94104859	4.170365783603506	117.411
chr5	94238900	1.7485204826686687	117.97
chr5	94264922	2.142900875528153	118.0155
chr5	94313921	2.8574760905049086	118.1205
chr5	94322495	3.698965402158465	118.145
chr5	94340473	0.09381919165375939	118.2115
chr5	94367120	0.0	118.214
chr5	94392031	0.9881620186452152	118.214
chr5	94442124	1.0029765756440374	118.2635
chr5	94457578	0.4137863888617444	118.279
chr5	94478120	23.62757330006328	118.2875
chr5	94490944	0.144460954267306	118.5905
chr5	94515172	2.813612525361172	118.594
chr5	94541295	0.7079746261895583	118.6675
chr5	94558951	0.7089620069076035	118.68
chr5	94586456	0.4611330698284274	118.6995
chr5	94609226	0.5093570781768982	118.71
chr5	94662234	0.12805409004824755	118.737
chr5	94681757	7.116104868913536	118.7395
chr5	94705787	0.39632821089782294	118.9105
chr5	94744896	0.7709400934196139	118.926
chr5	94766947	0.4763164858428336	118.943
chr5	94785842	0.0	118.952
chr5	94801309	0.0	118.952
chr5	94836377	0.20854187520835218	118.952
chr5	94860353	0.6120612061209764	118.957
chr5	94888128	5.617742003102349	118.974
chr5	94911981	11.531531531531543	119.108
chr5	94934181	15.762209479487039	119.364
chr5	94970280	2.1220298132086888	119.933
chr5	95008451	62.252964426878556	120.014
chr5	95014017	0.053397885443485504	120.3605
chr5	95042108	0.4170141784821245	120.362
chr5	95100859	1.2965861834512569	120.3865
chr5	95164102	1.7670748746606457	120.4685
chr5	95188436	0.0	120.5115
chr5	95215569	0.6461803561173118	120.5115
chr5	95278245	0.1302635790476489	120.552
chr5	95412588	0.0	120.5695
chr5	95427570	0.21256649515995502	120.5695
chr5	95519306	4.238951252060762	120.589
chr5	95532045	2.273317744868945	120.643
chr5	95570535	2.613547376664016	120.7305
chr5	95621615	0.534673581778218	120.864
chr5	95659021	1.3697899062494117	120.884
chr5	95715234	3.9458334286433066	120.961
chr5	95758951	0.0	121.1335
chr5	95782143	0.06645401382228	121.1335
chr5	95812239	0.33682735577060285	121.1355
chr5	95849350	0.0	121.148
chr5	95873338	0.08774084862940815	121.148
chr5	95901831	1.0230454447558397	121.1505
chr5	95929689	0.5377331269836688	121.179
chr5	95967812	3.937372614415126	121.1995
chr5	95989400	4.475882889841043	121.2845
chr5	96017886	2.4039242439007915	121.412
chr5	96048669	1.0043209155669568	121.486
chr5	96134299	1.4786349115980595	121.572
chr5	96197533	3.6803519061584278	121.6655
chr5	96231633	0.5012917903831114	121.791
chr5	96257566	0.3508279539710534	121.804
chr5	96278944	0.18440544610751536	121.8115
chr5	96311481	0.7118387685191683	121.8175
chr5	96333958	1.1583906093135043	121.8335
chr5	96359856	0.4958464807778877	121.8635
chr5	96592791	9.91831971995349	121.979
chr5	96603932	2.06363499924963	122.0895
chr5	96670562	28.23422605537838	122.227
chr5	96681577	3.9331527238308888	122.538
chr5	96712214	0.1513019533080796	122.6585
chr5	96778307	0.8880994671403534	122.6685
chr5	96808709	0.98763200702329	122.6955
chr5	96886167	0.8086103055988278	122.772
chr5	96904099	1.1157310044788298	122.7865
chr5	96966390	1.403893713159509	122.856
chr5	97020169	0.13974287311413847	122.9315
chr5	97030903	1.8217937371719926	122.933
chr5	97137117	2.50335750738656	123.1265
chr5	97230192	1.6747079229634991	123.3595
chr5	97280350	10.214241571104834	123.4435
chr5	97309476	6.187776548672637	123.741
chr5	97338404	0.0	123.92
chr5	97480373	3.6698715100675545	123.92
chr5	97536642	0.9756097560976922	124.1265
chr5	97586867	0.2968386681838533	124.1755
chr5	97607080	14.780752176054964	124.1815
chr5	97625347	0.04490547397749225	124.4515
chr5	97647616	0.0	124.4525
chr5	97668853	0.6913949359992345	124.4525
chr5	97882913	0.9622674520328763	124.6005
chr5	97900060	0.0	124.617
chr5	97917059	2.082928809729723	124.617
chr5	98143663	0.05889350875741119	125.089
chr5	98228562	0.08768340445473562	125.094
chr5	98245669	0.0	125.0955
chr5	98266998	0.31376891842000565	125.0955
chr5	98294088	0.3948753948756177	125.104
chr5	98328276	0.8207100314213898	125.1175
chr5	98349599	2.4715965716562733	125.135
chr5	98374684	0.19583268055755335	125.197
chr5	98400216	1.441428122632324	125.202
chr5	98454329	0.17617597463060672	125.28
chr5	98533795	0.14342629482094904	125.294
chr5	98565170	0.0	125.2985
chr5	98594045	2.8954120665708802	125.2985
chr5	98679007	0.583746820664462	125.5445
chr5	98702990	6.761107533805794	125.5585
chr5	98727838	1.3130252100839057	125.7265
chr5	98741166	2.1567578412357165	125.744
chr5	98771072	8.370244919228929	125.8085
chr5	98801776	4.136110296274308	126.0655
chr5	98818821	1.2987012987012738	126.136
chr5	98850776	0.1221597849993617	126.1775
chr5	98867148	2.493441421852288	126.1795
chr5	98909459	3.8223988252063816	126.285
chr5	98955765	1.5571950067646807	126.462
chr5	98994938	1.628239063806177	126.523
chr5	99052362	2.6364016332827584	126.6165
chr5	99083465	13.209722355654034	126.6985
chr5	99093874	1.7345819232612159	126.836
chr5	99223300	1.1700986605915273	127.0605
chr5	99336111	5.872347318970121	127.1925
chr5	99348457	0.41382074156676396	127.265
chr5	99463241	0.2753832416780123	127.3125
chr5	99583074	0.0253389078931908	127.3455
chr5	99622539	1.9192256341785827	127.3465
chr5	99652499	2.2621332602142847	127.404
chr5	99674381	3.221310205977984	127.4535
chr5	99706666	1.1392320235888473	127.5575
chr5	99751433	0.7600632372610809	127.6085
chr5	99784325	1.1161212554131246	127.6335
chr5	99829123	2.662506305935956	127.6835
chr5	99882644	0.30413625304137404	127.826
chr5	100060196	0.30846969652479517	127.88
chr5	100094235	1.7068730086476822	127.8905
chr5	100107417	2.217216864926325	127.913
chr5	100121624	9.682012339820016	127.9445
chr5	100132159	2.8228958568573668	128.0465
chr5	100143672	240.7407407407624	128.079
chr5	100143861	1.2120776807117222	128.1245
chr5	100255240	1.2736594331410656	128.2595
chr5	100286253	0.8744038155799427	128.299
chr5	100323993	0.08333888925920815	128.332
chr5	100353991	0.7221520129996187	128.3345
chr5	100376147	1.528823924229876	128.3505
chr5	100389556	0.4180396399939976	128.371
chr5	100409889	1.0880482089050991	128.3795
chr5	100457681	1.0017712477135925	128.4315
chr5	100492120	0.8591332070510864	128.466
chr5	100588729	3.7990039586250592	128.549
chr5	100604391	0.7613076578597078	128.6085
chr5	100660216	3.8396081524221133	128.651
chr5	100684307	0.018413154357037567	128.7435
chr5	100738616	4.930889889734802	128.7445
chr5	100764372	4.5954719844853855	128.8715
chr5	100788091	0.24313843086562253	128.9805
chr5	101034864	1.426774550847493	129.0405
chr5	101088131	3.0098774852684707	129.1165
chr5	101111720	1.2428769082850004	129.1875
chr5	101154363	0.279563880346859	129.2405
chr5	101179402	0.08609927246155882	129.2475
chr5	101202631	0.42196885704346876	129.2495
chr5	101263062	0.0	129.275
chr5	101294827	0.3294125208895489	129.275
chr5	101357059	1.5599650567813093	129.2955
chr5	101365072	0.49913611057804685	129.308
chr5	101391117	0.0	129.321
chr5	101421505	0.06306647206159793	129.321
chr5	101477002	0.0	129.3245
chr5	101496784	0.0	129.3245
chr5	101526351	0.37459785818156777	129.3245
chr5	101571733	0.17499343774620957	129.3415
chr5	101651736	0.5842096478048653	129.3555
chr5	101747592	0.1831110568559901	129.4115
chr5	101780359	0.12622164520907717	129.4175
chr5	101835817	3.775722106852184	129.4245
chr5	101846411	0.2145993595036928	129.4645
chr5	101937278	0.22043078473375116	129.484
chr5	101969034	0.0	129.491
chr5	101989299	0.06459948320383081	129.491
chr5	102012519	0.874086691469525	129.4925
chr5	102034828	0.9564439551366545	129.512
chr5	102107493	0.0	129.5815
chr5	102129676	0.9851569683433489	129.5815
chr5	102175354	2.0753917831430155	129.6265
chr5	102198964	2.4477948184732594	129.6755
chr5	102222046	0.6321112515800299	129.732
chr5	102239448	0.37874005807408795	129.743
chr5	102263211	1.467968595368454	129.752
chr5	102293525	0.06004323112612887	129.7965
chr5	102318507	0.0	129.798
chr5	102341428	0.6261439167712759	129.798
chr5	102362190	0.7705028940839814	129.811
chr5	102388796	0.42812291884671316	129.8315
chr5	102420329	0.09141603437249425	129.845
chr5	102496902	0.0	129.852
chr5	102524995	0.8404685612229136	129.852
chr5	102582106	1.0711324057862954	129.9
chr5	102668930	0.8129630656100206	129.993
chr5	102723053	0.0	130.037
chr5	102748017	0.0	130.037
chr5	102776370	1.9382528035436513	130.037
chr5	102805262	0.02525337553488961	130.093
chr5	102864660	0.4497301619021652	130.0945
chr5	102884672	0.08241531826088087	130.1035
chr5	102921073	2.033669542378357	130.1065
chr5	102975900	0.3961839561347526	130.218
chr5	103070553	0.20932179737650808	130.2555
chr5	103099217	0.4096891483577281	130.2615
chr5	103118744	0.39671744650010216	130.2695
chr5	103162856	0.5968961400688227	130.287
chr5	103167882	0.2495796553174319	130.29
chr5	103244010	1.8940077203365595	130.309
chr5	103271729	0.283677883762326	130.3615
chr5	103299930	0.48904261049539893	130.3695
chr5	103370476	0.4841777624074011	130.404
chr5	103399391	0.09685542713197852	130.418
chr5	103414878	0.12781186094130556	130.4195
chr5	103438350	0.0	130.4225
chr5	103467094	0.18372446229957323	130.4225
chr5	103507916	0.13873473917851636	130.43
chr5	103626848	0.21786992019087076	130.4465
chr5	103670452	0.1505182127038447	130.456
chr5	103693705	0.1820830298624863	130.4595
chr5	103715673	0.06328312871758644	130.4635
chr5	103739376	0.04206427421102446	130.465
chr5	103822582	0.14645040823017164	130.4685
chr5	103849895	0.47168751825015176	130.4725
chr5	103894416	0.0	130.4935
chr5	103942030	0.07230135203460082	130.4935
chr5	103969692	0.16766467065880247	130.4955
chr5	103990567	0.09314022260557675	130.499
chr5	104012040	0.08143322475493192	130.501
chr5	104036600	0.07084159818679335	130.503
chr5	104064832	0.0	130.505
chr5	104117967	0.0	130.505
chr5	104139207	0.1539693293094615	130.505
chr5	104155444	0.1028859509234053	130.5075
chr5	104213761	0.0	130.5135
chr5	104239160	0.0	130.5135
chr5	104246978	0.0	130.5135
chr5	104277718	0.12648621300338664	130.5135
chr5	104293530	0.03704732796164767	130.5155
chr5	104347515	0.0	130.5175
chr5	104361304	0.0	130.5175
chr5	104384359	0.0	130.5175
chr5	104415535	0.6076618229846159	130.5175
chr5	104434460	0.2433653957586627	130.529
chr5	104477605	0.0	130.5395
