Chromosome	Position(bp)	Rate(cM/Mb)	Map(cM)
chr16	0	0.0	0.0
chr16	112291	49.94511525795829	0.0
chr16	115024	1441.176470588235	0.1365
chr16	115041	1.4851827120127106	0.161
chr16	158470	5.126149692009112	0.2255
chr16	182172	0.0	0.347
chr16	194301	1.8184770254911526	0.347
chr16	225096	1.4535523939567445	0.403
chr16	247799	0.7610736211882903	0.436
chr16	267508	0.676725650408541	0.451
chr16	307406	0.22194039315155378	0.478
chr16	323176	1.524979595343444	0.4815
chr16	346455	1.6088486676721947	0.517
chr16	376290	0.24593691718074337	0.565
chr16	425083	8.765276021913198	0.577
chr16	436948	2.268251273344651	0.681
chr16	510573	2.4723334118201237	0.848
chr16	514820	0.4230118443316398	0.8585
chr16	544370	0.16019772976931795	0.871
chr16	566218	1.339060131379483	0.8745
chr16	605798	0.7886268366007537	0.9275
chr16	700266	0.45481049562682385	1.002
chr16	743141	3.3501477631713024	1.0215
chr16	782393	4.867155290884102	1.153
chr16	791125	0.2764722145424285	1.1955
chr16	801976	2.367554213560266	1.1985
chr16	816548	5.9345287473677475	1.233
chr16	832219	26.31082610335722	1.326
chr16	853427	1.1122742737503282	1.884
chr16	883995	2.1231422505307873	1.918
chr16	888705	0.06678836991852072	1.928
chr16	911164	0.06813226744186304	1.9295
chr16	933180	1.7983321662741103	1.931
chr16	964598	4.11542100283822	1.9875
chr16	985738	2.5539430971930543	2.0745
chr16	1006686	0.1735106998264959	2.128
chr16	1015331	9.540214654829713	2.1295
chr16	1030425	9.008076206253884	2.2735
chr16	1078715	1.3578869047619122	2.7085
chr16	1105595	3.5816917246262068	2.745
chr16	1129606	1.1114086770219629	2.831
chr16	1166946	1.0562295538897128	2.8725
chr16	1235113	0.8940961046020914	2.9445
chr16	1305016	1.2411553184085395	3.007
chr16	1348121	0.5813953488372071	3.0605
chr16	1409181	3.5723377174374225	3.096
chr16	1468106	2.1435308239732414	3.3065
chr16	1479769	5.39973001349933	3.3315
chr16	1493103	2.013662316476339	3.4035
chr16	1512719	8.58924890321899	3.443
chr16	1531638	8.184251044797994	3.6055
chr16	1586194	0.22975829427443883	4.052
chr16	1629718	1.2027181430031615	4.062
chr16	1646347	8.109564876519	4.082
chr16	1666755	2.793946449359723	4.2475
chr16	1683935	1.0366070370809186	4.2955
chr16	1700817	0.2856272374133706	4.313
chr16	1727075	1.508332921220512	4.3205
chr16	1747296	0.44037172554479564	4.351
chr16	1901711	1.9037335909530082	4.419
chr16	1954502	1.1721567684539642	4.5195
chr16	2004410	0.0	4.578
chr16	2019610	2.5616865908956994	4.578
chr16	2036591	0.17720944739006178	4.6215
chr16	2107129	0.44911213984660747	4.634
chr16	2121602	0.9126291772916336	4.6405
chr16	2158857	0.4411864521821727	4.6745
chr16	2173590	0.23396601643611287	4.681
chr16	2207783	0.0	4.689
chr16	2279376	0.2408542296678979	4.689
chr16	2316743	0.11833673172152545	4.698
chr16	2371671	0.2732987154960313	4.7045
chr16	2389966	0.24397682220186395	4.7095
chr16	2406361	1.9643792561550713	4.7135
chr16	2421633	0.175429126632839	4.7435
chr16	2458685	0.039757215934693654	4.75
chr16	2496414	5.288120809027942	4.7515
chr16	2514757	0.0	4.8485
chr16	2531894	0.05460502366217899	4.8485
chr16	2559364	3.389154704944223	4.85
chr16	2576920	2.1659446851049484	4.9095
chr16	2609931	0.065405645815357	4.981
chr16	2648154	1.8761979321329176	4.9835
chr16	2685197	0.48424346271324964	5.053
chr16	2698620	0.4867148956881539	5.0595
chr16	2743821	0.07175316909830456	5.0815
chr16	2764726	3.0635169174211945	5.083
chr16	2779415	0.25167270271929515	5.128
chr16	2860870	1.0554258483385013	5.1485
chr16	2923404	9.943530567149518	5.2145
chr16	2939696	6.705354530381361	5.3765
chr16	2980708	5.7665573995572	5.6515
chr16	3038975	7.071476306668947	5.9875
chr16	3103318	2.1519107075293484	6.4425
chr16	3124462	1.0355029585798332	6.488
chr16	3127842	32.74798291409585	6.4915
chr16	3132056	0.9966175404686963	6.6295
chr16	3148612	0.5877624836732688	6.646
chr16	3248142	1.3658331582265077	6.7045
chr16	3281455	2.14914146275941	6.75
chr16	3326124	1.3903415903466925	6.846
chr16	3365323	1.844783715012717	6.9005
chr16	3420343	11.430917498595443	7.002
chr16	3443482	3.1499370012599766	7.2665
chr16	3488721	1.150358641223524	7.409
chr16	3496110	0.5848531277286259	7.4175
chr16	3556809	0.44693935926770917	7.453
chr16	3584777	6.28648405927257	7.4655
chr16	3602593	0.40404040404041336	7.5775
chr16	3652093	4.0165715151821075	7.5975
chr16	3671886	3.9400910381283674	7.677
chr16	3692317	2.662818115293931	7.7575
chr16	3716915	2.6410239046522452	7.823
chr16	3731682	0.9797335124846083	7.862
chr16	3803130	0.17870282770944457	7.932
chr16	3850695	6.488991888760165	7.9405
chr16	3872270	2.9525149920450313	8.0805
chr16	3937638	19.162027541752124	8.2735
chr16	3954703	1.78335396429094	8.6005
chr16	4002366	2.914798206278084	8.6855
chr16	4024666	0.3668210371864422	8.7505
chr16	4046475	4.131437355880135	8.7585
chr16	4062087	15.912897822445542	8.823
chr16	4082982	6.889858128834347	9.1555
chr16	4124710	3.1651404339007976	9.443
chr16	4157252	2.4083985179086227	9.546
chr16	4181542	0.0	9.6045
chr16	4202927	4.911517696460717	9.6045
chr16	4216263	0.6044000322346913	9.67
chr16	4241081	17.487046632124308	9.685
chr16	4261153	1.4853241110224389	10.036
chr16	4306261	3.4046692607003934	10.103
chr16	4344297	11.326943775306242	10.2325
chr16	4363808	3.10361292376253	10.4535
chr16	4407789	2.224862842262283	10.59
chr16	4486895	0.22391401701747377	10.766
chr16	4506992	3.6233670199654537	10.7705
chr16	4527277	0.8647669247240944	10.844
chr16	4575845	3.7280759943747492	10.886
chr16	4613532	4.586322768140962	11.0265
chr16	4646565	5.248366641045322	11.178
chr16	4688197	0.08721437292864129	11.3965
chr16	4716862	0.47308256739015836	11.399
chr16	4768650	1.5769944341372413	11.4235
chr16	4795600	1.8537804624037115	11.466
chr16	4819605	0.5568342118939339	11.5105
chr16	4846543	2.521314581359762	11.5255
chr16	4915158	2.1227579397729364	11.6985
chr16	4945543	0.45903846742358745	11.763
chr16	4978220	0.6301461939170127	11.778
chr16	4990122	4.466468881426619	11.7855
chr16	5020795	3.4886966229419665	11.9225
chr16	5024378	3.4640508500670566	11.935
chr16	5069845	5.04164839982483	12.0925
chr16	5076688	12.635379061371852	12.127
chr16	5085552	1.5570765887047082	12.239
chr16	5116379	0.8766162612316049	12.287
chr16	5148320	3.937105055292291	12.315
chr16	5188832	0.26053297603088793	12.4745
chr16	5202266	1.209792200398513	12.478
chr16	5258474	6.17283950617288	12.546
chr16	5270786	1.9552655175849363	12.622
chr16	5310934	10.507189129404354	12.7005
chr16	5329921	0.082459055907228	12.9
chr16	5408748	1.394224811005134	12.9065
chr16	5424886	0.5237911451728057	12.929
chr16	5443023	1.4311047506455885	12.9385
chr16	5475166	1.804101029657625	12.9845
chr16	5509255	7.596975213555543	13.046
chr16	5537819	1.243721597703889	13.263
chr16	5579629	23.9449266686621	13.315
chr16	5582970	0.3382949932340765	13.395
chr16	5599228	26.72140593488924	13.4005
chr16	5606170	0.3385749755473757	13.586
chr16	5632752	3.772840480359004	13.595
chr16	5673305	7.4018338349548864	13.748
chr16	5701879	12.093178778421754	13.9595
chr16	5728795	20.587662969449305	14.285
chr16	5754490	2.2785251727972398	14.814
chr16	5800353	4.524500597575545	14.9185
chr16	5823781	0.7448218451865847	15.0245
chr16	5915078	0.8361686177267723	15.0925
chr16	5932419	0.7693267351437307	15.107
chr16	5956466	4.2694921316165715	15.1255
chr16	5978834	4.549249641412095	15.221
chr16	6025545	1.12601403473845	15.4335
chr16	6105917	13.423347693600999	15.524
chr16	6124951	2.687867813490235	15.7795
chr16	6142623	9.240708181706703	15.827
chr16	6167080	38.527017024426236	16.053
chr16	6180590	0.96706297286532	16.5735
chr16	6198169	7.569549277550121	16.5905
chr16	6221354	1.4636757498202126	16.766
chr16	6281135	1.8203197431201112	16.8535
chr16	6325358	7.073192162375793	16.934
chr16	6348120	4.51933270099869	17.095
chr16	6366043	2.071232383268096	17.176
chr16	6410461	1.159413764380125	17.268
chr16	6454880	2.016033395000201	17.3195
chr16	6518123	0.6444764576540852	17.447
chr16	6544501	0.7386452931008038	17.464
chr16	6576316	0.4917428185059401	17.4875
chr16	6600719	1.1197570696526382	17.4995
chr16	6627064	1.4361767983162024	17.529
chr16	6667449	0.7206226179419292	17.587
chr16	6698672	0.4125560538115899	17.6095
chr16	6726547	0.42715918799074076	17.621
chr16	6775709	0.5534625393249909	17.642
chr16	6878697	2.0944646291942504	17.699
chr16	6902092	0.3307046553039462	17.748
chr16	6921747	4.029189237587852	17.7545
chr16	6944084	1.1136865741914233	17.8445
chr16	6999306	0.3224011935165874	17.906
chr16	7078400	0.5747952291996195	17.9315
chr16	7161908	0.3983092941959014	17.9795
chr16	7268609	3.335902500120442	18.022
chr16	7310127	2.6927371702414797	18.1605
chr16	7396099	2.5610274092397103	18.392
chr16	7476145	4.268435951083601	18.597
chr16	7565522	4.80747810124665	18.9785
chr16	7677743	0.0	19.518
chr16	7678936	0.0	19.518
chr16	7684897	0.5346841142535564	19.518
chr16	7755967	0.4817799579537155	19.556
chr16	7824463	2.7655705409910745	19.589
chr16	7850859	12.739855300409417	19.662
chr16	7854038	1.1312938177182594	19.7025
chr16	7885418	2.043692741367154	19.738
chr16	7927988	1.4281985848509653	19.825
chr16	7996956	0.8715996146612289	19.9235
chr16	8040554	1.1640184165887697	19.9615
chr16	8271650	0.326672837153603	20.2305
chr16	8290017	0.6595477386934923	20.2365
chr16	8353697	0.0	20.2785
chr16	8366998	0.7074477692817237	20.2785
chr16	8433434	4.391913711812931	20.3255
chr16	8464400	0.24188582988827584	20.4615
chr16	8509876	0.4751004189521545	20.4725
chr16	8556182	0.3482803656945003	20.4945
chr16	8579152	0.07127456745242927	20.5025
chr16	8635273	3.346742284357738	20.5065
chr16	8665601	2.586508213911235	20.608
chr16	8708516	0.04564292625927926	20.719
chr16	8818062	0.7792754844144699	20.724
chr16	8841802	0.0977298746265525	20.7425
chr16	8913428	0.675557880055762	20.7495
chr16	8936372	0.2533409335611998	20.765
chr16	8952161	0.8929752612779807	20.769
chr16	8967279	0.0	20.7825
chr16	9009965	0.5370687009513732	20.7825
chr16	9055583	3.4715407262021745	20.807
chr16	9096343	0.3552615460002875	20.9485
chr16	9137158	0.0	20.963
chr16	9161757	0.44508564061631106	20.963
chr16	9194335	0.767070008643097	20.9775
chr16	9240615	0.0	21.013
chr16	9287982	0.08599191675977691	21.013
chr16	9311240	6.767886557330089	21.015
chr16	9325203	0.14068305762212083	21.1095
chr16	9446042	0.985848013562314	21.1265
chr16	9500310	0.0	21.18
chr16	9541781	0.0	21.18
chr16	9592141	1.5936254980079947	21.18
chr16	9662421	0.4427670834299109	21.292
chr16	9709850	0.09133671279172091	21.313
chr16	9819335	2.520468231950756	21.323
chr16	9848893	5.250605839135211	21.3975
chr16	9874890	3.5526111338691684	21.534
chr16	9945683	0.33787141011629207	21.7855
chr16	10046313	0.0	21.8195
chr16	10095123	0.23136841564042232	21.8195
chr16	10134022	0.4987244163965886	21.8285
chr16	10186155	1.5411288769021614	21.8545
chr16	10201728	1.1959121548163096	21.8785
chr16	10229322	0.7237770024497342	21.9115
chr16	10256264	1.5096855148615438	21.931
chr16	10281766	0.7332438293916963	21.9695
chr16	10330181	2.3277126099707193	22.005
chr16	10357461	1.8638786149052058	22.0685
chr16	10460472	0.6582791547399697	22.2605
chr16	10595673	2.4400863554725554	22.3495
chr16	10650794	1.2740740740740522	22.484
chr16	10667669	0.4573999901102585	22.5055
chr16	10708115	0.6119237717815266	22.524
chr16	10759592	0.30352806741899396	22.5555
chr16	10787596	0.6515766982084406	22.564
chr16	10872774	1.97502837684457	22.6195
chr16	10894799	0.5886970172684184	22.663
chr16	10966143	0.6938699260762077	22.705
chr16	11041085	0.9852797520800126	22.757
chr16	11159833	1.6212710765242484	22.874
chr16	11166001	1.2428793371310671	22.884
chr16	11175656	0.8073430286742285	22.896
chr16	11267934	0.0686840327500526	22.9705
chr16	11799353	0.14354834623860654	23.007
chr16	12036207	9.716386554621595	23.041
chr16	12038111	0.5151126758278406	23.0595
chr16	12161385	0.3403009565720058	23.123
chr16	12268643	0.4548762736534757	23.1595
chr16	12290627	0.0376775554802465	23.1695
chr16	12343709	0.02643244998602062	23.1715
chr16	12476122	4.892736168611178	23.175
chr16	12481436	0.022039053202254386	23.201
chr16	12594871	0.13919498898040197	23.2035
chr16	12637976	0.06969774411635142	23.2095
chr16	12724062	0.08361359371226092	23.2155
chr16	12885519	0.01970924915645422	23.229
chr16	13012363	0.016325464459472222	23.2315
chr16	13165498	1.4616166751397546	23.234
chr16	13220574	0.0	23.3145
chr16	13302477	0.0	23.3145
chr16	13315543	0.1700845563224075	23.3145
chr16	13336121	0.706380974805772	23.318
chr16	13344615	1.5057835778330166	23.324
chr16	13388446	0.0	23.39
chr16	13395963	0.07701158797892559	23.39
chr16	13506336	0.6242047391544379	23.3985
chr16	13547989	0.2963841138115522	23.4245
chr16	13576668	0.015317923502308749	23.433
chr16	13641951	0.23892158342133638	23.434
chr16	13681713	0.21097570056346662	23.4435
chr16	13722002	0.02355601620648425	23.452
chr16	13764454	0.0	23.453
chr16	13793958	0.26807440095682955	23.453
chr16	13866699	0.0	23.4725
chr16	13875767	0.11199713287340268	23.4725
chr16	13942733	0.007398967104201297	23.48
chr16	14077887	0.2726931860789828	23.481
chr16	14136561	1.3223950042855026	23.497
chr16	14177396	0.0	23.551
chr16	14220455	2.1182795698925023	23.551
chr16	14266955	0.09809239149250147	23.6495
chr16	14440261	4.573240796065671	23.6665
chr16	14483775	0.0	23.8655
chr16	14549469	0.04500450045000407	23.8655
chr16	14605019	0.08929752612779807	23.868
chr16	14907379	1.9760305883108562	23.895
chr16	14938502	2.3609471564476405	23.9565
chr16	14952903	0.09110334432094244	23.9905
chr16	15073645	2.8640985249891986	24.0015
chr16	15087611	0.21547469770985309	24.0415
chr16	15806953	0.41021816147675677	24.1965
chr16	15833768	0.41148959232425303	24.2075
chr16	15883587	0.0	24.228
chr16	15933002	0.0	24.228
chr16	15940215	0.6594131223207688	24.228
chr16	15946281	0.0	24.232
chr16	16010532	0.0	24.232
chr16	16124193	0.023304591004456355	24.232
chr16	16210013	0.019692275376732973	24.234
chr16	16286185	0.009500285008561867	24.2355
chr16	16391445	2.8554253080851146	24.2365
chr16	16394772	0.389362613401922	24.246
chr16	16420455	2.1419754580438997	24.256
chr16	16461772	8.149376644172484	24.3445
chr16	16496744	0.3374349397701763	24.6295
chr16	16604913	0.15089458935110794	24.666
chr16	16628108	0.9191176470589114	24.6695
chr16	16650412	0.12239902080780596	24.69
chr16	16760707	0.17018379850238902	24.7035
chr16	16875289	0.0	24.723
chr16	16914409	1.452081316553782	24.723
chr16	16922673	0.681647235803015	24.735
chr16	16943945	0.2854507926748523	24.7495
chr16	16966716	0.0	24.756
chr16	16980263	0.14331340594541594	24.756
chr16	17004685	0.0	24.7595
chr16	17029905	0.59250706450733	24.7595
chr16	17062816	0.02057232199800905	24.779
chr16	17111425	0.0	24.78
chr16	17132912	0.018452227183778085	24.78
chr16	17187106	14.876033057851803	24.781
chr16	17188921	0.14245465193580584	24.808
chr16	17220510	0.0	24.8125
chr16	17229002	0.8000000000000304	24.8125
chr16	17253377	0.34131634336425437	24.832
chr16	17270956	2.1054904713058322	24.838
chr16	17289479	0.6958845388373259	24.877
chr16	17361330	0.09010632546409368	24.927
chr16	17389075	0.0	24.9295
chr16	17416207	0.11022522688026284	24.9295
chr16	17470641	1.2174035781078285	24.9355
chr16	17498980	0.0	24.97
chr16	17527967	1.9478411427335443	24.97
chr16	17555690	108.07017543859644	25.024
chr16	17557115	1.310281858821556	25.178
chr16	17641448	10.912202185073063	25.2885
chr16	17679433	3.7956526536467083	25.703
chr16	17724748	0.0	25.875
chr16	17728502	0.120768779545183	25.875
chr16	17757483	0.10523361863337005	25.8785
chr16	17800245	0.19474433719984166	25.883
chr16	17882404	1.1592980976971314	25.899
chr16	17901381	2.6639651808493903	25.921
chr16	17914707	3.6251152237113207	25.9565
chr16	17971119	6.2405705664517015	26.161
chr16	17992992	0.7928027299989551	26.2975
chr16	18022003	0.45818315107827506	26.3205
chr16	18038372	4.408644921771443	26.328
chr16	18098708	8.337279307312429	26.594
chr16	18157840	10.321155969468574	27.087
chr16	18178671	2.147291037638535	27.302
chr16	18231994	0.4981289789571357	27.4165
chr16	18273148	0.8413461538460434	27.437
chr16	18298108	0.3538883482262528	27.458
chr16	18320714	2.1565793154900117	27.466
chr16	18363606	0.08247195953376164	27.5585
chr16	18381794	0.0	27.56
chr16	18388161	0.14965745072390432	27.56
chr16	18478367	0.09833808634096	27.5735
chr16	18488536	2.2537025112678353	27.5745
chr16	18490089	4.258578431372529	27.578
chr16	18522729	0.32287472460690975	27.717
chr16	18549055	0.0	27.7255
chr16	18597018	0.659379548884223	27.7255
chr16	18896542	0.10827901336168565	27.923
chr16	18942719	0.26471033126608173	27.928
chr16	18982385	0.3288097088539258	27.9385
chr16	19015839	0.0	27.9495
chr16	19065197	0.0	27.9495
chr16	19088028	0.0	27.9495
chr16	19137958	0.0	27.9495
chr16	19189082	0.0	27.9495
chr16	19220545	0.17061352624044762	27.9495
chr16	19235198	0.0	27.952
chr16	19252486	0.0	27.952
chr16	19287857	0.0	27.952
chr16	19319755	0.0	27.952
chr16	19329235	0.0	27.952
chr16	19331832	0.05904349537478859	27.952
chr16	19357237	1.1187741633976833	27.9535
chr16	19427850	0.0447219191070156	28.0325
chr16	19483751	0.854554776961185	28.035
chr16	19553963	5.292391532173688	28.095
chr16	19573047	6.767515923566792	28.196
chr16	19586863	5.630428271937671	28.2895
chr16	19620253	11.16688491197447	28.4775
chr16	19633999	0.09938099835308502	28.631
chr16	19669217	4.388574828920042	28.6345
chr16	19682661	1.7704710717672267	28.6935
chr16	19698476	0.9184185979766099	28.7215
chr16	19768161	6.19469026548685	28.7855
chr16	19789631	8.881578947368368	28.9185
chr16	19807871	1.8752054507963845	29.0805
chr16	19941723	16.435003059708226	29.3315
chr16	19953162	1.3211518652872385	29.5195
chr16	19997820	11.279285548596697	29.5785
chr16	20015064	0.18128668222712718	29.773
chr16	20103322	36.134129890152245	29.789
chr16	20108511	2.961411131802183	29.9765
chr16	20147175	0.5366578599735758	30.091
chr16	20195623	4.428680213217838	30.117
chr16	20220574	1.591554456352511	30.2275
chr16	20264242	1.7524906973952803	30.297
chr16	20305897	2.597465650337411	30.37
chr16	20326494	9.518129770992388	30.4235
chr16	20347454	9.377344336083898	30.623
chr16	20364783	1.6636351537199514	30.7855
chr16	20387324	5.66937250354342	30.823
chr16	20402846	0.4253745145181456	30.911
chr16	20429881	0.7899059436499062	30.9225
chr16	20525462	0.08963786303334868	30.998
chr16	20542196	4.665766770350341	30.9995
chr16	20559235	0.31840572381111915	31.079
chr16	20612626	0.10467133201743371	31.096
chr16	20646064	0.34029038112523974	31.0995
chr16	20676920	0.43370149771585526	31.11
chr16	20694213	0.3241491085898869	31.1175
chr16	20709638	0.1476668635559236	31.1225
chr16	20733340	24.850484636007387	31.126
chr16	20738189	0.21646360319122693	31.2465
chr16	20754358	14.094573732060212	31.25
chr16	20771847	1.3758254952971711	31.4965
chr16	20791835	4.534496613477147	31.524
chr16	20826679	3.6093888396811393	31.682
chr16	20871839	11.228334589299239	31.845
chr16	20891744	1.1050950699012456	32.0685
chr16	20986306	3.2609708376033346	32.173
chr16	20997039	0.031206441009425524	32.208
chr16	21045106	9.794612962870675	32.2095
chr16	21065117	8.016266242871584	32.4055
chr16	21086511	0.08842671194131407	32.577
chr16	21114783	3.842024973162204	32.5795
chr16	21132482	0.6711818902922224	32.6475
chr16	21165260	0.08168155086038209	32.6695
chr16	21238716	1.8030290888693687	32.6755
chr16	21263674	4.7007207771856425	32.7205
chr16	21282820	1.755412521942723	32.8105
chr16	21308455	3.8531278331823766	32.8555
chr16	21321691	2.022214769072921	32.9065
chr16	21372378	0.5907837731390535	33.009
chr16	21392690	0.8191797280323613	33.021
chr16	21447623	4.267256035361961	33.066
chr16	21477033	0.1533334696297566	33.1915
chr16	21525946	0.0	33.199
chr16	21544004	3.4041846562605076	33.199
chr16	21562070	3.040050209861553	33.2605
chr16	21587563	3.124726586423688	33.338
chr16	21667570	7.031095266389181	33.588
chr16	21672619	7.407701889692793	33.6235
chr16	21710350	4.817511232850336	33.903
chr16	21751969	10.477039679001383	34.1035
chr16	21772156	7.240469911292418	34.315
chr16	21793011	5.702473447857887	34.466
chr16	21821069	5.777552155099579	34.626
chr16	21862436	5.354662365012997	34.865
chr16	21884753	3.458817753776831	34.9845
chr16	21929566	3.9041994750656093	35.1395
chr16	21944806	0.11135503165672428	35.199
chr16	21976237	0.1611492241817073	35.2025
chr16	21997956	0.6801986611961582	35.206
chr16	22044266	0.5212289088445651	35.2375
chr16	22111415	3.2343234323427317	35.2725
chr16	22118990	1.2058503189669503	35.297
chr16	22170406	5.510301868710823	35.359
chr16	22180841	0.10362264776580148	35.4165
chr16	22204967	1.0895902226421472	35.419
chr16	22270588	0.367098638821569	35.4905
chr16	22442204	3.9718565592374198	35.5535
chr16	22477452	0.8458502076177699	35.6935
chr16	22653015	1.544303797468533	35.842
chr16	22672765	0.819469899901217	35.8725
chr16	22729509	0.2123072903058079	35.919
chr16	22790741	3.0934143135565897	35.932
chr16	22834867	0.3946329913180172	36.0685
chr16	22867809	1.9014307679667488	36.0815
chr16	22953008	0.5277147994683963	36.2435
chr16	22978590	0.30401297122011695	36.257
chr16	22998326	0.7295276308592624	36.263
chr16	23020258	10.931503663215967	36.279
chr16	23028857	3.038194444446616	36.373
chr16	23031161	0.21501677130796648	36.38
chr16	23042788	8.57387825092916	36.3825
chr16	23046287	4.073827735283703	36.4125
chr16	23052301	3.4869321514697034	36.437
chr16	23067644	4.75778546712805	36.4905
chr16	23082672	0.5826207652894927	36.562
chr16	23141029	4.718656451367574	36.596
chr16	23160738	3.334866605335913	36.689
chr16	23186826	19.48346171273188	36.776
chr16	23189033	4.636686991869492	36.819
chr16	23196905	8.61655337864849	36.8555
chr16	23221915	34.56614509246219	37.071
chr16	23225430	11.823345311232215	37.1925
chr16	23242684	9.853943524829605	37.3965
chr16	23294034	6.4681531658667675	37.9025
chr16	23315292	0.046095694662011126	38.04
chr16	23336986	3.6815920398012527	38.041
chr16	23357086	4.529135597901173	38.115
chr16	23393296	4.041969715035157	38.279
chr16	23435231	1.2629780278969158	38.4485
chr16	23489072	4.265171825493472	38.5165
chr16	23509587	2.490430856806396	38.604
chr16	23550343	1.3769588879418264	38.7055
chr16	23580845	0.3846538740586627	38.7475
chr16	23740729	0.4300282589998934	38.809
chr16	23789563	0.511023507081691	38.83
chr16	23796412	1.1476217646142985	38.8335
chr16	23873528	1.903058650892042	38.922
chr16	23917142	3.567574049646234	39.005
chr16	23967176	1.8051953858534904	39.1835
chr16	24056640	0.9354901578639996	39.345
chr16	24082295	0.43793001561773676	39.369
chr16	24177059	0.06602621240631218	39.4105
chr16	24328514	8.704310400205587	39.4205
chr16	24344081	2.0129599332756296	39.556
chr16	24406427	17.690253671562225	39.6815
chr16	24419909	7.5844171892860395	39.92
chr16	24452278	2.2853411687886624	40.1655
chr16	24464530	2.1296014602980446	40.1935
chr16	24477678	0.5163380735379526	40.2215
chr16	24583229	0.5683308559935191	40.276
chr16	24617540	0.08476300264476949	40.2955
chr16	24647034	0.0	40.298
chr16	24683776	0.09753560049418407	40.298
chr16	24699155	0.6507945116329765	40.2995
chr16	24717594	0.1100231048517625	40.3115
chr16	24726683	1.3531799729365912	40.3125
chr16	24743680	0.7151108421804349	40.3355
chr16	24798217	0.27147355847541477	40.3745
chr16	24825844	0.4736044455670803	40.382
chr16	24873352	4.624112122801225	40.4045
chr16	24894329	1.5311556896858383	40.5015
chr16	24916861	0.019873208926999134	40.536
chr16	24967180	0.0	40.537
chr16	24980045	0.3402582181811437	40.537
chr16	25032946	1.1482620372892745	40.555
chr16	25058637	0.7143857683149172	40.5845
chr16	25094332	0.9087824738270992	40.61
chr16	25135596	0.0	40.6475
chr16	25190382	0.46849111580868213	40.6475
chr16	25277897	0.0	40.6885
chr16	25310214	0.0	40.6885
chr16	25344306	0.35346680239799916	40.6885
chr16	25379670	0.1534607882934463	40.701
chr16	25480673	0.7935766968535107	40.7165
chr16	25512806	0.6378193292826453	40.742
chr16	25602173	6.038683899869857	40.799
chr16	25635210	0.10338856005583374	40.9985
chr16	25751277	0.3831907012389978	41.0105
chr16	25837396	0.1594526425651642	41.0435
chr16	25940875	1.641137855579931	41.06
chr16	25956413	0.10846575193876519	41.0855
chr16	26030169	0.35827238584696036	41.0935
chr16	26070641	0.0882651485061157	41.108
chr16	26274572	6.213592233010128	41.126
chr16	26287447	0.027888557324864584	41.206
chr16	26323304	0.8083179236194971	41.207
chr16	26413615	0.27106567534041165	41.28
chr16	26426527	0.24919577726434655	41.2835
chr16	26514811	0.1629195177582336	41.3055
chr16	26542432	0.16066838046266183	41.31
chr16	26576664	1.452203561055445	41.3155
chr16	26584583	0.21142461751370004	41.327
chr16	26636611	0.10495969547694084	41.338
chr16	26708067	0.0	41.3455
chr16	26741736	0.047924500479211894	41.3455
chr16	26877366	0.04254825358762964	41.352
chr16	27006631	0.0774953502789862	41.3575
chr16	27084055	0.2784401639227327	41.3635
chr16	27154088	0.0	41.383
chr16	27155684	0.4400652584578054	41.383
chr16	27202268	0.3323767368710931	41.4035
chr16	27263945	0.17974835230677735	41.424
chr16	27280635	0.3366287516389472	41.427
chr16	27308856	5.637707948243331	41.4365
chr16	27314266	0.2531466720043704	41.467
chr16	27399197	0.9319299564577246	41.4885
chr16	27463043	0.2885764933833398	41.548
chr16	27560071	1.3157349467489468	41.576
chr16	27608333	2.6041666666670023	41.6395
chr16	27618317	2.402841621395334	41.6655
chr16	27623103	0.0648304585281546	41.677
chr16	27877613	0.0	41.6935
chr16	27910605	0.12135922330094674	41.6935
chr16	27993005	0.17406873228241412	41.7035
chr16	28013112	0.03159224936815621	41.707
chr16	28060592	0.0	41.7085
chr16	28082909	0.0	41.7085
chr16	28118637	0.2789180839042916	41.7085
chr16	28188550	0.19220912352640399	41.728
chr16	28235374	0.5148822118775095	41.737
chr16	28306264	0.07325649540926239	41.7735
chr16	28326740	0.0	41.775
chr16	28370917	0.03528282714244146	41.775
chr16	28441773	0.0	41.7775
chr16	28504030	0.007819341924165437	41.7775
chr16	28631918	0.012674913810586568	41.7785
chr16	28750262	0.0	41.78
chr16	28752544	0.3398331302146382	41.78
chr16	28795212	0.28293211986891886	41.7945
chr16	28837625	0.238208670795626	41.8065
chr16	28862813	0.07230265893024208	41.8125
chr16	28918136	0.0346824818784456	41.8165
chr16	28975802	0.5027652086475063	41.8185
chr16	29007626	0.514116790197526	41.8345
chr16	29030967	0.03039790862390223	41.8465
chr16	29195452	0.5533694048204834	41.8515
chr16	29252376	0.360876057740124	41.883
chr16	29292556	1.0269826169679026	41.8975
chr16	29338808	11.95347835451211	41.945
chr16	29352737	0.34542665271412815	42.1115
chr16	29451166	0.0	42.1455
chr16	29471609	0.0	42.1455
chr16	29510912	0.0789479620148084	42.1455
chr16	29555245	0.44245671099196315	42.149
chr16	29597057	0.0	42.1675
chr16	29617247	0.0	42.1675
chr16	29640477	0.017277423590676667	42.1675
chr16	29698356	0.21701388888880366	42.1685
chr16	29723700	0.85896596858642	42.174
chr16	29748148	0.24150700370311654	42.195
chr16	29891001	4.476908576814496	42.2295
chr16	29897367	0.31058311980726633	42.258
chr16	29910246	0.6927465362674414	42.262
chr16	29934786	0.08478774058520655	42.279
chr16	30158875	1.3293094776170125	42.298
chr16	30172792	0.1994524124676395	42.3165
chr16	30283094	0.1866832607342946	42.3385
chr16	30307199	0.21133764296364876	42.343
chr16	30387639	0.5437491503919731	42.36
chr16	30409708	0.33938571186150696	42.372
chr16	30474531	0.2762634448209918	42.394
chr16	30501679	0.38386687853743473	42.4015
chr16	30557688	0.6193032044971175	42.423
chr16	30589175	0.0	42.4425
chr16	30605250	0.5137283058106906	42.4425
chr16	30686032	0.1746013269700916	42.484
chr16	30711805	0.05642576626185451	42.4885
chr16	30756111	0.5758417451390796	42.491
chr16	30770872	0.5880969183724486	42.4995
chr16	30787876	0.49673935194621816	42.5095
chr16	30827132	0.08592377606341299	42.529
chr16	30879504	0.2792787323174457	42.5335
chr16	30961859	0.45362970474041603	42.5565
chr16	31036810	0.0983998667817584	42.5905
chr16	31102867	0.3595462932812145	42.597
chr16	31176571	0.0	42.6235
chr16	31198590	6.609923940601267	42.6235
chr16	31220678	1.0183299389001246	42.7695
chr16	31240809	0.0	42.79
chr16	31262408	0.1644661702224924	42.79
chr16	31371853	0.06723593088130635	42.808
chr16	31386726	0.0	42.809
chr16	31452342	0.0	42.809
chr16	31468846	0.0	42.809
chr16	31483713	0.0	42.809
chr16	31507374	0.0	42.809
chr16	31521752	0.0	42.809
chr16	31566933	0.23694436546344724	42.809
chr16	31577484	0.0	42.8115
chr16	31689204	0.3014227152157587	42.8115
chr16	31722380	0.09200055200342445	42.8215
chr16	31744119	0.0	42.8235
chr16	31768957	0.14187974903049375	42.8235
chr16	31864108	0.10412661796737648	42.837
chr16	31926532	0.9260688377836437	42.8435
chr16	31945969	0.06249553603318515	42.8615
chr16	32001973	2.160251374705502	42.865
chr16	32017249	0.5634614880623758	42.898
chr16	32055406	0.4997133996678217	42.9195
chr16	32123445	0.12921632880906833	42.9535
chr16	32220182	0.4645940609392719	42.966
chr16	32246011	0.7301535147764662	42.978
chr16	32300794	0.03858024691358171	43.018
chr16	32339674	0.6902369813636277	43.0195
chr16	32365752	4.570739487299169	43.0375
chr16	32391459	0.2642261776079287	43.155
chr16	32433090	0.2349624060152055	43.166
chr16	32462882	1.78527955854893	43.173
chr16	32475205	0.011250745361854005	43.195
chr16	32564088	0.0	43.196
chr16	32612903	0.28263044922963365	43.196
chr16	32743816	0.6514434615650229	43.233
chr16	32772982	0.15737379960622078	43.252
chr16	32922308	0.09535615523959849	43.2755
chr16	32932795	0.7191491607727809	43.2765
chr16	33008579	0.0	43.331
chr16	33030270	0.0	43.331
chr16	33056410	0.0	43.331
chr16	33070121	0.5907729508420871	43.331
chr16	33106514	1.1794949342205194	43.3525
chr16	33139579	0.43134912734755104	43.3915
chr16	33184786	0.4300588501582446	43.411
chr16	33206876	0.8982127089488127	43.4205
chr16	33239719	0.2509181322565679	43.45
chr16	33283558	0.19525866029582728	43.461
chr16	33327090	0.711949629563788	43.4695
chr16	33372037	7.036787913282081	43.5015
chr16	33391364	2.4931765693890107	43.6375
chr16	33467572	0.05737234652897521	43.8275
chr16	33493717	2.207762026493118	43.829
chr16	33515232	0.03355704697986704	43.8765
chr16	33559932	0.565742620386802	43.878
chr16	33589981	2.25813356164382	43.895
chr16	33636701	3.102769789616832	44.0005
chr16	33649915	0.13021317757353132	44.0415
chr16	33703673	0.7476462986893397	44.0485
chr16	33757843	0.9113955875882932	44.089
chr16	33805572	0.07727323817018929	44.1325
chr16	33947924	0.0	44.1435
chr16	33990829	0.0	44.1435
chr16	34002360	0.05082850462539585	44.1435
chr16	34031871	0.20431328036323135	44.145
chr16	34053896	0.236117371798907	44.1495
chr16	34100483	0.03189207721070125	44.1605
chr16	34225906	0.9851212718258908	44.1645
chr16	34240625	0.29504550509516636	44.179
chr16	34284686	0.3886707460485288	44.192
chr16	34334857	0.07796663028229492	44.2115
chr16	34379748	2.145922746778293	44.215
chr16	34381379	0.6618133686302139	44.2185
chr16	34398000	0.25347408600220533	44.2295
chr16	34431534	0.0	44.238
chr16	34431535	0.013213647054678573	44.238
chr16	34545054	0.025907004217636725	44.2395
chr16	34641553	0.0	44.242
chr16	34691841	0.0	44.242
chr16	34707200	0.08412551526918272	44.242
chr16	34719087	0.0	44.243
chr16	34735905	0.029792051480595525	44.243
chr16	34769471	0.7648578811369309	44.244
chr16	34817846	0.013202017268207819	44.281
chr16	34893592	0.019921747376344372	44.282
chr16	35019083	0.0	44.2845
chr16	35043617	0.5492730210014833	44.2845
chr16	35059092	0.19821823828035418	44.293
chr16	35149901	0.0995421063110912	44.311
chr16	35169993	0.6568974229404254	44.313
chr16	35179888	0.48685491723468255	44.3195
chr16	35204536	0.10221116827365724	44.3315
chr16	35263238	0.029195943710221633	44.3375
chr16	35314615	0.06743419036056252	44.339
chr16	35396176	0.11267490217779988	44.3445
chr16	35444989	0.19337283664133198	44.35
chr16	35517388	6.025416301490668	44.364
chr16	35521952	0.11073631128833376	44.3915
chr16	35580650	0.39345982338006485	44.398
chr16	35614961	0.8715660298424538	44.4115
chr16	35701013	1.0752130994636682	44.4865
chr16	35739610	0.5435085567757606	44.528
chr16	35775488	0.5447921277538149	44.5475
chr16	35834226	0.09612380746396038	44.5795
chr16	35917452	0.10171946585076405	44.5875
chr16	36040339	1.2146575482290474	44.6
chr16	36089324	0.0	44.6595
chr16	36108725	0.11110000111097791	44.6595
chr16	36198734	0.9045767735478771	44.6695
chr16	36302650	1.0550171928728127	44.7635
chr16	36353834	1.1107863197894388	44.8175
chr16	36370939	0.47090290923814654	44.8365
chr16	36477118	1.2831479897348648	44.8865
chr16	36486470	0.48230318320099225	44.8985
chr16	36553855	0.5998037006070969	44.931
chr16	36608873	0.0	44.964
chr16	36644208	0.20617384009441278	44.964
chr16	36925524	1.1532219026738102	45.022
chr16	36960643	0.38159262146009554	45.0625
chr16	37083811	0.27484143763214575	45.1095
chr16	37225711	0.0	45.1485
chr16	37285934	1.3675290319688451	45.1485
chr16	37352843	0.027758886313416407	45.24
chr16	37424892	0.055959709009515274	45.242
chr16	37451697	0.060491035984625234	45.2435
chr16	37583948	0.7311078617427907	45.2515
chr16	37616091	0.03119129970680297	45.275
chr16	37760362	0.018439297831521803	45.2795
chr16	37895942	0.6302478297111506	45.282
chr16	37994316	0.37508865731895225	45.344
chr16	38067632	0.3695896186382816	45.3715
chr16	38177213	2.404583292820657	45.412
chr16	38310916	0.0	45.7335
chr16	38383590	0.5170630816959866	45.7335
chr16	38432907	0.13183741809597777	45.759
chr16	38508758	0.11716576025933131	45.769
chr16	38611177	0.0	45.781
chr16	38660140	0.0794028902652624	45.781
chr16	38704219	1.6969392244359893	45.7845
chr16	38720130	1.2373073270509205	45.8115
chr16	38829642	0.0	45.947
chr16	38842528	0.2828190439512651	45.947
chr16	38925620	0.048919648190465424	45.9705
chr16	39119816	0.8474037667098755	45.98
chr16	39167019	0.3577390889578003	46.02
chr16	39179598	1.262013396757414	46.0245
chr16	39210501	0.07457121551090397	46.0635
chr16	39264141	0.2611873374585125	46.0675
chr16	39710181	0.25735676406364705	46.184
chr16	39902521	0.3511735419630184	46.2335
chr16	40127481	0.01972153196860407	46.3125
chr16	40203540	0.10278594603292386	46.314
chr16	40427306	0.5182206376184958	46.337
chr16	40451427	0.3871936672324795	46.3495
chr16	40579270	0.3803774325750179	46.399
chr16	40823764	0.5241776962391336	46.492
chr16	40877181	0.05718776012486824	46.52
chr16	41349310	0.9057084108490684	46.547
chr16	41369736	0.09211071708204506	46.5655
chr16	41391449	0.5148366563697314	46.5675
chr16	41412815	0.17269026766992143	46.5785
chr16	41534420	0.23140356782219118	46.5995
chr16	41558188	0.023616096731533108	46.605
chr16	41621704	0.034632205972596045	46.6065
chr16	41823828	0.008089829466375995	46.6135
chr16	41947440	0.0513581007774504	46.6145
chr16	42103209	0.07681706242514136	46.6225
chr16	42324514	0.13082045525520924	46.6395
chr16	42442997	0.04085857485291068	46.655
chr16	42479709	0.0	46.6565
chr16	42509938	0.0	46.6565
chr16	42549067	0.0	46.6565
chr16	42634214	0.012446402678436849	46.6565
chr16	42794903	0.022653263485798603	46.6585
chr16	42971478	0.0	46.6625
chr16	42980554	0.0	46.6625
chr16	43045220	0.027281821213132686	46.6625
chr16	43210165	0.1665610425908644	46.667
chr16	43333243	0.0	46.6875
chr16	43376624	0.0	46.6875
chr16	43386172	0.0	46.6875
chr16	43424993	0.3141032352633351	46.6875
chr16	43444095	0.0	46.6935
chr16	43498640	0.0	46.6935
chr16	43542843	0.0	46.6935
chr16	43585529	0.10350681074805308	46.6935
chr16	43609682	0.2701018076045134	46.696
chr16	43633747	0.1525708182881612	46.7025
chr16	43712399	0.02983186759424	46.7145
chr16	43963808	0.0	46.722
chr16	44056584	0.0	46.722
chr16	44083199	0.0	46.722
chr16	44108580	0.025329922237079697	46.722
chr16	44187538	0.22005333057201074	46.724
chr16	44226165	0.3047250304724297	46.7325
chr16	44254059	0.0	46.741
chr16	44279880	0.2975097333431391	46.741
chr16	44416010	2.3865383059622	46.7815
chr16	44440732	0.0	46.8405
chr16	44459650	0.32546872832435386	46.8405
chr16	44553361	2.094372949785476	46.871
chr16	44573176	0.5809776390133148	46.9125
chr16	44685917	0.845487212005879	46.978
chr16	44719034	1.7857142857137491	47.006
chr16	44722954	1.08132905170723	47.013
chr16	44753472	0.2780661426664795	47.046
chr16	44780444	1.1818235537436108	47.0535
chr16	44797367	0.07442912858369485	47.0735
chr16	44864545	2.7496448375419216	47.0785
chr16	44886366	0.920453444433599	47.1385
chr16	44907008	0.1490650026214693	47.1575
chr16	45004281	0.19016829894479834	47.172
chr16	45025315	0.12058362474376436	47.176
chr16	45050194	0.0	47.179
chr16	45053506	0.0	47.179
chr16	45054172	0.0	47.179
chr16	45062313	0.23304591004428757	47.179
chr16	45100932	0.8533333333332394	47.188
chr16	45119682	0.6260172780768987	47.204
chr16	45143643	0.31367628607255615	47.219
chr16	45164365	0.3541206208101238	47.2255
chr16	45246258	0.08956293288751234	47.2545
chr16	45313250	0.4249685359833322	47.2605
chr16	45374431	0.6431318611345439	47.2865
chr16	45452953	0.5549870792070011	47.337
chr16	45510612	0.380993849670598	47.369
chr16	45528985	1.6969454981034782	47.376
chr16	45544012	0.210693885195251	47.4015
chr16	45608086	0.17583725585670784	47.415
chr16	45682018	0.5916364125320848	47.428
chr16	45719203	21.950541817171608	47.45
chr16	45722802	0.6233442418574049	47.529
chr16	45761304	0.0	47.553
chr16	45790345	0.5027676627649714	47.553
chr16	45892778	0.0	47.6045
chr16	45944534	0.02888503755054991	47.6045
chr16	46100324	0.2970166329314554	47.609
chr16	46145776	3.856918560993909	47.6225
chr16	46175074	0.14310432305144835	47.7355
chr16	46251941	0.018474043968225343	47.7465
chr16	46333136	0.038251157097503645	47.748
chr16	46489994	1.667438628994968	47.754
chr16	46565559	0.2689580977076596	47.88
chr16	46638061	0.08594510972326	47.8995
chr16	46655514	0.798846111172623	47.901
chr16	46700579	0.39099592247110904	47.937
chr16	46754288	0.21727694805935494	47.958
chr16	46841734	0.02409058058303861	47.977
chr16	46945509	0.6874519794572954	47.9795
chr16	46994967	0.3826086956522708	48.0135
chr16	47023717	0.26950170064862894	48.0245
chr16	47077520	0.611413043478284	48.039
chr16	47099600	1.855158176644473	48.0525
chr16	47135446	0.5184694103047915	48.119
chr16	47253100	0.46904315197022123	48.18
chr16	47263760	0.071072016856593	48.185
chr16	47502954	0.0	48.202
chr16	47529006	2.7719259341390257	48.202
chr16	47628215	0.024987610309888962	48.477
chr16	47868334	0.0	48.483
chr16	47919044	0.019961036057654112	48.483
chr16	48044288	0.7224563515954519	48.4855
chr16	48077508	2.6692994003217065	48.5095
chr16	48118530	5.306816425369753	48.619
chr16	48157348	1.5021220454292012	48.825
chr16	48220259	0.9501624471280934	48.9195
chr16	48269198	0.06831667707673712	48.966
chr16	48320430	1.7969821673525408	48.9695
chr16	48356880	0.5119259792954576	49.035
chr16	48383251	0.21447881647599515	49.0485
chr16	48483494	0.10551817867184557	49.07
chr16	48601957	1.9825535289449812	49.0825
chr16	48620872	0.1412770063057921	49.12
chr16	48911082	0.15936346774905516	49.161
chr16	49171493	0.045802225988206456	49.2025
chr16	49280658	8.629111038749148	49.2075
chr16	49283729	0.0	49.234
chr16	49303751	0.0	49.234
chr16	49307589	0.2846569883290224	49.234
chr16	49353258	0.0	49.247
chr16	49424569	1.693480101608727	49.247
chr16	49441103	1.852515836022504	49.275
chr16	49508039	1.7112719519721027	49.399
chr16	49561508	0.4294464221866472	49.4905
chr16	49818816	0.4414208558372199	49.601
chr16	49857328	0.126290168884349	49.618
chr16	49944429	0.2447481133999685	49.629
chr16	49993459	0.07073761649609861	49.641
chr16	50050006	0.08908774152676929	49.645
chr16	50100518	0.5560401221106381	49.6495
chr16	50146378	0.09919076864580179	49.675
chr16	50267357	0.2954310452578017	49.687
chr16	50355364	0.16298896690067857	49.713
chr16	50435124	0.08599487470545045	49.726
chr16	50551410	0.021884711340761913	49.736
chr16	50597104	0.06933658753044503	49.737
chr16	50633160	0.3722222911522903	49.7395
chr16	50713757	0.04180844015927481	49.7695
chr16	50869228	0.27899038303731755	49.776
chr16	50899695	0.09268031470116099	49.7845
chr16	50948249	0.4687169252169883	49.789
chr16	51047456	1.0086576447842386	49.8355
chr16	51083147	1.2941298271043653	49.8715
chr16	51121783	0.8153497532772632	49.9215
chr16	51216221	0.40585294053985393	49.9985
chr16	51308619	0.6991103356966947	50.036
chr16	51389436	0.0	50.0925
chr16	51392170	0.678017176435162	50.0925
chr16	51425355	1.4455862480751507	50.115
chr16	51457176	0.26177126258183897	50.161
chr16	51516388	7.846649946256119	50.1765
chr16	51530343	0.8742648227626159	50.286
chr16	51555507	0.6376195536663366	50.308
chr16	51588442	1.0678652258454158	50.329
chr16	51619813	0.5957538994802202	50.3625
chr16	51656741	0.48636288987985055	50.3845
chr16	51735900	4.253464039965948	50.423
chr16	51778336	0.6698720356597259	50.6035
chr16	51858202	6.641264867174785	50.657
chr16	51886284	0.6270694952256692	50.8435
chr16	52036985	4.746892778200538	50.938
chr16	52092179	2.7783575080871574	51.2
chr16	52130511	0.2924577517113216	51.3065
chr16	52193768	0.3233734316388688	51.325
chr16	52216961	1.251298781100861	51.3325
chr16	52306468	0.5528176424212217	51.4445
chr16	52624837	1.3157205011270365	51.6205
chr16	52720222	3.333818605328275	51.746
chr16	52754567	0.04793771931502227	51.8605
chr16	52806718	0.4318776516018345	51.863
chr16	52846081	0.0	51.88
chr16	52877228	0.08118123471880685	51.88
chr16	52981932	0.0	51.8885
chr16	53003271	0.1397819401734295	51.8885
chr16	53028310	0.03214297193911058	51.892
chr16	53059421	0.04279844784295985	51.893
chr16	53094469	0.0	51.8945
chr16	53124185	0.02703053369083261	51.8945
chr16	53216673	0.19856312502261428	51.897
chr16	53272071	0.12310506137650437	51.908
chr16	53300502	0.11097136938670243	51.9115
chr16	53314019	0.13734646627173022	51.913
chr16	53339502	2.1232522009319945	51.9165
chr16	53349157	9.45498993385121	51.937
chr16	53363065	1.0715109953512534	52.0685
chr16	53393396	1.1893916388298562	52.101
chr16	53472428	0.8782920597484318	52.195
chr16	53553836	1.3932233615693796	52.2665
chr16	53580752	1.0081322669534625	52.304
chr16	53595631	3.802526424336008	52.319
chr16	53618905	0.5105454033308046	52.4075
chr16	53647306	3.345618492146059	52.422
chr16	53675253	4.991680532445871	52.5155
chr16	53704702	2.0912758633452926	52.6625
chr16	53731719	1.263601723212284	52.719
chr16	53808088	0.4995298542549075	52.8155
chr16	53842120	0.5257623554151729	52.8325
chr16	53865895	0.3206782736558639	52.845
chr16	53929822	0.13275511107178128	52.8655
chr16	53941121	0.052450834244336574	52.867
chr16	54122243	0.18204385601990541	52.8765
chr16	54182668	0.5844820028250185	52.8875
chr16	54203199	0.01922288291982849	52.8995
chr16	54281231	0.08291873963508213	52.901
chr16	54341531	0.0	52.906
chr16	54347500	0.0	52.906
chr16	54359854	0.0	52.906
chr16	54401898	0.20674446384269826	52.906
chr16	54445430	1.7376530100012242	52.915
chr16	54497224	0.0	53.005
chr16	54577207	1.7355584860473166	53.005
chr16	54643180	0.8573571964419275	53.1195
chr16	54708497	0.9775825588559273	53.1755
chr16	54745834	4.283473434420501	53.212
chr16	54770697	1.8007373770445139	53.3185
chr16	54840946	4.0134676848756135	53.445
chr16	54881933	1.6628362849804605	53.6095
chr16	54918918	1.6300522357649774	53.671
chr16	54945911	1.8800833776106336	53.715
chr16	54970378	1.5743073047858243	53.761
chr16	55006902	1.6915595025277468	53.8185
chr16	55058925	4.156990246168185	53.9065
chr16	55080455	4.621923671382607	53.996
chr16	55114099	1.981299315235224	54.1515
chr16	55142868	8.360962952284826	54.2085
chr16	55163679	3.801329327141983	54.3825
chr16	55185645	2.7806337040844884	54.466
chr16	55207043	5.988976044095799	54.5255
chr16	55225911	1.3967795599359465	54.6385
chr16	55257770	3.0935307670403622	54.683
chr16	55296399	3.8219783731954395	54.8025
chr16	55333945	8.183747616820717	54.946
chr16	55361744	0.10592721623276143	55.1735
chr16	55531672	4.258517034068298	55.1915
chr16	55549636	0.9278897136797304	55.268
chr16	55643936	0.7342143906024314	55.3555
chr16	55650746	0.0	55.3605
chr16	55653061	14.763779527559615	55.3605
chr16	55655093	0.7134194192764508	55.3905
chr16	55669110	1.9467043001826088	55.4005
chr16	55789570	11.014527268397204	55.635
chr16	55831560	0.0	56.0975
chr16	55851755	0.3641281731171974	56.0975
chr16	55870979	0.29164722351816685	56.1045
chr16	55879551	2.2323308904050743	56.107
chr16	55891422	0.3846153846153992	56.1335
chr16	55899222	6.6359267120446574	56.1365
chr16	55940211	0.18990466785683308	56.4085
chr16	55966540	1.5243902439024968	56.4135
chr16	56012788	0.0	56.484
chr16	56036252	0.028548589699602302	56.484
chr16	56071280	0.03991803496820014	56.485
chr16	56108857	0.33907218777683923	56.4865
chr16	56181113	0.06333122229244265	56.511
chr16	56212693	0.05828592744570734	56.513
chr16	56298477	0.0	56.518
chr16	56316482	0.7147518568008991	56.518
chr16	56348661	0.40005447550308254	56.541
chr16	56466145	0.22130748461908578	56.588
chr16	56556517	0.037395759320938714	56.608
chr16	56609999	0.052947031789424975	56.61
chr16	56704433	0.04768899147316495	56.615
chr16	56756856	0.46191017623651554	56.6175
chr16	56799072	0.26076374804428176	56.637
chr16	56850843	0.05106805182681366	56.6505
chr16	56919379	6.101598713460915	56.654
chr16	56929950	2.476450727169984	56.7185
chr16	57006067	0.32103415803442703	56.907
chr16	57099515	0.0	56.937
chr16	57231329	0.5169294391315475	56.937
chr16	57308709	0.9271392192251589	56.977
chr16	57510944	0.0	57.1645
chr16	57539802	0.23274758524381192	57.1645
chr16	57565581	0.14646435057735263	57.1705
chr16	57582650	0.0	57.173
chr16	57607134	0.0	57.173
chr16	57681580	0.10107780863306226	57.173
chr16	57775567	0.01594499614134175	57.1825
chr16	57932356	0.07162810686896852	57.185
chr16	57946317	0.055629728526926894	57.186
chr16	57973281	0.0	57.1875
chr16	58048313	0.16542779628118942	57.1875
chr16	58093650	0.5474868165174582	57.195
chr16	58207808	0.03375565407205835	57.2575
chr16	58296682	0.0169698615258904	57.2605
chr16	58355610	0.2682943188681259	57.2615
chr16	58370519	0.2643025433455914	57.2655
chr16	58436731	0.06944444444444707	57.283
chr16	58458331	0.0	57.2845
chr16	58502260	1.4170149414360393	57.2845
chr16	58613762	0.1477204055596009	57.4425
chr16	58688227	0.490161753378592	57.4535
chr16	58745351	0.11685820666982549	57.4815
chr16	58869433	0.0939849624058914	57.496
chr16	58906673	0.604982206406054	57.4995
chr16	58920723	0.21747640380998878	57.508
chr16	58943714	0.5863021307454339	57.513
chr16	59008527	0.9031249277885072	57.551
chr16	59268181	0.1029891073873233	57.7855
chr16	59350714	0.0	57.794
chr16	59391665	0.014761454889064343	57.794
chr16	59459409	0.04105090311987019	57.795
chr16	59495949	0.22018348623854045	57.7965
chr16	59550449	0.04324361724205574	57.8085
chr16	59608261	0.8911560444962314	57.811
chr16	59624532	0.7979253939756462	57.8255
chr16	59674662	0.02061373974466526	57.8655
chr16	59747429	0.06639322494024862	57.867
chr16	59815207	0.7155183298961663	57.8715
chr16	59862725	0.0166356135213879	57.9055
chr16	59922837	0.569638279692282	57.9065
chr16	59940392	0.0	57.9165
chr16	59953593	0.4867364322219414	57.9165
chr16	60035773	0.058680624831323226	57.9565
chr16	60120980	0.8961681087761545	57.9615
chr16	60153340	0.3514444366345814	57.9905
chr16	60196021	0.0	58.0055
chr16	60214270	0.36125536238440603	58.0055
chr16	60236415	1.161602081590864	58.0135
chr16	60279459	0.0	58.0635
chr16	60317803	0.08820364457463895	58.0635
chr16	60431177	0.9226894769978262	58.0735
chr16	60477238	0.6999550028926639	58.116
chr16	60617247	0.24081298463614073	58.214
chr16	60679536	0.7617830638424807	58.229
chr16	60699883	0.0	58.2445
chr16	60810482	0.09025503494147337	58.2445
chr16	60849261	0.0	58.248
chr16	60867483	0.0	58.248
chr16	60969250	0.01684182161150591	58.248
chr16	61028626	0.0	58.249
chr16	61187618	0.061316589816484995	58.249
chr16	61228390	0.3805175038050834	58.2515
chr16	61250728	1.2786633705566932	58.26
chr16	61285921	0.02656832842702452	58.305
chr16	61380018	1.1508951406650052	58.3075
chr16	61391748	0.0	58.321
chr16	61506540	0.5595837649272439	58.321
chr16	61590531	0.12942051962331455	58.368
chr16	61621438	17.640692640692283	58.372
chr16	61626058	0.29224954214239507	58.4535
chr16	61754373	6.08000331448225	58.491
chr16	61802646	0.0	58.7845
chr16	61821416	0.8046726508414356	58.7845
chr16	61893495	0.9624515566050207	58.8425
chr16	61932458	0.15685782406812188	58.88
chr16	61964334	0.741839762611304	58.885
chr16	61996686	0.0	58.909
chr16	62026614	0.8886519150450158	58.909
chr16	62049120	0.0	58.929
chr16	62066323	0.22612272064029965	58.929
chr16	62183516	0.0	58.9555
chr16	62215957	0.0	58.9555
chr16	62236140	0.15945911468285026	58.9555
chr16	62251818	0.0	58.958
chr16	62264676	0.5832513368031604	58.958
chr16	62489279	2.608156416429574	59.089
chr16	62516693	0.0	59.1605
chr16	62555913	43.42218400687837	59.1605
chr16	62558239	3.798986936816993	59.2615
chr16	62595749	0.1520471069581688	59.404
chr16	62704268	1.1198002716892885	59.4205
chr16	62785979	4.369146818081166	59.512
chr16	62813101	0.09672030247085106	59.6305
chr16	62869966	0.35705784337063956	59.636
chr16	62886770	1.706106531950682	59.642
chr16	62909336	0.21703900914458513	59.6805
chr16	62943892	0.40542678585551795	59.688
chr16	62994456	1.0414255959269083	59.7085
chr16	63037666	0.6112469437649425	59.7535
chr16	63044210	1.1741026501176532	59.7575
chr16	63056134	0.5551904643204285	59.7715
chr16	63100263	0.0	59.796
chr16	63117862	0.28786768554388115	59.796
chr16	63156074	1.6438125210743821	59.807
chr16	63191662	1.2897137464614983	59.8655
chr16	63207557	2.4049068925954162	59.886
chr16	63230219	0.5570848079694557	59.9405
chr16	63245477	0.6187551562929926	59.949
chr16	63267295	5.264266161297115	59.9625
chr16	63291040	9.343219277591421	60.0875
chr16	63311001	1.7547768926522864	60.274
chr16	63346903	2.3746936391227296	60.337
chr16	63425650	0.09290802105915497	60.524
chr16	63457940	0.23510971786834747	60.527
chr16	63496220	0.366242038216499	60.536
chr16	63527620	1.244924538420243	60.5475
chr16	63553726	0.9493791060647147	60.58
chr16	63606392	0.13420817178646496	60.63
chr16	63639922	0.5549389567147824	60.6345
chr16	63653437	0.597027216206126	60.642
chr16	63677724	1.4409221902013822	60.6565
chr16	63683623	1.1615065310941	60.665
chr16	63736141	0.0	60.726
chr16	63755341	0.6786891603643491	60.726
chr16	63765655	2.8567718478126958	60.733
chr16	63773356	0.7618031881463262	60.755
chr16	63825863	0.39681227472637987	60.795
chr16	63856104	0.0	60.807
chr16	63874044	0.19296808544151248	60.807
chr16	64001008	2.711864406780567	60.8315
chr16	64003958	4.407526699439948	60.8395
chr16	64009857	2.8279019660652835	60.8655
chr16	64043274	11.157734121686142	60.96
chr16	64064246	10.675005391415736	61.194
chr16	64068883	0.663292298702657	61.2435
chr16	64195524	0.02034505208328592	61.3275
chr16	64244676	0.0	61.3285
chr16	64269019	0.0	61.3285
chr16	64295495	0.12291052114069746	61.3285
chr16	64323971	0.0	61.332
chr16	64355818	2.1663778162912433	61.332
chr16	64373128	1.6228936193231227	61.3695
chr16	64410099	1.0288330461174193	61.4295
chr16	64448978	1.4925373134330282	61.4695
chr16	64466398	0.5196652261912768	61.4955
chr16	64484679	0.7770870337478092	61.505
chr16	64498191	0.0	61.5155
chr16	64512258	6.0133365086924915	61.5155
chr16	64529054	1.2326787384169158	61.6165
chr16	64540817	4.133395960544902	61.631
chr16	64562107	0.3374072130164333	61.719
chr16	64575444	1.1010052656771727	61.7235
chr16	64596334	0.1523334718184447	61.7465
chr16	64632439	1.3648193994792153	61.752
chr16	64648192	0.33064409469663786	61.7735
chr16	64663314	1.0534901107860972	61.7785
chr16	64678027	4.148670152307365	61.794
chr16	64695623	1.6134236850598669	61.867
chr16	64717316	0.3691944177800674	61.902
chr16	64730859	0.9003675473002233	61.907
chr16	64771398	3.421781845662875	61.9435
chr16	64795216	0.1725460122699452	62.025
chr16	64821296	3.706881757336677	62.0295
chr16	64850431	1.5486479468821859	62.1375
chr16	64904349	3.0977312390927163	62.221
chr16	64927269	3.4722222222219803	62.292
chr16	64933605	8.020864088180135	62.314
chr16	64953927	0.18520576360345808	62.477
chr16	64980924	6.86857921070549	62.482
chr16	65014701	0.2563995227829635	62.714
chr16	65110255	8.763017526035084	62.7385
chr16	65133877	2.0540559045548252	62.9455
chr16	65192298	0.83385449239106	63.0655
chr16	65240268	2.2326037580012623	63.1055
chr16	65279012	0.217739687848433	63.192
chr16	65336420	0.17748748713199577	63.2045
chr16	65364591	0.14248150978592522	63.2095
chr16	65441794	1.807571140835438	63.2205
chr16	65461157	0.4994418003410928	63.2555
chr16	65478176	0.3402132002721835	63.264
chr16	65495812	0.3258319575984136	63.27
chr16	65518830	1.1637524765806366	63.2775
chr16	65570817	0.0	63.338
chr16	65577622	0.12315270935953766	63.338
chr16	65610102	0.34949926287432526	63.342
chr16	65688786	0.7828909681114534	63.3695
chr16	65714971	0.7328863246530024	63.39
chr16	65747036	2.483279253029695	63.4135
chr16	65762137	4.4791891826981365	63.451
chr16	65803774	2.7096746222713577	63.6375
chr16	65849905	3.010739338257937	63.7625
chr16	65866014	12.41866648009529	63.811
chr16	65880307	6.294483985765153	63.9885
chr16	65925267	3.4724375271284322	64.2715
chr16	66005902	1.1495700922802288	64.5515
chr16	66037653	0.27538094363871063	64.588
chr16	66059441	0.5505894545926153	64.594
chr16	66136631	0.9324997350852375	64.6365
chr16	66183816	1.1573595668170875	64.6805
chr16	66208009	1.6156644553820936	64.7085
chr16	66254739	2.3485976069432954	64.784
chr16	66306472	1.1517313122306518	64.9055
chr16	66373762	0.0	64.983
chr16	66384674	0.1137915339096119	64.983
chr16	66419826	0.44002691929451593	64.987
chr16	66439143	1.554457839648606	64.9955
chr16	66468092	0.4834847740669251	65.0405
chr16	66533244	6.2279767270343775	65.072
chr16	66557650	12.865398405533918	65.224
chr16	66581357	1.0181737778348348	65.529
chr16	66861761	2.4608783442706637	65.8145
chr16	66877609	0.44462888309226256	65.8535
chr16	66911345	0.9347233218968061	65.8685
chr16	66956813	0.2980766213800235	65.911
chr16	66988684	4.074667409625627	65.9205
chr16	67003041	0.0	65.979
chr16	67010586	1.8871788870031991	65.979
chr16	67044764	1.3662239089184578	66.0435
chr16	67071114	2.2782503037689517	66.0795
chr16	67074406	4.263281762413744	66.087
chr16	67100325	3.4912718204487145	66.1975
chr16	67132405	1.0491236731672176	66.3095
chr16	67172915	3.4467585802285896	66.352
chr16	67193369	11.327014218009683	66.4225
chr16	67225019	7.922310247891339	66.781
chr16	67248497	0.0	66.967
chr16	67264479	3.0569465471057926	66.967
chr16	67281653	0.2789541754368875	67.0195
chr16	67360519	1.3911260799535405	67.0415
chr16	67367348	0.020855927254625317	67.051
chr16	67415296	0.624784557049215	67.052
chr16	67438504	2.4009407767940316	67.0665
chr16	67469117	0.7533654439916889	67.14
chr16	67509602	4.404370345166611	67.1705
chr16	67536053	1.5231519090169858	67.287
chr16	67590217	1.9837198166766785	67.3695
chr16	67604836	0.6071645415908968	67.3985
chr16	67650952	1.660410049090105	67.4265
chr16	67685582	0.0965530559046804	67.484
chr16	67706296	0.03910017464726303	67.486
chr16	67744659	11.998205875756819	67.4875
chr16	67749118	0.9962291491709836	67.541
chr16	67809847	11.28966043047302	67.6015
chr16	67826898	1.2604083494924354	67.794
chr16	67914568	0.7128385983344135	67.9045
chr16	67927895	0.0	67.914
chr16	67946138	0.4976726484966161	67.914
chr16	67980297	0.09394964299127119	67.931
chr16	68006907	0.1031565917064094	67.9335
chr16	68055377	1.2441907271196588	67.9385
chr16	68110031	0.8993190869770371	68.0065
chr16	68133382	0.47287156397121927	68.0275
chr16	68182021	0.5062699587197301	68.0505
chr16	68207699	0.18594964483600923	68.0635
chr16	68234588	1.4164305949009728	68.0685
chr16	68268829	1.7843202854902567	68.117
chr16	68277796	0.20046743137656006	68.133
chr16	68380057	0.09485641110780167	68.1535
chr16	68422226	0.11533645290985635	68.1575
chr16	68452572	1.385396890553698	68.161
chr16	68472061	0.5468465184105202	68.188
chr16	68526921	4.8577597155191645	68.218
chr16	68542669	1.9063023511063053	68.2945
chr16	68577291	0.0	68.3605
chr16	68589225	0.9295806876036514	68.3605
chr16	68624187	0.6094803688340427	68.393
chr16	68675050	1.271598474081525	68.424
chr16	68701788	0.9305459737843851	68.458
chr16	68764117	2.886405959031546	68.516
chr16	68785597	0.22774892957982384	68.578
chr16	68818528	10.078157136980854	68.5855
chr16	68830683	7.065174247836678	68.708
chr16	68881071	2.1854208149192225	69.064
chr16	68901662	0.6533454533649375	69.109
chr16	69024874	0.5293806246695154	69.1895
chr16	69051320	0.47633224173834865	69.2035
chr16	69084910	1.6317457314481583	69.2195
chr16	69106053	4.504280310570953	69.254
chr16	69126145	0.8404739453076302	69.3445
chr16	69150536	0.03230252390402193	69.365
chr16	69196972	3.1279044827336624	69.3665
chr16	69224946	121.67487684729058	69.454
chr16	69226976	4.266248513031261	69.701
chr16	69411916	7.841078444655573	70.49
chr16	69441440	0.0	70.7215
chr16	69445153	2.656336469285686	70.7215
chr16	69472258	0.8881991061912047	70.7935
chr16	69525737	1.5464941403480161	70.841
chr16	69560978	1.4444444444450255	70.8955
chr16	69565478	0.03248124208285234	70.902
chr16	69596265	4.923805665492886	70.903
chr16	69628354	0.7875961330572278	71.061
chr16	69693108	1.0025269171611666	71.112
chr16	69765924	3.5228259820477414	71.185
chr16	69786646	0.21459227467830455	71.258
chr16	69837906	3.0233448143893424	71.269
chr16	69864036	1.9313304721026419	71.348
chr16	69880346	0.7979572294927454	71.3795
chr16	69924208	0.2312911184206962	71.4145
chr16	69943664	1.7057307645111057	71.419
chr16	70025154	0.0	71.558
chr16	70043693	0.0	71.558
chr16	70049837	0.0	71.558
chr16	70071031	0.0	71.558
chr16	70114142	0.0	71.558
chr16	70139504	0.0	71.558
chr16	70152279	0.0	71.558
chr16	70172659	0.0	71.558
chr16	70184835	0.0	71.558
chr16	70224171	6.991902601504548	71.558
chr16	70258997	4.869481919054648	71.8015
chr16	70296578	0.0	71.9845
chr16	70342332	0.9415826434933072	71.9845
chr16	70367821	2.077070237769702	72.0085
chr16	70386116	0.7074422929217529	72.0465
chr16	70435590	2.0956515230894914	72.0815
chr16	70489034	0.4951060669537734	72.1935
chr16	70515291	0.10964611715662065	72.2065
chr16	70551772	0.6841895204972036	72.2105
chr16	70586850	0.0	72.2345
chr16	70588209	0.5600358422944587	72.2345
chr16	70601601	0.06574189731053606	72.242
chr16	70616812	0.0	72.243
chr16	70643097	0.0	72.243
chr16	70645904	0.2112378538238134	72.243
chr16	70669574	0.11286681715565355	72.248
chr16	70691724	0.022329403358131567	72.2505
chr16	70736508	0.5499340079195915	72.2515
chr16	70750146	0.13084894797433927	72.259
chr16	70769252	1.2231480773645245	72.2615
chr16	70782333	0.2554931016860221	72.2775
chr16	70792118	380.9523809521698	72.28
chr16	70792139	0.26402640264027405	72.288
chr16	70814864	0.7485094710244707	72.294
chr16	70930427	0.6518904823991747	72.3805
chr16	70954971	0.12500551494915885	72.3965
chr16	71022968	0.2528297483372599	72.405
chr16	71074386	2.30828417542847	72.418
chr16	71086083	4.463852498787626	72.445
chr16	71096388	0.9116148013096411	72.491
chr16	71120521	0.35066996419432717	72.513
chr16	71147612	9.094058548416612	72.5225
chr16	71153385	0.0	72.575
chr16	71168094	0.10164254350291618	72.575
chr16	71192690	1.7800792944417485	72.5775
chr16	71205049	1.536723163841438	72.5995
chr16	71227174	1.035257927117741	72.6335
chr16	71244078	1.726285815981641	72.651
chr16	71272173	2.900526639399216	72.6995
chr16	71309580	2.966995242998894	72.808
chr16	71329971	5.035229420862801	72.8685
chr16	71359066	0.8819402685911233	73.015
chr16	71384011	1.0618620264430187	73.037
chr16	71398608	3.0171204041542494	73.0525
chr16	71412860	9.006348737634717	73.0955
chr16	71426406	5.4280874653522915	73.2175
chr16	71439394	2.5682382133994244	73.288
chr16	71479694	1.6513497989663442	73.3915
chr16	71507550	2.7549668874171975	73.4375
chr16	71545300	4.1144496451762365	73.5415
chr16	71558546	2.5278058645095753	73.596
chr16	71596128	9.374864053595145	73.691
chr16	71619115	8.915744105468297	73.9065
chr16	71630948	0.0	74.012
chr16	71692212	0.6037571510581294	74.012
chr16	71742729	4.819975241657038	74.0425
chr16	71780696	1.0857461024503254	74.2255
chr16	71798656	16.47892036582589	74.245
chr16	71816588	27.57093034216269	74.5405
chr16	71837806	21.61431948665959	75.1255
chr16	71858533	18.71697662616823	75.5735
chr16	71892032	7.014557407841509	76.2005
chr16	71909068	4.876264781178381	76.32
chr16	71925474	7.5426278836504785	76.4
chr16	71950399	2.2419820641444717	76.588
chr16	71963557	4.041999628321366	76.6175
chr16	71985081	10.344937515939826	76.7045
chr16	72016449	2.4563852058620537	77.029
chr16	72052274	0.37027894347041124	77.117
chr16	72072529	18.506917253980767	77.1245
chr16	72091684	1.2841931523117593	77.479
chr16	72340089	0.0	77.798
chr16	72348368	0.0	77.798
chr16	72352045	0.14428163775667913	77.798
chr16	72383234	2.5921401543367186	77.8025
chr16	72416797	5.278037855005572	77.8895
chr16	72471268	0.0	78.177
chr16	72501181	28.51187111362309	78.177
chr16	72515333	6.139739396213872	78.5805
chr16	72533982	0.03590341980090746	78.695
chr16	72589687	0.7659909617868682	78.697
chr16	72797914	0.0	78.8565
chr16	72802055	0.7446386020658647	78.8565
chr16	72812127	0.14701558365117626	78.864
chr16	72822330	0.9665055824028115	78.8655
chr16	72852335	0.15773865859120054	78.8945
chr16	72868184	4.0369900952916735	78.897
chr16	72889487	0.4890889998128776	78.983
chr16	72959004	0.1266913292453112	79.017
chr16	72978737	0.9212229857585434	79.0195
chr16	72998819	1.798206719874064	79.038
chr16	73019117	1.1547536664470557	79.0745
chr16	73139056	0.3459250034599186	79.213
chr16	73153510	2.1247892074195	79.218
chr16	73168335	0.5867626349556135	79.2495
chr16	73206681	6.452576054141619	79.272
chr16	73236824	13.908834636455405	79.4665
chr16	73255625	4.455311056778089	79.728
chr16	73292435	3.060615108988227	79.892
chr16	73312529	1.0843518654866713	79.9535
chr16	73387228	1.3249301725992315	80.0345
chr16	73401191	0.9539485990052026	80.053
chr16	73427922	2.862439343546965	80.0785
chr16	73446263	4.354485776805521	80.131
chr16	73469113	0.6027727546709406	80.2305
chr16	73485703	1.6403988420719249	80.2405
chr16	73501248	1.6299070606185686	80.266
chr16	73515666	0.37230081906181606	80.2895
chr16	73531782	1.958643719495846	80.2955
chr16	73547354	2.3540656306419656	80.326
chr16	73575603	3.1242312423126584	80.3925
chr16	73595928	3.839590443685928	80.456
chr16	73627572	7.086436470322567	80.5775
chr16	73649727	6.298286865972296	80.7345
chr16	73667589	0.20621958261254947	80.847
chr16	73679712	1.0430574098788912	80.8495
chr16	73691696	0.5724566568535331	80.862
chr16	73703924	2.0726350306257277	80.869
chr16	73720087	0.3809523809523954	80.9025
chr16	73735837	1.2494176443182732	80.9085
chr16	73783059	0.3557874762802866	80.9675
chr16	73795707	14.713279678068968	80.972
chr16	73803659	0.16886187099033687	81.089
chr16	73812542	2.948005530771426	81.0905
chr16	73850873	0.1362954886180406	81.2035
chr16	73858210	7.087227414330855	81.2045
chr16	73871050	3.4932659932659265	81.2955
chr16	73906690	7.677995859647078	81.42
chr16	73944851	17.14180388301859	81.713
chr16	73961127	0.29992365579658853	81.992
chr16	73997803	4.74043485589066	82.003
chr16	74021535	5.147740142077823	82.1155
chr16	74050674	23.72272415068411	82.2655
chr16	74069601	0.0	82.7145
chr16	74078832	8.738637428544763	82.7145
chr16	74121516	0.9083665338643498	83.0875
chr16	74184266	6.81474249450825	83.1445
chr16	74286691	21.650228530190176	83.8425
chr16	74307476	8.507706153672935	84.2925
chr16	74343032	4.151515151515165	84.595
chr16	74359532	1.191806331471534	84.6635
chr16	74372957	0.07631257631221772	84.6795
chr16	74392613	2.4393218685207594	84.681
chr16	74433608	3.0969276836618	84.781
chr16	74457987	5.204653572606181	84.8565
chr16	74479218	0.7911001236096585	84.967
chr16	74499443	10.166558511788242	84.983
chr16	74513312	2.592684045292952	85.124
chr16	74541661	2.938596491227891	85.1975
chr16	74598661	8.11345039992665	85.365
chr16	74620415	2.212500628551161	85.5415
chr16	74660189	4.8391403016953936	85.6295
chr16	74705135	5.4541578330235385	85.847
chr16	74789566	2.620967741935392	86.3075
chr16	74801966	13.086910125681488	86.34
chr16	74835702	2.3123357024632183	86.7815
chr16	74876786	10.69855254877292	86.8765
chr16	74892676	2.988669818895855	87.0465
chr16	74903885	2.112676056338108	87.08
chr16	74906725	89.57006369426524	87.086
chr16	74907981	12.39577543079562	87.1985
chr16	74916976	0.5318483293704138	87.31
chr16	74948940	0.8102717526801335	87.327
chr16	75037182	0.093931993237345	87.3985
chr16	75047828	0.8123276880658488	87.3995
chr16	75068140	3.9287585123101096	87.416
chr16	75115865	0.0	87.6035
chr16	75142407	0.3101058008025521	87.6035
chr16	75169817	5.0528206009895165	87.612
chr16	75222164	15.69537096610377	87.8765
chr16	75251695	0.20889037433136082	88.34
chr16	75263663	1.4352443829753845	88.3425
chr16	75340305	0.11942865332239651	88.4525
chr16	75361238	0.0	88.455
chr16	75370119	0.4333381482016631	88.455
chr16	75390888	4.108723135271964	88.464
chr16	75428856	3.6770338593528686	88.62
chr16	75448437	0.02425143891882497	88.692
chr16	75510289	1.2524409130698744	88.6935
chr16	75584544	1.7096558388460668	88.7865
chr16	75611450	8.355151701832877	88.8325
chr16	75650408	12.23388405125326	89.158
chr16	75680611	0.027311957174593435	89.5275
chr16	75717225	3.491794283434299	89.5285
chr16	75737272	10.71720409830939	89.5985
chr16	75753181	0.48367593712214646	89.769
chr16	75777991	5.7885471678574865	89.781
chr16	75826276	0.14610911428641632	90.0605
chr16	75860497	0.0	90.0655
chr16	75877050	0.07142176935496389	90.0655
chr16	75898052	6.006944444444508	90.067
chr16	75926852	0.3665241295052063	90.24
chr16	76098737	0.48597025016895146	90.303
chr16	76146065	0.8766014834797863	90.326
chr16	76153480	1.872608719081883	90.3325
chr16	76190594	0.0	90.402
chr16	76238775	0.6648936170209081	90.402
chr16	76250807	27.889245585876807	90.41
chr16	76253299	1.5541212214553324	90.4795
chr16	76324722	1.5696123057604439	90.5905
chr16	76426658	4.452528982162775	90.7505
chr16	76463491	0.2526688143509998	90.9145
chr16	76479322	0.65662150953848	90.9185
chr16	76493790	1.4098872090231895	90.928
chr16	76510458	1.5232782664663795	90.9515
chr16	76533763	0.6088947342784764	90.987
chr16	76554292	0.3333277778703025	90.9995
chr16	76614293	3.3421705776176553	91.0195
chr16	76649749	0.0	91.138
chr16	76671502	1.0515247108304822	91.138
chr16	76725709	1.7470410475953542	91.195
chr16	76757477	26.965562053280834	91.2505
chr16	76762094	1.6720365252179303	91.375
chr16	76827583	0.29736751494671576	91.4845
chr16	76859530	0.0	91.494
chr16	76865515	1.2185596000625365	91.494
chr16	76929525	0.1700499521733567	91.572
chr16	76976570	3.241590214067546	91.58
chr16	77009270	0.04523454109536802	91.686
chr16	77075591	0.47489823609260534	91.689
chr16	77082961	5.1308363263238155	91.6925
chr16	77086859	1.04739791025186	91.7125
chr16	77126481	1.9878778429574486	91.754
chr16	77177792	1.4754703061608432	91.856
chr16	77191347	6.873281679579182	91.876
chr16	77199349	2.0634406861958303	91.931
chr16	77211707	1.722481698631939	91.9565
chr16	77272085	4.429437606651414	92.0605
chr16	77299628	1.6633975616322625	92.1825
chr16	77351630	1.14585532068862	92.269
chr16	77417956	2.039627039627117	92.345
chr16	77448844	1.1576456060917593	92.408
chr16	77546024	12.033124894371964	92.5205
chr16	77575609	0.4288870088362915	92.8765
chr16	77660713	6.9127346524606414	92.913
chr16	77684365	0.07969715082695535	93.0765
chr16	77734555	2.9663854292219907	93.0805
chr16	77809225	1.6679932172889897	93.302
chr16	77953710	5.356580191155102	93.543
chr16	77963231	1.8463810930576452	93.594
chr16	78037701	0.011431184270745026	93.7315
chr16	78168921	1.964423316945022	93.733
chr16	78261060	1.418697708257085	93.914
chr16	78274805	1.4104450368929493	93.9335
chr16	78365202	1.229289150186859	94.061
chr16	78383912	0.23624414758806922	94.084
chr16	78407193	1.0585210948131436	94.0895
chr16	78440258	0.8087617360816265	94.1245
chr16	78550921	0.30048076923065126	94.214
chr16	78569225	1.593740944653686	94.2195
chr16	78617539	1.0948220132213207	94.2965
chr16	78713445	0.25380710659929495	94.4015
chr16	78729205	0.681726056675501	94.4055
chr16	78756342	0.1746808105188922	94.424
chr16	78787828	0.7022471910109602	94.4295
chr16	78811324	0.0	94.446
chr16	78835126	1.7287530671428681	94.446
chr16	78853058	0.7117100018972461	94.477
chr16	78863596	1.4062180404990117	94.4845
chr16	78922264	0.5815665488810935	94.567
chr16	78990184	0.5965824349090214	94.6065
chr16	79013651	0.6726921484751749	94.6205
chr16	79100615	1.1434171839268645	94.679
chr16	79118981	0.27388164992934716	94.7
chr16	79179226	0.30189185562909404	94.7165
chr16	79194132	0.548497823702288	94.721
chr16	79222391	0.14966574649949016	94.7365
chr16	79282525	0.0	94.7455
chr16	79348703	0.0	94.7455
chr16	79365541	0.0	94.7455
