Chromosome	Position(bp)	Rate(cM/Mb)	Map(cM)
chr10	0	0.0	0.0
chr10	188995	1.7410203080086935	0.0
chr10	231786	2.1097736490906716	0.0745
chr10	262358	2.66475692420432	0.139
chr10	322401	1.3147339335056598	0.299
chr10	367277	0.36353060927730146	0.358
chr10	408539	1.343061454136266	0.373
chr10	491186	0.9803921568627436	0.484
chr10	515156	1.203189944911799	0.5075
chr10	565439	1.1416341956845584	0.568
chr10	719166	5.171225005745804	0.7435
chr10	736570	1.3290642179665295	0.8335
chr10	769676	0.8743894349635187	0.8775
chr10	819425	0.0499672941347477	0.921
chr10	929497	0.0	0.9265
chr10	963739	1.6066958113813863	0.9265
chr10	990502	0.12968050565791203	0.9695
chr10	1094604	3.3842583639528114	0.983
chr10	1115288	0.14240449998219956	1.053
chr10	1171466	19.127917951299317	1.061
chr10	1187359	0.6568258028831163	1.365
chr10	1216286	8.273586866167914	1.384
chr10	1254782	0.31234631896540366	1.7025
chr10	1330019	3.8218026936802096	1.726
chr10	1373454	20.337552742616044	1.892
chr10	1397154	12.042389210019296	2.374
chr10	1400268	3.1681267250689946	2.4115
chr10	1441933	2.7154001982673233	2.5435
chr10	1465134	9.02961714423307	2.6065
chr10	1477593	14.83679525222552	2.719
chr10	1494443	3.968929165896062	2.969
chr10	1629618	3.480330019792289	3.5055
chr10	1674585	0.5721642111285944	3.662
chr10	1702549	1.0677690484120608	3.678
chr10	1753590	7.203712682690316	3.7325
chr10	1768027	6.91103733315265	3.8365
chr10	1841822	1.888961892247045	4.3465
chr10	1939230	1.0149621384910184	4.5305
chr10	1983074	1.1251125112511233	4.575
chr10	2003072	5.534557235421148	4.5975
chr10	2029000	8.068723263659452	4.741
chr10	2057753	0.5513374510713459	4.973
chr10	2303519	2.3120078899290197	5.1085
chr10	2365370	3.3473923813349282	5.2515
chr10	2380307	9.13153762531707	5.3015
chr10	2421702	4.931301863692	5.6795
chr10	2451106	1.8568425939059474	5.8245
chr10	2528657	10.344827586206895	5.9685
chr10	2564762	8.749245754676371	6.342
chr10	2576363	0.8524818847599468	6.4435
chr10	2653784	2.1935375010545686	6.5095
chr10	2665637	0.0	6.5355
chr10	2689376	2.6376773366995225	6.5355
chr10	2742453	0.9056650912952025	6.6755
chr10	2790484	3.1077061140378475	6.719
chr10	2850657	0.3561374351321135	6.906
chr10	2939106	0.14955880153547604	6.9375
chr10	2959165	1.6562470840720287	6.9405
chr10	2980599	1.6890794516988112	6.976
chr10	3011385	0.1273136813240787	7.028
chr10	3062440	6.9038226091688	7.0345
chr10	3077142	1.6106836804903946	7.136
chr10	3109116	3.7445226397556772	7.1875
chr10	3146771	1.8115692460290118	7.3285
chr10	3219360	5.772988335603064	7.46
chr10	3253138	0.7626713713382602	7.655
chr10	3307552	0.3802281368821027	7.6965
chr10	3336482	0.3953741227636743	7.7075
chr10	3387067	0.43395243881269685	7.7275
chr10	3398589	0.5632972823072614	7.7325
chr10	3456285	0.14320650377844743	7.765
chr10	3501674	0.16369827134628015	7.7715
chr10	3532218	0.0	7.7765
chr10	3544903	0.43831168831168565	7.7765
chr10	3637303	1.0351966873705927	7.817
chr10	3662419	10.241124358888937	7.843
chr10	3692445	2.9605025633620023	8.1505
chr10	3720143	16.471134088950752	8.2325
chr10	3735230	12.45091466334644	8.481
chr10	3766553	2.6268412438625037	8.871
chr10	3827653	3.5137143210946737	9.0315
chr10	3859955	0.32705389848247124	9.145
chr10	3913463	3.409584872853744	9.1625
chr10	3950271	0.992844364937394	9.288
chr10	4006171	13.471691243400665	9.3435
chr10	4033636	2.0939762080979056	9.7135
chr10	4089033	4.3842136365814275	9.8295
chr10	4151644	4.387271944637604	10.104
chr10	4181845	2.6227010556099644	10.2365
chr10	4227790	0.8482215827195622	10.357
chr10	4631576	0.5866536299192705	10.6995
chr10	4652031	0.5138586110246224	10.7115
chr10	4684141	0.27875119464803483	10.728
chr10	4696697	0.5194130632385293	10.7315
chr10	4735202	0.7443904859806426	10.7515
chr10	4791624	0.31750275726081856	10.7935
chr10	4821545	0.27523945832874014	10.803
chr10	4857877	1.8810500063405893	10.813
chr10	4881534	0.3560247989687547	10.8575
chr10	4962989	0.1232481160645371	10.8865
chr10	4991387	9.04187817258861	10.89
chr10	4997691	1.1084670612402807	10.947
chr10	5046858	6.7876874506709	11.0015
chr10	5059528	1.4801259452622437	11.0875
chr10	5096687	3.869135076892968	11.1425
chr10	5106896	1.7966410623616473	11.182
chr10	5145301	12.668611009843177	11.251
chr10	5150787	3.0539406873206336	11.3205
chr10	5177965	0.08391796180058672	11.4035
chr10	5207756	0.49911520486411	11.406
chr10	5251834	17.253479939174063	11.428
chr10	5260383	5.99219620958741	11.5755
chr10	5267559	5.637033208424865	11.6185
chr10	5298515	2.1935216699235323	11.793
chr10	5375788	7.603868848470102	11.9625
chr10	5408666	3.3216544569322655	12.2125
chr10	5430643	0.19659111014999484	12.2855
chr10	5481510	6.473214285714267	12.2955
chr10	5508390	1.8455817051509646	12.4695
chr10	5544422	5.140227742668255	12.536
chr10	5613096	5.91655266757866	12.889
chr10	5671576	20.72123640526628	13.235
chr10	5680311	1.4253281668743325	13.416
chr10	5738894	4.393102993248144	13.4995
chr10	5829832	6.2039226596188835	13.899
chr10	5865777	16.014558689717937	14.122
chr10	5887757	9.730444070312634	14.474
chr10	5942996	2.753446427911463	15.0115
chr10	5997110	2.8260040064866727	15.1605
chr10	6039042	4.96416898123282	15.279
chr10	6104209	4.4886262774833385	15.6025
chr10	6183075	6.1637475585156025	15.9565
chr10	6214306	2.613279000752973	16.149
chr10	6282037	2.4466783681718725	16.326
chr10	6338440	7.120998116760958	16.464
chr10	6346936	0.711783617780184	16.5245
chr10	6409455	10.19770258654383	16.569
chr10	6422252	1.069578440047776	16.6995
chr10	6538653	3.251567255417111	16.824
chr10	6577096	1.543059875583147	16.949
chr10	6618248	3.1996587030717936	17.0125
chr10	6629968	0.616181685571282	17.05
chr10	6709490	0.725379757637799	17.099
chr10	6732926	2.623536873666589	17.116
chr10	6802298	0.8162524941048741	17.298
chr10	6846402	3.0402024283853195	17.334
chr10	6899359	2.308205717675806	17.495
chr10	6953297	4.073176726710898	17.6195
chr10	6981776	0.7464769080508331	17.7355
chr10	7053446	6.966859480361764	17.789
chr10	7084737	0.11227124733329623	18.007
chr10	7093644	14.536721021362762	18.008
chr10	7117377	0.212947189097112	18.353
chr10	7138509	1.915333357089373	18.3575
chr10	7194635	10.720978943887193	18.465
chr10	7212777	5.5301183326395895	18.6595
chr10	7280045	12.541362499684192	19.0315
chr10	7319634	36.62469763691635	19.528
chr10	7335757	29.51068852883147	20.1185
chr10	7366678	1.051552354162857	21.031
chr10	7442756	0.7242877836794094	21.111
chr10	7477963	1.6099524332235382	21.1365
chr10	7518958	4.542278127183132	21.2025
chr10	7521820	1.1301350511386539	21.2155
chr10	7574911	2.430644120691969	21.2755
chr10	7641560	11.311457050061495	21.4375
chr10	7650489	0.9539135339593382	21.5385
chr10	7710767	1.5567390413764954	21.596
chr10	7783997	2.0467494277455467	21.71
chr10	7843848	7.344632768361669	21.8325
chr10	7856238	0.018772644502387307	21.9235
chr10	7909507	4.41381938270046	21.9245
chr10	7925253	3.65324606134412	21.994
chr10	7990948	3.887146113828048	22.234
chr10	8042271	9.418700794478214	22.4335
chr10	8070088	27.235488931497297	22.6955
chr10	8081562	3.774931708053675	23.008
chr10	8154411	0.24157506945284163	23.283
chr10	8179248	0.5095177923612804	23.289
chr10	8203781	1.2798686323516753	23.3015
chr10	8286602	0.5660733379458042	23.4075
chr10	8318400	7.984031936127791	23.4255
chr10	8341446	5.571921392301985	23.6095
chr10	8393044	11.227347175992081	23.897
chr10	8411971	1.5678426161499963	24.1095
chr10	8535389	1.480883144857289	24.303
chr10	8572529	2.071527215581604	24.358
chr10	8593528	0.0	24.4015
chr10	8651431	5.42733691642963	24.4015
chr10	8689387	0.08484402839437091	24.6075
chr10	8724746	1.103947717036372	24.6105
chr10	8736069	1.1868694755911002	24.623
chr10	8768086	6.823027718550043	24.661
chr10	8793881	3.794249692089687	24.837
chr10	8869390	0.023190556805297236	25.1235
chr10	8912511	0.0	25.1245
chr10	8979716	0.7582991630623341	25.1245
chr10	9015322	15.559641461732925	25.1515
chr10	9037077	0.22236666552641424	25.49
chr10	9066308	0.3137747097583589	25.4965
chr10	9091804	0.07584184447366046	25.5045
chr10	9111582	1.914676761793813	25.506
chr10	9180262	0.10058788027807342	25.6375
chr10	9224999	10.358890701468194	25.642
chr10	9261779	0.019097819029090222	26.023
chr10	9314141	1.101052116466821	26.024
chr10	9367272	1.0147324113049092	26.0825
chr10	9393880	3.3984906014155536	26.1095
chr10	9415213	3.6547217146219944	26.182
chr10	9479787	8.73049160062696	26.418
chr10	9525088	0.11405109489051526	26.8135
chr10	9538240	4.627732240437172	26.815
chr10	9567520	1.4679742839203473	26.9505
chr10	9680601	0.5364806866953741	27.1165
chr10	9712289	0.5196492367651263	27.1335
chr10	9727684	2.09799675148882	27.1415
chr10	9749848	2.9486555212898815	27.188
chr10	9786814	6.085686465433243	27.297
chr10	9811462	4.091469566192154	27.447
chr10	9882830	4.947638692553969	27.739
chr10	9917493	3.0848137961792843	27.9105
chr10	9984758	5.2795376236524625	28.118
chr10	10002752	5.354200988467834	28.213
chr10	10046456	2.6691788349819707	28.447
chr10	10110146	2.258105747518249	28.617
chr10	10133617	1.8351214003386942	28.67
chr10	10154869	2.639206509599522	28.709
chr10	10230081	6.808510638297879	28.9075
chr10	10239481	1.9274519716885727	28.9715
chr10	10255305	5.864823738270424	29.002
chr10	10286849	2.4313260894551054	29.187
chr10	10399956	0.645308229577872	29.462
chr10	10452644	0.37390166386241835	29.496
chr10	10468691	0.10279605263170458	29.502
chr10	10478419	0.8639038437461202	29.503
chr10	10518354	1.575094968961355	29.5375
chr10	10604698	0.052298519951763475	29.6735
chr10	10623819	1.3968703032446401	29.6745
chr10	10680374	0.06111722283342572	29.7535
chr10	10721279	1.2979521199884092	29.756
chr10	10755949	1.7694432041805637	29.801
chr10	10816420	0.5343022013250668	29.908
chr10	10867889	0.5036807438976414	29.9355
chr10	10880794	0.6235214289643844	29.942
chr10	10935323	0.9421429346058108	29.976
chr10	11009091	2.2458914978886146	30.0455
chr10	11046270	7.987585010726057	30.129
chr10	11068179	2.894395521878623	30.304
chr10	11141424	14.85457217941298	30.516
chr10	11163875	7.2218807621389365	30.8495
chr10	11193161	0.05017129914993977	31.061
chr10	11262922	0.5065461346633608	31.0645
chr10	11301418	4.047767317484223	31.084
chr10	11328717	4.529514903565165	31.1945
chr10	11390313	2.0111282429442885	31.4735
chr10	11435064	11.476992384425541	31.5635
chr10	11463033	2.8195319936066667	31.8845
chr10	11518716	0.7949641454947693	32.0415
chr10	11549535	1.817409766454341	32.066
chr10	11608410	3.368001293312497	32.173
chr10	11645524	4.898758981057854	32.298
chr10	11660834	17.901036657048625	32.373
chr10	11670191	0.7282957878563491	32.5405
chr10	11720308	1.7680014695078363	32.577
chr10	11763860	0.4115072387862661	32.654
chr10	11790591	2.5265100474544413	32.665
chr10	11858867	3.660083937924999	32.8375
chr10	11920341	0.05448403617727304	33.0625
chr10	11938695	0.16200234903425897	33.0635
chr10	11963386	3.374103753690054	33.0675
chr10	11977612	1.4329855358024084	33.1155
chr10	11999943	2.3479980227385964	33.1475
chr10	12024219	3.0658152528843505	33.2045
chr10	12051781	0.0	33.289
chr10	12057895	1.3490604331319638	33.289
chr10	12183538	3.649428539097117	33.4585
chr10	12201212	0.7366600474023488	33.523
chr10	12232434	0.3030627161549525	33.546
chr10	12260481	0.6222101988368252	33.5545
chr10	12297446	1.2408649889007937	33.5775
chr10	12377632	0.09256234346072038	33.677
chr10	12469462	0.0	33.6855
chr10	12489380	0.6571283491145365	33.6855
chr10	12522859	4.832635983263484	33.7075
chr10	12546759	3.116926878580372	33.823
chr10	12564565	0.2358136643299258	33.8785
chr10	12704506	0.4661280298322116	33.9115
chr10	12752776	1.162790697674575	33.934
chr10	12773846	0.19118996635057317	33.9585
chr10	12813074	2.317613865376865	33.966
chr10	12867656	3.300416253026026	34.0925
chr10	12925073	0.36110621807302296	34.282
chr10	12981843	1.0731955762514098	34.3025
chr10	13009331	2.7307885336403963	34.332
chr10	13043204	0.5181730698051592	34.4245
chr10	13056713	1.107451158564331	34.4315
chr10	13127145	0.10063833457919936	34.5095
chr10	13161923	0.4000727404983737	34.513
chr10	13189418	0.5793188485904729	34.524
chr10	13283494	54.61790904828976	34.5785
chr10	13285627	3.498833722092768	34.695
chr10	13291629	0.570431882754304	34.716
chr10	13473947	3.7211373322306893	34.82
chr10	13505389	0.4574565416287121	34.937
chr10	13537086	1.0078556223272923	34.9515
chr10	13643252	1.9078714448684415	35.0585
chr10	13694094	0.3834739404448127	35.1555
chr10	13844039	1.4539984958636207	35.213
chr10	13883929	0.18528583428035683	35.271
chr10	14086319	0.13055300451981866	35.3085
chr10	14197385	0.0	35.323
chr10	14202155	0.7763305442939998	35.323
chr10	14236934	1.37621806397189	35.35
chr10	14281985	2.045563933900286	35.412
chr10	14319383	8.240736916022986	35.4885
chr10	14343592	0.6538337153221813	35.688
chr10	14485830	5.0855119415354615	35.781
chr10	14525649	0.9538858805619616	35.9835
chr10	14577542	1.8474079152857616	36.033
chr10	14603795	0.10506776871082246	36.0815
chr10	14660901	0.0	36.0875
chr10	14686193	0.15743692683138066	36.0875
chr10	14711600	0.015378463998979937	36.0915
chr10	14776626	0.41451084019864975	36.0925
chr10	14911725	0.13323435923799468	36.1485
chr10	14964264	0.5993633652993783	36.1555
chr10	15063536	0.08687493484371986	36.215
chr10	15092313	0.0	36.2175
chr10	15123554	0.31641250263678283	36.2175
chr10	15204145	0.5418983662017448	36.243
chr10	15302872	0.8307711419609252	36.2965
chr10	15367270	1.996711299036817	36.35
chr10	15384298	0.2850285028503669	36.384
chr10	15417628	2.0295420477321313	36.3935
chr10	15477001	3.5787917687788835	36.514
chr10	15502708	1.4964252064512333	36.606
chr10	15592923	5.220679534936287	36.741
chr10	15610641	5.314832846478426	36.8335
chr10	15635289	2.6773483873646775	36.9645
chr10	15659380	0.06723367062209093	37.029
chr10	15689127	0.8601483403368263	37.031
chr10	15724586	3.6276597187376867	37.0615
chr10	15798325	2.509774246437105	37.329
chr10	15837970	1.1645711574543778	37.4285
chr10	15884339	2.518263079086846	37.4825
chr10	15906378	1.711536682394322	37.538
chr10	15960423	0.09478672985827251	37.6305
chr10	15970973	0.6409914000320739	37.6315
chr10	15989694	0.6369718282998093	37.6435
chr10	16120783	0.07838710688881045	37.727
chr10	16152676	0.25073653858205724	37.7295
chr10	16216488	0.7235487282238617	37.7455
chr10	16234455	1.3352249019445706	37.7585
chr10	16258421	2.69887382540709	37.7905
chr10	16314185	1.149283749948639	37.941
chr10	16362911	4.9037561551296065	37.997
chr10	16387484	2.280436703628696	38.1175
chr10	16422565	0.9766925638179119	38.1975
chr10	16445090	0.0	38.2195
chr10	16475584	8.122759164908333	38.2195
chr10	16533877	0.9643872661113162	38.693
chr10	16584168	2.294069192751244	38.7415
chr10	16705568	5.755690496591243	39.02
chr10	16732411	1.2182177835673167	39.1745
chr10	16815319	37.89370078740068	39.2755
chr10	16816335	38.210900473934046	39.314
chr10	16823087	7.457520706391793	39.572
chr10	16947324	2.583905141971331	40.4985
chr10	16982155	4.697805616625759	40.5885
chr10	17030369	12.64461229563081	40.815
chr10	17051287	2.2659483456264646	41.0795
chr10	17094536	4.504694143897584	41.1775
chr10	17118289	7.363912018096871	41.2845
chr10	17139066	0.0	41.4375
chr10	17145738	6.89254696021014	41.4375
chr10	17185346	15.448407456333195	41.7105
chr10	17198972	1.829405392146864	41.921
chr10	17247895	0.8052437472822566	42.0105
chr10	17309988	1.4524979378116247	42.0605
chr10	17337871	3.792808537537793	42.101
chr10	17364764	0.5329119041492955	42.203
chr10	17419182	1.3139081037214098	42.232
chr10	17445059	0.6484633733990758	42.266
chr10	17488238	4.0730337078656556	42.294
chr10	17495358	4.386777880753877	42.323
chr10	17527728	3.0766006896156943	42.465
chr10	17580221	6.294242136758353	42.6265
chr10	17607627	2.4837228606261545	42.799
chr10	17684729	4.817491198814119	42.9905
chr10	17706317	1.7399755462896855	43.0945
chr10	17770111	7.084205441957895	43.2055
chr10	17794955	6.891537318622956	43.3815
chr10	17858221	9.698747701199707	43.8175
chr10	17881059	1.4971984936162093	44.039
chr10	17935494	0.9613733905579764	44.1205
chr10	18022869	19.826385167720364	44.2045
chr10	18041531	1.6069788797061264	44.5745
chr10	18150431	0.6146403362678624	44.7495
chr10	18175649	2.361960814682875	44.765
chr10	18201475	0.03502725120140286	44.826
chr10	18272848	0.5765005329910291	44.8285
chr10	18318815	0.09730330831255216	44.855
chr10	18354785	0.12198097096841796	44.8585
chr10	18375280	1.772276664708113	44.861
chr10	18428037	0.4002668445630572	44.9545
chr10	18458017	0.7141674256850666	44.9665
chr10	18506325	2.8526224949659547	45.001
chr10	18527183	2.62819437454589	45.0605
chr10	18545066	0.659033933786498	45.1075
chr10	18583759	0.5404777644767421	45.133
chr10	18695697	0.06882786151837783	45.1935
chr10	18768342	0.11098286424565952	45.1985
chr10	18790868	0.0	45.201
chr10	18810277	0.05406639353125844	45.201
chr10	18893508	0.07227870669301098	45.2055
chr10	18935014	0.10293209422705353	45.2085
chr10	18969017	4.964539007091966	45.212
chr10	18974657	2.693698164031975	45.24
chr10	19016978	0.08010082023240221	45.354
chr10	19391506	0.37130551017378505	45.384
chr10	19411705	0.6445427372118555	45.3915
chr10	19535824	1.2042037658736406	45.4715
chr10	19604334	5.025125628140665	45.554
chr10	19645726	0.588095167197694	45.762
chr10	19780058	0.47542473606934094	45.841
chr10	19851573	0.18095960292293528	45.875
chr10	19909597	0.3749829553202269	45.8855
chr10	19953599	8.554807801984229	45.902
chr10	19962366	0.8335470633497299	45.977
chr10	20001356	0.036170725825899606	46.0095
chr10	20042826	0.2613898193505326	46.011
chr10	20146120	1.5264857261596696	46.038
chr10	20208682	0.05542417972214222	46.1335
chr10	20235746	4.820398287734977	46.135
chr10	20262611	0.7481296758105022	46.2645
chr10	20324766	3.3754268922243567	46.311
chr10	20337357	0.08965738072372723	46.3535
chr10	20415432	0.0	46.3605
chr10	20444761	0.050834705870345595	46.3605
chr10	20493940	0.04770082045411362	46.363
chr10	20525386	0.2889815464640175	46.3645
chr10	20549609	0.059147798519053434	46.3715
chr10	20591876	0.17502406580905536	46.374
chr10	20626157	0.7863785557986764	46.38
chr10	20684653	1.156354261449802	46.426
chr10	20737405	2.868068833651925	46.487
chr10	20774538	1.610869869729715	46.5935
chr10	20795955	2.5423004614595746	46.628
chr10	20842763	5.253476770435542	46.747
chr10	20878644	11.252711496746373	46.9355
chr10	20897084	0.16545334215751786	47.143
chr10	20906150	0.6971368923352133	47.1445
chr10	21040270	2.2080904433845747	47.238
chr10	21142168	0.0	47.463
chr10	21181631	0.0	47.463
chr10	21199459	0.13447573673502522	47.463
chr10	21225486	2.765266922771137	47.4665
chr10	21285878	5.239165858790142	47.6335
chr10	21334359	4.423604352826431	47.8875
chr10	21345662	4.485826296743055	47.9375
chr10	21372190	1.2197786192834286	48.0565
chr10	21427118	10.85413462675986	48.1235
chr10	21444024	3.05695339321816	48.307
chr10	21465287	1.024576530544332	48.372
chr10	21540440	2.2567269900229254	48.449
chr10	21586746	0.061000052285802686	48.5535
chr10	21644123	0.34554250172762935	48.557
chr10	21668722	0.8588266650871076	48.5655
chr10	21702489	0.29554797280966133	48.5945
chr10	21739708	0.6450038351580457	48.6055
chr10	21768390	0.3871065203844328	48.624
chr10	21927261	6.615214994487571	48.6855
chr10	21941773	1.6386391102189282	48.7815
chr10	21990594	0.6746424395070868	48.8615
chr10	22001711	0.9729886726691863	48.869
chr10	22070571	4.164221234733543	48.936
chr10	22106352	0.2307071173144413	49.085
chr10	22123690	0.17903179604701866	49.089
chr10	22193510	0.3401211270077208	49.1015
chr10	22239082	1.2423943168424543	49.117
chr10	22270473	8.02314875706957	49.156
chr10	22285679	0.029070330820365836	49.278
chr10	22337278	2.2790932340507006	49.2795
chr10	22394757	0.21244202103176815	49.4105
chr10	22451243	3.131610601850001	49.4225
chr10	22499461	2.377597745684565	49.5735
chr10	22510817	0.5331627212635597	49.6005
chr10	22515506	3.273809523809489	49.603
chr10	22634786	2.797883169397076	49.9935
chr10	22812599	0.9421079016058589	50.491
chr10	22870448	2.6249815661408564	50.5455
chr10	22904353	13.651125667418812	50.6345
chr10	22922520	1.6026081932484393	50.8825
chr10	22995214	0.9593491775179476	50.999
chr10	23112481	7.060469849885472	51.1115
chr10	23159645	1.6169225208773395	51.4445
chr10	23212214	0.9318837364100641	51.5295
chr10	23279819	0.7403643754083172	51.5925
chr10	23348704	3.0813320835622164	51.6435
chr10	23441521	5.449296282930728	51.9295
chr10	23455376	5.917650637391771	52.005
chr10	23491539	7.362593459277313	52.219
chr10	23509060	16.148232493142054	52.348
chr10	23528381	3.4219669326256668	52.66
chr10	23700212	7.2001821389948235	53.248
chr10	23717781	2.3949565033636793	53.3745
chr10	23746174	17.041614367094446	53.4425
chr10	23756531	1.526612570485548	53.619
chr10	23792886	0.9246687579005749	53.6745
chr10	23835604	14.331830578282423	53.714
chr10	23853571	4.753128900190112	53.9715
chr10	23939304	7.6337510156951485	54.379
chr10	23962687	8.584453259132268	54.5575
chr10	23979578	0.38351183205024036	54.7025
chr10	24049980	2.119374181542326	54.7295
chr10	24078998	6.49746669168702	54.791
chr10	24100314	1.4927035758048384	54.9295
chr10	24279854	1.7223303878989995	55.1975
chr10	24293208	3.798532780468009	55.2205
chr10	24327695	1.0095638838153824	55.3515
chr10	24457454	0.2205679625033241	55.4825
chr10	24475589	0.0	55.4865
chr10	24542238	0.25664310814556063	55.4865
chr10	24567565	2.0642391214597127	55.493
chr10	24579676	3.1373252061667793	55.518
chr10	24590832	0.12376237623768709	55.553
chr10	24631232	1.714639082527545	55.558
chr10	24666808	0.9159716530878234	55.619
chr10	24729037	0.0	55.676
chr10	24767979	0.0	55.676
chr10	24795287	0.10887316276538246	55.676
chr10	24850397	2.5650326458697674	55.682
chr10	24869695	0.9860226958206849	55.7315
chr10	24927503	0.37454214976176825	55.7885
chr10	25109058	0.0	55.8565
chr10	25151501	0.0	55.8565
chr10	25225837	0.48067360604671766	55.8565
chr10	25256003	0.055318301506820225	55.871
chr10	25301196	0.14037787644667735	55.8735
chr10	25397365	0.2438987210560546	55.887
chr10	25462966	0.22011194264516223	55.903
chr10	25526570	0.0	55.917
chr10	25557857	3.054989816700727	55.917
chr10	25560312	0.038350910834042934	55.9245
chr10	25586387	1.1485851519264105	55.9255
chr10	25624695	2.3341847969700003	55.9695
chr10	25670107	0.24213075060648304	56.0755
chr10	25674237	0.797937638104476	56.0765
chr10	25723113	0.40197542207448045	56.1155
chr10	25731820	0.6447688564476554	56.119
chr10	25772920	3.6617617142469436	56.1455
chr10	25817161	4.576180631373615	56.3075
chr10	25860210	3.0462880056059713	56.5045
chr10	25911584	1.2173231270761766	56.661
chr10	26008518	0.586583241494439	56.779
chr10	26064776	0.9540199783007582	56.812
chr10	26091505	0.2162812288993755	56.8375
chr10	26186289	0.9253098228396911	56.858
chr10	26234381	0.3413955198402827	56.9025
chr10	26310539	1.6140443972761895	56.9285
chr10	26333153	1.27189230561433	56.965
chr10	26377575	0.9491001124858502	57.0215
chr10	26434471	1.3970776723918081	57.0755
chr10	26473481	2.1638978081809457	57.13
chr10	26509296	0.2607969956183733	57.2075
chr10	26528468	0.46111636271412104	57.2125
chr10	26615214	6.5973350666234305	57.2525
chr10	26630599	0.0	57.354
chr10	26632033	1.9051920827398152	57.354
chr10	26718376	0.34121929026374226	57.5185
chr10	26766732	0.3865703804840458	57.535
chr10	26827523	0.07586562680173964	57.5585
chr10	26860476	0.0	57.561
chr10	26869440	0.0	57.561
chr10	26881427	0.3004705482170036	57.561
chr10	26969622	0.7422514498182478	57.5875
chr10	27041700	1.5618688568735648	57.641
chr10	27078835	0.2624671916011163	57.699
chr10	27120745	0.0	57.71
chr10	27156186	0.026516758591367984	57.71
chr10	27193898	5.79036660028043	57.711
chr10	27221012	0.3129792494756975	57.868
chr10	27252963	0.6258503401361426	57.878
chr10	27289713	0.2990390877313399	57.901
chr10	27364954	0.0	57.9235
chr10	27386618	0.725779694758021	57.9235
chr10	27410730	0.1979320063971512	57.941
chr10	27537036	0.4928998943786127	57.966
chr10	27579641	0.6065507480792789	57.987
chr10	27599425	0.6177135896989556	57.999
chr10	27656895	5.805243445692926	58.0345
chr10	27670245	5.700184213270358	58.112
chr10	27699016	0.3582146043418129	58.276
chr10	27772994	0.20562285030655061	58.3025
chr10	27879986	0.3290102099298031	58.3245
chr10	27927097	2.4701914398365683	58.34
chr10	27948148	1.7090970096044615	58.392
chr10	27995834	0.2984939622812288	58.4735
chr10	28106389	2.1734548711732975	58.5065
chr10	28144347	0.3519657941391311	58.589
chr10	28182703	7.778478111391336	58.6025
chr10	28217607	2.2631950500393394	58.874
chr10	28241688	0.5357183136715249	58.9285
chr10	28330354	0.8366570393802721	58.976
chr10	28373980	7.493443237167319	59.0125
chr10	28389994	2.622323687295566	59.1325
chr10	28438615	5.367170626349891	59.26
chr10	28484915	0.968606092809092	59.5085
chr10	28665587	0.6653655074520402	59.6835
chr10	28755763	2.13626306553758	59.7435
chr10	28795084	0.302303172293881	59.8275
chr10	28848011	4.934210526315758	59.8435
chr10	28880539	1.113089937667081	60.004
chr10	28911983	0.0	60.039
chr10	28988382	0.0	60.039
chr10	29039050	0.06003986647128236	60.039
chr10	29080689	0.09519820265784723	60.0415
chr10	29106950	0.02263467632423664	60.044
chr10	29151130	0.04012358062824176	60.045
chr10	29176053	0.0	60.046
chr10	29215782	0.05305978068624184	60.046
chr10	29244052	0.3210165203726057	60.0475
chr10	29348408	0.0517737062664333	60.081
chr10	29512584	0.9932273890785043	60.0895
chr10	29587592	0.4472055350942307	60.164
chr10	29938661	1.338600672565228	60.321
chr10	29999919	0.8870679532342612	60.403
chr10	30078267	0.3157549068312641	60.4725
chr10	30197030	1.019184652278145	60.51
chr10	30230390	0.2977963073258005	60.544
chr10	30250538	1.9732409279050453	60.55
chr10	30260927	1.2546002007360795	60.5705
chr10	30266905	8.625063419583093	60.578
chr10	30272818	0.8197146562905383	60.629
chr10	30369193	0.06552984520394592	60.708
chr10	30437864	0.6772981959238491	60.7125
chr10	30470346	0.24537296690987806	60.7345
chr10	30484610	1.7197283711086284	60.738
chr10	30495949	0.038544557508444745	60.7575
chr10	30560809	0.22019110926463345	60.76
chr10	30681159	0.7725712798660855	60.7865
chr10	30742642	0.10466089868825404	60.834
chr10	30756974	0.262228477348749	60.8355
chr10	30907606	0.79518809256808	60.875
chr10	30956651	0.01986397152299236	60.914
chr10	31208363	0.0	60.919
chr10	31264150	0.11464619067062716	60.919
chr10	31442961	0.8609009822738065	60.9395
chr10	31478389	0.0	60.97
chr10	31523618	0.058462437883523496	60.97
chr10	31540723	0.06609035873859496	60.971
chr10	31578550	1.3643593681439095	60.9735
chr10	31651478	0.38458793583329226	61.073
chr10	31903696	22.28682170542261	61.17
chr10	31904728	0.7064240986552046	61.193
chr10	31962059	0.0	61.2335
chr10	31967134	3.493013972056021	61.2335
chr10	31970140	0.17928490933307906	61.244
chr10	32165360	0.05824111822939339	61.279
chr10	32225455	1.852868514960268	61.2825
chr10	32232741	0.8518460400368493	61.296
chr10	32277350	1.1184045488753167	61.334
chr10	32325186	0.10002222716159526	61.3875
chr10	32370176	0.544404468850505	61.392
chr10	32412424	0.0	61.415
chr10	32442286	0.10575948530384219	61.415
chr10	32555751	0.039521786384746085	61.427
chr10	32707566	0.06048234671501902	61.433
chr10	32773701	0.68399452804385	61.437
chr10	32822678	0.15670051397754334	61.4705
chr10	32838632	0.028087858822416528	61.473
chr10	32963241	0.7855147110001952	61.4765
chr10	33063812	0.09569054802537436	61.5555
chr10	33152640	0.0172316741145798	61.564
chr10	33239689	0.0	61.5655
chr10	33271430	0.2954849893625516	61.5655
chr10	33296812	0.7957137552384791	61.573
chr10	33353365	0.12837300059052068	61.618
chr10	33587059	2.0933295700441867	61.648
chr10	33629575	0.28658032515844367	61.737
chr10	33811025	0.009973271632002926	61.789
chr10	33911293	2.2491235033405386	61.79
chr10	33941527	1.6542174016850577	61.858
chr10	33970846	1.000674612098028	61.9065
chr10	34015316	0.0	61.951
chr10	34103363	1.3590589074055974	61.951
chr10	34125805	0.7211821500059842	61.9815
chr10	34159777	0.0	62.006
chr10	34184236	0.0	62.006
chr10	34225806	0.06311696836571805	62.006
chr10	34265415	0.1307292075196109	62.0085
chr10	34303662	0.0	62.0135
chr10	34356136	0.004583476566965369	62.0135
chr10	34574311	1.402109088036612	62.0145
chr10	34599630	0.1087803269024483	62.05
chr10	34742119	0.700391352693989	62.0655
chr10	34880613	0.13504510506509684	62.1625
chr10	34936150	0.25945571955720537	62.17
chr10	34953494	0.0	62.1745
chr10	35020128	0.12111382593308269	62.1745
chr10	35115080	0.0	62.186
chr10	35139168	0.9752327678209485	62.186
chr10	35166341	0.11632579683173774	62.2125
chr10	35260903	0.36844259898236903	62.2235
chr10	35431893	0.05679021693863086	62.2865
chr10	35537545	0.18297028177428648	62.2925
chr10	35589466	0.1378368798981372	62.302
chr10	35741820	0.8889152271178742	62.323
chr10	35775569	0.017099863201078837	62.353
chr10	35921769	0.0	62.3555
chr10	35940168	0.061694120550277357	62.3555
chr10	36005004	0.03738348812866707	62.3595
chr10	36125378	0.2747554676339465	62.364
chr10	36161774	0.0	62.374
chr10	36173591	0.2991176030709521	62.374
chr10	36213709	0.15649452269165876	62.386
chr10	36258439	0.22965228556216236	62.393
chr10	36354236	0.010859767818138738	62.415
chr10	36446319	0.0	62.416
chr10	36486200	0.1479020660781518	62.416
chr10	36530148	0.48718608670071395	62.4225
chr10	36584542	1.30204344229662	62.449
chr10	36617183	1.1040441617664556	62.4915
chr10	36658848	0.24860419105233023	62.5375
chr10	36755387	0.5865148505559272	62.5615
chr10	36819324	0.41522188874968796	62.599
chr10	36887962	0.14756102702485355	62.6275
chr10	36935400	0.10577309555531833	62.6345
chr10	36982671	0.06756756756761585	62.6395
chr10	37034471	0.24254674077817995	62.643
chr10	37083946	0.35554029865380626	62.655
chr10	37124729	0.0	62.6695
chr10	37147527	0.5771711821822471	62.6695
chr10	37162254	0.0	62.678
chr10	37258036	0.46805746599425524	62.678
chr10	37310380	0.0	62.7025
chr10	37354931	0.013923698134224978	62.7025
chr10	37462661	0.27669491004342084	62.704
chr10	37543978	0.06590364886536133	62.7265
chr10	37589499	0.02854659756275602	62.7295
chr10	37747136	0.3032890007189188	62.734
chr10	37791648	0.738437621453216	62.7475
chr10	37804513	0.23029535379131416	62.757
chr10	37873989	0.8051529790659944	62.773
chr10	37914354	0.624451495308039	62.8055
chr10	37943980	0.24023318634622248	62.824
chr10	38037639	2.369106846718316	62.8465
chr10	38041860	1.193039632194725	62.8565
chr10	38076226	0.08333585866235098	62.8975
chr10	38142224	1.3694267515925593	62.903
chr10	38157924	0.3811153457260044	62.9245
chr10	38222209	0.4842816028338886	62.949
chr10	38258345	1.6068274203502697	62.9665
chr10	38305332	0.40800549733703934	63.042
chr10	38328616	5.9415324050452325	63.0515
chr10	38342333	0.2205679625034025	63.133
chr10	38433008	2.7760798696008777	63.153
chr10	38452640	0.5017513050358424	63.2075
chr10	38556277	1.7214243556954625	63.2595
chr10	38596941	3.0850091407675353	63.3295
chr10	38614445	2.6978634856880035	63.3835
chr10	38655774	0.8702890873317406	63.495
chr10	38682202	0.15003500816857837	63.518
chr10	38712195	2.081051478641919	63.5225
chr10	38725890	0.149957155098346	63.551
chr10	38749230	0.3312337941278462	63.5545
chr10	38942447	0.34412570106467555	63.6185
chr10	39010736	0.06834896246268765	63.642
chr10	39047313	3.7262137327256184	63.6445
chr10	39074955	1.5370834096784978	63.7475
chr10	39124074	3.0384451196545266	63.823
chr10	39163897	2.8949024543733333	63.944
chr10	39171842	8.321881203237812	63.967
chr10	39178391	0.6675143038779655	64.0215
chr10	39209851	1.9074369078559983	64.0425
chr10	39257559	1.9576367409262423	64.1335
chr10	39283100	3.673241236125479	64.1835
chr10	39308146	5.221427190098824	64.2755
chr10	39354685	3.868410454246568	64.5185
chr10	39401862	3.24878048780514	64.701
chr10	39453112	6.958745764963508	64.8675
chr10	39483218	1.2344464663355372	65.077
chr10	39584883	5.938153570361567	65.2025
chr10	39625047	2.5255044773141173	65.441
chr10	39705229	0.8672429932270824	65.6435
chr10	39741551	3.3610307160863937	65.675
chr10	39762973	5.187845618835527	65.747
chr10	39780514	0.8244635679103355	65.838
chr10	39921818	0.0	65.9545
chr10	39956583	0.0	65.9545
chr10	39969172	0.868836689732392	65.9545
chr10	40001399	3.8776247905095134	65.9825
chr10	40031830	2.543680810929214	66.1005
chr10	40084313	2.466150870406283	66.234
chr10	40104993	1.9920318725103612	66.285
chr10	40126830	5.311408614667731	66.3285
chr10	40140574	4.950044034133946	66.4015
chr10	40173503	1.1990736299728075	66.5645
chr10	40246476	3.1032424905511418	66.652
chr10	40271611	24.334670069266853	66.73
chr10	40277097	2.6279177616325002	66.8635
chr10	40315911	2.674355438552409	66.9655
chr10	40387704	0.6912760956725724	67.1575
chr10	40460034	2.419944847768544	67.2075
chr10	40495572	2.0428512366546654	67.2935
chr10	40536691	1.4872394852168958	67.3775
chr10	40587120	4.90121232479308	67.4525
chr10	40619867	3.522107692919817	67.613
chr10	40644994	3.795066413662521	67.7015
chr10	40679249	0.8345512190836835	67.8315
chr10	40804466	0.0	67.936
chr10	40819021	2.289526488192182	67.936
chr10	40877330	2.3544217879464804	68.0695
chr10	40948048	2.716926236521931	68.236
chr10	40971420	0.7952813307707903	68.2995
chr10	41031776	1.6788382439352603	68.3475
chr10	41067515	1.3640552995393969	68.4075
chr10	41094640	0.9865971705137243	68.4445
chr10	41148360	2.07401529360859	68.4975
chr10	41176084	6.13273221507571	68.555
chr10	41191167	7.797107524628256	68.6475
chr10	41215022	1.5699572971612794	68.8335
chr10	41238908	11.93525253560107	68.871
chr10	41268191	0.9769094138543285	69.2205
chr10	41386421	4.827934654465916	69.336
chr10	41475486	4.216688163507975	69.766
chr10	41495644	0.0	69.851
chr10	41495988	13.649518379335774	69.851
chr10	41542290	1.1696079592558823	70.483
chr10	41576062	0.46047330077138815	70.5225
chr10	41697676	0.3482379161439931	70.5785
chr10	41719213	0.5598581692638077	70.586
chr10	41740647	1.5488060841375888	70.598
chr10	41927888	0.1534212948754923	70.888
chr10	41957219	1.1879454795551743	70.8925
chr10	41965216	2.0952534450798814	70.902
chr10	41977625	5.1989960559333745	70.928
chr10	41980414	0.0	70.9425
chr10	42021071	0.0	70.9425
chr10	42035061	0.033360763294423466	70.9425
chr10	42080024	0.3851684470007147	70.944
chr10	42138440	1.3535147722313743	70.9665
chr10	42172795	0.0	71.013
chr10	42191687	0.07001820473256994	71.013
chr10	42205969	0.8258137286499159	71.014
chr10	42255617	2.8513921502844526	71.055
chr10	42264560	3.5483159288132824	71.0805
chr10	42291756	1.21910150198682	71.177
chr10	42365991	1.7662714735061096	71.2675
chr10	42386656	0.08199947520328411	71.304
chr10	42447632	0.27764820861382117	71.309
chr10	42492653	0.12815766240404025	71.3215
chr10	42527766	0.05120677294941325	71.326
chr10	42557059	0.7994964873185746	71.3275
chr10	42615846	1.7127553562530315	71.3745
chr10	42664014	0.1291145777955154	71.457
chr10	42729847	2.896163247953567	71.4655
chr10	42748665	2.6419236267105126	71.52
chr10	42787841	0.6295066956618793	71.6235
chr10	42814052	5.037343506528397	71.64
chr10	42851274	1.1961361785961961	71.8275
chr10	42950761	0.27498096285632784	71.9465
chr10	43021675	0.0	71.966
chr10	43046878	0.23186314921694862	71.966
chr10	43105102	2.5365420590379624	71.9795
chr10	43136641	1.6059763975603347	72.0595
chr10	43164350	2.5161030595811775	72.104
chr10	43204094	0.4784215388680345	72.204
chr10	43234402	0.2873563218389074	72.2185
chr10	43298782	0.9926050920642774	72.237
chr10	43339080	0.27098751588544107	72.277
chr10	43392588	1.3455867617165405	72.2915
chr10	43427517	2.618064646057898	72.3385
chr10	43457310	3.3398771129184466	72.4165
chr10	43496533	0.11272163061782	72.5475
chr10	43571940	0.0321027287320955	72.556
chr10	43603090	0.3218745976564602	72.557
chr10	43618624	2.620597148393024	72.562
chr10	43658882	0.6193030659862877	72.6675
chr10	43773527	3.163285800361638	72.7385
chr10	43793443	0.45874462161472357	72.8015
chr10	43919875	0.616274682429966	72.8595
chr10	43959630	0.845910689640063	72.884
chr10	43982091	0.4408789916837058	72.903
chr10	44039930	1.5269190167393465	72.9285
chr10	44066454	1.6976675524070228	72.969
chr10	44080002	0.16878206859287917	72.992
chr10	44124438	0.5440283400810522	72.9995
chr10	44163958	7.778191291403171	73.021
chr10	44177393	7.9854124748488005	73.1255
chr10	44209201	2.114091028217039	73.3795
chr10	44323671	0.20879996962901332	73.6215
chr10	44376353	11.328235627301813	73.6325
chr10	44390477	3.9181702367196722	73.7925
chr10	44457983	6.791940230925868	74.057
chr10	44497736	7.446520444083683	74.327
chr10	44519894	2.436680044517784	74.492
chr10	44579196	1.5523129462885603	74.6365
chr10	44582417	2.2799962000064196	74.6415
chr10	44613996	7.544748161509683	74.7135
chr10	44642824	0.9992264053635764	74.931
chr10	44782432	9.373436534330034	75.0705
chr10	44816411	0.7265329845976659	75.389
chr10	44833616	12.301763746850638	75.4015
chr10	44867351	0.015767647939808012	75.8165
chr10	44930772	0.04608804660419081	75.8175
chr10	44985016	0.09589934404858119	75.82
chr10	45063223	0.5135135135134049	75.8275
chr10	45118723	0.0959174063935413	75.856
chr10	45176064	1.3585972031010185	75.8615
chr10	45203666	7.053056948289968	75.899
chr10	45257118	0.06839945280470416	76.276
chr10	45286358	0.28027547074826786	76.278
chr10	45373772	1.25124131082456	76.3025
chr10	45398947	3.7201281103715704	76.334
chr10	45419242	0.21610372979042128	76.4095
chr10	45481712	1.219892257691113	76.423
chr10	45594017	3.7029818748782164	76.56
chr10	45635065	0.5495400146541319	76.712
chr10	45659631	0.2143888788590614	76.7255
chr10	45703943	0.9399015867748055	76.735
chr10	45722030	1.8590432124267415	76.752
chr10	45746236	0.3792371128334309	76.797
chr10	45818750	0.20713654441008297	76.8245
chr10	45891166	0.0	76.8395
chr10	45950528	0.07155942294474829	76.8395
chr10	45985464	0.0	76.842
chr10	46003210	0.6024217353762352	76.842
chr10	46053009	2.1339244359159446	76.872
chr10	46083235	2.116503501376367	76.9365
chr10	46140641	0.09834223096342486	77.058
chr10	46176231	0.22864546615095277	77.0615
chr10	46228714	0.9949786126092552	77.0735
chr10	46282484	1.396845962305456	77.127
chr10	46331881	0.051676381826403044	77.196
chr10	46380259	4.599264117741146	77.1985
chr10	46417765	3.7200472061162904	77.371
chr10	46476232	3.768959354809235	77.5885
chr10	46563524	40.53761109906795	77.9175
chr10	46586589	2.4527695856570233	78.8525
chr10	46655083	17.51466538968028	79.0205
chr10	46696848	0.29518211453061083	79.752
chr10	46735807	0.4587047127955437	79.7635
chr10	46862250	0.3144578021819799	79.8215
chr10	46903591	0.42041225130750454	79.8345
chr10	46984464	1.281047612269638	79.8685
chr10	47026617	1.1131312381730227	79.9225
chr10	47053568	0.49576631307239905	79.9525
chr10	47117106	2.2339866336261878	79.984
chr10	47143740	1.9070268329894993	80.0435
chr10	47188312	0.4651671865592926	80.1285
chr10	47224858	1.629476267157579	80.1455
chr10	47250940	0.9615594746388018	80.188
chr10	47296699	1.0238768071427973	80.232
chr10	47321116	0.6179565153756803	80.257
chr10	47382609	2.8398700544309503	80.295
chr10	47429090	0.6494337134815383	80.427
chr10	47530717	3.2009517874341267	80.493
chr10	47548368	0.45426342847009415	80.5495
chr10	47593496	4.72729838425226	80.57
chr10	47607669	0.4285324710738899	80.637
chr10	47633338	0.058181479671338084	80.648
chr10	47676307	8.720723286111076	80.6505
chr10	47690354	1.784275353977314	80.773
chr10	47751163	0.7714967036050894	80.8815
chr10	47786808	0.8938429991059419	80.909
chr10	47805827	23.955972806732944	80.926
chr10	47808916	7.847533632287126	81.0
chr10	47837460	3.4872521560074587	81.224
chr10	47927789	12.587520593080836	81.539
chr10	47947213	1.4676130144936528	81.7835
chr10	48007515	3.7175929940170525	81.872
chr10	48053647	8.846697636841377	82.0435
chr10	48078402	5.14371220150887	82.2625
chr10	48126519	0.5935529994284929	82.51
chr10	48579722	6.244948938359265	82.779
chr10	48593333	0.0	82.864
chr10	48606984	0.27993001749554197	82.864
chr10	48707009	0.25355283175221593	82.892
chr10	48787860	0.1560792882785858	82.9125
chr10	48858337	3.626220362621513	82.9235
chr10	48879847	0.2842360756260445	83.0015
chr10	49036407	0.2427361215620289	83.046
chr10	49077604	0.052598358931452496	83.056
chr10	49096616	5.555290639454583	83.057
chr10	49138558	1.1492713842581086	83.29
chr10	49183369	0.9010023651312427	83.3415
chr10	49210006	3.0425963488856054	83.3655
chr10	49216415	0.3251853556527107	83.385
chr10	49316358	2.7197836750094613	83.4175
chr10	49348162	1.1345435130803463	83.504
chr10	49370638	0.2672757313634872	83.5295
chr10	49411794	1.0070493454182363	83.5405
chr10	49446549	0.23920751955867492	83.5755
chr10	49482083	0.34025577848171257	83.584
chr10	49524698	1.0400451834199609	83.5985
chr10	49597291	2.7443946188339297	83.674
chr10	49625166	0.3619581938286265	83.7505
chr10	49658319	0.0	83.7625
chr10	49727799	0.0	83.7625
chr10	49786713	0.15680409138066279	83.7625
chr10	49828166	0.04865138364530663	83.769
chr10	49879552	1.405753402330462	83.7715
chr10	49904094	0.3227472243741884	83.806
chr10	49927332	2.388946280991673	83.8135
chr10	49958308	0.3563199277858415	83.8875
chr10	50084599	0.4513217279174717	83.9325
chr10	50216434	3.48068221371369	83.992
chr10	50230799	0.5157962604771311	84.042
chr10	50277329	0.9277307144462623	84.066
chr10	50330685	0.5335681032988683	84.1155
chr10	50405652	0.07102676288419019	84.1555
chr10	50546444	5.939023446568451	84.1655
chr10	50572290	0.9161649572852745	84.319
chr10	50614313	2.086797918566654	84.3575
chr10	50707518	4.6374261656403135	84.552
chr10	50747303	1.1313359865855348	84.7365
chr10	50796802	1.3602583384940996	84.7925
chr10	50842014	8.457926011117708	84.854
chr10	50862882	2.5903830627073936	85.0305
chr10	50907470	9.290405253883184	85.146
chr10	50913713	5.243015690776902	85.204
chr10	50965973	0.29871822724337094	85.478
chr10	51002797	2.328157726194851	85.489
chr10	51060568	2.7570336922538456	85.6235
chr10	51083600	1.1372435152922242	85.687
chr10	51124928	1.8450641438407165	85.734
chr10	51165306	0.08667614325874344	85.8085
chr10	51194149	0.0	85.811
chr10	51202518	0.4203054219392953	85.811
chr10	51223931	0.0	85.82
chr10	51223932	0.339241794589508	85.82
chr10	51235723	0.6053574131060109	85.824
chr10	51255546	0.0	85.836
chr10	51255764	60.81081081080855	85.836
chr10	51257318	0.13363028953242564	85.9305
chr10	51313443	4.043344654698366	85.938
chr10	51344358	6.851710195606831	86.063
chr10	51390113	2.106780506736365	86.3765
chr10	51426187	1.337444737526521	86.4525
chr10	51480021	2.095330970045884	86.5245
chr10	51555904	2.7849668054461296	86.6835
chr10	51609226	0.942300245256325	86.832
chr10	51647961	9.182753021829598	86.8685
chr10	51675676	8.73657890866295	87.123
chr10	51743666	0.08053258885467422	87.717
chr10	51762292	0.2754170601192473	87.7185
chr10	51787708	1.2413067425152529	87.7255
chr10	51848531	0.0	87.801
chr10	51865426	1.4229970031339951	87.801
chr10	52011245	0.3618778168896825	88.0085
chr10	52041642	0.0	88.0195
chr10	52065915	0.05813567204841042	88.0195
chr10	52126119	0.35586443658307587	88.023
chr10	52173890	0.48840302602041985	88.04
chr10	52222006	0.5165670430219755	88.0635
chr10	52235557	2.0403099065316956	88.0705
chr10	52271826	0.18577001671966054	88.1445
chr10	52298741	0.710732054015357	88.1495
chr10	52329695	1.9514542343885668	88.1715
chr10	52367103	0.21374045801513064	88.2445
chr10	52416228	0.2621489661501023	88.255
chr10	52477262	0.056499835208816115	88.271
chr10	52583457	0.15008104376349585	88.277
chr10	52633430	0.5559085133417911	88.2845
chr10	52702686	0.4906083543597562	88.323
chr10	52709820	1.4707248351239879	88.3265
chr10	52742117	0.14622020763270038	88.374
chr10	52783151	0.0	88.38
chr10	52834517	0.028149983110144546	88.38
chr10	52887803	0.2031488065007695	88.3815
chr10	52946873	0.0	88.3935
chr10	52969464	0.05043881771363684	88.3935
chr10	52989290	0.08502340977890954	88.3945
chr10	53077501	0.0	88.402
chr10	53082494	1.314541849840683	88.402
chr10	53105696	0.0313263579973236	88.4325
chr10	53137618	0.37565740045115903	88.4335
chr10	53157583	0.05801810164766132	88.441
chr10	53200673	0.13611542588111444	88.4435
chr10	53325567	0.4059739684572431	88.4605
chr10	53366210	1.2414143061672054	88.477
chr10	53421389	2.8043132146475815	88.5455
chr10	53449025	0.2062477193760375	88.623
chr10	53512056	2.993197278912323	88.636
chr10	53526756	0.06809437880887062	88.68
chr10	53556127	0.29871882813695494	88.682
chr10	53601320	1.95384051776839	88.6955
chr10	53609509	0.2814801290244518	88.7115
chr10	53675233	1.7280157990016565	88.73
chr10	53711691	3.6611840894871372	88.793
chr10	53738868	1.2086627434664259	88.8925
chr10	53789337	0.4400052800632732	88.9535
chr10	53834791	3.9051548043415942	88.9735
chr10	53859758	0.04170439921837021	89.071
chr10	53943682	5.552278614110132	89.0745
chr10	53982675	1.2433661865048313	89.291
chr10	54015650	8.699339518388385	89.332
chr10	54054561	29.289990488446175	89.6705
chr10	54072434	4.244548286604264	90.194
chr10	54136634	0.04366049598344284	90.4665
chr10	54159538	0.4564820450394349	90.4675
chr10	54208828	4.910154617634916	90.49
chr10	54271046	1.0791168859769749	90.7955
chr10	54361861	0.2248345859833302	90.8935
chr10	54377428	0.02368246550243063	90.897
chr10	54440766	0.3429355281223508	90.8985
chr10	54443682	0.4209478981304433	90.8995
chr10	54495945	1.611361463881049	90.9215
chr10	54569175	0.5620082427875821	91.0395
chr10	54590527	4.544354978055622	91.0515
chr10	54648401	0.1624338321007081	91.3145
chr10	54700730	0.2542984643654508	91.323
chr10	54761682	1.5383007004496714	91.3385
chr10	54828639	3.9451174807108034	91.4415
chr10	54857282	0.7234726688103168	91.5545
chr10	54894602	0.0	91.5815
chr10	54898479	2.182718271826732	91.5815
chr10	54920699	1.0913485821488682	91.63
chr10	54976135	0.9873404025103806	91.6905
chr10	55013103	0.22297096422555598	91.727
chr10	55053467	0.15515903801376021	91.736
chr10	55098582	1.9926310248892005	91.743
chr10	55165077	4.9887387387385544	91.8755
chr10	55209477	1.6554768693093609	92.097
chr10	55231223	5.5184876285796465	92.133
chr10	55267193	0.3709073743128327	92.3315
chr10	55326507	1.6277005031088918	92.3535
chr10	55333265	0.23242727472893165	92.3645
chr10	55415011	0.0	92.3835
chr10	55441821	0.03995205753115361	92.3835
chr10	55466851	0.05526693931687892	92.3845
chr10	55566368	0.0	92.39
chr10	55591111	2.3774930656453153	92.39
chr10	55598682	0.0	92.408
chr10	55605966	24.77134146341377	92.408
chr10	55609902	0.1118123540229408	92.5055
chr10	55650148	0.07411433371179166	92.51
chr10	55670387	0.15352223879298627	92.5115
chr10	55693185	0.0	92.515
chr10	55788877	0.9123350934134213	92.515
chr10	55912735	0.02790894984200996	92.628
chr10	56002312	0.03496307898855625	92.6305
chr10	56073816	2.4372950456438764	92.633
chr10	56118948	1.0200643004818801	92.743
chr10	56228745	0.440917107583791	92.855
chr10	56249157	0.7555096926364859	92.864
chr10	56303425	0.7677799475905441	92.905
chr10	56363338	0.16966886293584332	92.951
chr10	56398701	4.141492886377312	92.957
chr10	56419225	1.0915441711540879	93.042
chr10	56508548	2.5535551051230576	93.1395
chr10	56558870	9.914723106956338	93.268
chr10	56568603	1.5403573629081073	93.3645
chr10	56601063	0.3865267807838502	93.4145
chr10	56628228	2.0063456513627456	93.425
chr10	56660376	0.0	93.4895
chr10	56669991	19.794930219308114	93.4895
chr10	56673502	3.1991468941616783	93.559
chr10	56726016	3.8113287007787573	93.727
chr10	56749761	9.140118910284988	93.8175
chr10	56772299	4.4074597901522985	94.0235
chr10	56833105	0.15227864222819204	94.2915
chr10	56905341	1.6547861507134967	94.3025
chr10	56913197	1.2522938054852835	94.3155
chr10	56993849	0.4337424209219029	94.4165
chr10	57103361	0.9308644460100166	94.464
chr10	57123235	0.7561535252397883	94.4825
chr10	57142411	3.17103109656297	94.497
chr10	57186403	4.614032517943635	94.6365
chr10	57213711	1.046988860038172	94.7625
chr10	57237589	1.333530893465749	94.7875
chr10	57325326	0.5521362802254994	94.9045
chr10	57386905	10.989010989010703	94.9385
chr10	57413841	1.133713397253294	95.2345
chr10	57475585	9.30512786182861	95.3045
chr10	57505461	0.40925995124486814	95.5825
chr10	57561660	0.9817977808251492	95.6055
chr10	57593744	1.0902779838015202	95.637
chr10	57661158	0.08651392153187645	95.7105
chr10	57730511	3.2349965386867643	95.7165
chr10	57768069	0.0	95.838
chr10	57794052	0.8109924230138981	95.838
chr10	57837209	0.5680073687442283	95.873
chr10	57967489	1.5243902439024968	95.947
chr10	57995041	1.1594465296685947	95.989
chr10	58138644	3.4587078055338543	96.1555
chr10	58195168	0.6509954311957817	96.351
chr10	58237411	1.2672176308537817	96.3785
chr10	58255561	6.439914968112695	96.4015
chr10	58271555	7.222940922811575	96.5045
chr10	58290107	5.11319281811086	96.6385
chr10	58302917	6.7784242563897426	96.704
chr10	58354994	1.7297297297296748	97.057
chr10	58433619	1.320801935322399	97.193
chr10	58469582	0.11319900384877042	97.2405
chr10	58522586	0.32289925543222736	97.2465
chr10	58548910	0.10422637969682862	97.255
chr10	58587288	1.3134984879496097	97.259
chr10	58620025	4.31251750210015	97.302
chr10	58637880	1.959207242879805	97.379
chr10	58686369	0.0	97.474
chr10	58742841	0.0	97.474
chr10	58778656	0.14635931211089198	97.474
chr10	58805986	0.18047283883788387	97.478
chr10	58883560	0.0	97.492
chr10	58908243	0.5170898185010033	97.492
chr10	58927582	0.49617652209432916	97.502
chr10	58944713	4.357127127442276	97.5105
chr10	58976500	4.767408263507651	97.649
chr10	59014571	0.11546582211673599	97.8305
chr10	59044883	0.6871004361592918	97.834
chr10	59061620	3.124790000671957	97.8455
chr10	59106263	3.4498788872305117	97.985
chr10	59188005	0.35123921585856793	98.267
chr10	59233558	3.002900139298089	98.283
chr10	59277349	0.4176586058551938	98.4145
chr10	59301292	0.23675310033838792	98.4245
chr10	59345642	0.18740629685113744	98.435
chr10	59366986	2.071660118932741	98.439
chr10	59413567	3.7888800775398064	98.5355
chr10	59436265	3.450412641185316	98.6215
chr10	59471768	12.693753540346954	98.744
chr10	59491187	3.418095801301191	98.9905
chr10	59533462	2.5978524419813938	99.135
chr10	59550784	0.6619422163381321	99.18
chr10	59563625	36.59185450324022	99.1885
chr10	59584299	7.095271624329753	99.945
chr10	59621225	2.1191565950282873	100.207
chr10	59724568	0.044762757386068705	100.426
chr10	59746908	3.1055096917779133	100.427
chr10	59785549	0.17841164232033324	100.547
chr10	59967712	0.20062595297309416	100.5795
chr10	59980173	0.29038702783075876	100.582
chr10	60023219	0.3699788583512158	100.5945
chr10	60042139	1.5404929577464919	100.6015
chr10	60094395	2.6715657571144824	100.682
chr10	60162707	2.1734127694390994	100.8645
chr10	60201816	1.2667550449258025	100.9495
chr10	60235761	5.784778366322722	100.9925
chr10	60242935	2.747568574253051	101.034
chr10	60286428	2.5048705816867076	101.1535
chr10	60297207	0.0	101.1805
chr10	60301188	2.240110463152069	101.1805
chr10	60369265	1.4220536825265693	101.333
chr10	60386142	2.8660541178454304	101.357
chr10	60445457	3.6778761603278323	101.527
chr10	60510848	0.4310414283182106	101.7675
chr10	60634966	2.4014574362372	101.821
chr10	60677232	9.549346128516463	101.9225
chr10	60687861	13.213680045223121	102.024
chr10	60702013	0.0	102.211
chr10	60707094	2.6331586989741873	102.211
chr10	60743742	5.54368932038833	102.3075
chr10	60795242	0.5517304796607067	102.593
chr10	60882241	6.186592401033989	102.641
chr10	60907376	9.459871833994578	102.7965
chr10	60940146	2.609992542878548	103.1065
chr10	60972330	0.21362956633198846	103.1905
chr10	61014459	0.8958128166491288	103.1995
chr10	61098740	2.4328484186485024	103.275
chr10	61139022	3.041561198660915	103.373
chr10	61163516	6.823351023502912	103.4475
chr10	61167473	0.13601329907813725	103.4745
chr10	61233643	1.1258767072719238	103.4835
chr10	61287823	0.40950040950018257	103.5445
chr10	61307359	0.9307707788288926	103.5525
chr10	61327235	0.0	103.571
chr10	61344227	0.80098190020002	103.571
chr10	61469698	2.2067747986329285	103.6715
chr10	61478761	13.23952670290973	103.6915
chr10	61494396	2.6270136307312026	103.8985
chr10	61554921	5.779118254321666	104.0575
chr10	61604323	5.44581871884784	104.343
chr10	61631408	6.191504679625523	104.4905
chr10	61659188	5.1101251782602946	104.6625
chr10	61747542	0.31550717778830667	105.114
chr10	61785576	0.28162667567846417	105.126
chr10	61821084	4.350016026374782	105.136
chr10	61864762	0.23110486614411407	105.326
chr10	61918850	0.0149385279575264	105.3385
chr10	61985791	0.0	105.3395
chr10	62003872	0.0	105.3395
chr10	62062068	0.0	105.3395
chr10	62072060	0.04163139562315418	105.3395
chr10	62216182	0.0	105.3455
chr10	62229274	1.745337084505764	105.3455
chr10	62248468	0.03641698488162701	105.379
chr10	62344577	1.2464540531257966	105.3825
chr10	62356210	1.101321585903037	105.397
chr10	62409782	6.461617989144115	105.456
chr10	62417520	0.6947052196771712	105.506
chr10	62444150	0.0	105.5245
chr10	62456617	10.854661791590363	105.5245
chr10	62460993	0.2510410821346748	105.572
chr10	62494852	2.16222533894379	105.5805
chr10	62511964	4.568794169611153	105.6175
chr10	62548188	0.07886559724909624	105.783
chr10	62611587	0.7337246531490055	105.788
chr10	62626579	0.0	105.799
chr10	62709005	0.0	105.799
chr10	62742812	0.0	105.799
chr10	62768859	27.292437189133867	105.799
chr10	62784541	1.8899824889800625	106.227
chr10	62867346	0.06450780544453762	106.3835
chr10	62929354	9.732207045291144	106.3875
chr10	62984994	2.8762052950467947	106.929
chr10	63027411	6.784863872392701	107.051
chr10	63062268	2.1951143027376303	107.2875
chr10	63126046	11.79054962790304	107.4275
chr10	63148352	13.815248194533357	107.6905
chr10	63192108	0.5888193594567589	108.295
chr10	63235415	2.4946818797141574	108.3205
chr10	63261270	0.12816496254715232	108.385
chr10	63296381	3.2790821097324008	108.3895
chr10	63375519	16.31828256051464	108.649
chr10	63398530	2.0907270107874445	109.0245
chr10	63426989	2.3142830114734454	109.084
chr10	63574983	2.0209922419975377	109.4265
chr10	63651678	9.506618531886799	109.5815
chr10	63655833	2.8405076170829235	109.621
chr10	63691214	9.41705821454167	109.7215
chr10	63741442	1.8068164528072006	110.1945
chr10	63820310	0.1346720735010301	110.337
chr10	63887139	1.5997237886981424	110.346
chr10	63930584	5.2940426074757045	110.4155
chr10	63969779	1.881511429015408	110.623
chr10	64001934	4.345425299498514	110.6835
chr10	64043587	2.8169014084505273	110.8645
chr10	64060272	3.149957354423399	110.9115
chr10	64111860	2.425799086758031	111.074
chr10	64202964	3.9367970005353867	111.295
chr10	64240304	2.071024317432843	111.442
chr10	64320699	8.796850932739716	111.6085
chr10	64349914	3.766808286978322	111.8655
chr10	64441238	3.0841564939826744	112.2095
chr10	64464421	3.839539255289321	112.281
chr10	64539430	7.409726570653095	112.569
chr10	64572967	0.9129014837863291	112.8175
chr10	64650741	3.8631973639359547	112.8885
chr10	64694746	0.0	113.0585
chr10	64714861	3.2254838225738633	113.0585
chr10	64734858	2.3850823937552232	113.123
chr10	64792508	3.866171003717971	113.2605
chr10	64805958	1.8385650224216368	113.3125
chr10	64861708	0.5715874683309496	113.415
chr10	64991172	3.808801213960619	113.489
chr10	65024122	1.921125126866655	113.6145
chr10	65065504	36.09687936655825	113.694
chr10	65067651	10.48724086169816	113.7715
chr10	65116949	0.45014956582356913	114.2885
chr10	65151382	0.49328940265443005	114.304
chr10	65205103	1.4415613218008976	114.3305
chr10	65232157	4.794604537093698	114.3695
chr10	65313707	0.008559665145940363	114.7605
chr10	65430534	3.591569263728437	114.7615
chr10	65462275	0.41717899174424233	114.8755
chr10	65576135	17.18092566620147	114.923
chr10	65577561	4.403710125780877	114.9475
chr10	65613894	0.6223639082662912	115.1075
chr10	65725565	30.129414936638874	115.177
chr10	65732983	9.827171140096034	115.4005
chr10	65760814	3.919640540282049	115.674
chr10	65834035	1.1597992492937206	115.961
chr10	65857746	1.8397443415034946	115.9885
chr10	65925962	1.4590291131127233	116.114
chr10	65985248	0.7598951564942227	116.2005
chr10	66030649	1.4644746787606724	116.235
chr10	66051817	0.47426902345740746	116.266
chr10	66118235	3.9430957167154164	116.2975
chr10	66137636	1.5252012911008537	116.374
chr10	66165829	3.3394985614466566	116.417
chr10	66204757	0.9943952269028874	116.547
chr10	66243474	5.367608657807761	116.5855
chr10	66260707	1.41929900475998	116.678
chr10	66318482	0.3268336601669767	116.76
chr10	66399563	1.8086618717187566	116.7865
chr10	66470610	4.64356974424089	116.915
chr10	66498175	1.54379183558028	117.043
chr10	66540603	0.0	117.1085
chr10	66568766	0.0	117.1085
chr10	66596820	0.3095820997494488	117.1085
chr10	66737332	0.32489948422188875	117.152
chr10	66761955	0.2258723188956261	117.16
chr10	66817296	1.9543206969625244	117.1725
chr10	66838531	2.594303893349501	117.214
chr10	66864935	2.522368170569069	117.2825
chr10	66885947	0.34428741113098815	117.3355
chr10	66944038	0.7685052572745472	117.3555
chr10	67058546	6.196653324974804	117.4435
chr10	67079283	1.9402146278802255	117.572
chr10	67191384	2.4213075060533606	117.7895
chr10	67211208	1.1784892710336765	117.8375
chr10	67264242	0.7192484587532604	117.9
chr10	67366432	1.5666099334672146	117.9735
chr10	67392284	0.6283484357432852	118.014
chr10	67437641	0.2044096086613029	118.0425
chr10	67508577	0.3290772673420727	118.057
chr10	67531368	0.4527737312494654	118.0645
chr10	67582166	0.2807459334375812	118.0875
chr10	67640938	0.5440384835644674	118.104
chr10	67675862	0.044531528321842755	118.123
chr10	67709546	0.28780291256548607	118.1245
chr10	67761665	0.785066294487533	118.1395
chr10	67778861	0.0	118.153
chr10	67829796	0.42702021228977566	118.153
chr10	67854385	0.3008302916051257	118.1635
chr10	67879316	0.6065257216415578	118.171
chr10	67919710	0.12611703661006418	118.1955
chr10	68002966	0.15765410688949044	118.206
chr10	68021995	0.035584655896210265	118.209
chr10	68064148	0.19125683060122955	118.2105
chr10	68082448	0.024007298218773104	118.214
chr10	68144929	0.09358038555119201	118.2155
chr10	68176987	0.13081015086771228	118.2185
chr10	68199921	0.9087958455044332	118.2215
chr10	68215326	0.24300294462385869	118.2355
chr10	68250305	0.6212047183639188	118.244
chr10	68321940	0.09231223691004085	118.2885
chr10	68376104	0.0736621118930997	118.2935
chr10	68403255	0.9013716525145448	118.2955
chr10	68441530	0.36948647437221854	118.33
chr10	68524077	0.24103879947131568	118.3605
chr10	68588382	1.4440433212996937	118.376
chr10	68600847	0.033106005429307736	118.394
chr10	68661259	0.48443744701467256	118.396
chr10	68686030	0.2568960534344649	118.408
chr10	68748312	0.13056291267162645	118.424
chr10	68775119	0.0	118.4275
chr10	68804818	0.06720129026509396	118.4275
chr10	68827139	0.1901337850450389	118.429
chr10	68856066	0.0	118.4345
chr10	68893814	0.06669828659502379	118.4345
chr10	68961282	0.0	118.439
chr10	68985066	0.0	118.439
chr10	69049503	0.0	118.439
chr10	69067809	0.02453205112491168	118.439
chr10	69149335	0.0	118.441
chr10	69176234	0.0	118.441
chr10	69231513	0.0	118.441
chr10	69241496	0.0	118.441
chr10	69290594	0.0	118.441
chr10	69319536	0.0	118.441
