Chromosome	Position(bp)	Rate(cM/Mb)	Map(cM)
chr12	0	0.0	0.0
chr12	94344	0.7880372107326824	0.0
chr12	146372	0.0	0.041
chr12	178274	0.18167081248777212	0.041
chr12	214053	0.0	0.0475
chr12	235097	0.0	0.0475
chr12	248446	0.7643481439633111	0.0475
chr12	278537	0.26393348876083256	0.0705
chr12	324003	1.6733829656444232	0.0825
chr12	353285	0.0	0.1315
chr12	417229	0.9269708205706901	0.1315
chr12	429635	0.32313936354470985	0.143
chr12	468318	0.06958678104203048	0.1555
chr12	547356	0.7912465524257353	0.161
chr12	569473	0.7406157423032214	0.1785
chr12	622807	0.0	0.218
chr12	658325	0.17720756321879833	0.218
chr12	714756	1.6953161961835665	0.228
chr12	727438	0.6341728574017038	0.2495
chr12	760552	5.23349436392914	0.2705
chr12	765520	84.09173643975245	0.2965
chr12	771014	1.804812834224599	0.7585
chr12	808414	0.0	0.826
chr12	905110	0.16401753496555813	0.826
chr12	938643	0.26175027791720673	0.8315
chr12	1263380	0.8390770152831892	0.9165
chr12	1280065	0.8240053078783465	0.9305
chr12	1326788	0.8098273069561029	0.969
chr12	1374329	0.9976606577679924	1.0075
chr12	1446999	0.42457485139880113	1.08
chr12	1490572	7.928417714350435	1.0985
chr12	1543546	0.0795197010059243	1.5185
chr12	1568697	30.270370142267662	1.5205
chr12	1584934	0.2883838966432053	2.012
chr12	1610941	0.0	2.0195
chr12	1635961	0.27194851108190543	2.0195
chr12	1702150	0.5489920505950957	2.0375
chr12	1724919	0.0	2.05
chr12	1768874	0.3171331166257039	2.05
chr12	1794100	0.05654989114146588	2.058
chr12	1829467	0.0	2.06
chr12	1893068	0.0	2.06
chr12	1945208	0.2267736083261736	2.06
chr12	1987100	0.6075572279711449	2.0695
chr12	2012612	0.9907970199874254	2.085
chr12	2065095	0.06320712976423044	2.137
chr12	2096737	0.0	2.139
chr12	2129233	1.9249278152069316	2.139
chr12	2145857	0.3773798516897186	2.171
chr12	2198854	0.2463941168666315	2.191
chr12	2251615	0.249252243270162	2.204
chr12	2259639	2.728247101237457	2.206
chr12	2269902	0.3106860858099842	2.234
chr12	2335885	1.4043455219925791	2.2545
chr12	2354755	0.0	2.281
chr12	2371833	0.04214667041303897	2.281
chr12	2407423	3.0147723846849366	2.2825
chr12	2427325	4.051762605979479	2.3425
chr12	2483350	1.758123565060913	2.5695
chr12	2531697	0.23757358181769916	2.6545
chr12	2607463	0.0	2.6725
chr12	2639412	0.0	2.6725
chr12	2676462	0.0	2.6725
chr12	2724240	0.0	2.6725
chr12	2738570	0.06415465548950246	2.6725
chr12	2785332	2.3114267082095497	2.6755
chr12	2854337	0.0	2.835
chr12	2902490	19.600307455803204	2.835
chr12	2907694	0.06603524395306368	2.937
chr12	2960696	0.0	2.9405
chr12	2978848	0.09600153602456582	2.9405
chr12	2999681	0.0	2.9425
chr12	3020927	0.0	2.9425
chr12	3045893	0.8226489295531618	2.9425
chr12	3245249	93.61106537131563	3.1065
chr12	3251322	0.592093277464028	3.675
chr12	3284256	0.0	3.6945
chr12	3289919	0.7273921817072526	3.6945
chr12	3332537	0.27276542173731316	3.7255
chr12	3380197	1.712695354313853	3.7385
chr12	3422236	0.8562506295960239	3.8105
chr12	3432163	4.419005934093682	3.819
chr12	3455924	3.997770474158637	3.924
chr12	3507953	0.6641629735180128	4.132
chr12	3673575	0.2514969616947922	4.242
chr12	3943956	5.966546542462788	4.31
chr12	3973370	1.4790534058202718	4.4855
chr12	4023402	2.6888145315487533	4.5595
chr12	4056874	1.436249073387694	4.6495
chr12	4121626	3.1898282400178606	4.7425
chr12	4144041	4.528583767128083	4.814
chr12	4229719	0.9836651961368894	5.202
chr12	4263267	1.907643731088009	5.235
chr12	4324075	2.245088868101014	5.351
chr12	4350800	5.252572413669267	5.411
chr12	4406487	1.3212171937585944	5.7035
chr12	4490122	20.497110978282535	5.814
chr12	4510198	11.810142169483903	6.2255
chr12	4528064	0.7793726050529427	6.4365
chr12	4574255	19.9992431696057	6.4725
chr12	4600681	1.6055455031983417	7.001
chr12	4679159	2.8823837688103597	7.127
chr12	4705873	4.211311903619629	7.204
chr12	4724632	4.442961506041025	7.283
chr12	4753104	13.328763471571639	7.4095
chr12	4779363	3.8775251458033884	7.7595
chr12	4826687	0.1475772730999482	7.943
chr12	4887672	4.933035714285716	7.952
chr12	4910072	0.5329408181910668	8.0625
chr12	4949476	2.8704068309464827	8.0835
chr12	4997727	0.9021696078862907	8.222
chr12	5020450	3.3406248513956776	8.2425
chr12	5062508	6.820436507936693	8.383
chr12	5070572	1.3565552249256003	8.438
chr12	5150554	0.0	8.5465
chr12	5174463	2.5888380204926977	8.5465
chr12	5229507	0.9875086567317078	8.689
chr12	5268494	0.0	8.7275
chr12	5296961	4.974652316534293	8.7275
chr12	5333848	7.699964317238532	8.911
chr12	5387095	7.075127644055529	9.321
chr12	5393950	5.505474281792913	9.3695
chr12	5426009	0.7412898443291528	9.546
chr12	5500204	0.06207324643075393	9.601
chr12	5516314	0.08100226806350884	9.602
chr12	5534832	1.6091373761595165	9.6035
chr12	5661608	1.1432613380270127	9.8075
chr12	5904772	0.4280821917808381	10.0855
chr12	5908276	1.0717760153016556	10.087
chr12	5968923	0.0	10.152
chr12	5991039	0.8399914047391346	10.152
chr12	6042230	0.13485267345423638	10.195
chr12	6071892	0.09968407815233013	10.199
chr12	6137098	0.3955823941615227	10.2055
chr12	6199032	4.617604617604622	10.23
chr12	6209427	4.383409259455445	10.278
chr12	6247183	6.628310841265212	10.4435
chr12	6284900	0.4614868266487344	10.6935
chr12	6296818	6.49780164195945	10.699
chr12	6322519	7.2904718393374415	10.866
chr12	6373956	0.0	11.241
chr12	6431008	4.67078984666923	11.241
chr12	6462052	10.919148936170224	11.386
chr12	6520802	3.748782862706911	12.0275
chr12	6561882	0.4444444444444613	12.1815
chr12	6575382	3.8063622408865667	12.1875
chr12	6655511	7.425370328596127	12.4925
chr12	6682109	5.258506407423764	12.69
chr12	6693424	4.7509303511721495	12.7495
chr12	6746361	1.075141776937631	13.001
chr12	6788681	1.3464857465928772	13.0465
chr12	6855893	2.0946795140343495	13.137
chr12	6877376	0.4770992366412226	13.182
chr12	6947592	2.5186836781039657	13.2155
chr12	6971811	9.976207371540635	13.2765
chr12	6995768	2.8488224867054908	13.5155
chr12	7043156	0.10083084617251267	13.6505
chr12	7067950	18.83941164618174	13.653
chr12	7097728	25.959061949301887	14.214
chr12	7127236	6.598371656079408	14.98
chr12	7149590	25.054579478116192	15.1275
chr12	7159209	4.861299972803939	15.3685
chr12	7188625	0.8081352279614696	15.5115
chr12	7233172	4.328412611627486	15.5475
chr12	7266094	9.602444944724613	15.69
chr12	7345605	1.6676593210247646	16.4535
chr12	7354000	148.57881136950243	16.4675
chr12	7354387	5.157513242263926	16.525
chr12	7365148	22.646679561573084	16.5805
chr12	7371352	6.6723331916702096	16.721
chr12	7418412	1.1343747974330765	17.035
chr12	7480120	9.364820846905555	17.105
chr12	7504680	4.456706281833611	17.335
chr12	7565936	9.023004739039001	17.608
chr12	7629662	2.915340547422014	18.183
chr12	7668937	1.8167793272841894	18.2975
chr12	7718200	0.29689418489964725	18.387
chr12	7817562	0.1592863969417072	18.4165
chr12	7874064	0.3214852619100246	18.4255
chr12	7973602	1.2518846804038968	18.4575
chr12	8083037	0.24720045484887557	18.5945
chr12	8123490	3.0806953569519657	18.6045
chr12	8155301	1.5764289865106855	18.7025
chr12	8236180	28.619813717188904	18.83
chr12	8253895	0.4961392383407467	19.337
chr12	8341572	1.8925739005045445	19.3805
chr12	8358216	0.6266318537859245	19.412
chr12	8367791	21.619856303070087	19.418
chr12	8375446	97.59358288770028	19.5835
chr12	8379934	0.8652471597321824	20.0215
chr12	8419807	2.284669865204451	20.056
chr12	8502970	0.06571856680952864	20.246
chr12	8541011	7.348526959421917	20.2485
chr12	8585986	3.196238923087331	20.579
chr12	8645118	5.166765932102426	20.768
chr12	8745858	4.650964328383682	21.2885
chr12	8792730	0.0	21.5065
chr12	8812523	1.045762570066107	21.5065
chr12	8860335	1.587094124017418	21.5565
chr12	8913892	2.0841890256763143	21.6415
chr12	9094058	2.543827387519873	22.017
chr12	9110372	2.6885904710693698	22.0585
chr12	9181041	0.6396825691135539	22.2485
chr12	9234974	8.644859813083885	22.283
chr12	9245674	2.190201729106643	22.3755
chr12	9280374	2.3008459397646774	22.4515
chr12	9425538	0.3783872497173744	22.7855
chr12	9535214	2.179279487772883	22.827
chr12	9561140	1.7185821697098	22.8835
chr12	9570450	0.3423759433549713	22.8995
chr12	9639088	1.071988125670131	22.923
chr12	9651215	0.8853421301574259	22.936
chr12	9692442	2.8318903318903326	22.9725
chr12	9747882	0.17560584014845962	23.1295
chr12	9767813	5.268054424933166	23.133
chr12	9810808	2.8912299358612126	23.3595
chr12	9870990	13.888888888888792	23.5335
chr12	9886182	4.145341092336869	23.7445
chr12	9943234	0.528962508876377	23.981
chr12	10012237	0.23711225172956668	24.0175
chr12	10048085	7.267161846865188	24.026
chr12	10094802	2.3852840105113917	24.3655
chr12	10144272	8.641671254309955	24.4835
chr12	10213298	0.5646208570945493	25.08
chr12	10231009	14.553429027113216	25.09
chr12	10266121	0.8999030873598335	25.601
chr12	10316682	0.19371282922685526	25.6465
chr12	10463807	1.1932874441038896	25.675
chr12	10503613	0.17796898696960012	25.7225
chr12	10568231	0.05704878486086532	25.734
chr12	10629582	0.2805245809662517	25.7375
chr12	10643841	0.0	25.7415
chr12	10705913	0.05433601391008597	25.7415
chr12	10724317	0.3246642288370511	25.7425
chr12	10782839	1.230955035302798	25.7615
chr12	10825895	0.4142158893215301	25.8145
chr12	10898321	0.09824212098190098	25.8445
chr12	10974663	1.8087531104280559	25.852
chr12	11022486	0.2729406626998747	25.9385
chr12	11059124	1.9133762393461486	25.9485
chr12	11070622	0.6408526713437113	25.9705
chr12	11085446	2.526460252438108	25.98
chr12	11133537	9.717418935296013	26.1015
chr12	11201199	2.3058313593064845	26.759
chr12	11240881	0.3500017948810127	26.8505
chr12	11296595	0.3657389668744513	26.87
chr12	11354013	3.831608280254805	26.891
chr12	11414301	1.0417003133175957	27.122
chr12	11476219	5.8597350609675845	27.1865
chr12	11514190	1.3374944271065499	27.409
chr12	11579237	3.200036312468915	27.496
chr12	11601268	0.550471341085744	27.5665
chr12	11615801	14.047292052307913	27.5745
chr12	11649295	9.773191519335064	28.045
chr12	11677689	1.7043622460730128	28.3225
chr12	11699398	5.169087031583227	28.3595
chr12	11797868	2.8202543590623255	28.8685
chr12	11844495	0.6341015437093512	29.0
chr12	11867362	0.9266591410712132	29.0145
chr12	11926715	0.9488601355514255	29.0695
chr12	11967290	17.73600538553162	29.108
chr12	11986601	15.121032126205462	29.4505
chr12	12017915	0.9949195596951863	29.924
chr12	12159635	0.701733578445887	30.065
chr12	12210224	2.747999396044121	30.1005
chr12	12243339	6.787139564948528	30.1915
chr12	12278921	1.5840999154467565	30.433
chr12	12377084	0.30840833263238376	30.5885
chr12	12412751	0.04484144066582865	30.5995
chr12	12468503	0.0	30.602
chr12	12498312	0.06219969211154482	30.602
chr12	12562621	2.561058717492108	30.606
chr12	12608110	2.3958471981898004	30.7225
chr12	12683240	0.08413495246375505	30.9025
chr12	12754554	3.1037027390719425	30.9085
chr12	12777591	0.20983331366143707	30.98
chr12	12853842	0.2591344908007715	30.996
chr12	12919445	0.055899232317211625	31.013
chr12	12946279	2.175756905262289	31.0145
chr12	12973396	0.8215085884988225	31.0735
chr12	12986786	24.147091722595135	31.0845
chr12	13022546	0.7127696645230486	31.948
chr12	13085680	0.0	31.993
chr12	13115450	0.7501287534427967	31.993
chr12	13204768	0.49574170585994	32.06
chr12	13244103	39.378849429956695	32.0795
chr12	13251734	1.7758658724906393	32.38
chr12	13297064	2.7147087857847705	32.4605
chr12	13351766	1.67766469075038	32.609
chr12	13396471	8.205286991523911	32.684
chr12	13422308	0.7298678128294819	32.896
chr12	13483963	2.33428400152583	32.941
chr12	13539012	0.3294630887733813	33.0695
chr12	13583023	1.6905330151151825	33.084
chr12	13613191	7.944020012169543	33.135
chr12	13642773	0.2566683442375538	33.37
chr12	13742123	0.8020364752240363	33.3955
chr12	13799477	7.226354941551613	33.4415
chr12	13846527	0.5123758473904706	33.7815
chr12	13859213	2.6762888794206385	33.788
chr12	13896765	1.0696555011684679	33.8885
chr12	13982774	0.027475115395504297	33.9805
chr12	14110162	2.819280924977519	33.984
chr12	14204867	0.3752100360527853	34.251
chr12	14327465	0.0	34.297
chr12	14655762	3.0264207182357086	34.297
chr12	14732255	2.475247524752248	34.5285
chr12	14747001	0.0	34.565
chr12	14768733	1.7418365925032013	34.565
chr12	14790262	0.0	34.6025
chr12	14815656	0.12421845886299174	34.6025
chr12	14839807	8.90536747635046	34.6055
chr12	14868666	0.0	34.8625
chr12	14895890	2.550119226353537	34.8625
chr12	14941182	0.29698038013480704	34.978
chr12	14993374	2.788638454461859	34.9935
chr12	15028158	0.803701899659066	35.0905
chr12	15069218	0.19616497474365077	35.1235
chr12	15089609	0.021085480538202146	35.1275
chr12	15137035	0.061164885239350174	35.1285
chr12	15202432	0.0	35.1325
chr12	15235336	0.4393673110720729	35.1325
chr12	15276304	0.0	35.1505
chr12	15276311	0.849610230358187	35.1505
chr12	15333396	0.0	35.199
chr12	15362590	2.3954302561268643	35.199
chr12	15378871	0.8786909163253688	35.238
chr12	15439188	0.2967083912842901	35.291
chr12	15493113	1.0839557610555028	35.307
chr12	15552156	0.0	35.371
chr12	15565926	0.08775008775000795	35.371
chr12	15622906	0.34969925863758494	35.376
chr12	15644353	0.3794098990413975	35.3835
chr12	15813036	3.6780030895225604	35.4475
chr12	15853819	1.6318748788213873	35.5975
chr12	15884765	1.6041461006909314	35.648
chr12	15933389	0.0	35.726
chr12	15933794	0.8961853675009755	35.726
chr12	16010787	3.35223071234892	35.795
chr12	16031072	3.2051282051282484	35.863
chr12	16061336	1.381324049637796	35.96
chr12	16150381	0.652173913043503	36.083
chr12	16228581	0.023152435636174973	36.134
chr12	16271773	0.0	36.135
chr12	16290214	0.05393791745700903	36.135
chr12	16401453	3.4673833698321586	36.141
chr12	16431591	2.988256342907242	36.2455
chr12	16484130	0.0	36.4025
chr12	16490369	0.9796327516287456	36.4025
chr12	16512316	3.5680006676961664	36.424
chr12	16536279	0.30428432327138827	36.5095
chr12	16552711	0.047089847428985344	36.5145
chr12	16605801	0.25302424213216057	36.517
chr12	16647299	0.0	36.5275
chr12	16662475	0.027910351949473035	36.5275
chr12	16734133	0.055782818891783444	36.5295
chr12	16761023	0.9582689335395954	36.531
chr12	16777198	0.485818720214704	36.5465
chr12	16820424	0.0	36.5675
chr12	16900640	0.0	36.5675
chr12	16950391	0.0	36.5675
chr12	16973697	0.0	36.5675
chr12	16995968	0.0	36.5675
chr12	17032401	0.10098370004274525	36.5675
chr12	17116573	1.3124697367414362	36.576
chr12	17155812	3.3013502151442964	36.6275
chr12	17196250	4.757908618183385	36.761
chr12	17262981	0.0	37.0785
chr12	17276347	1.0856289862939752	37.0785
chr12	17342668	6.402996776722644	37.1505
chr12	17365626	0.30782973997441954	37.2975
chr12	17448464	16.66666666666698	37.323
chr12	17455904	0.02728215201608745	37.447
chr12	17492558	0.0	37.448
chr12	17585122	0.20986848241769288	37.448
chr12	17606564	0.0	37.4525
chr12	17641882	1.1715528229736822	37.4525
chr12	17695230	0.12644356402259602	37.515
chr12	17730819	1.5109146671477578	37.5195
chr12	17775163	0.0	37.5865
chr12	17804694	0.0366354044547798	37.5865
chr12	17831990	0.2121940868581209	37.5875
chr12	17980439	0.542986425339387	37.619
chr12	17991489	0.0	37.625
chr12	17991490	3.581720872787291	37.625
chr12	18003635	0.20443208766029328	37.6685
chr12	18015864	7.566273527926107	37.671
chr12	18061395	0.3385240352057107	38.0155
chr12	18064349	0.41736227045076707	38.0165
chr12	18089507	1.0722710701264906	38.027
chr12	18150126	0.2642756016989693	38.092
chr12	18203101	2.712062419159583	38.106
chr12	18251035	0.6757036281147798	38.236
chr12	18323552	0.4121067814460525	38.285
chr12	18367230	2.240417491452307	38.303
chr12	18422800	0.20436040570916666	38.4275
chr12	18515773	0.40390184423104153	38.4465
chr12	18581383	4.150321223491979	38.473
chr12	18598972	0.0	38.546
chr12	18619822	0.02283939338571254	38.546
chr12	18685498	0.4952049665434309	38.5475
chr12	18726895	0.5270290618882898	38.568
chr12	18746818	14.998125234345682	38.5785
chr12	18770821	0.021088444938071067	38.9385
chr12	18841950	0.21337126600285305	38.94
chr12	18848980	1.903976759706521	38.9415
chr12	18874453	3.1866267700209505	38.99
chr12	18959339	5.3096475715841995	39.2605
chr12	19071305	2.2802788455276364	39.855
chr12	19086654	0.3323363243601967	39.89
chr12	19155861	16.237183735527125	39.913
chr12	19181512	1.2453512572928673	40.3295
chr12	19210821	2.9110797459421165	40.366
chr12	19267501	0.021415110501971004	40.531
chr12	19337545	2.682317947628382	40.5325
chr12	19412853	1.7636836037649268	40.7345
chr12	19470970	2.3739680043547415	40.837
chr12	19504037	19.60403726708057	40.9155
chr12	19509189	1.880388919464281	41.0165
chr12	19574601	17.86179921773148	41.1395
chr12	19586106	2.0797027586887196	41.345
chr12	19646932	0.34654837815327505	41.4715
chr12	19654146	1.0282605811330843	41.474
chr12	19729516	4.485459522454442	41.5515
chr12	19766413	0.0	41.717
chr12	19805311	1.7436571313049638	41.717
chr12	20022957	0.0	42.0965
chr12	20026669	0.06025064267352414	42.0965
chr12	20101357	0.772221334611585	42.101
chr12	20138911	0.6988301066363242	42.13
chr12	20158229	0.23424689622853298	42.1435
chr12	20205188	1.6814292148327425	42.1545
chr12	20238493	1.12466826331798	42.2105
chr12	20300289	0.8741258741258623	42.28
chr12	20352913	0.0	42.326
chr12	20361393	0.19160024524813965	42.326
chr12	20374441	2.8810215946844946	42.3285
chr12	20393705	2.750717870273439	42.384
chr12	20430968	0.03118957020764985	42.4865
chr12	20463030	1.4171148829271165	42.4875
chr12	20494079	5.582898699772315	42.5315
chr12	20521305	1.0141349978773186	42.6835
chr12	20584906	2.8592617007251846	42.748
chr12	20645586	2.5609080841639296	42.9215
chr12	20681706	8.175529911310466	43.014
chr12	20740112	1.8901478042338766	43.4915
chr12	20834020	7.2369819341127695	43.669
chr12	20881070	0.24658186517920858	44.0095
chr12	20939874	2.3240903991023565	44.024
chr12	21002264	18.343591931257354	44.169
chr12	21018673	9.16988416988423	44.47
chr12	21043537	2.4911032028470697	44.698
chr12	21056182	8.610730501598441	44.7295
chr12	21093403	4.734862562623578	45.05
chr12	21160670	5.386311253632714	45.3685
chr12	21180628	0.6895668535064503	45.476
chr12	21383654	0.10162011497597413	45.616
chr12	21418096	0.512217903522128	45.6195
chr12	21451285	7.148623662074619	45.6365
chr12	21489684	2.7498690538545136	45.911
chr12	21531686	0.812815389304735	46.0265
chr12	21590740	2.8860458196963465	46.0745
chr12	21607545	0.13828580911033986	46.123
chr12	21643702	4.509995124329573	46.128
chr12	21680620	10.356005622651372	46.2945
chr12	21715479	0.6679182612461536	46.6555
chr12	21743177	22.489705416535163	46.674
chr12	21749491	2.6277042784828644	46.816
chr12	21842538	0.0	47.0605
chr12	21852310	1.2151652624757427	47.0605
chr12	21858482	8.892416712681879	47.068
chr12	21901946	4.94255673283801	47.4545
chr12	21951212	1.475519785378996	47.698
chr12	21995942	1.6885433923791664	47.764
chr12	22027330	24.30986722705131	47.817
chr12	22037799	6.895451483674317	48.0715
chr12	22094213	8.222981631781096	48.4605
chr12	22103577	1.28915526405063	48.5375
chr12	22192007	0.22102829162141643	48.6515
chr12	22221415	1.0901760737205297	48.658
chr12	22245723	2.6934011671406077	48.6845
chr12	22279138	5.23304493441171	48.7745
chr12	22286304	3.768655595928122	48.812
chr12	22352906	2.2698574950393278	49.063
chr12	22386168	0.7060778070054262	49.1385
chr12	22422283	3.013860218224687	49.164
chr12	22507058	8.122743682310505	49.4195
chr12	22533096	0.26882924862226026	49.631
chr12	22555415	4.765003951466652	49.637
chr12	22576926	6.109585506551878	49.7395
chr12	22631185	0.7021295783358168	50.071
chr12	22708806	0.30412671737533686	50.1255
chr12	22868279	0.17084087880556798	50.174
chr12	22897546	0.0	50.179
chr12	22942054	3.217503217503241	50.179
chr12	22966141	1.731757773319877	50.2565
chr12	23029949	4.45464362850974	50.367
chr12	23078101	0.637544628123975	50.5815
chr12	23478073	5.702324238487125	50.8365
chr12	23505781	5.504010064475457	50.9945
chr12	23537576	0.33390903857220916	51.1695
chr12	23581001	0.5119803399550621	51.184
chr12	23605416	1.0086715644946567	51.1965
chr12	23638628	1.5292531325024423	51.23
chr12	23669035	0.5974406413814138	51.2765
chr12	23720923	0.6379155435760303	51.3075
chr12	23776573	4.954640614096158	51.343
chr12	23783738	2.3827010777665496	51.3785
chr12	23842285	0.10341261633924628	51.518
chr12	23890635	10.227345706762579	51.523
chr12	23921777	0.7643239978862088	51.8415
chr12	23974765	8.091778054087644	51.882
chr12	24026237	1.397696146486069	52.2985
chr12	24079539	0.2617915266809297	52.373
chr12	24102458	1.3191273465246567	52.379
chr12	24132023	2.7738032482366095	52.418
chr12	24171860	2.6893443814507223	52.5285
chr12	24199376	1.9009033546688907	52.6025
chr12	24287492	0.0	52.77
chr12	24341050	0.11442811371612091	52.77
chr12	24419702	0.5933996797071495	52.779
chr12	24489638	0.5508274517874289	52.8205
chr12	24572241	0.12435026984014916	52.866
chr12	24612450	3.51094589012769	52.871
chr12	24626976	0.0	52.922
chr12	24637545	0.8326452931051356	52.922
chr12	24709004	10.398245738134369	52.9815
chr12	24723141	6.297768266584802	53.1285
chr12	24739496	3.740897345548511	53.2315
chr12	24824636	4.71236023376027	53.55
chr12	24854239	1.6224470318761928	53.6895
chr12	24880434	0.5670636111946034	53.732
chr12	24910413	0.3101474610199814	53.749
chr12	24945880	1.1472757175447095	53.76
chr12	25021276	1.4711353106294311	53.8465
chr12	25050845	1.3454717914879355	53.89
chr12	25147837	3.820256912277439	54.0205
chr12	25189719	1.0586858436378426	54.1805
chr12	25319597	0.21414624929142104	54.318
chr12	25478367	1.8971449827955706	54.352
chr12	25532132	1.1730407631664828	54.454
chr12	25590101	10.236498411579056	54.522
chr12	25592934	1.2154021395774488	54.551
chr12	25678091	3.330649293609585	54.6545
chr12	25705413	0.12100505374045063	54.7455
chr12	25775658	0.14097909984861975	54.754
chr12	25804031	2.067424722398133	54.758
chr12	25834020	0.6320466820741586	54.82
chr12	25912337	1.9636720667648353	54.8695
chr12	25938818	2.5963210620423163	54.9215
chr12	25979645	2.435818125579866	55.0275
chr12	26018441	11.1953905623223	55.122
chr12	26032152	1.0264956645653798	55.2755
chr12	26114958	6.33668526217291	55.3605
chr12	26199387	7.087517934002866	55.8955
chr12	26216812	0.6820877817320059	56.019
chr12	26250532	2.8440081034751596	56.042
chr12	26276200	0.7675206436585952	56.115
chr12	26295092	3.1114040870138986	56.1295
chr12	26333017	7.110761106221222	56.2475
chr12	26376191	3.2764920828258886	56.5545
chr12	26458291	0.676756490709859	56.8235
chr12	26507053	0.5918130573883243	56.8565
chr12	26677715	0.09939260077305732	56.9575
chr12	26722990	0.22632968691060834	56.962
chr12	26749500	0.33787295976689413	56.968
chr12	26768738	0.3596209172447941	56.9745
chr12	26792374	1.1842601065837095	56.983
chr12	26810951	11.764705882352738	57.005
chr12	26829226	1.9475519724624877	57.22
chr12	26873384	0.25929127052723544	57.306
chr12	26896524	2.0223469336165385	57.312
chr12	26955861	1.698071866783458	57.432
chr12	26992373	7.045124468112178	57.494
chr12	27031620	0.02844626500540587	57.7705
chr12	27084351	1.2696493349456344	57.772
chr12	27109161	0.47499168764547556	57.8035
chr12	27382850	0.29442072721851004	57.9335
chr12	27389643	0.03245530903946928	57.9355
chr12	27543701	0.15867591055567362	57.9405
chr12	27584665	0.19343191196699494	57.947
chr12	27607929	0.07384978952792773	57.9515
chr12	27621470	0.08133552939258186	57.9525
chr12	27670649	0.14623303696799436	57.9565
chr12	27687745	0.09384202181016847	57.959
chr12	27842260	0.0	57.9735
chr12	27863623	0.04633797595714923	57.9735
chr12	27939155	0.15786704087002879	57.977
chr12	27967660	0.14583473559046498	57.9815
chr12	28012231	0.0	57.988
chr12	28062783	0.048238601907526615	57.988
chr12	28135339	0.030985333608759692	57.9915
chr12	28183749	0.0	57.993
chr12	28183969	0.0	57.993
chr12	28194893	0.0	57.993
chr12	28244735	0.0	57.993
chr12	28303727	0.0	57.993
chr12	28320307	0.019459796061291924	57.993
chr12	28371695	0.01728449120219463	57.994
chr12	28458478	0.0	57.9955
chr12	28551478	0.019467914096452394	57.9955
chr12	28731261	0.026894010703753583	57.999
chr12	28768444	0.0	58.0
chr12	28810156	0.09310120100560676	58.0
chr12	28831638	0.0	58.002
chr12	28923143	0.030015382883711278	58.002
chr12	29056408	0.025354540998293755	58.006
chr12	29115569	0.0	58.0075
chr12	29158086	0.0	58.0075
chr12	29285184	0.0	58.0075
chr12	29310933	0.015217032932196015	58.0075
chr12	29705228	0.07042253521127027	58.0135
chr12	29769128	0.0	58.018
chr12	29844037	0.0	58.018
chr12	29986237	0.01390182530963076	58.018
chr12	30058170	0.0	58.019
chr12	30178510	0.3431708991077687	58.019
chr12	30195994	0.18405776582196276	58.025
chr12	30231309	0.0	58.0315
chr12	30259733	0.1330494944118293	58.0315
chr12	30308587	0.0	58.038
chr12	30374787	0.14746304576076588	58.038
chr12	30459554	4.9233252623088815	58.0505
chr12	30465749	0.021815484630991904	58.081
chr12	30603266	0.04174220017168443	58.084
chr12	30687114	0.07051937519842193	58.0875
chr12	30715475	0.18572123882468144	58.0895
chr12	30793549	0.03328230047260993	58.104
chr12	31018894	0.14414622192759702	58.1115
chr12	31053581	1.5103858490858928	58.1165
chr12	31085692	0.0	58.165
chr12	31120927	0.05970862192507895	58.165
chr12	31154423	3.638375641326561	58.167
chr12	31184244	2.3101090371466406	58.2755
chr12	31200477	0.4640371229687561	58.313
chr12	31202632	0.13724716498829406	58.314
chr12	31260921	1.3867488443760156	58.322
chr12	31264166	0.5317106312584875	58.3265
chr12	31298019	0.09985188636855709	58.3445
chr12	31418197	0.04517276846525599	58.3565
chr12	31562089	0.05810092961491536	58.363
chr12	31622329	0.39527179641621735	58.3665
chr12	31648893	0.0	58.377
chr12	31676131	0.3068560406803138	58.377
chr12	31733161	0.14068215212430582	58.3945
chr12	31765148	0.08387010198608692	58.399
chr12	31824764	0.165837479270125	58.404
chr12	31860944	0.2907728095115127	58.41
chr12	31907372	0.3081189339085916	58.4235
chr12	31959300	0.0	58.4395
chr12	32002955	0.033358352097328646	58.4395
chr12	32062910	0.592077619466097	58.4415
chr12	32089089	0.0	58.457
chr12	32139914	0.12808607384155057	58.457
chr12	32171143	0.04328929369196779	58.461
chr12	32228894	0.03141408248436382	58.4635
chr12	32340309	0.23435449398182986	58.467
chr12	32393647	0.0	58.4795
chr12	32427759	0.59177433671962	58.4795
chr12	32468315	1.7513134851135412	58.5035
chr12	32481448	1.7742850198493745	58.5265
chr12	32543163	1.331943479267992	58.636
chr12	32577699	0.9537632179141484	58.682
chr12	32625929	0.02991951650054362	58.728
chr12	32659352	0.049115913555964924	58.729
chr12	32740792	0.48784814617716804	58.733
chr12	32763340	3.001024740155239	58.744
chr12	32811157	0.0	58.8875
chr12	32830734	1.8782911711991446	58.8875
chr12	33010951	0.26994771538993884	59.226
chr12	33046143	0.2873728375193405	59.2355
chr12	33080941	0.05988920497087721	59.2455
chr12	33114336	1.5134004732815556	59.2475
chr12	33205191	13.93398268398289	59.385
chr12	33219975	0.4063515878969156	59.591
chr12	33251967	0.03909507923269539	59.604
chr12	33290335	19.552183371358698	59.6055
chr12	33309182	0.28353558871998014	59.974
chr12	33459075	0.3766303013888714	60.0165
chr12	33577228	0.06888190885539555	60.061
chr12	33613522	0.3058228673952163	60.0635
chr12	33662570	8.291655698868437	60.0785
chr12	33673967	3.8583410997204237	60.173
chr12	33727617	0.9365801445009144	60.38
chr12	33768724	1.5864051750692962	60.4185
chr12	33866114	1.6680277309609668	60.573
chr12	33923667	3.8262341887720583	60.669
chr12	33983909	0.657729892257456	60.8995
chr12	34031801	8.900612661674785	60.931
chr12	34061181	0.3332424490289218	61.1925
chr12	34094190	0.1782300139345068	61.2035
chr12	34125049	2.0996967104746806	61.209
chr12	34137908	3.5508083140878943	61.236
chr12	34172548	0.1573670248637829	61.359
chr12	34194789	4.402789886661125	61.3625
chr12	34217729	3.1862241267531477	61.4635
chr12	34280970	1.9322634319146241	61.665
chr12	34318232	30.085959885387034	61.737
chr12	34325910	0.0875675912344356	61.968
chr12	34371589	0.019458281444537463	61.972
chr12	34422981	1.7028001602636091	61.973
chr12	34467907	1.16945927374592	62.0495
chr12	34543583	2.079936104362874	62.138
chr12	34573632	2.421259842519777	62.2005
chr12	34599032	0.0	62.262
chr12	34687263	0.06566850538481993	62.262
chr12	34710105	0.1100223927928596	62.2635
chr12	34787362	0.11296598468683747	62.272
chr12	34827197	0.9105917995676759	62.2765
chr12	34885950	0.0	62.33
chr12	34928712	0.7396449704142293	62.33
chr12	34971300	0.2927031359763574	62.3615
chr12	35082334	0.0	62.394
chr12	35199129	0.036990456462234145	62.394
chr12	35239680	0.0	62.3955
chr12	35278409	0.09489666807254683	62.3955
chr12	35325829	0.7973951757592168	62.4
chr12	35416123	0.8296530773746934	62.472
chr12	35455296	0.354048739287886	62.5045
chr12	35689727	0.7838160644968944	62.5875
chr12	35716519	0.27215171742065286	62.6085
chr12	35751426	0.026855009802015987	62.618
chr12	35788663	0.5384006334126052	62.619
chr12	35820238	0.08340422692614476	62.636
chr12	35880187	0.08666112035513143	62.641
chr12	35909035	1.08700285604666	62.6435
chr12	35979412	0.07107825716096876	62.72
chr12	35993481	0.12948096629804673	62.721
chr12	36047543	0.4555116914667649	62.728
chr12	36133161	0.7854395753209445	62.767
chr12	36207005	2.762430939226418	62.825
chr12	36229992	0.9043894734160185	62.8885
chr12	36269245	0.4519397730786221	62.924
chr12	36311286	0.0	62.943
chr12	36357954	0.0	62.943
chr12	36455948	0.0	62.943
chr12	36495340	0.767615451128512	62.943
chr12	36552009	2.521401718176764	62.9865
chr12	36618242	0.0	63.1535
chr12	36648461	0.19484947877765166	63.1535
chr12	36679254	2.6274632467938206	63.1595
chr12	36727209	30.769230769230727	63.2855
chr12	36746839	0.0	63.8895
chr12	36805412	2.9394564314075917	63.8895
chr12	36837901	0.3470615455807628	63.985
chr12	36859511	1.7955801104969784	63.9925
chr12	36881231	3.506787330316875	64.0315
chr12	36907751	1.628664495121783	64.1245
chr12	36908365	0.7097077096094175	64.1255
chr12	36999952	0.44982007197099183	64.1905
chr12	37029964	0.8530124809197026	64.204
chr12	37063375	0.10297355955836406	64.2325
chr12	37126498	0.1267243564213947	64.239
chr12	37154117	0.9651464857843783	64.2425
chr12	37209549	0.24967655537135258	64.296
chr12	37253606	0.06629365437134328	64.307
chr12	37291317	1.759755164498919	64.3095
chr12	37330527	0.4643236182545207	64.3785
chr12	37526511	0.09465394517634887	64.4695
chr12	37552923	2.092137746349695	64.472
chr12	37576822	0.04603839602184817	64.522
chr12	37598543	0.6167255982240484	64.523
chr12	37635026	3.4845413076528517	64.5455
chr12	37650810	0.06710058377539924	64.6005
chr12	37665713	1.4757751508980301	64.6015
chr12	37801235	0.0	64.8015
chr12	37823957	0.07085414673877276	64.8015
chr12	37852184	0.0	64.8035
chr12	37872428	1.2210737528546876	64.8035
chr12	37948181	17.980820458178243	64.896
chr12	37966951	1.2533970574454047	65.2335
chr12	38009635	0.5045001412595808	65.287
chr12	38034412	0.8740851242368312	65.2995
chr12	38077314	5.347894618329141	65.337
chr12	38086196	2.133553763320776	65.3845
chr12	38130957	4.854182286560119	65.48
chr12	38182974	4.002608624765513	65.7325
chr12	38244309	2.0563686948110576	65.978
chr12	38260843	0.859972718106766	66.012
chr12	38311426	7.746790615316543	66.0555
chr12	38329498	1.9476748303752687	66.1955
chr12	38400095	1.696979118089023	66.333
chr12	38438693	1.7276422764230703	66.3985
chr12	38458373	0.02475308794748791	66.4325
chr12	38498772	0.22340015028757468	66.4335
chr12	38548011	1.059897814979543	66.4445
chr12	38566409	0.604384535081798	66.464
chr12	38621010	0.38876760668695926	66.497
chr12	38654449	0.22916189246048374	66.51
chr12	38702450	0.14629745523704807	66.521
chr12	38825487	0.0	66.539
chr12	38840169	1.9569471624262855	66.539
chr12	38851922	0.09210986865124353	66.562
chr12	38906205	0.0	66.567
chr12	38911105	0.0941686088943402	66.567
chr12	38953582	1.5475137745732974	66.571
chr12	38982984	1.026623776606705	66.6165
chr12	38997595	2.1962125197264806	66.6315
chr12	39035615	2.1462043111527573	66.715
chr12	39142315	5.823583997502274	66.944
chr12	39257622	0.07250279653648965	67.6155
chr12	39305896	0.6104651162786797	67.619
chr12	39323096	0.08831547824760802	67.6295
chr12	39453311	1.3704366363394636	67.641
chr12	39479580	0.708114997875011	67.677
chr12	39493702	1.1857816507183427	67.687
chr12	39566228	1.5278293400348306	67.773
chr12	39601245	1.6293279022403875	67.8265
chr12	39615975	1.4982066919899477	67.8505
chr12	39682054	0.5167893516183929	67.9495
chr12	39721722	1.5115729806331404	67.97
chr12	39764062	0.158105039238734	68.034
chr12	39833636	0.060088931618513454	68.045
chr12	39858599	0.02737775830928037	68.0465
chr12	39895125	0.3957817327580358	68.0475
chr12	39934288	3.122625379939272	68.063
chr12	39976400	0.8865248226947249	68.1945
chr12	40010804	2.0510613884107958	68.225
chr12	40045664	1.328120336656101	68.2965
chr12	40112676	0.0	68.3855
chr12	40119370	6.53167864141109	68.3855
chr12	40123963	0.3530796390741601	68.4155
chr12	40200433	0.3159973666886229	68.4425
chr12	40276383	0.49129021301383663	68.4665
chr12	40358819	0.5274659030969984	68.507
chr12	40438445	7.028818154432491	68.549
chr12	40458363	3.2593246091261165	68.689
chr12	40519572	9.052865317278055	68.8885
chr12	40531281	118.37606837606273	68.9945
chr12	40532451	10.542521764954266	69.133
chr12	40596430	4.1597337770372675	69.8075
chr12	40606647	3.6745678501191748	69.85
chr12	40664613	4.157923369860859	70.063
chr12	40703214	1.6103059581321062	70.2235
chr12	40714392	3.253736281916809	70.2415
chr12	40732525	6.278309008555551	70.3005
chr12	40772265	1.507393405752079	70.55
chr12	40897647	10.605496783796738	70.739
chr12	40916458	0.912538275911052	70.9385
chr12	40965771	10.630206446939317	70.9835
chr12	40993381	1.7389399912396215	71.277
chr12	41221681	1.3943557640632314	71.674
chr12	41290530	6.590336795719389	71.77
chr12	41315946	2.7867389662983455	71.9375
chr12	41388791	5.33650167143261	72.1405
chr12	41438449	4.1149778291551256	72.4055
chr12	41496408	6.962899968108867	72.644
chr12	41515222	3.143386059128552	72.775
chr12	41569781	0.8274785323965226	72.9465
chr12	41601806	2.429231078096955	72.973
chr12	41626711	4.477469753262556	73.0335
chr12	41658202	1.1163645915420009	73.1745
chr12	41734342	4.9188391539597145	73.2595
chr12	41768903	1.1550678602367084	73.4295
chr12	41845089	1.622149042566286	73.5175
chr12	41886084	1.9118996635053696	73.584
chr12	41905698	2.3455364088542496	73.6215
chr12	41948119	3.585734984354255	73.721
chr12	42030250	6.229888016475486	74.0155
chr12	42069095	3.092559055507724	74.2575
chr12	42170144	5.680793507664778	74.57
chr12	42192324	1.6595757520897625	74.696
chr12	42225465	1.6785853894086618	74.751
chr12	42268954	1.3102809114440837	74.824
chr12	42300245	2.028368386224639	74.865
chr12	42335002	0.9127343599877937	74.9355
chr12	42407860	2.738525577828897	75.002
chr12	42453505	2.3294755547456383	75.127
chr12	42541293	3.3924532793707862	75.3315
chr12	42558095	0.03667302332421794	75.3885
chr12	42585363	1.582596463022925	75.3895
chr12	42605267	1.546738399461744	75.421
chr12	42657312	2.565426189247133	75.5015
chr12	42721239	1.457629364606478	75.6655
chr12	42751425	1.142822313986448	75.7095
chr12	42817052	15.547633194693077	75.7845
chr12	42827150	3.36470695221198	75.9415
chr12	42849143	8.489438023116534	76.0155
chr12	42886778	2.100248998592799	76.335
chr12	42932963	1.1722134447785981	76.432
chr12	42991826	3.084666499332858	76.501
chr12	43143220	3.2651354307405738	76.968
chr12	43205392	0.25371266195301845	77.171
chr12	43234953	8.085262771039929	77.1785
chr12	43267605	6.776447952918732	77.4425
chr12	43302948	3.729487817006492	77.682
chr12	43365289	4.0684542769445455	77.9145
chr12	43399823	2.9101946081053827	78.055
chr12	43427828	3.6416215926737987	78.1365
chr12	43446501	2.472832113550823	78.2045
chr12	43491591	0.24333606796721632	78.316
chr12	43563508	1.0523657181342065	78.3335
chr12	43599142	0.0	78.371
chr12	43619006	0.1652445619518371	78.371
chr12	43685574	4.563386916328126	78.382
chr12	43702557	3.252941392075558	78.4595
chr12	43757123	0.036632720345756424	78.637
chr12	43879964	0.29186513495850475	78.6415
chr12	43922792	4.305586222124775	78.654
chr12	43936379	1.0118354081065506	78.7125
chr12	43952686	1.5218918286121788	78.729
chr12	43956957	2.827613104524222	78.7355
chr12	43992853	5.505698397841453	78.837
chr12	44011016	1.178837509037799	78.937
chr12	44074638	1.0205343889164167	79.012
chr12	44106974	2.140397180469435	79.045
chr12	44138043	2.180827762222968	79.1115
chr12	44190546	5.543332901945667	79.226
chr12	44213727	0.0	79.3545
chr12	44249824	2.04977786926023	79.3545
chr12	44308123	3.5733072137273534	79.474
chr12	44363254	0.47786933990301905	79.671
chr12	44410338	1.7467646880127756	79.6935
chr12	44443256	0.9584132010999306	79.751
chr12	44491252	2.0592644186364923	79.797
chr12	44557295	3.7583088576285126	79.933
chr12	44609047	3.895325609270445	80.1275
chr12	44614053	1.6083466196747038	80.147
chr12	44649804	3.615384615384388	80.2045
chr12	44662804	0.9946046106055849	80.2515
chr12	44699502	0.3476755406709896	80.288
chr12	44769970	5.321507760532352	80.3125
chr12	44772225	9.510374954495958	80.3245
chr12	44794201	2.849002849002587	80.5335
chr12	44819824	0.06818890274319087	80.6065
chr12	44871152	0.6228789896472435	80.61
chr12	44894431	0.2730561813093956	80.6245
chr12	44953027	0.9955024620908642	80.6405
chr12	45009280	0.0	80.6965
chr12	45036585	0.837942014412555	80.6965
chr12	45096255	2.0444256948614297	80.7465
chr12	45157886	1.2867200776886933	80.8725
chr12	45178481	0.7452218130809045	80.899
chr12	45235511	0.902840475032913	80.9415
chr12	45365102	0.7125552230311619	81.0585
chr12	45372119	0.911909538573592	81.0635
chr12	45415983	0.6044719626696154	81.1035
chr12	45504490	0.09582302855533098	81.157
chr12	45614067	0.0	81.1675
chr12	45675656	0.2167872134959043	81.1675
chr12	45726397	0.2129270370018833	81.1785
chr12	45789799	0.22701475595914594	81.192
chr12	45816229	0.4474272930657417	81.198
chr12	45827404	0.06274537925104429	81.203
chr12	45883185	0.7918074324317123	81.2065
chr12	45892657	0.014659102569810676	81.214
chr12	45960874	0.7387083157451395	81.215
chr12	45994040	2.9054153034816097	81.2395
chr12	46014519	0.0	81.299
chr12	46079416	0.12005419589398858	81.299
chr12	46137723	0.9245639840304926	81.306
chr12	46161518	1.7014519056258763	81.328
chr12	46183558	14.147106669765128	81.3655
chr12	46200770	0.0	81.609
chr12	46225900	4.302576675163588	81.609
chr12	46287491	3.0422989516897005	81.874
chr12	46301132	0.841160209317909	81.9155
chr12	46419421	0.839826435869952	82.015
chr12	46440854	2.8031641194995585	82.033
chr12	46453875	4.407214990368228	82.0695
chr12	46488137	0.18124024091017774	82.2205
chr12	46559865	1.2579181454691897	82.2335
chr12	46604383	8.725708208449918	82.2895
chr12	46625069	0.9557591880974323	82.47
chr12	46675814	0.16038063671113384	82.5185
chr12	46713225	0.33149734802110764	82.5245
chr12	46772049	5.118755118755036	82.544
chr12	46806237	1.4648661020829121	82.719
chr12	46871772	3.3820184364898704	82.815
chr12	46905184	0.11683880917875059	82.928
chr12	46926581	0.0	82.9305
chr12	46955385	0.9183405731611671	82.9305
chr12	47023987	12.064817435607422	82.9935
chr12	47038119	5.633522224189682	83.164
chr12	47083295	7.563515575904873	83.4185
chr12	47105573	0.18427674554556311	83.587
chr12	47184259	4.547048802485213	83.6015
chr12	47224175	1.7629848208257346	83.783
chr12	47344142	12.669300225733178	83.9945
chr12	47361862	16.63507418785589	84.219
chr12	47377161	1.7959957423704571	84.4735
chr12	47703164	3.4522439585732037	85.059
chr12	47724889	0.5812151270922863	85.134
chr12	47789409	2.706179850051331	85.1715
chr12	47811950	2.3974342690208696	85.2325
chr12	47843442	1.6384298961164694	85.308
chr12	47886471	2.4822375437489725	85.3785
chr12	48019617	2.160971165865212	85.709
chr12	48066818	0.3685730081696125	85.811
chr12	48099376	2.325321824540516	85.823
chr12	48126254	0.5018797678578568	85.8855
chr12	48181048	1.1761331038438558	85.913
chr12	48198478	0.10050924685071407	85.9335
chr12	48288022	3.1784403259023826	85.9425
chr12	48321529	4.499232789784374	86.049
chr12	48513784	0.032027056457265994	86.914
chr12	48591843	0.017291106146626687	86.9165
chr12	48736426	0.2918894535034107	86.919
chr12	48811797	5.71386168002361	86.941
chr12	48832011	4.581875115122773	87.0565
chr12	48853727	0.9506166821037212	87.156
chr12	48874240	1.209977661950814	87.1755
chr12	48901100	53.99568034558463	87.208
chr12	48901563	2.173226816890489	87.233
chr12	48942746	1.3369645951968816	87.3225
chr12	48962941	1.1870967741933487	87.3495
chr12	48982316	0.29841472288312565	87.3725
chr12	49104629	0.21509433962259603	87.409
chr12	49369629	2.6581605528977246	87.466
chr12	49390320	0.0	87.521
chr12	49537468	0.5681818181822242	87.521
chr12	49549788	0.0	87.528
chr12	49599204	1.1516162338176619	87.528
chr12	49611795	0.21233503201367485	87.5425
chr12	49642407	2.4674399674394585	87.549
chr12	49662063	2.5138584504322683	87.5975
chr12	49685334	1.269736115711391	87.656
chr12	49721562	1.5264168595203509	87.702
chr12	49762180	0.7062961254613497	87.764
chr12	49796868	2.8173575129534743	87.7885
chr12	49858628	1.7333753545539288	87.9625
chr12	49909396	5.130072151982562	88.0505
chr12	49939610	5.017096952412216	88.2055
chr12	50006581	0.8085904651014194	88.5415
chr12	50022040	0.3645833333335939	88.554
chr12	50031640	0.13974531416485694	88.5575
chr12	50146134	0.6782582892347949	88.5735
chr12	50287673	0.5411841108347828	88.6695
chr12	50306151	1.578713817586038	88.6795
chr12	50364743	1.9853028327602544	88.772
chr12	50398491	2.691972499273667	88.839
chr12	50450126	1.7077543702375628	88.978
chr12	50561676	2.5555839509327747	89.1685
chr12	50647762	3.0206727289891333	89.3885
chr12	50679543	1.7095882438526495	89.4845
chr12	50693289	0.16652059596849655	89.508
chr12	50750339	0.0	89.5175
chr12	50774380	0.31392428611309686	89.5175
chr12	50817384	0.7735148514850313	89.531
chr12	50865864	1.506559812517058	89.5685
chr12	50913655	1.6742217238165076	89.6405
chr12	50976968	0.08547690414058547	89.7465
chr12	51064711	1.2355640728220831	89.754
chr12	51084540	2.5800261892107232	89.7785
chr12	51161671	0.4165404422900515	89.9775
chr12	51214487	0.0	89.9995
chr12	51248939	0.12341939030816342	89.9995
chr12	51338066	0.6798096532973038	90.0105
chr12	51361602	0.37269315786763435	90.0265
chr12	51439414	0.033274548298165736	90.0555
chr12	51469467	0.12094761167066491	90.0565
chr12	51663766	0.04942990839013914	90.08
chr12	51694112	0.5939653124256643	90.0815
chr12	51757247	3.1549722362441415	90.119
chr12	51773095	2.201736045111988	90.169
chr12	51804661	0.1475299274996839	90.2385
chr12	51852109	0.2220135999187848	90.2455
chr12	51930933	0.17974527526644876	90.263
chr12	51950405	0.0	90.2665
chr12	51971505	0.26995757809506377	90.2665
chr12	51997435	1.5399762692183245	90.2735
chr12	52037046	3.0501990384116993	90.3345
chr12	52056389	0.9352787130563998	90.3935
chr12	52075100	2.3860266864345956	90.411
chr12	52096684	4.091653027823241	90.4625
chr12	52111959	0.6588993243666009	90.525
chr12	52159766	0.5050289502510773	90.5565
chr12	52230059	3.4736319754589338	90.592
chr12	52252226	1.2625977949630778	90.669
chr12	52296579	0.05209690023468481	90.725
chr12	52315774	4.4647237758810805	90.726
chr12	52325965	0.7475005450525091	90.7715
chr12	52358072	7.341355106717665	90.7955
chr12	52372034	1.2924071082392972	90.898
chr12	52402984	6.24523990860576	90.938
chr12	52416114	3.635904389673214	91.02
chr12	52491336	0.28928136419009526	91.2935
chr12	52622696	0.7604299885934971	91.3315
chr12	52680558	2.628666297731086	91.3755
chr12	52720312	8.400605449041333	91.48
chr12	52740132	2.0761564960628522	91.6465
chr12	52772644	0.15921665406192664	91.714
chr12	52822890	0.7480029048657127	91.722
chr12	52891740	1.2593991925030938	91.7735
chr12	52918737	1.1471958748253186	91.8075
chr12	52961014	8.561953572505887	91.856
chr12	52977599	2.8902683351395493	91.998
chr12	53008046	0.6704166394139057	92.086
chr12	53038624	0.0	92.1065
chr12	53051227	0.0	92.1065
chr12	53055436	0.2856086825038794	92.1065
chr12	53085197	2.406864796986323	92.115
chr12	53137755	0.09457457205006506	92.2415
chr12	53169476	0.07920582954868262	92.2445
chr12	53188414	0.0	92.246
chr12	53209426	0.3804161752959682	92.246
chr12	53235713	0.13324095293917423	92.256
chr12	53273239	3.567825777355763	92.261
chr12	53340647	1.2369705765933432	92.5015
chr12	53431595	1.9378035113933134	92.614
chr12	53474427	2.390326209223771	92.697
chr12	53588219	0.6679580522346613	92.969
chr12	53618161	5.227087931234952	92.989
chr12	53626770	0.0	93.034
chr12	53635859	0.1263477088948835	93.034
chr12	53707091	1.0255016309182368	93.043
chr12	53747559	0.49652432969155474	93.0845
chr12	53766692	17.919641607167872	93.094
chr12	53773835	11.980717425209921	93.222
chr12	53787941	6.990572101992599	93.391
chr12	53806609	5.387125009946626	93.5215
chr12	53869444	2.680965147446835	93.86
chr12	53870190	4.759386567953644	93.862
chr12	53913683	5.250000000000044	94.069
chr12	53959683	12.443716741711095	94.3105
chr12	53984113	10.240647493126293	94.6145
chr12	54016484	4.458447271430439	94.946
chr12	54033306	4.53810608857259	95.021
chr12	54111863	0.23206471290296388	95.3775
chr12	54126945	3.7081450050732108	95.381
chr12	54181150	2.628032345013896	95.582
chr12	54203410	6.735666173812521	95.6405
chr12	54215584	1.4038549096982145	95.7225
chr12	54255118	11.024908125764586	95.778
chr12	54264914	5.886629611388747	95.886
chr12	54307553	3.3976459167576887	96.137
chr12	54348758	4.139734185488955	96.277
chr12	54390065	0.06262525050130104	96.448
chr12	54406033	0.0	96.449
chr12	54434348	2.465797521326223	96.449
chr12	54589673	4.3130245570414365	96.832
chr12	54602541	5.838894184937976	96.8875
chr12	54636109	2.8160018579808517	97.0835
chr12	54653332	4.069375841939319	97.132
chr12	54671148	4.397323837272335	97.2045
chr12	54708216	13.500519750519585	97.3675
chr12	54746696	14.893352403457472	97.887
chr12	54778858	2.984295146789954	98.366
chr12	54832472	0.9574783849255419	98.526
chr12	54936913	7.738896366082145	98.626
chr12	54944343	3.8478774860535214	98.6835
chr12	55009054	0.06381620931656438	98.9325
chr12	55024724	2.9852287986779844	98.9335
chr12	55073129	0.17017552389762733	99.078
chr12	55093696	0.2800388320511231	99.0815
chr12	55120478	0.030203039936006464	99.089
chr12	55252915	0.1946619371022652	99.093
chr12	55276032	1.0940919037200598	99.0975
chr12	55298425	1.529456748728101	99.122
chr12	55332424	3.5982317261228114	99.174
chr12	55351878	0.0313208634535352	99.244
chr12	55431697	0.695648207280438	99.2465
chr12	55475541	0.6120599347919878	99.277
chr12	55560500	4.125979920231211	99.329
chr12	55575042	1.841535840891264	99.389
chr12	55618484	10.682704454331027	99.469
chr12	55636691	0.21816368509645956	99.6635
chr12	55652734	5.210643015520737	99.667
chr12	55666264	1.1638401976154717	99.7375
chr12	55687315	0.7224708503080809	99.762
chr12	55737144	2.823853782185159	99.798
chr12	55782118	4.93027186927755	99.925
chr12	55803415	0.6981395524357886	100.03
chr12	55856413	0.31677465802764265	100.067
chr12	55891138	0.08626001232292055	100.078
chr12	55931713	6.9646569646562435	100.0815
chr12	55941333	0.7423658201481106	100.1485
chr12	55986459	0.32423863963861577	100.182
chr12	56028095	0.7029120642663405	100.1955
chr12	56062950	0.5834305717619824	100.22
chr12	56124654	1.1454753722795394	100.256
chr12	56161320	0.6745408992044079	100.298
chr12	56197641	0.02321155006709447	100.3225
chr12	56240723	0.24753032246472448	100.3235
chr12	56285162	1.632208922741993	100.3345
chr12	56324679	2.0329207787788492	100.399
chr12	56380510	2.448497129348206	100.5125
chr12	56469340	5.0865931936534885	100.73
chr12	56494111	15.960548051695916	100.856
chr12	56514693	21.4239089891834	101.1845
chr12	56536141	13.845272659042749	101.644
chr12	56586772	3.1183415178368055	102.345
chr12	56696125	12.760754947657741	102.686
chr12	56735386	11.028759660458723	103.187
chr12	56814316	10.943718021602926	104.0575
chr12	56853014	32.00615275394966	104.481
chr12	56869917	0.12482524465736601	105.022
chr12	56889945	3.274469149924919	105.0245
chr12	56959880	3.560307720487305	105.2535
chr12	57003556	9.659080939764523	105.409
chr12	57060549	2.0859609973803357	105.9595
chr12	57132698	2.2591344772650346	106.11
chr12	57170987	0.29111250642152936	106.1965
chr12	57258582	1.525880123666301	106.222
chr12	57308717	1.3634752256550724	106.2985
chr12	57345388	14.636449480642222	106.3485
chr12	57350683	5.376344086021378	106.426
chr12	57365005	0.44663845792208406	106.503
chr12	57386275	0.9863052579293378	106.5125
chr12	57456740	0.22009380549797955	106.582
chr12	57522621	17.00993012136575	106.5965
chr12	57528059	2.7019428999812867	106.689
chr12	57560073	2.3081933784589044	106.7755
chr12	57630691	2.0697226571638483	106.9385
chr12	57686254	2.0434609250397138	107.0535
chr12	57706318	0.44904233087529505	107.0945
chr12	57764219	0.32952806873004103	107.1205
chr12	57806704	2.0122949007122237	107.1345
chr12	57829315	0.45958319339607673	107.18
chr12	57885888	0.6710247196849628	107.206
chr12	57908987	0.8232820187271704	107.2215
chr12	57959395	0.864019102676549	107.263
chr12	57991223	0.07051390534247015	107.2905
chr12	58026677	6.401515151514497	107.293
chr12	58039877	0.06147792942363057	107.3775
chr12	58064276	2.7406371121253623	107.379
chr12	58107879	2.8668941979516807	107.4985
chr12	58129854	0.5628232430788885	107.5615
chr12	58162724	3.895325609269025	107.58
chr12	58172736	0.8002854521358481	107.619
chr12	58270826	11.899717514123909	107.6975
chr12	58284986	3.351649604414272	107.866
chr12	58328845	1.8567639257270003	108.013
chr12	58332615	0.0	108.02
chr12	58378527	0.0	108.02
chr12	58491376	0.6061162641197768	108.02
chr12	58545821	0.2297464173918125	108.053
chr12	58754747	0.4572473708277335	108.101
chr12	58802861	1.7422529591701053	108.123
chr12	58840456	0.876151165281083	108.1885
chr12	58891817	2.0818025961297955	108.2335
chr12	58908149	0.41557982227328394	108.2675
chr12	59021244	10.717249008942645	108.3145
chr12	59042938	0.24412738024196665	108.547
chr12	59116670	2.9558422865370146	108.565
chr12	59136123	0.6436918201623426	108.6225
chr12	59267397	0.22484963180873643	108.707
chr12	59320766	0.6742919934069483	108.719
chr12	59360808	3.8834951456313638	108.746
chr12	59392738	0.5596648326970378	108.87
chr12	59677730	0.4300714338162433	109.0295
chr12	59868396	0.2704512672571938	109.1115
chr12	59907220	1.6568047337278735	109.122
chr12	59945245	1.296657580433565	109.185
chr12	60239463	21.084337349396606	109.5665
chr12	60244775	0.21250634091505172	109.6785
chr12	60317714	0.0	109.694
chr12	60352652	0.21916112185564482	109.694
chr12	60834033	1.1699271192943432	109.7995
chr12	60860103	1.2434955616773364	109.83
chr12	60886239	0.07546979950190219	109.8625
chr12	60925990	0.6976698801764211	109.8655
chr12	61028474	0.0	109.937
