Chromosome	Position(bp)	Rate(cM/Mb)	Map(cM)
chr17	0	0.0	0.0
chr17	301098	23.042264557519957	0.0
chr17	484869	1.2642905178211326	4.2345
chr17	522044	5.857413812339615	4.2815
chr17	620637	11.971375280727807	4.859
chr17	673179	82.0820556201755	5.488
chr17	692093	335.10204081632645	7.0405
chr17	693318	0.0	7.451
chr17	721389	0.2497116425080656	7.451
chr17	805486	0.5810501850518445	7.472
chr17	884653	14.368261847514148	7.518
chr17	910439	1.8375521327992816	7.8885
chr17	934656	37.517422951835194	7.933
chr17	960484	1.8255033557047353	8.902
chr17	979109	0.0	8.936
chr17	996881	1.0346449286722172	8.936
chr17	1060671	2.9427993378701514	9.002
chr17	1066108	1.4535314882382453	9.018
chr17	1099819	0.0	9.067
chr17	1135062	0.9297460631065149	9.067
chr17	1152271	5.580746424834326	9.083
chr17	1155138	4.232084904832862	9.099
chr17	1177940	0.23941343707915627	9.1955
chr17	1244770	4.8190368573233195	9.2115
chr17	1274859	1.740076128330616	9.3565
chr17	1302444	0.2812148481439712	9.4045
chr17	1357562	0.19183962207594468	9.42
chr17	1440965	0.3541625163246788	9.436
chr17	1486142	1.1631710951982854	9.452
chr17	1541164	0.0	9.516
chr17	1560238	0.44418533633158475	9.516
chr17	1596259	0.38268770214550535	9.532
chr17	1636762	0.23220973782773302	9.5475
chr17	1703512	0.5232691238512611	9.563
chr17	1734089	0.8239109474975689	9.579
chr17	1791134	0.0	9.626
chr17	1797168	1.3955652039075805	9.626
chr17	1829413	1.7019023486252385	9.671
chr17	1882295	0.0	9.761
chr17	1935637	0.6981559054359843	9.761
chr17	1956406	0.0	9.7755
chr17	1971411	0.0	9.7755
chr17	1990646	0.0	9.7755
chr17	2027656	1.7826407671502282	9.7755
chr17	2035790	0.0	9.79
chr17	2069129	0.0	9.79
chr17	2081815	0.0	9.79
chr17	2158540	0.0	9.79
chr17	2219828	0.0	9.79
chr17	2254600	0.0	9.79
chr17	2346394	0.495252407951422	9.79
chr17	2375672	0.0	9.8045
chr17	2410514	0.3979252998161299	9.8045
chr17	2446953	0.0	9.819
chr17	2448320	0.0	9.819
chr17	2472939	0.0	9.819
chr17	2477048	0.0	9.819
chr17	2481616	0.0	9.819
chr17	2506959	0.0	9.819
chr17	2531798	0.2986181189117935	9.819
chr17	2580355	0.0	9.8335
chr17	2619189	0.6530825496342212	9.8335
chr17	2642157	0.0	9.8485
chr17	2686698	3.6251510479603213	9.8485
chr17	2710697	0.0	9.9355
chr17	2750683	0.0	9.9355
chr17	2770604	0.0	9.9355
chr17	2774388	1.2834487851190337	9.9355
chr17	2831266	1.4552670745824536	10.0085
chr17	2861501	1.0146245889021033	10.0525
chr17	2890083	1.339108077499929	10.0815
chr17	2955425	0.7358071677767184	10.169
chr17	3034250	0.0	10.227
chr17	3044949	0.0	10.227
chr17	3053001	1.2024214279790992	10.227
chr17	3077119	0.2983723275099277	10.256
chr17	3125716	0.0	10.2705
chr17	3170389	0.4496333162782752	10.2705
chr17	3234886	3.678010471204173	10.2995
chr17	3273086	1.9673840902626802	10.44
chr17	3294180	0.0	10.4815
chr17	3335445	0.5701950881765709	10.4815
chr17	3359998	0.5659833703795147	10.4955
chr17	3408586	12.591041081544246	10.523
chr17	3429593	0.0	10.7875
chr17	3483617	3.1733210246941908	10.7875
chr17	3492283	5.728088336784001	10.815
chr17	3506773	0.0	10.898
chr17	3557918	0.4684467643713151	10.898
chr17	3587804	0.0	10.912
chr17	3683738	9.033568526833276	10.912
chr17	3693092	0.5442811600964591	10.9965
chr17	3718814	10.340283175075157	11.0105
chr17	3748407	0.3899395593683292	11.3165
chr17	3784310	0.680007771517357	11.3305
chr17	3804898	2.4106758501937553	11.3445
chr17	3816513	0.4213655307673428	11.3725
chr17	3881777	1.5776490161206964	11.4
chr17	3899208	0.5808285103823193	11.4275
chr17	3947415	1.8159531484087323	11.4555
chr17	3969442	0.286609208344409	11.4955
chr17	4018289	1.8552875695733135	11.5095
chr17	4061948	0.0	11.5905
chr17	4123608	0.0	11.5905
chr17	4139685	1.2542097317384804	11.5905
chr17	4182740	1.2698711315961562	11.6445
chr17	4193371	18.138153321114846	11.658
chr17	4240840	0.0	12.519
chr17	4279512	0.0	12.519
chr17	4300089	0.0	12.519
chr17	4341248	0.7134203795934961	12.519
chr17	4378393	0.0	12.5455
chr17	4449016	0.0	12.5455
chr17	4475272	0.0	12.5455
chr17	4494827	0.5589923231720869	12.5455
chr17	4615580	6.668519033064774	12.613
chr17	4647971	1.9885937265494997	12.829
chr17	4661297	3.8824984864836627	12.8555
chr17	4699288	0.0	13.003
chr17	4717694	0.32890729686930226	13.003
chr17	4758739	0.0	13.0165
chr17	4829937	0.0	13.0165
chr17	4851132	8.826021464884203	13.0165
chr17	4872376	0.0	13.204
chr17	4907266	1.0575575707902374	13.204
chr17	4945089	3.0840046029919526	13.244
chr17	4966814	1.419120785317959	13.311
chr17	5013674	0.827865968499719	13.3775
chr17	5061991	0.8384392131570397	13.4175
chr17	5077496	5.259060791484119	13.4305
chr17	5132734	1.5435763476608764	13.721
chr17	5166422	23.93306902985079	13.773
chr17	5183574	3.9305046967043427	14.1835
chr17	5233822	0.0	14.381
chr17	5277355	9.98474092748624	14.381
chr17	5307501	18.662334574847456	14.682
chr17	5320120	1.4168708179457894	14.9175
chr17	5374818	1.7893273505567668	14.995
chr17	5447471	0.0	15.125
chr17	5471763	1.1675886460506206	15.125
chr17	5515871	0.3162247628314254	15.1765
chr17	5556981	1226.4957264957222	15.1895
chr17	5557098	0.6722789829318215	15.333
chr17	5673865	0.0	15.4115
chr17	5702258	0.0	15.4115
chr17	5734700	16.313868613138656	15.4115
chr17	5762100	0.0	15.8585
chr17	5783558	10.692837263805462	15.8585
chr17	5831347	0.518385867589474	16.3695
chr17	5905616	0.0	16.408
chr17	5980998	4.54723637789101	16.408
chr17	6006508	4.264314611655696	16.524
chr17	6033945	0.0	16.641
chr17	6061432	6.469592913307582	16.641
chr17	6071479	6.5351780983220875	16.706
chr17	6105449	0.0	16.928
chr17	6122763	0.0	16.928
chr17	6148396	3.807666838348921	16.928
chr17	6175578	0.0	17.0315
chr17	6258055	0.0	17.0315
chr17	6277919	0.2838551901829365	17.0315
chr17	6323717	0.0	17.0445
chr17	6332513	1.7807129767297385	17.0445
chr17	6361434	6.8708483342629885	17.096
chr17	6400876	0.0	17.367
chr17	6445835	0.0	17.367
chr17	6465621	1.4194246107335637	17.367
chr17	6546992	0.0	17.4825
chr17	6563151	0.0	17.4825
chr17	6687723	0.0	17.4825
chr17	6726141	4.987531172069818	17.4825
chr17	6744186	2.137025333796002	17.5725
chr17	6798935	0.5021365417561184	17.6895
chr17	6849718	16.549817985708497	17.715
chr17	6864552	6.5325353368139325	17.9605
chr17	6903817	0.5123152709360267	18.217
chr17	6929192	4.32643366135069	18.23
chr17	6935086	12.567484975043227	18.2555
chr17	6974354	4.246901283753903	18.749
chr17	7010498	12.527394970469185	18.9025
chr17	7064340	0.0	19.577
chr17	7161660	4.18097354069884	19.577
chr17	7310190	0.0	20.198
chr17	7366041	4.273138438271317	20.198
chr17	7436130	0.0	20.4975
chr17	7477977	0.0	20.4975
chr17	7523627	3.3545501462241076	20.4975
chr17	7546879	0.0	20.5755
chr17	7585688	6.011969159556841	20.5755
chr17	7658709	0.0	21.0145
chr17	7688270	0.0	21.0145
chr17	7705302	0.0	21.0145
chr17	7748050	0.2898089533918719	21.0145
chr17	7836039	0.0	21.04
chr17	7867590	0.2835549060451703	21.04
chr17	7959283	1.0857532146811277	21.066
chr17	7982769	1.850040965192808	21.0915
chr17	8058443	0.0	21.2315
chr17	8087661	0.0	21.2315
chr17	8134330	4.472809560851427	21.2315
chr17	8162612	5.508991461063258	21.358
chr17	8213438	4.082618395933446	21.638
chr17	8256915	0.0	21.8155
chr17	8284656	0.0	21.8155
chr17	8349710	2.4825394723775873	21.8155
chr17	8379921	0.0	21.8905
chr17	8391103	11.554327365933721	21.8905
chr17	8416072	7.160381126262339	22.179
chr17	8468653	5.400345622120021	22.5555
chr17	8482541	0.0	22.6305
chr17	8511777	11.69323974398645	22.6305
chr17	8573180	1.5048456028410628	23.3485
chr17	8589793	7.837060389893745	23.3735
chr17	8702080	0.0	24.2535
chr17	8809725	0.0	24.2535
chr17	8813615	0.0675169205670312	24.2535
chr17	9176487	0.15504645191702957	24.278
chr17	9257108	48.304961443328814	24.2905
chr17	9270854	1.3920917936892365	24.9545
chr17	9306412	0.3100634838008734	25.004
chr17	9748257	0.3358680173039966	25.141
chr17	9785474	1.1912138163348844	25.1535
chr17	9900063	7.978283960816734	25.29
chr17	9942428	0.3222687721559903	25.628
chr17	9979664	0.0	25.64
chr17	10005126	0.134002272678537	25.64
chr17	10098408	2.4635435292248244	25.6525
chr17	10123575	1.121042266323255	25.7145
chr17	10156580	0.1314693895438062	25.7515
chr17	10247856	6.132042129073325	25.7635
chr17	10276150	0.0	25.937
chr17	10284351	2.13948652323441	25.937
chr17	10359369	1.3495864170657634	26.0975
chr17	10405309	1.5921515212869253	26.1595
chr17	10459638	1.3488473486293557	26.246
chr17	10533034	3.053459394556257	26.345
chr17	10658793	3.868808567603768	26.729
chr17	10770843	10.870336637410954	27.1625
chr17	10813114	0.6334531758260407	27.622
chr17	10871524	0.0	27.659
chr17	10899465	3.0299845873616684	27.659
chr17	10928013	12.429264349232124	27.7455
chr17	10937909	0.0	27.8685
chr17	10969499	0.5626575441123195	27.8685
chr17	10991715	0.0	27.881
chr17	11032780	0.13986326966756502	27.881
chr17	11211526	2.0900137425561267	27.906
chr17	11228990	1.5574383254424453	27.9425
chr17	11245042	1.000285795941687	27.9675
chr17	11269535	0.5287527152166319	27.992
chr17	11339511	1.4313804869584847	28.029
chr17	11374093	1.6884074118514436	28.0785
chr17	11432432	0.0	28.177
chr17	11451415	2.8533356507633427	28.177
chr17	11485936	1.5200377955343358	28.2755
chr17	11534619	0.5564954144777531	28.3495
chr17	11557081	5.474506336575318	28.362
chr17	11624941	1.323932387080915	28.7335
chr17	11689899	5.839567132846398	28.8195
chr17	11723720	4.479908290092979	29.017
chr17	11756868	0.7764221201077403	29.1655
chr17	11788423	0.0	29.19
chr17	11805427	0.11471047077176554	29.19
chr17	12023367	0.5454793399700193	29.215
chr17	12045366	0.0	29.227
chr17	12078074	0.16884761502744414	29.227
chr17	12149144	0.0	29.239
chr17	12196159	8.575380359612394	29.239
chr17	12203389	1.3284503805831749	29.301
chr17	12231241	0.0	29.338
chr17	12267479	4.195146176666596	29.338
chr17	12343996	1.1849315068493276	29.659
chr17	12416996	1.8031692064841056	29.7455
chr17	12499351	0.13653945429108041	29.894
chr17	12766673	0.5567928730513516	29.9305
chr17	12789123	4.367253174462885	29.943
chr17	12828736	0.0	30.116
chr17	12835230	0.0	30.116
chr17	12876867	15.78608247422664	30.116
chr17	12878419	0.5646656995427799	30.1405
chr17	12987333	1.4141624207133123	30.202
chr17	13083503	0.0	30.338
chr17	13101992	0.36441807219157585	30.338
chr17	13237825	0.0	30.3875
chr17	13284550	2.255501485724151	30.3875
chr17	13377434	0.5979705242812214	30.597
chr17	13625774	0.17990465053522314	30.7455
chr17	13692476	3.4835487898192143	30.7575
chr17	13717307	1.793272803644659	30.844
chr17	13779205	6.8731252855525335	30.955
chr17	13829546	0.0	31.301
chr17	13862853	0.6412408225097086	31.301
chr17	13979034	0.0	31.3755
chr17	14013395	0.1569407025712178	31.3755
chr17	14089857	0.36270953828055125	31.3875
chr17	14191867	1.0225288885194501	31.4245
chr17	14252012	1.003340602236358	31.486
chr17	14338224	1.5728669376723725	31.5725
chr17	14518786	2.339016043452339	31.8565
chr17	14550637	0.0	31.931
chr17	14570126	0.0	31.931
chr17	14642639	0.49363014254415893	31.931
chr17	14716581	0.0	31.9675
chr17	14729442	0.4397537379067472	31.9675
chr17	14757867	7.486388384754737	31.98
chr17	14764479	0.7440925087983716	32.0295
chr17	14814204	0.10564215337517321	32.0665
chr17	15046119	11.871657754010386	32.091
chr17	15055469	0.17430650910309195	32.202
chr17	15196026	1.6254289326349458	32.2265
chr17	15256933	1.5031278321802293	32.3255
chr17	15347411	0.286211748992307	32.4615
chr17	15389338	1.010781671159068	32.4735
chr17	15401210	0.0	32.4855
chr17	15421802	0.6032236270628191	32.4855
chr17	15442524	3.906602836238863	32.498
chr17	15464666	3.0889695054056436	32.5845
chr17	15492507	0.0	32.6705
chr17	15518000	11.22202056866332	32.6705
chr17	15534530	5.090866974119226	32.856
chr17	15629504	1.6195134849285924	33.3395
chr17	15659760	0.0	33.3885
chr17	15689084	0.5883460416079658	33.3885
chr17	15710330	5.529804017239801	33.401
chr17	15734924	1.4644057538717634	33.537
chr17	15827453	1.0220994475137855	33.6725
chr17	15863653	1.3298350285734477	33.7095
chr17	15919299	5.745595043799971	33.7835
chr17	15949322	0.0	33.956
chr17	15985304	12.956082690292053	33.956
chr17	15995801	0.0	34.092
chr17	16009647	5.735308940631011	34.092
chr17	16059252	0.5756914293938667	34.3765
chr17	16100941	2.0355394179457025	34.4005
chr17	16137295	1.1105434999889892	34.4745
chr17	16182318	0.16940777864040868	34.5245
chr17	16253153	0.0	34.5365
chr17	16262722	0.0	34.5365
chr17	16279384	0.0	34.5365
chr17	16312579	1.3307916411900205	34.5365
chr17	16340382	3.8302311177755226	34.5735
chr17	16401736	1.8183605268330565	34.8085
chr17	16422084	14.038931278487004	34.8455
chr17	16461795	0.9096123903958389	35.403
chr17	16583825	1.9508813626459547	35.514
chr17	16634315	0.0	35.6125
chr17	16693613	4.383863124079298	35.6125
chr17	16749956	0.0	35.8595
chr17	16788522	0.0	35.8595
chr17	16860694	0.628332710661382	35.8595
chr17	16919580	1.6671776789819905	35.8965
chr17	16971764	0.3197651560820902	35.9835
chr17	17162529	0.0	36.0445
chr17	17215845	0.0	36.0445
chr17	17258152	0.0	36.0445
chr17	17343403	0.0	36.0445
chr17	17344763	0.0	36.0445
chr17	17353273	0.0	36.0445
chr17	17413224	1.3338312970174775	36.0445
chr17	17431967	0.0	36.0695
chr17	17486824	0.0	36.0695
chr17	17503747	0.0	36.0695
chr17	17516838	0.8798421040115815	36.0695
chr17	17558891	0.0	36.1065
chr17	17740561	8.492790829577041	36.1065
chr17	17774060	0.8193390517751816	36.391
chr17	18000462	0.6226875484211868	36.5765
chr17	18138573	1.8253073495462995	36.6625
chr17	18213081	0.23109937273030512	36.7985
chr17	18319096	2.2106578423430414	36.823
chr17	18391925	7.250634263586489	36.984
chr17	18429370	1.021876498925976	37.2555
chr17	18477321	0.0	37.3045
chr17	18518651	0.0	37.3045
chr17	18543304	0.0	37.3045
chr17	18565072	0.7838464915032823	37.3045
chr17	18581019	2.051034565964933	37.317
chr17	18647327	1.06650524965588	37.453
chr17	18786098	0.4123711340205951	37.601
chr17	18846723	1.7466628798637414	37.626
chr17	18881933	0.0	37.6875
chr17	18903287	8.14785373608934	37.6875
chr17	18910835	0.0	37.749
chr17	18923872	2.7560163249988205	37.749
chr17	19009140	2.1332069210712716	37.984
chr17	19055549	0.0	38.083
chr17	19085825	2.2964449746069637	38.083
chr17	19225824	2.1866855148651267	38.4045
chr17	19248461	0.45594967804362585	38.454
chr17	19302195	0.0	38.4785
chr17	19358831	0.0	38.4785
chr17	19391237	0.0	38.4785
chr17	19402350	0.0	38.4785
chr17	19407488	0.4561710824028481	38.4785
chr17	19434890	3.131045718358557	38.491
chr17	19474174	0.6105308318071075	38.614
chr17	19534777	0.2936487960398906	38.651
chr17	19618210	12.332477901340306	38.6755
chr17	19639252	0.0	38.935
chr17	19679616	1.3140374237856303	38.935
chr17	19708154	0.3106956994537052	38.9725
chr17	19746777	0.8326956834857573	38.9845
chr17	19791211	0.7675539590432772	39.0215
chr17	19823782	0.3807609126076255	39.0465
chr17	19856611	0.5914540918966991	39.059
chr17	19980881	0.0	39.1325
chr17	20027255	0.0	39.1325
chr17	20037875	0.26785522960556374	39.1325
chr17	20084542	1.4600908500971852	39.145
chr17	20118444	0.6425603830716807	39.1945
chr17	20175248	0.0	39.231
chr17	20291071	7.611994033842315	39.231
chr17	20310514	0.0	39.379
chr17	20325087	0.34417878940848445	39.379
chr17	20434042	3.863538046153622	39.4165
chr17	20501079	0.0	39.6755
chr17	20514896	0.0	39.6755
chr17	20560725	0.49867684410698837	39.6755
chr17	20635924	1.764509514044496	39.713
chr17	20677862	1.4791750510121122	39.787
chr17	20819495	3.899172902717753	39.9965
chr17	20832190	1.112446046366688	40.046
chr17	20854663	0.2124458837174733	40.071
chr17	21202987	1.4286335881183265	40.145
chr17	21271934	3.0850195082116594	40.2435
chr17	21316018	4.284193061093133	40.3795
chr17	21356399	0.0	40.5525
chr17	21394092	0.4930175883022176	40.5525
chr17	21518834	0.62670438184939	40.614
chr17	21577873	2.4013499480788574	40.651
chr17	21608689	6.228387834563073	40.725
chr17	21682143	1.4540337711070523	41.1825
chr17	21724783	0.11183284717109918	41.2445
chr17	21832086	0.2684621414687948	41.2565
chr17	21925209	2.3584905660377116	41.2815
chr17	21945985	0.0	41.3305
chr17	21975657	0.0	41.3305
chr17	21990951	3.7649453065376783	41.3305
chr17	22010606	0.0	41.4045
chr17	22059273	0.0	41.4045
chr17	22080159	0.15978933374238496	41.4045
chr17	22236615	0.0	41.4295
chr17	22260883	0.0	41.4295
chr17	22286058	0.0	41.4295
chr17	22355242	0.0	41.4295
chr17	22417722	0.0	41.4295
chr17	22462010	0.0	41.4295
chr17	22486060	0.0	41.4295
chr17	22510189	0.0	41.4295
chr17	22530409	0.0	41.4295
chr17	22568435	0.0	41.4295
chr17	22603214	0.0	41.4295
chr17	22646692	0.0	41.4295
chr17	22686657	0.0	41.4295
chr17	22703648	0.0	41.4295
chr17	22808258	0.0	41.4295
chr17	22884364	0.0	41.4295
chr17	22940817	0.0	41.4295
chr17	23020781	0.0	41.4295
chr17	23066967	0.1574637833298401	41.4295
chr17	23143175	0.6022064845595626	41.4415
chr17	23163932	0.0	41.454
chr17	23172067	0.4800643545729248	41.454
chr17	23249140	0.0	41.491
chr17	23306817	0.0	41.491
chr17	23330613	0.0	41.491
chr17	23366730	0.0	41.491
chr17	23373553	0.0	41.491
chr17	23397405	0.0	41.491
chr17	23431920	0.3485292067476047	41.491
chr17	23467785	1.4829659318636887	41.5035
chr17	23492735	2.2259822753560736	41.5405
chr17	23564838	3.0266343825665762	41.701
chr17	23621832	0.0	41.8735
chr17	23646309	0.2351259334499647	41.8735
chr17	23805798	1.3270326255824967	41.911
chr17	23852142	0.0	41.9725
chr17	23888578	0.22788153880500128	41.9725
chr17	24103602	0.0	42.0215
chr17	24109827	0.0	42.0215
chr17	24120756	0.4884402474761214	42.0215
chr17	24145324	0.0	42.0335
chr17	24170912	1.2087221389549718	42.0335
chr17	24191595	1.620719009887852	42.0585
chr17	24222137	0.0	42.108
chr17	24247697	0.0	42.108
chr17	24299131	2.098904474250105	42.108
chr17	24328432	1.587220316419989	42.1695
chr17	24367494	3.472834326411218	42.2315
chr17	24395857	0.0	42.33
chr17	24424310	0.0	42.33
chr17	24486197	1.374242764191345	42.33
chr17	24504025	3.63934702120502	42.3545
chr17	24527793	2.1113831089351214	42.441
chr17	24609493	1.7588059133906466	42.6135
chr17	24630530	0.0	42.6505
chr17	24668413	0.0	42.6505
chr17	24682246	0.0	42.6505
chr17	24816221	0.8879091270934365	42.6505
chr17	24914204	1.6003309527957408	42.7375
chr17	24960132	0.7447074117758552	42.811
chr17	25076285	0.0	42.8975
chr17	25100281	0.8588053841838261	42.8975
chr17	25128809	1.5287922541193038	42.922
chr17	25193566	5.674683666570062	43.021
chr17	25234978	2.436657919689559	43.256
chr17	25280327	5.965697240864836	43.3665
chr17	25303124	0.38274104897752786	43.5025
chr17	25527819	0.08899837666957919	43.5885
chr17	25668271	0.45448097222149725	43.601
chr17	25858598	0.0	43.6875
chr17	25880502	0.0	43.6875
chr17	25918752	0.4666326150974447	43.6875
chr17	26077335	0.4571698238421785	43.7615
chr17	26212952	3.703480669637193	43.8235
chr17	26229558	19.020292255812596	43.885
chr17	26246461	7.03361234059332	44.2065
chr17	26269280	0.9829184708978067	44.367
chr17	26306923	1.6288252714707063	44.404
chr17	26337313	0.6232208728460819	44.4535
chr17	26396682	14.78029294274357	44.4905
chr17	26404192	8.028959948020692	44.6015
chr17	26425739	0.0	44.7745
chr17	26449363	0.0	44.7745
chr17	26509474	0.0	44.7745
chr17	26575097	2.5427014207201544	44.7745
chr17	26618948	0.0	44.886
chr17	26677802	0.0	44.886
chr17	26711722	0.0	44.886
chr17	26793874	0.0	44.886
chr17	26831312	0.0	44.886
chr17	26867251	0.0	44.886
chr17	26901868	0.0	44.886
chr17	26936068	0.0	44.886
chr17	27001869	1.1778224648088715	44.886
chr17	27054084	0.0	44.9475
chr17	27082820	0.0	44.9475
chr17	27123792	0.3273793934315343	44.9475
chr17	27161974	0.6154950888621268	44.96
chr17	27200967	1.6437139049310987	44.984
chr17	27223477	0.5135157341220643	45.021
chr17	27272161	1.0349071380621793	45.046
chr17	27307913	4.9329911605361225	45.083
chr17	27342983	0.0	45.256
chr17	27371092	1.2382317849587416	45.256
chr17	27470831	0.67259275417642	45.3795
chr17	27525842	0.0	45.4165
chr17	27529530	3.810164173250484	45.4165
chr17	27565224	138.7499999999964	45.5525
chr17	27566024	6.420702692132284	45.6635
chr17	27581365	18.68361432312349	45.762
chr17	27615352	0.30732563973912813	46.397
chr17	27695072	1.262923921463019	46.4215
chr17	27724765	0.5086685600438027	46.459
chr17	27748356	12.063296828062661	46.471
chr17	27790633	0.0	46.981
chr17	27809749	0.0	46.981
chr17	27854553	0.4073181494178899	46.981
chr17	27884014	3.8872310350239334	46.993
chr17	27896748	0.386530195738979	47.0425
chr17	27929087	0.0	47.055
chr17	27971106	0.0	47.055
chr17	28007228	1.868908580677453	47.055
chr17	28093107	0.0	47.2155
chr17	28192130	4.773709423469962	47.2155
chr17	28251832	0.886512043590377	47.5005
chr17	28321205	0.0	47.562
chr17	28372211	0.1025570901135004	47.562
chr17	28489219	0.0	47.574
chr17	28529294	0.0	47.574
chr17	28590321	0.0	47.574
chr17	28608157	0.0	47.574
chr17	28630064	0.0	47.574
chr17	28654210	1.2527560633392754	47.574
chr17	28674166	0.2991124296475759	47.599
chr17	28756075	12.534926442211173	47.6235
chr17	28820854	0.20790020790021577	48.4355
chr17	28878574	1.1363636363635718	48.4475
chr17	28900574	0.0	48.4725
chr17	28917471	0.0	48.4725
chr17	28931909	2.9537645427697026	48.4725
chr17	28948498	0.34876259032939194	48.5215
chr17	28984339	0.0	48.534
chr17	29033479	1.0816815763316094	48.534
chr17	29067685	0.8744117270698296	48.571
chr17	29138018	0.38521988350959485	48.6325
chr17	29170467	0.0	48.645
chr17	29183895	0.0	48.645
chr17	29246808	0.993768801031345	48.645
chr17	29321272	1.2017669221774405	48.719
chr17	29352060	0.0	48.756
chr17	29367044	0.5268481834275833	48.756
chr17	29390770	0.7111549737306955	48.7685
chr17	29425221	0.0	48.793
chr17	29449724	1.0335755449762356	48.793
chr17	29497616	0.7840752712259158	48.8425
chr17	29528863	1.4791462786024339	48.867
chr17	29662724	1.8153001234772923	49.065
chr17	29716985	0.0	49.1635
chr17	29746132	0.5102457343457768	49.1635
chr17	29770630	0.5483593680528653	49.176
chr17	29838104	0.0	49.213
chr17	29852922	6.2943011057554346	49.213
chr17	29870557	1.4251049570542325	49.324
chr17	29896520	0.0	49.361
chr17	29925789	0.9814698492464542	49.361
chr17	29938525	2.9249011857706746	49.3735
chr17	29976475	1.1462151626229284	49.4845
chr17	30062410	5.7585307964671895	49.583
chr17	30088111	0.4450457507030205	49.731
chr17	30116198	3.994983876746667	49.7435
chr17	30144108	0.8647770992906463	49.855
chr17	30172439	1.7217310376919048	49.8795
chr17	30236909	2.6194578249710085	49.9905
chr17	30265350	1.064291920069648	50.065
chr17	30288370	0.5754317410824709	50.0895
chr17	30437823	2.346027157041641	50.1755
chr17	30522221	0.9683819361340671	50.3735
chr17	30585729	1.2343207899652733	50.435
chr17	30615705	0.0	50.472
chr17	30625748	1.4753379321344164	50.472
chr17	30650827	1.2254090216599005	50.509
chr17	30711215	0.266295664271853	50.583
chr17	30803218	0.7419040759709661	50.6075
chr17	31103122	0.0	50.83
chr17	31161132	0.0	50.83
chr17	31194557	0.0	50.83
chr17	31231989	0.0	50.83
chr17	31282449	0.0	50.83
chr17	31335918	0.15070227259030494	50.83
chr17	31418863	0.0	50.8425
chr17	31478462	0.0	50.8425
chr17	31515708	0.7354084207253916	50.8425
chr17	31599335	0.0	50.904
chr17	31659892	0.0	50.904
chr17	31678073	37.22334004024048	50.904
chr17	31679067	0.08765348124563126	50.941
chr17	31821674	0.0	50.9535
chr17	31867848	0.0	50.9535
chr17	31916065	0.3646197320045108	50.9535
chr17	31948976	1.122130227762079	50.9655
chr17	31981949	0.586984801852953	51.0025
chr17	32044983	0.8565750702393505	51.0395
chr17	32059576	0.0	51.052
chr17	32105328	0.09212378488729828	51.052
chr17	32241015	0.0	51.0645
chr17	32254208	1.0527513799578623	51.0645
chr17	32289354	0.0	51.1015
chr17	32368515	0.0	51.1015
chr17	32389052	0.4664534308125084	51.1015
chr17	32441576	3.130584047387949	51.126
chr17	32512649	0.0	51.3485
chr17	32556740	0.0	51.3485
chr17	32581942	0.15301375899715686	51.3485
chr17	32663634	0.7514184940960986	51.361
chr17	32696239	0.0	51.3855
chr17	32748042	0.8373977299731588	51.3855
chr17	32836411	6.192414292491814	51.4595
chr17	32876460	0.0	51.7075
chr17	32916856	0.783502569888162	51.7075
chr17	32932810	0.8943799658887487	51.72
chr17	33028966	2.3724031803030354	51.806
chr17	33044562	0.5520039982992164	51.843
chr17	33178619	2.84215128989941	51.917
chr17	33270099	0.0	52.177
chr17	33300006	0.0	52.177
chr17	33321950	4.234237323002021	52.177
chr17	33380284	0.0	52.424
chr17	33425629	0.0	52.424
chr17	33597505	0.0	52.424
chr17	33651908	0.328653310196215	52.424
chr17	33689942	0.182929617829547	52.4365
chr17	33755541	0.0	52.4485
chr17	33778156	0.0	52.4485
chr17	33800388	0.0	52.4485
chr17	33818351	1.8964316123536027	52.4485
chr17	33831270	2.441902389458863	52.473
chr17	33861779	0.0	52.5475
chr17	33884417	0.4655272333431457	52.5475
chr17	33989674	1.469584063177326	52.5965
chr17	34023357	0.0	52.646
chr17	34100229	13.32511746129568	52.646
chr17	34113212	0.0	52.819
chr17	34141559	0.0	52.819
chr17	34171510	0.0	52.819
chr17	34193887	2.8167078867818645	52.819
chr17	34215721	0.0	52.8805
chr17	34242481	9.558823529411953	52.8805
chr17	34269681	0.0	53.1405
chr17	34281231	0.0	53.1405
chr17	34317070	0.9479421755273287	53.1405
chr17	34329729	0.0	53.1525
chr17	34374163	0.1799959680902534	53.1525
chr17	34443609	0.0	53.165
chr17	34445728	3.8379741130406737	53.165
chr17	34516729	0.5903187721370882	53.4375
chr17	34537904	1.1429433401793232	53.45
chr17	34624085	0.10923517897094205	53.5485
chr17	34738517	0.0	53.561
chr17	34780415	0.0	53.561
chr17	34809151	3.3550961189698074	53.561
chr17	34820179	0.0	53.598
chr17	34911825	1.4788137298298416	53.598
chr17	34961527	0.5118214238541607	53.6715
chr17	35082663	4.397342051026975	53.7335
chr17	35138947	4.107180746264144	53.981
chr17	35171938	0.0	54.1165
chr17	35179740	1.944913755844498	54.1165
chr17	35230642	0.0	54.2155
chr17	35249765	0.0	54.2155
chr17	35285378	0.7351396765386413	54.2155
chr17	35318705	6.496062992125857	54.24
chr17	35356805	0.0	54.4875
chr17	35383658	0.4532749112336804	54.4875
chr17	35410132	0.8756567425571168	54.4995
chr17	35424407	0.0	54.512
chr17	35524306	0.38564457736496444	54.512
chr17	35587836	0.0	54.5365
chr17	35622720	0.3902286740030545	54.5365
chr17	35686785	0.0	54.5615
chr17	35817266	0.0	54.5615
chr17	35997506	0.2065910818761071	54.5615
chr17	36058012	0.0	54.574
chr17	36079375	0.8032180965690484	54.574
chr17	36155942	0.5755395683453456	54.6355
chr17	36176792	0.36793924587159615	54.6475
chr17	36210765	0.0	54.66
chr17	36241111	0.0	54.66
chr17	36300476	0.334743720207885	54.66
chr17	36337818	0.0	54.6725
chr17	36369024	0.0	54.6725
chr17	36454814	1.0340833884843885	54.6725
chr17	36478990	4.615908703798345	54.6975
chr17	36508345	0.0	54.833
chr17	36537229	0.0	54.833
chr17	36538492	0.5503904797322281	54.833
chr17	36605717	0.0	54.87
chr17	36613117	0.0	54.87
chr17	36636410	0.0	54.87
chr17	36637600	0.6458595168272419	54.87
chr17	36694888	0.0	54.907
chr17	36726985	0.0	54.907
chr17	36789602	2.653341594159991	54.907
chr17	36826725	0.0	55.0055
chr17	36864428	0.0	55.0055
chr17	36903813	0.0	55.0055
chr17	36984879	0.0	55.0055
chr17	37006713	0.6892938873419638	55.0055
chr17	37042982	0.0	55.0305
chr17	37108729	0.0	55.0305
chr17	37194700	0.0	55.0305
chr17	37218713	0.0	55.0305
chr17	37273371	0.0	55.0305
chr17	37320509	0.5746300818844683	55.0305
chr17	37341392	0.0	55.0425
chr17	37399881	2.275172943889475	55.0425
chr17	37432406	0.12315634944871019	55.1165
chr17	37533903	0.0	55.129
chr17	37552219	0.0	55.129
chr17	37581697	0.08355168172826884	55.129
chr17	37731305	0.5107904482186376	55.1415
chr17	37754798	0.0	55.1535
chr17	37831045	0.11488231455692866	55.1535
chr17	37939852	0.0	55.166
chr17	38007891	0.32048816757692594	55.166
chr17	38046894	0.7256034355102413	55.1785
chr17	38080659	0.7326661901357544	55.203
chr17	38164599	0.0	55.2645
chr17	38236664	0.0	55.2645
chr17	38260630	1.5372317530590038	55.2645
chr17	38276893	0.0	55.2895
chr17	38387642	0.0	55.2895
chr17	38445963	0.0	55.2895
chr17	38483872	0.27564852924520444	55.2895
chr17	38616287	0.0	55.326
chr17	38740945	0.0	55.326
chr17	38793648	4.974981307873751	55.326
chr17	38811035	0.12311354146361948	55.4125
chr17	38908506	0.44506159652493377	55.4245
chr17	38964678	0.0	55.4495
chr17	39031425	0.0	55.4495
chr17	39140035	0.0	55.4495
chr17	39146712	0.0	55.4495
chr17	39176311	0.20004801152281096	55.4495
chr17	39238796	0.0	55.462
chr17	39324928	0.15778762429798154	55.462
chr17	39480200	0.0	55.4865
chr17	39622353	1.4540725854120422	55.4865
chr17	39664648	0.0	55.548
chr17	39673609	0.9016807328857922	55.548
chr17	39687472	1.2606333914113421	55.5605
chr17	39736257	0.0	55.622
chr17	39744622	0.0	55.622
chr17	39786707	0.0	55.622
chr17	39817559	0.0	55.622
chr17	39906393	0.0	55.622
chr17	39929275	0.4933301760203189	55.622
chr17	39954613	0.0	55.6345
chr17	39987754	0.22302759966546704	55.6345
chr17	40041559	0.9070850698700424	55.6465
chr17	40082349	1.227602455204869	55.6835
chr17	40162994	0.5114357023036227	55.7825
chr17	40187435	0.702791084592989	55.795
chr17	40222296	0.0	55.8195
chr17	40280652	0.0	55.8195
chr17	40374153	0.23453477681675972	55.8195
chr17	40427450	1.087933924666115	55.832
chr17	40517529	1.982172756820661	55.93
chr17	40598753	0.0	56.091
chr17	40639246	1.8998716302952008	56.091
chr17	40658721	1.6725798276736568	56.128
chr17	40688316	2.288101870274565	56.1775
chr17	40763706	0.0	56.35
chr17	40780142	0.3034975052504896	56.35
chr17	40862515	0.0	56.375
chr17	40905275	0.0	56.375
chr17	40933144	0.23729483883726427	56.375
chr17	40983714	1.1557804641863942	56.387
chr17	41015727	0.5367801777815644	56.424
chr17	41062301	0.0	56.449
chr17	41077786	0.6159802886308468	56.449
chr17	41117560	0.7637752318603303	56.4735
chr17	41181715	0.0	56.5225
chr17	41222012	3.213284451153783	56.5225
chr17	41245197	1.7797041090582262	56.597
chr17	41286496	0.11817313782769859	56.6705
chr17	41603827	0.8898876404494719	56.708
chr17	41659452	1.037431655684818	56.7575
chr17	41695117	0.0	56.7945
chr17	41712232	0.0	56.7945
chr17	41739084	0.12437682030659357	56.7945
chr17	41835565	0.0	56.8065
chr17	41849252	0.0	56.8065
chr17	41880031	2.805129379436655	56.8065
chr17	41897499	0.0	56.8555
chr17	41939711	0.0	56.8555
chr17	41963260	5.35645657186777	56.8555
chr17	42004892	0.8096988795517996	57.0785
chr17	42050588	2.213982288141779	57.1155
chr17	42106144	0.7604562737642153	57.2385
chr17	42139019	0.5942947702060447	57.2635
chr17	42159211	2.945460078690529	57.2755
chr17	42205214	0.64033604835796	57.411
chr17	42224735	1.3180158518123006	57.4235
chr17	42337025	3.6524009009956653	57.5715
chr17	42384528	5.01857705318034	57.745
chr17	42438627	2.2825786221526276	58.0165
chr17	42460313	3.0907452825466724	58.066
chr17	42500271	3.3030427568990786	58.1895
chr17	42631665	0.2708559046587318	58.6235
chr17	42675969	1.8816110659071925	58.6355
chr17	42695633	0.0	58.6725
chr17	42732069	0.0	58.6725
chr17	42763367	0.6819601361370845	58.6725
chr17	42998718	0.0	58.833
chr17	43011190	0.3325883354619743	58.833
chr17	43048774	0.8052055450370836	58.8455
chr17	43094725	3.3072989543846902	58.8825
chr17	43173339	0.9332828856097625	59.1425
chr17	43212984	0.3871333249402136	59.1795
chr17	43371844	3.3013044178430824	59.241
chr17	43409102	4.824405817665937	59.364
chr17	43437292	9.049773755655872	59.5
chr17	43445469	0.43844735947320634	59.574
chr17	43501348	3.4674063800265564	59.5985
chr17	43504953	34.62293243622089	59.611
chr17	43508520	2.0141400854984624	59.7345
chr17	43520684	5.437673079391893	59.759
chr17	43575211	7.119578841814964	60.0555
chr17	43615101	2.4564183835181304	60.3395
chr17	43640341	1.3314721357243577	60.4015
chr17	43686906	2.455032817275389	60.4635
chr17	43706865	0.0	60.5125
chr17	43716163	0.0	60.5125
chr17	43761370	2.7157458208708025	60.5125
chr17	43815867	0.0	60.6605
chr17	43837388	0.0	60.6605
chr17	43860028	3.044403742389106	60.6605
chr17	43880229	0.9911981603358764	60.722
chr17	43892840	1.1015475181733037	60.7345
chr17	44004955	1.146810375370659	60.858
chr17	44058582	0.17803731662160438	60.9195
chr17	44128792	0.5481975265325734	60.932
chr17	44151594	0.4428057618970114	60.9445
chr17	44262252	31.642326415577745	60.9935
chr17	44266155	0.06169357681732481	61.117
chr17	44663279	0.9761195795784323	61.1415
chr17	44713990	0.5036058176542338	61.191
chr17	44738811	9.853199297909681	61.2035
chr17	44751345	1.5014275868858902	61.327
chr17	44791973	0.3099122328557257	61.388
chr17	44832307	1.0652803817964283	61.4005
chr17	44855775	9.570585494641929	61.4255
chr17	44881531	0.21792189679223925	61.672
chr17	44938891	0.0	61.6845
chr17	44985371	28.00361336946595	61.6845
chr17	44987585	3.8613588305599125	61.7465
chr17	45041970	9.865291969683032	61.9565
chr17	45074559	7.1494821456176485	62.278
chr17	45100435	5.017608377224464	62.463
chr17	45132522	0.47141675164988533	62.624
chr17	45184493	0.5825260962295972	62.6485
chr17	45290926	0.9950046704300752	62.7105
chr17	45340172	0.5467163546292314	62.7595
chr17	45429798	0.2785639471396104	62.8085
chr17	45474671	0.4012197079121439	62.821
chr17	45505826	0.5229687892224808	62.8335
chr17	45529728	2.3259103267275894	62.846
chr17	45593359	10.949673615497916	62.994
chr17	45617104	0.26677479938541154	63.254
chr17	45663960	3.099173553718989	63.2665
chr17	45715748	3.95923930680859	63.427
chr17	45731155	2.3694436546297584	63.488
chr17	45741706	0.0	63.513
chr17	45795727	1.5617815408521043	63.513
chr17	45858796	4.416750936886519	63.6115
chr17	45892418	0.980622891661006	63.76
chr17	45905165	1.0011520105325757	63.7725
chr17	45941623	0.0	63.809
chr17	45994679	1.7592658631102198	63.809
chr17	46036742	2.5355799116635698	63.883
chr17	46061194	0.15573291804555778	63.945
chr17	46138249	10.153729360410331	63.957
chr17	46154056	1.374340687912931	64.1175
chr17	46180978	3.1629392971242667	64.1545
chr17	46196628	0.0	64.204
chr17	46223294	7.2251204186738	64.204
chr17	46283293	4.872097599370325	64.6375
chr17	46346818	0.9213759213759563	64.947
chr17	46372866	2.43039633147711	64.971
chr17	46449191	3.717242353606173	65.1565
chr17	46505819	3.2074184747302668	65.367
chr17	46567395	3.699689823984594	65.5645
chr17	46620913	3.583871670174764	65.7625
chr17	46676021	5.907470359008598	65.96
chr17	46724265	1.556029614757124	66.245
chr17	46764110	1.8125323666496482	66.307
chr17	46777627	0.0	66.3315
chr17	46801040	0.0	66.3315
chr17	46832697	0.0	66.3315
chr17	46864438	0.0	66.3315
chr17	46961069	0.0	66.3315
chr17	46988558	0.5387983340937509	66.3315
chr17	47194572	0.2144119110105292	66.4425
chr17	47252871	3.9450020305156257	66.455
chr17	47287345	0.0	66.591
chr17	47335082	2.078184677600618	66.591
chr17	47388494	2.965570450380713	66.702
chr17	47409232	2.5858884373845803	66.7635
chr17	47471493	0.0	66.9245
chr17	47504644	1.2440805843167955	66.9245
chr17	47554480	4.990221862566462	66.9865
chr17	47584138	1.7443499506648326	67.1345
chr17	47669270	0.33294489761945656	67.283
chr17	47705312	1.267491381058897	67.295
chr17	47715174	0.0	67.3075
chr17	47739684	0.6555423122764504	67.3075
chr17	47815194	6.95227358136021	67.357
chr17	47825838	21.575514300049807	67.431
chr17	47829824	0.11898642602854573	67.517
chr17	47934878	2.7262414461887676	67.5295
chr17	47962205	0.364681015748315	67.604
chr17	48029387	7.095825608898817	67.6285
chr17	48045030	1.201281366791117	67.7395
chr17	48086236	1.892157935032285	67.789
chr17	48131951	0.0	67.8755
chr17	48161016	3.40524368159991	67.8755
chr17	48186418	2.9982292337411645	67.962
chr17	48211266	6.913931248384551	68.0365
chr17	48234480	3.811397307432078	68.197
chr17	48250747	1.2280492412942032	68.259
chr17	48351313	0.42824351639325914	68.3825
chr17	48380502	3.1508396167996544	68.395
chr17	48407955	1.6859243697478883	68.4815
chr17	48503155	2.126366950182546	68.642
chr17	48526199	1.3531799729363483	68.691
chr17	48572017	1.4466843875701636	68.753
chr17	48614528	0.766213068530271	68.8145
chr17	48663470	11.12972133216819	68.852
chr17	48704666	2.6101482564200746	69.3105
chr17	48714244	1.506282299346284	69.3355
chr17	48755073	2.1949338553715987	69.397
chr17	48788787	16.816074188562062	69.471
chr17	48804962	4.620466128952534	69.743
chr17	48885798	2.1015092657454786	70.1165
chr17	48932907	0.2768485407774935	70.2155
chr17	48976252	1.0552584670231453	70.2275
chr17	49046377	1.5875072895735816	70.3015
chr17	49061810	0.9934423892512794	70.326
chr17	49174046	0.0	70.4375
chr17	49235479	7.0837372306314865	70.4375
chr17	49275712	0.6371117600212611	70.7225
chr17	49294547	0.2553834838393912	70.7345
chr17	49343493	0.0	70.747
chr17	49367424	0.0	70.747
chr17	49368876	0.5079150088885319	70.747
chr17	49392502	0.0	70.759
chr17	49398608	22.041670018502206	70.759
chr17	49423470	3.811244272118475	71.307
chr17	49446166	0.6642223284975682	71.3935
chr17	49483804	0.0	71.4185
chr17	49527419	0.0	71.4185
chr17	49602350	0.0	71.4185
chr17	49641469	0.4423963133640721	71.4185
chr17	49668594	1.1610451752123159	71.4305
chr17	49753862	42.9841587878026	71.5295
chr17	49769833	0.26246145097439805	72.216
chr17	49815554	2.284415465148456	72.228
chr17	49859110	0.7215423689680699	72.3275
chr17	49876434	0.2871981427853542	72.34
chr17	49918217	2.5003963164188847	72.352
chr17	49987606	1.5802511318017485	72.5255
chr17	50011020	9.962103812586369	72.5625
chr17	50028436	1.845155537943344	72.736
chr17	50068812	0.0	72.8105
chr17	50126096	9.53854086104458	72.8105
chr17	50129975	0.0	72.8475
chr17	50207797	0.0	72.8475
chr17	50219825	0.0	72.8475
chr17	50477176	15.376534071916465	72.8475
chr17	50498117	1.1521268261212814	73.1695
chr17	50519816	2.34823173422431	73.1945
chr17	50551542	0.0	73.269
chr17	50563249	0.722812908039517	73.269
chr17	50649025	0.0	73.331
chr17	50671470	0.0	73.331
chr17	50689180	0.0	73.331
chr17	50785293	0.0	73.331
chr17	50800742	0.15044652528708616	73.331
chr17	50883828	0.3321898770218037	73.3435
chr17	50957581	0.0	73.368
chr17	50993071	0.0	73.368
chr17	51069182	6.2794960801903885	73.368
chr17	51094821	0.0	73.529
chr17	51138136	1.2354748230267845	73.529
chr17	51168084	0.48173345393061656	73.566
chr17	51218942	7.715237594248602	73.5905
chr17	51304487	0.5818775248134199	74.2505
chr17	51454003	0.3627300703228158	74.3375
chr17	51624929	0.0	74.3995
chr17	51638251	0.0	74.3995
chr17	51666128	9.89284707209306	74.3995
chr17	51687406	0.8939182555676216	74.61
chr17	51784171	0.7078304638791222	74.6965
chr17	51854103	7.900391859436229	74.746
chr17	51862014	1.6999751223155442	74.8085
chr17	51898191	15.998887033945246	74.87
chr17	51926943	1.325301204819137	75.33
chr17	51964293	0.7595090533480886	75.3795
chr17	51997209	20.032164987465315	75.4045
chr17	52018350	0.09606532442060965	75.828
chr17	52143265	0.0	75.84
chr17	52275585	0.0	75.84
chr17	52309696	0.0	75.84
chr17	52328576	0.0	75.84
chr17	52364886	0.0	75.84
chr17	52385501	0.8846008680881844	75.84
chr17	52427893	0.0	75.8775
chr17	52490326	5.182189998141225	75.8775
chr17	52511842	1.9304025532788178	75.989
chr17	52550694	0.0	76.064
chr17	52615488	1.024987533935568	76.064
chr17	52651586	0.6104409825659444	76.101
chr17	52672063	4.767195232804852	76.1135
chr17	52721568	1.1422254974207373	76.3495
chr17	52775848	16.3026048533655	76.4115
chr17	52831974	0.43022348676068706	77.3265
chr17	52919138	2.41557563167289	77.364
chr17	52939837	0.29865010154110244	77.414
chr17	52981692	2.951668182136092	77.4265
chr17	53053177	0.4575955367961723	77.6375
chr17	53326344	0.0	77.7625
chr17	53355296	0.9409435542647142	77.7625
chr17	53447225	1.1089425124200931	77.849
chr17	53492313	0.5501811012791918	77.899
chr17	53514124	0.0	77.911
chr17	53564754	0.12091781457981392	77.911
chr17	53668130	0.6645877000148775	77.9235
chr17	53687691	0.0	77.9365
chr17	53760513	0.0	77.9365
chr17	53785433	0.0	77.9365
chr17	53838627	0.0	77.9365
chr17	53861469	0.0	77.9365
chr17	53910024	0.0	77.9365
chr17	53948037	0.0	77.9365
chr17	53989096	0.0	77.9365
chr17	54030784	0.0	77.9365
chr17	54045553	0.310173697270542	77.9365
chr17	54085853	0.0	77.949
chr17	54098289	2.8571428571433755	77.949
chr17	54115614	29.150579150578427	77.9985
chr17	54120794	0.0	78.1495
chr17	54153175	0.15163094241666777	78.1495
chr17	54235612	1.3151302605207953	78.162
chr17	54283516	0.19865234250846803	78.225
chr17	54346440	0.7136460315685681	78.2375
chr17	54382172	9.022135051835326	78.263
chr17	54400017	0.33414418990052214	78.424
chr17	54437426	10.630335633259506	78.4365
chr17	54480181	12.46189707728168	78.891
chr17	54558259	2.5808204292309633	79.864
chr17	54587707	0.0	79.94
chr17	54622205	1.353099588129769	79.94
chr17	54697957	0.0	80.0425
chr17	54748205	0.5977584059776067	80.0425
chr17	54768280	0.21694232805131347	80.0545
chr17	54825899	1.0685587279879332	80.067
chr17	54837597	0.0	80.0795
chr17	54884383	2.0099584304053737	80.0795
chr17	54928165	2.219945355189723	80.1675
chr17	54934021	0.33506674529573904	80.1805
chr17	54971327	1.5437771079909428	80.193
chr17	55012136	1.7854632363279845	80.256
chr17	55047701	4.014766958929219	80.3195
chr17	55091041	1.7768301350392057	80.4935
chr17	55140286	0.8871540099360745	80.581
chr17	55196646	10.68395306263301	80.631
chr17	55229967	0.0	80.987
chr17	55229968	14.328861417433492	80.987
chr17	55286916	0.7392161410020892	81.803
chr17	55321412	0.0	81.8285
chr17	55339188	0.0	81.8285
chr17	55355187	0.7563416336979575	81.8285
chr17	55406751	0.0	81.8675
chr17	55454597	2.0701309674684483	81.8675
chr17	55466432	2.5001602666838565	81.892
chr17	55482031	0.0	81.931
chr17	55504682	8.465758607642927	81.931
chr17	55515254	1.8402128984768056	82.0205
chr17	55550576	0.0	82.0855
chr17	55613190	1.371305702437633	82.0855
chr17	55658767	0.8386072410941818	82.148
chr17	55703484	0.0	82.1855
chr17	55740667	0.0	82.1855
chr17	55749408	0.0	82.1855
chr17	55781325	0.0	82.1855
chr17	55839759	0.2532979391677366	82.1855
chr17	55889108	0.0	82.198
chr17	55942122	0.0	82.198
chr17	55986941	1.4176629544710901	82.198
chr17	56084637	4.909749173026457	82.3365
chr17	56123030	0.0	82.525
chr17	56135363	0.0	82.525
chr17	56153390	0.782237198387275	82.525
chr17	56186628	0.4178989327501292	82.551
chr17	56217736	0.0	82.564
chr17	56235447	1.876759461995692	82.564
chr17	56296190	0.11549344574695825	82.678
chr17	56400092	2.319639974772566	82.69
chr17	56493641	0.0	82.907
chr17	56516967	0.6261678527412474	82.907
chr17	56617579	0.0	82.97
chr17	56630958	0.0	82.97
chr17	56666594	0.0	82.97
chr17	56680804	0.0	82.97
chr17	56691596	0.0	82.97
chr17	56729069	0.0	82.97
chr17	56774470	7.09170709170747	82.97
chr17	56796115	0.0	83.1235
chr17	56865814	16.053635133472483	83.1235
chr17	56898330	0.7654713537069558	83.6455
chr17	56915313	3.3134869272582423	83.6585
chr17	56934628	0.0	83.7225
chr17	56986968	0.3306546124226006	83.7225
chr17	57106428	11.2645348837212	83.762
chr17	57121564	5.344356428793758	83.9325
chr17	57150473	2.3693882908899315	84.087
chr17	57226653	0.0	84.2675
chr17	57327677	0.6160132247903038	84.2675
chr17	57391799	0.0	84.307
chr17	57414934	4.576088530021943	84.307
chr17	57477105	2.9689710935922484	84.5915
chr17	57516681	14.832181638696918	84.709
chr17	57536941	0.6038647342993716	85.0095
chr17	57579169	1.1443025776921087	85.035
chr17	57703699	0.43976871003070195	85.1775
chr17	57879928	1.4184243579193578	85.255
chr17	57926106	6.153687041059043	85.3205
chr17	57945444	1.274431000930778	85.4395
chr17	58039996	9.29144938332886	85.56
chr17	58064158	8.168916580132171	85.7845
chr17	58078603	1.3949071051224862	85.9025
chr17	58145991	5.268833014752816	85.9965
chr17	58166394	0.2087198515771122	86.104
chr17	58231074	5.8422345920462835	86.1175
chr17	58270956	0.3462426263146349	86.3505
chr17	58309946	2.879616859398883	86.364
chr17	58375927	1.2643959813770917	86.554
chr17	58579977	2.9951433889907295	86.812
chr17	58651426	2.060678997311326	87.026
chr17	58860823	0.0	87.4575
chr17	58968769	0.0	87.4575
chr17	58973969	0.0	87.4575
chr17	58994059	0.0	87.4575
chr17	59024757	0.0	87.4575
chr17	59041415	0.0	87.4575
chr17	59069646	0.0	87.4575
chr17	59091144	0.674046909095035	87.4575
chr17	59178675	5.513951579811331	87.5165
chr17	59217667	0.6300556887932587	87.7315
chr17	59242268	9.626733549719521	87.747
chr17	59269380	0.1972435217831473	88.008
chr17	59350498	0.0	88.024
chr17	59368705	0.0	88.024
chr17	59437322	0.0	88.024
chr17	59481468	0.0	88.024
chr17	59524469	0.9336310127865287	88.024
chr17	59573739	2.0012771683355046	88.07
chr17	59661433	1.633954566160227	88.2455
chr17	59711924	0.0	88.328
chr17	59741279	0.2065236438279911	88.328
chr17	59821173	0.0	88.3445
chr17	59854575	0.0	88.3445
chr17	59868854	0.0	88.3445
chr17	59911488	0.0	88.3445
chr17	59968883	4.496897337208652	88.3445
chr17	59994345	0.0	88.459
chr17	60015228	0.0	88.459
chr17	60076928	0.3162496511951615	88.459
chr17	60130683	0.0	88.476
chr17	60183659	0.0	88.476
chr17	60215649	0.0	88.476
chr17	60262301	1.8882740053843683	88.476
chr17	60289045	1.0480290292770775	88.5265
chr17	60333414	0.8753802881580715	88.573
chr17	60368256	0.1843613240165594	88.6035
chr17	60533692	0.0	88.634
chr17	60597681	0.867035856128151	88.634
chr17	60615558	1.0368424690675722	88.6495
chr17	60630025	1.2073463056965634	88.6645
chr17	60686761	0.0	88.733
chr17	60700990	0.0	88.733
chr17	60719275	0.0	88.733
chr17	60761212	0.0	88.733
chr17	60789809	0.6412033827807035	88.733
chr17	60818661	1.2419441460796905	88.7515
chr17	60848453	1.5835516066629198	88.7885
chr17	60906866	0.0	88.881
chr17	60946244	0.0	88.881
chr17	60978837	0.0	88.881
chr17	61013421	0.0	88.881
chr17	61083558	0.5146302014409144	88.881
chr17	61117563	0.7262569832405156	88.8985
chr17	61144413	0.0	88.918
chr17	61185867	0.0	88.918
chr17	61204210	1.4672686230243517	88.918
chr17	61230790	0.0	88.957
chr17	61291793	0.23581070092706596	88.957
chr17	61414773	0.0	88.986
chr17	61462918	0.0	88.986
chr17	61479551	0.0	88.986
chr17	61516477	0.0	88.986
chr17	61538150	1.2227144260256337	88.986
chr17	61588039	0.21708118836444318	89.047
chr17	61765392	0.0	89.0855
chr17	61809374	0.0	89.0855
chr17	61876735	0.0	89.0855
chr17	61899536	0.0	89.0855
