Chromosome	Position(bp)	Rate(cM/Mb)	Map(cM)
chr3	0	0.0	0.0
chr3	162026	0.0	0.0
chr3	179714	0.0	0.0
chr3	191253	0.0	0.0
chr3	191956	0.5764849697171751	0.0
chr3	335932	0.0	0.083
chr3	350693	0.0	0.083
chr3	393725	5.285950834288625	0.083
chr3	409427	0.0	0.166
chr3	491520	0.0	0.166
chr3	502523	0.0	0.166
chr3	511099	0.0	0.166
chr3	521069	11.95407740561013	0.166
chr3	537967	0.848917630021723	0.368
chr3	578018	1.3471502590673559	0.402
chr3	597318	0.0	0.428
chr3	606915	0.0	0.428
chr3	629215	0.0	0.428
chr3	639360	0.0	0.428
chr3	646593	0.0	0.428
chr3	653683	0.0	0.428
chr3	684614	0.0	0.428
chr3	690245	0.0	0.428
chr3	735818	0.0	0.428
chr3	765698	0.0	0.428
chr3	768819	0.0	0.428
chr3	787568	4.376458819606535	0.428
chr3	799564	0.0	0.4805
chr3	833859	4.029099048684947	0.4805
chr3	887469	0.0	0.6965
chr3	900987	2.0142093312825	0.6965
chr3	914640	0.0	0.724
chr3	930629	1.5826958586125046	0.724
chr3	968539	1.5110180851814392	0.784
chr3	1053581	5.424954792043405	0.9125
chr3	1065194	0.0	0.9755
chr3	1094696	28.748411689961877	0.9755
chr3	1113584	2.293120638085741	1.5185
chr3	1128629	5.328371463610611	1.553
chr3	1152276	0.0	1.679
chr3	1157041	1.0387416387005453	1.679
chr3	1244647	0.0	1.77
chr3	1258343	0.6754540015824907	1.77
chr3	1310160	0.0	1.805
chr3	1358260	0.0	1.805
chr3	1370128	0.0	1.805
chr3	1384473	1.082890332742663	1.805
chr3	1399710	0.0	1.8215
chr3	1464158	0.0	1.8215
chr3	1469907	2.107825673910467	1.8215
chr3	1486749	0.0	1.857
chr3	1492082	0.0	1.857
chr3	1734236	75.72254335260129	1.857
chr3	1735101	1.339803012746231	1.9225
chr3	1748909	4.412944637603626	1.941
chr3	1760126	0.6867873405336281	1.9905
chr3	1813272	0.0	2.027
chr3	1823190	4.841723766917702	2.027
chr3	1840849	0.0	2.1125
chr3	1872765	5.580448065173135	2.1125
chr3	1885040	0.629405840886206	2.181
chr3	1912844	0.6562487182642227	2.1985
chr3	1937225	0.34716377714188973	2.2145
chr3	1984753	0.0	2.231
chr3	1987065	1.168300123320584	2.231
chr3	2002472	8.008542445274959	2.249
chr3	2015583	0.0	2.354
chr3	2026410	0.0	2.354
chr3	2037806	8.077304261645205	2.354
chr3	2047896	0.0	2.4355
chr3	2060386	21.22369238966343	2.4355
chr3	2071647	2.0319176039661024	2.6745
chr3	2311076	5.277182715920371	3.161
chr3	2330215	3.2521164567416747	3.262
chr3	2339901	0.0	3.2935
chr3	2358272	0.0	3.2935
chr3	2368170	0.0	3.2935
chr3	2388537	1.2438809084343385	3.2935
chr3	2400998	20.341207349081163	3.309
chr3	2401760	1.2223942628962696	3.3245
chr3	2414031	0.0	3.3395
chr3	2421229	28.551532033426195	3.3395
chr3	2424819	1.385463292835165	3.442
chr3	2457660	8.066675592448806	3.4875
chr3	2472598	0.0	3.608
chr3	2492021	0.0	3.608
chr3	2506948	0.0	3.608
chr3	2520895	0.0	3.608
chr3	2534719	1.378916837050065	3.608
chr3	2555750	8.890567074007974	3.637
chr3	2570316	0.0	3.7665
chr3	2581941	1.4580191050779243	3.7665
chr3	2591886	12.643304333685665	3.781
chr3	2604185	1.0775061306383265	3.9365
chr3	2617642	0.0	3.951
chr3	2642412	0.0	3.951
chr3	2654468	0.0	3.951
chr3	2665251	0.0	3.951
chr3	2714554	0.0	3.951
chr3	2734717	0.0	3.951
chr3	2748902	0.0	3.951
chr3	2750058	0.0	3.951
chr3	2762463	1.0593607305936041	3.951
chr3	2789838	0.0	3.98
chr3	2793727	0.0	3.98
chr3	2801010	2.5106814077434674	3.98
chr3	2823713	0.0	4.037
chr3	2834465	0.0	4.037
chr3	2863625	0.0	4.037
chr3	2892899	0.0	4.037
chr3	2922660	0.0	4.037
chr3	2940931	0.3795811518324596	4.037
chr3	2979131	1.1318398251502582	4.0515
chr3	2991942	0.0	4.066
chr3	3002794	3.583006312915869	4.066
chr3	3014516	7.703948273490171	4.108
chr3	3021785	0.0	4.164
chr3	3032524	1.2703309665857598	4.164
chr3	3076607	13.648251062438739	4.22
chr3	3094961	2.0591263421090376	4.4705
chr3	3101760	9.929390997352177	4.4845
chr3	3131218	0.0	4.777
chr3	3150369	0.0	4.777
chr3	3162320	0.0	4.777
chr3	3170356	0.0	4.777
chr3	3175342	15.920767982693349	4.777
chr3	3190134	1.2972572275759626	5.0125
chr3	3211718	2.711167661740247	5.0405
chr3	3262803	2.21202687203016	5.179
chr3	3275009	0.0	5.206
chr3	3289139	2.309468822170836	5.206
chr3	3300830	0.0	5.233
chr3	3313775	1.7390512610397955	5.233
chr3	3368690	3.1869688385268233	5.3285
chr3	3372926	24.078624078624088	5.342
chr3	3383101	1.4078017815091564	5.587
chr3	3402635	8.60606822036563	5.6145
chr3	3418554	3.393665158371058	5.7515
chr3	3434466	0.8442575138918693	5.8055
chr3	3467039	6.183877216510221	5.833
chr3	3480461	4.440995127840287	5.916
chr3	3526847	1.4840182648401712	6.122
chr3	3535607	7.196162046908352	6.135
chr3	3539359	0.7419213013849153	6.162
chr3	3593947	0.0	6.2025
chr3	3653952	0.0	6.2025
chr3	3693135	3.7171266610909797	6.2025
chr3	3703896	0.0	6.2425
chr3	3714737	3.5567447627749127	6.2425
chr3	3730060	1.0611378662966209	6.297
chr3	3742311	2.5118615685180146	6.31
chr3	3753060	3.0485537958212783	6.337
chr3	3766509	5.813124108416558	6.378
chr3	3780529	6.0310592140359205	6.4595
chr3	3814271	33.97656788421774	6.663
chr3	3828781	3.5331065166188202	7.156
chr3	3832602	37.80344348198048	7.1695
chr3	3841953	7.635556931331609	7.523
chr3	3861336	0.7373523588448062	7.671
chr3	3934571	10.101708987753462	7.725
chr3	3949024	9.87147447340237	7.871
chr3	3977034	8.357825128581862	8.1475
chr3	3987922	2.3983027395996497	8.2385
chr3	4020445	1.806460753754673	8.3165
chr3	4034561	6.078098471986367	8.342
chr3	4049286	0.0	8.4315
chr3	4079947	1.160092807424585	8.4315
chr3	4091153	9.205834683954583	8.4445
chr3	4106578	2.0474744065699424	8.5865
chr3	4151023	2.6191454396055045	8.6775
chr3	4160759	0.0	8.703
chr3	4163932	0.9202888291094365	8.703
chr3	4178058	0.0	8.716
chr3	4184914	7.099391480730382	8.716
chr3	4190337	5.1011433597185425	8.7545
chr3	4213077	7.501744591765604	8.8705
chr3	4221675	0.6895410414827499	8.935
chr3	4239803	2.9547133359849767	8.9475
chr3	4257402	5.783784646825911	8.9995
chr3	4382666	0.0	9.724
chr3	4392423	3.081232492997126	9.724
chr3	4404918	9.181753293102371	9.7625
chr3	4420329	1.3309440133616226	9.904
chr3	4477807	6.688692384931821	9.9805
chr3	4508680	0.4106373921135016	10.187
chr3	5039562	1.2436621065722664	10.405
chr3	5050015	1.1377082006008068	10.418
chr3	5061002	0.0	10.4305
chr3	5078546	0.38213445018493136	10.4305
chr3	5111257	8.965219269820716	10.443
chr3	5129773	2.387834611034325	10.609
chr3	5145687	0.7621495606431702	10.647
chr3	5179145	7.418108625783215	10.6725
chr3	5209948	19.996701574997914	10.901
chr3	5222075	32.04307334109437	11.1435
chr3	5239255	0.0	11.694
chr3	5240063	10.221962616822406	11.694
chr3	5267455	0.598831081728432	11.974
chr3	5288329	0.9979258795445141	11.9865
chr3	5313882	0.0	12.012
chr3	5364172	0.0	12.012
chr3	5376604	0.0	12.012
chr3	5392400	22.490462904970652	12.012
chr3	5409963	7.68071611713373	12.407
chr3	5454425	1.3848911095421272	12.7485
chr3	5472838	0.9102591561362521	12.774
chr3	5500852	1.2715528203041735	12.7995
chr3	5520513	6.11706083593635	12.8245
chr3	5547405	18.332893695594745	12.989
chr3	5562569	0.0	13.267
chr3	5570831	8.989805375347554	13.267
chr3	5603201	6.084610972452603	13.558
chr3	5667708	0.0	13.9505
chr3	5715227	22.565902228025823	13.9505
chr3	5727480	3.5966048050639428	14.227
chr3	5741382	4.116581590647127	14.277
chr3	5771747	2.0707363538474577	14.402
chr3	5783820	28.067937166095234	14.427
chr3	5796361	0.0	14.779
chr3	5817405	0.9237363287022826	14.779
chr3	5830937	3.120968748699641	14.7915
chr3	5854968	4.118886028551332	14.8665
chr3	5876333	3.554059109614689	14.9545
chr3	5887025	2.3856479419810572	14.9925
chr3	5934182	0.0	15.105
chr3	5941397	0.0	15.105
chr3	5954016	0.0	15.105
chr3	5977999	0.0	15.105
chr3	5991113	0.6095342961353499	15.105
chr3	6092830	2.3341113704568417	15.167
chr3	6119821	14.0607424071988	15.23
chr3	6123377	10.920541337263852	15.28
chr3	6138303	4.998000799680128	15.443
chr3	6150808	11.272714341595254	15.5055
chr3	6178929	26.625132244034393	15.8225
chr3	6195943	15.671570041342203	16.2755
chr3	6216745	3.8808448542638807	16.6015
chr3	6375731	0.0	17.2185
chr3	6432610	2.1943473611976008	17.2185
chr3	6495271	0.0	17.356
chr3	6498217	28.39170350221	17.356
chr3	6507040	0.0	17.6065
chr3	7647787	0.34720861077355375	17.6065
chr3	7826354	3.325201350131973	17.6685
chr3	7856277	0.2433331678005636	17.768
chr3	7956962	0.666956475135019	17.7925
chr3	8124889	0.0	17.9045
chr3	8142550	0.0	17.9045
chr3	8166894	0.0	17.9045
chr3	8184450	0.0	17.9045
chr3	8199533	0.8744357526056433	17.9045
chr3	8241846	0.0	17.9415
chr3	8307918	0.0	17.9415
chr3	8323083	0.632299022270479	17.9415
chr3	8440907	1.5940827647772833	18.016
chr3	8456590	0.0	18.041
chr3	8485060	0.0	18.041
chr3	8502906	0.1143194657470344	18.041
chr3	8607875	0.0	18.053
chr3	8613754	1.1202055203727406	18.053
chr3	8647230	2.985344671612092	18.0905
chr3	8680392	1.6135362609568962	18.1895
chr3	8703323	2.0473157415831884	18.2265
chr3	8727501	0.4438655109806485	18.276
chr3	8951668	0.0	18.3755
chr3	8959141	1.334277311839655	18.3755
chr3	8977503	3.041535361884613	18.4
chr3	9054931	0.0	18.6355
chr3	9080037	1.1704064502399527	18.6355
chr3	9122330	10.60292746219032	18.685
chr3	9171656	0.698519139424579	19.208
chr3	9189551	1.0276278333589226	19.2205
chr3	9274212	24.0633074935402	19.3075
chr3	9277308	0.0	19.382
chr3	9298083	0.34162053627451994	19.382
chr3	9369800	1.5283358394753768	19.4065
chr3	9410367	0.0	19.4685
chr3	9429950	0.0	19.4685
chr3	9442092	0.0	19.4685
chr3	9463122	2.4801587301588244	19.4685
chr3	9478242	5.686410345225803	19.506
chr3	9495564	1.671346436689302	19.6045
chr3	9510522	0.0	19.6295
chr3	9530022	0.0	19.6295
chr3	9603587	0.77158063804994	19.6295
chr3	9635340	0.0	19.654
chr3	9658870	1.2478786063691014	19.654
chr3	9668887	1.2890625000000488	19.6665
chr3	9707287	4.763168760691329	19.716
chr3	9741193	9.383276579644251	19.8775
chr3	9754408	0.8979281949453034	20.0015
chr3	9822899	13.001512641359959	20.063
chr3	9878431	0.0	20.785
chr3	9904448	0.0	20.785
chr3	9918900	0.0	20.785
chr3	9956201	0.0	20.785
chr3	9965528	1.9336294747843759	20.785
chr3	9984663	0.0	20.822
chr3	10019772	0.21925977898613033	20.822
chr3	10076782	8.946122678220505	20.8345
chr3	10101709	4.5653761869975495	21.0575
chr3	10104447	0.0	21.07
chr3	10422523	0.7146607549151083	21.07
chr3	10456805	0.0	21.0945
chr3	10468288	2.016454266817114	21.0945
chr3	10474487	1.6792047286405793	21.107
chr3	10496819	0.0	21.1445
chr3	10518895	0.7234145165179922	21.1445
chr3	10535483	0.0	21.1565
chr3	10558095	0.0	21.1565
chr3	10569565	0.0	21.1565
chr3	10594632	0.39871136486872155	21.1565
chr3	10657334	0.0	21.1815
chr3	10696280	0.0	21.1815
chr3	10716488	0.0	21.1815
chr3	10820565	1.7844189757724873	21.1815
chr3	10855030	0.0	21.243
chr3	10897073	0.3491213778657179	21.243
chr3	10931445	0.0	21.255
chr3	10946874	0.0	21.255
chr3	10967090	3.198233083785087	21.255
chr3	11001953	0.9007181401387646	21.3665
chr3	11125188	0.0	21.4775
chr3	11162074	0.2525915897104146	21.4775
chr3	11211561	0.4710049361317485	21.49
chr3	11291178	0.5279155335146576	21.5275
chr3	11384943	1.0676460539801238	21.577
chr3	11396651	2.6807709027676445	21.5895
chr3	11410453	2.7272057197611144	21.6265
chr3	11424020	2.153773062000146	21.6635
chr3	11487165	8.688783570300487	21.7995
chr3	11492862	1.381523862684854	21.849
chr3	11528692	0.0	21.8985
chr3	11543729	0.0	21.8985
chr3	11562989	0.25281637441099536	21.8985
chr3	11612432	1.695993216026949	21.911
chr3	11626583	10.391644908616458	21.935
chr3	11636158	2.6181698640430056	22.0345
chr3	11678745	0.0	22.146
chr3	11697474	0.0	22.146
chr3	11710128	0.0	22.146
chr3	11731485	0.0	22.146
chr3	11731817	9.726683231319251	22.146
chr3	11748318	0.0	22.3065
chr3	11766179	0.0	22.3065
chr3	11781243	3.085498158654383	22.3065
chr3	11801337	6.238993710691763	22.3685
chr3	11821212	1.3072758484088705	22.4925
chr3	11859077	5.1597869507323555	22.542
chr3	11895125	9.045126234179184	22.728
chr3	11910216	0.0	22.8645
chr3	11923823	0.8381667616589711	22.8645
chr3	11953650	0.0	22.8895
chr3	11974038	16.81252878857668	22.8895
chr3	12008774	1.4965579167912948	23.4735
chr3	12025479	1.2694382735639962	23.4985
chr3	12034932	35.199938716102224	23.5105
chr3	12047986	2.433634139282831	23.97
chr3	12124004	0.0	24.155
chr3	12145438	0.0	24.155
chr3	12159669	0.0	24.155
chr3	12168325	0.914411119239158	24.155
chr3	12181995	0.7954690085273826	24.1675
chr3	12213423	0.0	24.1925
chr3	12231753	0.0	24.1925
chr3	12251784	0.7597398650701568	24.1925
chr3	12268237	0.0	24.205
chr3	12280172	0.0	24.205
chr3	12301230	0.0	24.205
chr3	12314676	0.0	24.205
chr3	12328872	0.0	24.205
chr3	12341156	0.24005761382732765	24.205
chr3	12391144	8.217920907725793	24.217
chr3	12403130	0.0	24.3155
chr3	12416104	0.0	24.3155
chr3	12428304	0.0	24.3155
chr3	12442759	0.8569429870584031	24.3155
chr3	12471349	4.116174920969441	24.34
chr3	12486533	3.6456326506417236	24.4025
chr3	12520272	2.382076483969283	24.5255
chr3	12566870	13.841829662713579	24.6365
chr3	12592842	5.07049220875592	24.996
chr3	12617100	11.13235128752954	25.119
chr3	12625993	0.0	25.218
chr3	12643726	0.4116581590646892	25.218
chr3	12674091	2.7907332364859854	25.2305
chr3	12687170	0.6685564529068455	25.267
chr3	12705867	0.0	25.2795
chr3	12724049	5.919656910828814	25.2795
chr3	12767886	6.619334863609607	25.539
chr3	12786619	8.812243441013655	25.663
chr3	12809031	9.106283335501532	25.8605
chr3	12832092	0.0	26.0705
chr3	12853522	0.0	26.0705
chr3	12869420	3.795520601812298	26.0705
chr3	12898665	0.0	26.1815
chr3	12901384	0.0	26.1815
chr3	12905610	0.0	26.1815
chr3	12925917	0.0	26.1815
chr3	12941567	0.0	26.1815
chr3	12950442	1.4251510660129163	26.1815
chr3	12959213	0.0	26.194
chr3	12968372	0.0	26.194
chr3	12986848	0.5555555555555239	26.194
chr3	13009348	1.3116187561482626	26.2065
chr3	13018497	0.8673026886383676	26.2185
chr3	13032333	0.0	26.2305
chr3	13039899	0.5585344057193605	26.2305
chr3	13062279	0.0	26.243
chr3	13083098	0.0	26.243
chr3	13124329	0.0	26.243
chr3	13145505	0.0	26.243
chr3	13155164	0.0	26.243
chr3	13159747	0.0	26.243
chr3	13185571	3.7200884777800933	26.243
chr3	13205463	0.6145828211809473	26.317
chr3	13225802	0.0	26.3295
chr3	13237300	0.0	26.3295
chr3	13280150	0.8279530324825524	26.3295
chr3	13339936	0.0	26.379
chr3	13351260	5.579749591725529	26.379
chr3	13362282	0.25675786706103215	26.4405
chr3	13410966	0.0	26.453
chr3	13427578	7.304582210242609	26.453
chr3	13446128	0.0	26.5885
chr3	13463248	1.3689787196153231	26.5885
chr3	13508172	10.667431731045161	26.65
chr3	13546513	0.42719707455440914	27.059
chr3	13605034	0.0	27.084
chr3	13617792	0.0	27.084
chr3	13639893	0.4007212983370218	27.084
chr3	13669839	0.5442117636814529	27.096
chr3	13692808	0.0	27.1085
chr3	13726700	0.0	27.1085
chr3	13730420	0.0	27.1085
chr3	13754702	0.6211797445708537	27.1085
chr3	13774825	2.3024498065947396	27.121
chr3	13780254	0.0	27.1335
chr3	13785163	2.4963594757638656	27.1335
chr3	13789970	0.0	27.1455
chr3	13803644	2.426388615647097	27.1455
chr3	13818893	5.775962660443419	27.1825
chr3	13836033	1.2237831814382691	27.2815
chr3	13886287	0.7272938849129743	27.343
chr3	13903474	0.0	27.3555
chr3	13938746	0.0	27.3555
chr3	13993947	0.0	27.3555
chr3	14014472	0.0	27.3555
chr3	14027271	0.0	27.3555
chr3	14055252	0.0	27.3555
chr3	14074605	0.0	27.3555
chr3	14088741	0.0	27.3555
chr3	14102570	0.0	27.3555
chr3	14124170	0.0	27.3555
chr3	14125663	1.0185288536667094	27.3555
chr3	14161499	0.0	27.392
chr3	14177249	1.9894698766127519	27.392
chr3	14202130	0.0	27.4415
chr3	14220555	0.970084685771192	27.4415
chr3	14258696	0.0	27.4785
chr3	14283774	0.0	27.4785
chr3	14302284	0.0	27.4785
chr3	14308330	0.0	27.4785
chr3	14327825	0.0	27.4785
chr3	14340545	0.0	27.4785
chr3	14364370	0.8974082848732349	27.4785
chr3	14378299	0.0	27.491
chr3	14386890	2.8890450534862993	27.491
chr3	14399697	2.2002694207453746	27.528
chr3	14410832	0.0	27.5525
chr3	14423602	3.239495651566503	27.5525
chr3	14480864	0.9193288899104002	27.738
chr3	14493917	6.681514476614713	27.75
chr3	14508734	1.5786814852234516	27.849
chr3	14516652	0.43915120854410095	27.8615
chr3	14545116	14.794082367053504	27.874
chr3	14550118	2.141144227475041	27.948
chr3	14555956	9.657663316583003	27.9605
chr3	14568692	4.500151011778946	28.0835
chr3	14585247	0.7396905627812645	28.158
chr3	14601470	4.205023298101947	28.17
chr3	14610269	15.18127506342561	28.207
chr3	14622488	1.7594254937165743	28.3925
chr3	14636413	1.4249073810201527	28.417
chr3	14653958	7.706192724243311	28.442
chr3	14668362	2.013530927834937	28.553
chr3	14680778	30.493410971498758	28.578
chr3	14697093	20.46957671957671	29.0755
chr3	14712213	7.975856865703607	29.385
chr3	14721491	2.7492463994641447	29.459
chr3	14757319	1.586408065093844	29.5575
chr3	14796401	1.122051751774662	29.6195
chr3	14818236	5.223053261090237	29.644
chr3	14882279	11.73967853766159	29.9785
chr3	14888625	5.956213779780914	30.053
chr3	14894837	0.0	30.09
chr3	14901673	2.370126729225089	30.09
chr3	14912010	1.6262929974849583	30.1145
chr3	14964891	0.0	30.2005
chr3	14977161	4.069773595689948	30.2005
chr3	15071638	42.26577871953978	30.585
chr3	15084852	0.9582215408201833	31.1435
chr3	15097897	1.0627933752546679	31.156
chr3	15109188	3.0308596620132318	31.168
chr3	15141852	0.0	31.267
chr3	15160890	1.1699327288681345	31.267
chr3	15171147	0.0	31.279
chr3	15183978	9.822425164890955	31.279
chr3	15233253	0.0	31.763
chr3	15246200	0.9429692214845571	31.763
chr3	15259456	10.832337714058083	31.7755
chr3	15272011	9.42742270899759	31.9115
chr3	15286437	1.8513033175354399	32.0475
chr3	15299941	0.0	32.0725
chr3	15319188	6.75570134333028	32.0725
chr3	15331992	4.522305968629221	32.159
chr3	15356537	0.7755785816216254	32.27
chr3	15372654	15.170088875268188	32.2825
chr3	15385706	3.495677641834667	32.4805
chr3	15406875	12.724669953873365	32.5545
chr3	15419449	33.88197511039719	32.7145
chr3	15431904	2.961406190294455	33.1365
chr3	15452840	10.067114093959589	33.1985
chr3	15479958	31.93493999801673	33.4715
chr3	15490041	0.36798257234524817	33.7935
chr3	15524010	0.0	33.806
chr3	15580277	0.0	33.806
chr3	15594737	2.720976253298256	33.806
chr3	15612929	8.395840436413344	33.8555
chr3	15624661	5.128293676831112	33.954
chr3	15653618	0.0	34.1025
chr3	15656022	0.0	34.1025
chr3	15668884	0.0	34.1025
chr3	15691310	0.0	34.1025
chr3	15703663	22.241231822069977	34.1025
chr3	15715353	6.35938931980243	34.3625
chr3	15760090	9.152894093233526	34.647
chr3	15773583	45.61003420752584	34.7705
chr3	15785861	0.6147226064238746	35.3305
chr3	15805382	4.794501565834377	35.3425
chr3	15841465	25.75846163840681	35.5155
chr3	15856858	9.142962689324321	35.912
chr3	15862272	16.74052191038888	35.9615
chr3	15878520	15.515496028656052	36.2335
chr3	15929888	1.5577644490599514	37.0305
chr3	15977071	2.2750175588603674	37.104
chr3	16009818	0.8368485508232729	37.1785
chr3	16083308	0.2721288566910531	37.24
chr3	16219273	0.0	37.277
chr3	16232864	25.033647375504703	37.277
chr3	16240294	0.46502615772138944	37.463
chr3	16266099	0.0	37.475
chr3	16279376	10.28124009073839	37.475
chr3	16320373	0.0	37.8965
chr3	16356819	0.281383657237145	37.8965
chr3	16490089	0.0	37.934
chr3	16511982	4.446180190464843	37.934
chr3	16545269	0.3748771517441821	38.082
chr3	16643968	0.0	38.119
chr3	16660683	1.7291464932913048	38.119
chr3	16667912	0.5093121532891797	38.1315
chr3	16740559	0.0	38.1685
chr3	16767105	0.0	38.1685
chr3	16785222	5.263936943771187	38.1685
chr3	16839269	13.380666302564823	38.453
chr3	16841100	3.1846244748510038	38.4775
chr3	17056039	0.7114399544680047	39.162
chr3	17073609	1.6614465811245762	39.1745
chr3	17162688	0.0	39.3225
chr3	17168946	0.7668830464622969	39.3225
chr3	17233493	0.0	39.372
chr3	17275832	1.0639683849395623	39.372
chr3	17298859	2.145099407045526	39.3965
chr3	17327529	3.545284914597386	39.458
chr3	17362364	0.0	39.5815
chr3	17391393	2.2164166968309145	39.5815
chr3	17582016	0.0	40.004
chr3	17642378	0.0	40.004
chr3	17859563	0.9755336168886597	40.004
chr3	17885190	0.6333875624545489	40.029
chr3	18040703	4.753219477146168	40.1275
chr3	18058796	0.0	40.2135
chr3	18059443	0.7230876853122349	40.2135
chr3	18505447	3.069265864786315	40.536
chr3	18553667	2.941957484870976	40.684
chr3	18625218	0.0	40.8945
chr3	18723595	1.879840589517902	40.8945
chr3	18736894	0.11032555231730047	40.9195
chr3	18845663	0.0	40.9315
chr3	18855666	3.984698756774139	40.9315
chr3	18865077	3.2034586936140395	40.969
chr3	18884275	0.8883126860654719	41.0305
chr3	18925927	4.281967251420976	41.0675
chr3	19097110	1.040440558264661	41.8005
chr3	19239838	0.0	41.949
chr3	19245188	0.0	41.949
chr3	19245371	10.313588850174938	41.949
chr3	19252546	4.275726584618829	42.023
chr3	19269853	0.347051508228026	42.097
chr3	19304430	0.2673282148890211	42.109
chr3	19351189	1.58800555086631	42.1215
chr3	19421088	0.0	42.2325
chr3	19460212	0.9231036106361418	42.2325
chr3	19540918	0.7815989280928527	42.307
chr3	19634956	0.0	42.3805
chr3	19645962	0.0	42.3805
chr3	19657426	0.5076142131980849	42.3805
chr3	19682051	0.9385665529010595	42.393
chr3	19734791	0.9269503334030681	42.4425
chr3	19801677	1.6407915778251825	42.5045
chr3	19861709	1.894618260023505	42.603
chr3	19959354	1.9454154089451596	42.788
chr3	20118703	3.2554545305075617	43.098
chr3	20240345	0.0	43.494
chr3	20252534	0.0	43.494
chr3	20262440	0.0	43.494
chr3	20265594	2.887812846391802	43.494
chr3	20299876	0.4776759602260907	43.593
chr3	20351166	0.5603073686137149	43.6175
chr3	20394892	8.762612851832156	43.642
chr3	20434435	4.355400696862626	43.9885
chr3	20437305	7.2078907435508315	44.001
chr3	20454439	0.0	44.1245
chr3	20454950	0.7814992025519393	44.1245
chr3	20486300	3.15120711562903	44.149
chr3	20525650	7.55256174729517	44.273
chr3	20530549	0.913172513507378	44.31
chr3	20543690	2.723391726777494	44.322
chr3	20557276	4.252913122572442	44.359
chr3	20577615	22.39462714219543	44.4455
chr3	20599205	2.0573195385896277	44.929
chr3	20641250	0.6620762711862149	45.0155
chr3	20660130	13.661202185792213	45.028
chr3	20674587	0.8416586834542539	45.2255
chr3	20747657	0.11176281248884913	45.287
chr3	20859501	1.0095746759590571	45.2995
chr3	20982325	0.0	45.4235
chr3	21015092	4.089682374922208	45.4235
chr3	21039177	0.0	45.522
chr3	21052088	0.7652375338669114	45.522
chr3	21100439	1.3329893360854128	45.559
chr3	21146951	1.099530063863015	45.621
chr3	21180147	0.0	45.6575
chr3	21214122	1.5351693338295345	45.6575
chr3	21310854	1.7221531091594842	45.806
chr3	21418568	0.440801543996748	45.9915
chr3	21502506	29.784155311708655	46.0285
chr3	21510799	0.10920728880645879	46.2755
chr3	21735143	0.18922478390533978	46.3
chr3	21867261	1.5837007233659648	46.325
chr3	21890624	1.504482744503944	46.362
chr3	21939478	0.0	46.4355
chr3	21951390	0.0	46.4355
chr3	21997880	0.0	46.4355
chr3	22050929	0.0	46.4355
chr3	22103749	5.756756478921043	46.4355
chr3	22201026	0.0	46.9955
chr3	22214877	0.0	46.9955
chr3	22227696	0.0	46.9955
chr3	22243335	1.401674432700649	46.9955
chr3	22269732	0.0	47.0325
chr3	22286726	0.130698452530327	47.0325
chr3	22573646	0.0	47.07
chr3	22623688	0.0	47.07
chr3	22634886	0.0	47.07
chr3	22718922	0.0	47.07
chr3	22753666	0.315407664406257	47.07
chr3	22791712	0.0	47.082
chr3	22810471	2.862779991488958	47.082
chr3	22836320	0.0	47.156
chr3	22905874	0.0	47.156
chr3	22939354	0.34685609634282816	47.156
chr3	22975392	0.0	47.1685
chr3	23056535	0.0	47.1685
chr3	23093259	0.0	47.1685
chr3	23166904	0.20112967836013032	47.1685
chr3	23226567	0.06027524085984193	47.1805
chr3	23433949	0.0	47.193
chr3	23446124	0.0	47.193
chr3	23519365	0.25529481445178687	47.193
chr3	23568328	0.38859700935750435	47.2055
chr3	23600495	1.6993342334371546	47.218
chr3	23621974	3.150201612903942	47.2545
chr3	23625942	0.20096463022501185	47.267
chr3	23688142	0.49317565064138547	47.2795
chr3	23887868	0.0	47.378
chr3	23896816	0.0	47.378
chr3	23900613	0.0	47.378
chr3	23930969	0.0	47.378
chr3	23954732	0.0	47.378
chr3	23976979	1.3816734829228299	47.378
chr3	23986026	0.0	47.3905
chr3	24013593	0.22069209039540497	47.3905
chr3	24070233	0.2287369905836692	47.403
chr3	24122695	0.0	47.415
chr3	24211451	0.0	47.415
chr3	24462412	0.0	47.415
chr3	24529907	0.0	47.415
chr3	24614701	0.25124618105810503	47.415
chr3	24664453	0.0	47.4275
chr3	24734513	0.12522289675618337	47.4275
chr3	24834335	69.17885264342219	47.44
chr3	24835224	0.0	47.5015
chr3	24836348	0.6532947242036697	47.5015
chr3	24892984	0.0	47.5385
chr3	24920077	0.0	47.5385
chr3	24963919	0.7374631268438255	47.5385
chr3	24980869	0.5213546880211768	47.551
chr3	25004845	0.2296415716856938	47.5635
chr3	25111533	0.5587101776469452	47.588
chr3	25155384	0.0	47.6125
chr3	25173163	0.0	47.6125
chr3	25206144	0.0	47.6125
chr3	25217689	0.07355234278923925	47.6125
chr3	25387636	7.844612979795079	47.625
chr3	25404909	0.524075381291497	47.7605
chr3	25451658	0.0	47.785
chr3	25516452	0.0	47.785
chr3	25525515	17.908309455591464	47.785
chr3	25526911	3.5724595842952347	47.81
chr3	25540767	0.0	47.8595
chr3	25606793	0.2535068446848161	47.8595
chr3	25654129	0.0	47.8715
chr3	25709496	3.701488072983016	47.8715
chr3	25722869	158.91472868217656	47.921
chr3	25723256	1.214685944908068	47.9825
chr3	25774298	0.0	48.0445
chr3	25822974	0.42643195851679605	48.0445
chr3	25852287	1.5015015015015585	48.057
chr3	25860279	3.5056434780845556	48.069
chr3	25909628	1.2153380624040526	48.242
chr3	25929787	2.7964521778429647	48.2665
chr3	25965189	0.1693976311801802	48.3655
chr3	26183610	2.7717432017378854	48.4025
chr3	26196959	0.0	48.4395
chr3	26258590	0.0	48.4395
chr3	26271878	3.3431398769713123	48.4395
chr3	26275617	0.0	48.452
chr3	26285329	2.491127491127747	48.452
chr3	26299981	2.9234737747204576	48.4885
chr3	26346501	0.5423467870327046	48.6245
chr3	26460819	0.54232335753489	48.6865
chr3	26505995	32.87886100386111	48.711
chr3	26514283	1.2009217886160957	48.9835
chr3	26606712	1.9024693275355877	49.0945
chr3	26619590	0.36109950215927006	49.119
chr3	26892368	0.7943829438294077	49.2175
chr3	26970416	1.9896611997470959	49.2795
chr3	27051083	0.09648411871408161	49.44
chr3	27180638	2.896161996703665	49.4525
chr3	27201873	19.791866181446412	49.514
chr3	27217536	2.5987801644125956	49.824
chr3	27236391	0.0	49.873
chr3	27293759	5.377896484516022	49.873
chr3	27307612	0.6284468385277234	49.9475
chr3	27346597	8.449447637041004	49.972
chr3	27384706	3.465597815623202	50.294
chr3	27441839	3.4873293699558414	50.492
chr3	27502057	0.0	50.702
chr3	27597983	132.95627215937893	50.702
chr3	27603906	4.772577964988211	51.4895
chr3	27629783	0.29003021148037356	51.613
chr3	27671158	0.0	51.625
chr3	27716151	0.0	51.625
chr3	27736386	0.0	51.625
chr3	27807708	0.21595372753642927	51.625
chr3	27979041	0.0	51.662
chr3	28019397	1.0087153001939029	51.662
chr3	28031789	0.0	51.6745
chr3	28124408	0.0	51.6745
chr3	28146560	0.6326008933872858	51.6745
chr3	28185289	0.0	51.699
chr3	28289848	0.0	51.699
chr3	28289862	0.28477858465044503	51.699
chr3	28332000	0.0	51.711
chr3	28388182	0.0	51.711
chr3	28393538	22.24199288256101	51.711
chr3	28394662	0.0	51.736
chr3	28421001	0.82880254608161	51.736
chr3	28436083	0.9453249674744175	51.7485
chr3	28592114	0.3063875680179356	51.896
chr3	28632912	0.0	51.9085
chr3	28676396	0.0	51.9085
chr3	28715679	0.0	51.9085
chr3	28787204	0.4803073967339279	51.9085
chr3	28890263	0.0	51.958
chr3	28942541	0.5820583483797336	51.958
chr3	29026725	0.0	52.007
chr3	29096309	0.0	52.007
chr3	29140854	0.0	52.007
chr3	29166919	6.228460654796245	52.007
chr3	29194775	2.5991503285220827	52.1805
chr3	29232672	0.5255302600323427	52.279
chr3	29280243	0.0	52.304
chr3	29282584	0.0	52.304
chr3	29309625	14.48541329011339	52.304
chr3	29363921	0.0	53.0905
chr3	29386476	0.0	53.0905
chr3	29417912	0.0	53.0905
chr3	29455395	0.0	53.0905
chr3	29504409	0.0	53.0905
chr3	29547612	0.3187166343523533	53.0905
chr3	29585263	0.0	53.1025
chr3	29633514	0.19347449232297614	53.1025
chr3	29698122	0.8759021792443232	53.115
chr3	29712393	0.0	53.1275
chr3	29740510	0.0	53.1275
chr3	29761244	0.0	53.1275
chr3	29799771	0.0	53.1275
chr3	29824246	0.0	53.1275
chr3	29957592	0.0	53.1275
chr3	30034841	0.0	53.1275
chr3	30072109	0.0	53.1275
chr3	30085641	0.0	53.1275
chr3	30183215	0.0	53.1275
chr3	30258243	0.0	53.1275
chr3	30276678	76.32398753895107	53.1275
chr3	30276999	0.0	53.152
chr3	30375772	0.0	53.152
chr3	30428028	1.9505508988348903	53.152
chr3	30446997	0.6372511534245515	53.189
chr3	30486228	0.07659998212667374	53.214
chr3	30642886	0.0	53.226
chr3	30647216	0.0	53.226
chr3	30684672	13.281636693615027	53.226
chr3	30696794	0.9257160129977988	53.387
chr3	30749726	0.0	53.436
chr3	30772845	0.0	53.436
chr3	30799910	0.0	53.436
chr3	30831987	0.0	53.436
chr3	30875847	0.4220744961485862	53.436
chr3	30904278	0.9041264330403449	53.448
chr3	30959580	0.0	53.498
chr3	30961325	2.0354274397622967	53.498
chr3	30979503	0.0	53.535
chr3	30983776	0.0	53.535
chr3	31008546	0.7538345563915416	53.535
chr3	31073547	0.0	53.584
chr3	31147631	0.0	53.584
chr3	31209908	0.0	53.584
chr3	31440922	0.0	53.584
chr3	31467703	0.0	53.584
chr3	31484733	0.7359322091578366	53.584
chr3	31602271	0.0	53.6705
chr3	31632748	0.0	53.6705
chr3	31637280	0.0	53.6705
chr3	31675281	0.0	53.6705
chr3	31726974	0.14292411301298713	53.6705
chr3	31814433	0.1471670345842587	53.683
chr3	31895973	0.0	53.695
chr3	32107695	0.0	53.695
chr3	32118719	0.0	53.695
chr3	32157758	0.0	53.695
chr3	32187952	0.0	53.695
chr3	32256022	1.152109606103037	53.695
chr3	32288137	0.8274824473420574	53.732
chr3	32347957	0.0	53.7815
chr3	32378048	0.5195560912754369	53.7815
chr3	32402107	0.0	53.794
chr3	32426286	0.0	53.794
chr3	32429050	0.0	53.794
chr3	32531367	0.0	53.794
chr3	32600846	0.4251479341281569	53.794
chr3	32658473	0.0	53.8185
chr3	32691933	0.0802697062128935	53.8185
chr3	32847658	0.0	53.831
chr3	32887251	0.2913328477785981	53.831
chr3	32928441	0.0	53.843
chr3	32985678	0.0	53.843
chr3	33013825	1.354049839975785	53.843
chr3	33050382	0.0	53.8925
chr3	33131797	0.0	53.8925
chr3	33217928	0.0	53.8925
chr3	33231278	0.4298918105610251	53.8925
chr3	33259192	0.0	53.9045
chr3	33281460	0.0	53.9045
chr3	33308303	0.0	53.9045
chr3	33324456	0.0	53.9045
chr3	33383380	3.4600866769187406	53.9045
chr3	33426298	2.008032128514209	54.053
chr3	33457174	0.0	54.115
chr3	33642976	0.0	54.115
chr3	33644597	0.11234061674999021	54.115
chr3	33751415	0.0	54.127
chr3	33796079	1.7876461120346236	54.127
chr3	33871877	0.5813953488370109	54.2625
chr3	33893377	0.0	54.275
chr3	33942825	0.0	54.275
chr3	34006371	0.0	54.275
chr3	34020188	0.0	54.275
chr3	34037879	0.0	54.275
chr3	34053009	0.46867527498810707	54.275
chr3	34105284	0.0	54.2995
chr3	34145808	0.3422782037239674	54.2995
chr3	34218848	0.6409046841348527	54.3245
chr3	34372537	1.050994240551502	54.423
chr3	34396324	1.654833119024947	54.448
chr3	34485759	9.880671885688422	54.596
chr3	34512073	1.2681146141046733	54.856
chr3	34648496	5.975514963077655	55.029
chr3	34658788	0.0	55.0905
chr3	34678765	1.1021735409892273	55.0905
chr3	34824840	0.0	55.2515
chr3	35094558	0.0	55.2515
chr3	35120950	0.8911127855508792	55.2515
chr3	35342583	0.0	55.449
chr3	35404288	3.9090777472129994	55.449
chr3	35521707	0.0	55.908
chr3	35541738	0.0	55.908
chr3	35580705	0.0	55.908
chr3	35643164	0.0	55.908
chr3	35867351	3.134399685154457	55.908
chr3	35938497	0.0	56.131
chr3	36083063	0.0	56.131
chr3	36110715	0.0	56.131
chr3	36209592	0.21788074660469997	56.131
chr3	36264668	2.1614192903548455	56.143
chr3	36344708	2.0320336072359355	56.316
chr3	36490867	0.3274569293896376	56.613
chr3	36565686	0.28566205036783526	56.6375
chr3	36609444	4.698026629887014	56.65
chr3	36760252	0.0	57.3585
chr3	36785054	0.0	57.3585
chr3	36808585	0.21135214649244782	57.3585
chr3	36867728	0.0	57.371
chr3	36881690	1.3485067754241815	57.371
chr3	36927296	0.0	57.4325
chr3	36974364	0.04110260195912376	57.4325
chr3	37278481	0.0	57.445
chr3	37563482	0.0	57.445
chr3	37914279	0.0	57.445
chr3	38122141	0.7873431278464894	57.445
chr3	38310750	0.0	57.5935
chr3	38494590	0.0	57.5935
chr3	39763530	0.0	57.5935
chr3	39930259	0.0	57.5935
chr3	40162287	0.013106975860227705	57.5935
chr3	41077830	0.0	57.6055
chr3	42049633	0.0	57.6055
chr3	42233799	0.04987406797835654	57.6055
chr3	42474405	0.03432293211199392	57.6175
chr3	42838593	0.0	57.63
chr3	43199264	0.0	57.63
chr3	43227068	0.0	57.63
chr3	43312167	1.7201455507773604	57.63
chr3	43463317	0.0	57.89
chr3	43561729	0.0	57.89
chr3	44000092	0.13294697315011716	57.89
chr3	44184376	0.0	57.9145
chr3	44225443	0.0	57.9145
chr3	44623472	0.0	57.9145
chr3	44807670	3.930239491205461	57.9145
chr3	44908300	0.33488720998765714	58.31
chr3	44982952	0.0	58.335
chr3	45234650	0.0	58.335
chr3	45266168	0.0810220444778339	58.335
chr3	45420447	0.0	58.3475
chr3	45458898	0.0	58.3475
chr3	45482425	0.0	58.3475
chr3	45505508	0.0	58.3475
chr3	45593673	0.0	58.3475
chr3	45625954	0.5998286203942538	58.3475
chr3	45666799	0.15786316420925445	58.372
chr3	45825164	0.0	58.397
chr3	45844526	0.21053481611372196	58.397
chr3	46017894	4.244249726177274	58.4335
chr3	46032502	0.0	58.4955
chr3	46058042	0.0	58.4955
chr3	46257392	0.0	58.4955
chr3	46297804	4.1002372726138026	58.4955
chr3	46321827	0.0	58.594
chr3	46387028	20.667921748383407	58.594
chr3	46423679	1.145948401350331	59.3515
chr3	46520542	0.12954441819013848	59.4625
chr3	46617034	0.0	59.475
chr3	46622745	0.0	59.475
chr3	46641454	0.0	59.475
chr3	46864676	0.572868927589335	59.475
chr3	46908316	0.0	59.5
chr3	46990970	0.0	59.5
chr3	46995327	27.567355106124605	59.5
chr3	47023313	0.0	60.2715
chr3	47160409	0.0	60.2715
chr3	47174277	0.0	60.2715
chr3	47187515	0.0	60.2715
chr3	47226157	0.0	60.2715
chr3	47274628	0.11551029510542658	60.2715
chr3	48023479	0.0	60.358
chr3	48094889	0.0	60.358
chr3	48122993	0.0	60.358
chr3	48168759	0.0	60.358
chr3	48604308	0.0	60.358
chr3	48708691	0.0	60.358
chr3	48709306	0.0	60.358
chr3	48716383	0.12066243677791531	60.358
chr3	48815834	0.0	60.37
chr3	48941151	0.0	60.37
chr3	49002589	0.0	60.37
chr3	49136236	0.0	60.37
chr3	49308922	0.0	60.37
chr3	49395833	0.0	60.37
chr3	49419532	0.0	60.37
chr3	49465796	0.0	60.37
chr3	49476664	0.0	60.37
chr3	49490168	0.0	60.37
chr3	49550261	0.0	60.37
chr3	49579481	0.0	60.37
chr3	49579632	0.0	60.37
chr3	49826386	0.04549872057598775	60.37
chr3	50101119	0.0	60.3825
chr3	50229535	0.027481768594720516	60.3825
chr3	50684382	0.10951735406072304	60.395
chr3	51022228	0.0	60.432
chr3	51059991	0.0	60.432
chr3	51086589	0.0	60.432
chr3	51093031	0.0	60.432
chr3	51502461	0.0	60.432
chr3	51605701	0.0	60.432
chr3	51711585	0.0	60.432
chr3	51768736	0.0	60.432
chr3	51923061	0.0	60.432
chr3	52243418	1.5970993223118675	60.432
chr3	52266585	0.0	60.469
chr3	52740388	0.0	60.469
chr3	53054274	0.0	60.469
chr3	53086239	0.0	60.469
chr3	53110459	0.0	60.469
chr3	53207187	0.17602345063437552	60.469
chr3	53346373	0.0	60.4935
chr3	53371379	0.0	60.4935
chr3	53404920	0.22010917415042863	60.4935
chr3	53461710	0.0	60.506
chr3	53489148	0.0	60.506
chr3	53504265	0.0	60.506
chr3	53530060	0.0	60.506
chr3	53562083	0.0	60.506
chr3	53625849	0.0	60.506
chr3	53641757	0.0	60.506
chr3	53757562	0.2791450186856633	60.506
chr3	53845330	0.0	60.5305
chr3	53987567	0.09423649591010394	60.5305
chr3	54120212	0.15405754257400606	60.543
chr3	54360382	1.4837049742710275	60.58
chr3	54418682	0.07138125585327922	60.6665
chr3	54593798	0.0	60.679
chr3	54600624	0.5077860528097687	60.679
chr3	54624256	0.0	60.691
chr3	54632127	0.1808135161718992	60.691
chr3	54701259	0.0	60.7035
chr3	54742333	0.0	60.7035
chr3	54756982	0.0	60.7035
chr3	54785643	0.0	60.7035
chr3	54845604	0.0	60.7035
chr3	54856103	0.0	60.7035
chr3	54963522	0.0	60.7035
chr3	54971646	0.0	60.7035
chr3	55007666	0.0	60.7035
chr3	55211129	0.0	60.7035
chr3	55382618	0.15172971879426025	60.7035
chr3	55461706	0.09181387491279769	60.7155
chr3	55597851	1.0414452709882993	60.728
chr3	55644901	0.0	60.777
chr3	55688056	0.0	60.777
chr3	55704681	0.7839939789259744	60.777
chr3	55720625	0.0	60.7895
chr3	55786458	0.0510058784274907	60.7895
chr3	56021725	0.12707513698702658	60.8015
chr3	56120092	0.22714470025990519	60.814
chr3	56175123	0.0	60.8265
chr3	56198403	0.9834775767109155	60.8265
chr3	56211113	1.3330431470702049	60.839
chr3	56229492	0.0	60.8635
chr3	56257423	0.0	60.8635
chr3	56257682	0.0	60.8635
chr3	56278914	0.0	60.8635
chr3	56289205	0.0	60.8635
chr3	56303967	0.05526083112288124	60.8635
chr3	56530167	0.0	60.876
chr3	56549040	1.3142004688498627	60.876
chr3	56577194	0.0	60.913
chr3	56615525	0.46095087580672606	60.913
chr3	56668676	0.17697235691783936	60.9375
chr3	56809941	0.0	60.9625
chr3	56820287	0.0	60.9625
chr3	56827739	0.3063256241384708	60.9625
chr3	56866913	0.06176087670799354	60.9745
chr3	57271700	0.18439127829254373	60.9995
chr3	57336779	0.35988483685222095	61.0115
chr3	57370123	2.0371084072014005	61.0235
chr3	57388286	1.4834120730965767	61.0605
chr3	57521425	0.0	61.258
chr3	57589864	0.0	61.258
chr3	57611662	8.394895903290323	61.258
chr3	57614640	0.0	61.283
chr3	57628063	1.291149964892307	61.283
chr3	57800390	0.0	61.5055
chr3	57814669	0.4658023445384851	61.5055
chr3	57840431	0.0	61.5175
chr3	57852467	0.10521354140365674	61.5175
chr3	57971273	0.0	61.53
chr3	58000306	1.3285232869610804	61.53
chr3	58046598	0.0	61.5915
chr3	58050382	0.0	61.5915
chr3	58087391	0.9141527466134487	61.5915
chr3	58195688	0.6051640667025512	61.6905
chr3	58277484	0.3520360851297598	61.74
chr3	58626880	0.1783268660123665	61.863
chr3	58696976	4.288901743657477	61.8755
chr3	58757481	0.0	62.135
chr3	58879443	0.7873889219199351	62.135
chr3	58941674	0.47479773616450194	62.184
chr3	58968001	0.15684512391824143	62.1965
chr3	59439804	0.4257258841337715	62.2705
chr3	59556076	0.0	62.32
chr3	59589285	0.0	62.32
chr3	59618740	0.0	62.32
chr3	59642192	3.0824005319737973	62.32
chr3	59714376	0.0	62.5425
chr3	59723827	0.0	62.5425
chr3	59820262	0.0	62.5425
chr3	59838573	0.0	62.5425
chr3	59857140	0.0	62.5425
chr3	59880645	0.0	62.5425
chr3	59896945	0.0	62.5425
chr3	59912664	0.0	62.5425
chr3	59966899	0.0	62.5425
chr3	59975221	0.1569119723834988	62.5425
chr3	60051697	0.0	62.5545
chr3	60064514	0.0	62.5545
chr3	60239702	0.0	62.5545
chr3	60246078	4.4116638078902275	62.5545
chr3	60318953	0.0	62.876
chr3	60539651	0.0	62.876
chr3	60602892	2.7848863465301092	62.876
chr3	60616178	0.0	62.913
chr3	60637024	0.0	62.913
chr3	60728439	0.15251494023906434	62.913
chr3	60889079	0.0	62.9375
chr3	60930010	0.0	62.9375
chr3	60999342	0.0	62.9375
chr3	61017440	0.0	62.9375
chr3	61085302	0.2848699853387022	62.9375
chr3	61216941	0.0	62.975
chr3	61221154	0.0	62.975
chr3	61240606	0.0	62.975
chr3	61345208	0.0	62.975
chr3	61480690	0.3715400334386171	62.975
chr3	61512988	0.2923849524479261	62.987
chr3	62019170	0.0	63.135
chr3	62046829	0.6469888787857424	63.135
chr3	62104017	0.0	63.172
chr3	62316067	0.11144395706289756	63.172
chr3	62428231	0.0	63.1845
chr3	62452331	0.41958614478793727	63.1845
chr3	62598904	0.12452755256240357	63.246
chr3	62896027	0.19601097661465997	63.283
chr3	63021020	0.0	63.3075
chr3	63023085	0.0	63.3075
chr3	63085260	0.0	63.3075
chr3	63201561	0.0	63.3075
chr3	63221618	0.0	63.3075
chr3	63267942	0.0	63.3075
chr3	63302941	0.0	63.3075
chr3	63346884	3.911311988368821	63.3075
chr3	63410162	1.0616741037746165	63.555
chr3	63502940	0.0	63.6535
chr3	63516238	0.0	63.6535
chr3	63652938	0.0	63.6535
chr3	63664415	1.7727947870250125	63.6535
chr3	63685286	0.0	63.6905
chr3	63718768	0.0	63.6905
chr3	63783408	0.18466811446472606	63.6905
chr3	63851097	0.0	63.703
chr3	63889401	0.0	63.703
chr3	63918202	0.0	63.703
chr3	63952432	0.0	63.703
chr3	63968359	0.0	63.703
chr3	63985663	0.0	63.703
chr3	64089002	0.15238288740175057	63.703
chr3	64167751	0.0	63.715
chr3	64193305	1.173152580935554	63.715
chr3	64235499	0.0	63.7645
chr3	64236537	0.0	63.7645
chr3	64236672	0.1769310252091727	63.7645
chr3	64307321	0.0	63.777
chr3	64328011	0.4005918949631659	63.777
chr3	64450330	0.31861394323504266	63.826
chr3	64566458	0.04708576766753245	63.863
chr3	64831931	0.0	63.8755
chr3	64886781	0.0	63.8755
chr3	64929137	0.0	63.8755
chr3	65391541	0.0	63.8755
chr3	65458595	0.09082858375531123	63.8755
chr3	65590712	0.0	63.8875
chr3	65644945	0.0	63.8875
chr3	65686641	0.30742744712237424	63.8875
chr3	65727301	0.0835075858291157	63.9
chr3	65876988	0.0	63.9125
chr3	65974316	0.0	63.9125
chr3	66011781	0.0	63.9125
chr3	66061889	0.22382580980170352	63.9125
chr3	66117736	0.2139921555752505	63.925
chr3	66288303	0.0	63.9615
chr3	66346683	0.17258990525163742	63.9615
chr3	66488638	0.44360061749203433	63.986
chr3	66544995	0.20866818938051568	64.011
chr3	66722310	0.0	64.048
chr3	66748445	0.14798919678864003	64.048
chr3	66829532	0.0	64.06
chr3	66877554	0.0	64.06
chr3	67012124	0.0	64.06
chr3	67062313	0.0	64.06
chr3	67080263	0.40071808681165744	64.06
chr3	67111457	0.4563281616140688	64.0725
chr3	67192539	0.0	64.1095
chr3	67245533	4.1427122083198	64.1095
chr3	67251447	0.0	64.134
chr3	67317567	0.0	64.134
chr3	67342131	1.0012014417303037	64.134
chr3	67354616	0.0	64.1465
chr3	67407018	0.0	64.1465
chr3	67449797	0.0	64.1465
chr3	67527562	0.0	64.1465
chr3	67672571	2.579065284218302	64.1465
chr3	67710957	0.09707158635958446	64.2455
chr3	68092119	0.0	64.2825
chr3	68104303	0.09552542966542579	64.2825
chr3	68229924	0.0	64.2945
chr3	68274296	0.0	64.2945
chr3	68298862	0.560990934386628	64.2945
chr3	68343426	0.2818423092279976	64.3195
chr3	68386003	3.3081989687953386	64.3315
chr3	68419556	4.662988984923949	64.4425
chr3	68475207	0.281636536631826	64.702
chr3	68606582	0.0	64.739
chr3	68667761	0.0	64.739
chr3	68716814	0.5613729578624083	64.739
chr3	68760457	3.085869216224926	64.7635
chr3	68788488	2.4502770358271166	64.85
chr3	68833789	5.930999249644739	64.961
chr3	68896426	0.0	65.3325
chr3	68986263	0.9512464756746926	65.3325
chr3	69102952	0.0	65.4435
chr3	69105036	0.31611390637761005	65.4435
chr3	69142997	0.38484036821535184	65.4555
chr3	69175478	0.2176373291547461	65.468
chr3	69232913	0.0	65.4805
chr3	69274612	0.0	65.4805
chr3	69347993	0.22361567918591502	65.4805
chr3	69455320	0.0	65.5045
chr3	69535012	0.0	65.5045
chr3	69556857	0.0	65.5045
chr3	69561452	0.0	65.5045
chr3	69601137	0.0	65.5045
chr3	69602788	0.9029834573432668	65.5045
chr3	69616631	1.3158601428649925	65.517
chr3	69635250	0.0	65.5415
chr3	69636265	0.373457620029364	65.5415
chr3	69669736	0.0	65.554
chr3	69681651	0.0	65.554
chr3	69696909	0.0	65.554
chr3	69714838	0.0	65.554
chr3	69728403	0.0	65.554
chr3	69784676	0.977835723598332	65.554
chr3	69835298	0.15456523889606838	65.6035
chr3	69916170	0.0	65.616
chr3	69959649	0.0	65.616
chr3	70206782	0.0	65.616
chr3	70226072	0.0	65.616
chr3	70266415	0.0	65.616
chr3	70300992	0.0	65.616
chr3	70362245	0.0	65.616
chr3	70398973	0.0	65.616
chr3	70405383	1.3342949873783412	65.616
chr3	70488573	1.3695841276303986	65.727
chr3	70542604	0.0	65.801
chr3	70669391	0.0	65.801
chr3	70683374	0.0	65.801
chr3	70719363	0.4971086537486719	65.801
chr3	70768648	1.8155890741229725	65.8255
chr3	70836670	0.0	65.949
chr3	70896396	0.4524222934142738	65.949
chr3	70978178	0.0	65.986
chr3	71022245	0.33417901082997903	65.986
chr3	71095559	1.245108502312512	66.0105
chr3	71115236	0.11004005457989209	66.035
chr3	71228831	0.0	66.0475
chr3	71293171	4.677357770141905	66.0475
chr3	71298409	0.4619283636498824	66.072
chr3	71378508	0.5799983428619556	66.109
chr3	71462991	2.5423467658267738	66.158
chr3	71560342	0.08435174000771206	66.4055
chr3	71708531	0.4415518430251689	66.418
chr3	71791194	0.5377269207606832	66.4545
chr3	71814440	0.0	66.467
chr3	71835300	0.36012833664356586	66.467
chr3	71972751	0.2623936047849361	66.5165
chr3	72111855	0.0	66.553
chr3	72242709	0.0	66.553
chr3	72282751	0.45145911586257015	66.553
chr3	72310439	0.18517035672822066	66.5655
chr3	72510255	0.0	66.6025
chr3	72523220	0.0	66.6025
chr3	72566683	0.0	66.6025
chr3	72586080	0.0	66.6025
chr3	72651492	0.0	66.6025
chr3	72666620	0.0	66.6025
chr3	72703449	0.0	66.6025
chr3	72792870	0.0	66.6025
chr3	72813689	0.0	66.6025
chr3	72919886	0.0	66.6025
chr3	72927860	0.0	66.6025
chr3	73065528	3.0670195462189036	66.6025
chr3	73138074	5.699594964953541	66.825
chr3	73179305	12.268233612577818	67.06
chr3	73204492	0.0	67.369
chr3	73234708	0.2872836753924948	67.369
chr3	73278219	0.771761330859458	67.3815
chr3	73342358	0.0	67.431
chr3	73416586	0.0	67.431
chr3	73424580	0.32517681489311046	67.431
chr3	73461483	0.785994092366953	67.443
chr3	73540364	2.2351850842284007	67.505
chr3	73595393	0.19106150588310947	67.628
chr3	73658200	0.0	67.64
chr3	73715063	0.20246521647585547	67.64
chr3	73776802	0.13486249420094343	67.6525
chr3	73869489	0.5294321030337342	67.665
chr3	73915765	2.5497898146233227	67.6895
chr3	73944787	1.0425661871566163	67.7635
chr3	73992266	0.0	67.813
chr3	74049349	0.6610625240081657	67.813
chr3	74161290	0.0	67.887
chr3	74194663	1.8487394957983894	67.887
chr3	74248213	2.7767493520918087	67.986
chr3	74310336	1.4314453729495689	68.1585
chr3	74439576	0.0	68.3435
chr3	74471290	0.0	68.3435
chr3	74524314	0.0	68.3435
chr3	74545547	0.0	68.3435
chr3	74593323	0.0	68.3435
chr3	74636716	0.0	68.3435
chr3	74794404	0.968385632678511	68.3435
chr3	74845520	0.0	68.393
chr3	74863675	0.0	68.393
chr3	74916787	0.1390392015392246	68.393
chr3	75182899	0.0	68.43
chr3	75233615	0.0	68.43
chr3	75252722	0.7378113563917266	68.43
chr3	75269664	0.0	68.4425
chr3	75331806	0.45771457104293256	68.4425
chr3	75439952	0.6039633051482474	68.492
chr3	75501214	0.0	68.529
chr3	75508272	1.5162142090933635	68.529
chr3	75556748	1.0010410827256937	68.6025
chr3	75581722	0.4497672715862064	68.6275
chr3	75772932	0.21194703019826105	68.7135
chr3	75831909	0.3447858134616136	68.726
chr3	75939222	0.0	68.763
chr3	75949905	0.0	68.763
chr3	75966832	0.42327800212773764	68.763
chr3	76054245	0.0	68.8
chr3	76131425	0.0	68.8
chr3	76218555	0.27554889339570676	68.8
chr3	76263919	0.8494226221907331	68.8125
chr3	76307478	0.0	68.8495
chr3	76397440	0.48987496795875096	68.8495
chr3	76572995	1.8658326143227117	68.9355
chr3	76619355	0.0	69.022
chr3	76624950	0.45433893684690496	69.022
chr3	76651362	0.10504025142430999	69.034
chr3	76889366	0.0	69.059
chr3	76962826	0.32975439892375663	69.059
chr3	77000733	0.0	69.0715
chr3	77007682	0.0	69.0715
chr3	77104361	1.0665897953302435	69.0715
chr3	77139051	9.951132829853186	69.1085
chr3	77195326	0.5495763682161875	69.6685
chr3	77217161	0.7250190025143171	69.6805
chr3	77302676	0.5817542859855676	69.7425
chr3	77386904	0.258625364474042	69.7915
chr3	77626633	0.0	69.8535
chr3	77746856	0.0	69.8535
chr3	77959105	0.0	69.8535
chr3	78082021	0.0	69.8535
chr3	78187475	0.0	69.8535
chr3	78262389	0.0	69.8535
chr3	78283412	0.19603678957085022	69.8535
chr3	78344625	0.5644756648269966	69.8655
chr3	78432317	0.19963068323602096	69.915
chr3	78492428	0.0	69.927
chr3	78630516	0.09719004151949734	69.927
chr3	78759130	0.11691943535072633	69.9395
chr3	78968676	0.0	69.964
chr3	79307311	0.333123255604565	69.964
chr3	79529451	0.0	70.038
chr3	79529846	0.38626742066075964	70.038
chr3	79562207	0.0	70.0505
chr3	79563912	0.30801833325126515	70.0505
chr3	79604494	0.8728801482116039	70.063
chr3	79632562	0.9884326663638778	70.0875
chr3	79707428	0.0	70.1615
chr3	79787374	0.0	70.1615
chr3	79883533	0.057331296925679565	70.1615
chr3	80101564	0.0	70.174
chr3	80286989	0.0	70.174
chr3	80382641	0.0	70.174
chr3	80547296	0.6028347938598603	70.174
chr3	80649314	0.0	70.2355
chr3	80907382	0.8879129845274931	70.2355
chr3	81074065	0.0	70.3835
chr3	81241192	0.0	70.3835
chr3	81315308	0.4817206540986113	70.3835
chr3	81392116	0.08975371580385469	70.4205
chr3	81531386	0.13291650716673717	70.433
chr3	81625430	0.06978204740527351	70.4455
chr3	81797394	0.0	70.4575
chr3	81832330	0.1612418235143141	70.4575
chr3	82061799	0.3579969355461096	70.4945
chr3	82131632	0.0	70.5195
chr3	82222129	0.10602017917410682	70.5195
chr3	82335315	0.3015411196140388	70.5315
chr3	82703424	0.5250474970712724	70.6425
chr3	82868171	0.1320413046758968	70.729
chr3	83053719	0.7791167042621162	70.7535
chr3	83323255	8.682945680264645	70.9635
chr3	83364658	0.04281584391741968	71.323
chr3	83656606	1.6893550985129455	71.3355
chr3	83707513	0.4844809802145143	71.4215
chr3	83835485	0.0	71.4835
chr3	84032994	0.0	71.4835
chr3	84210979	0.0	71.4835
chr3	84650175	0.0	71.4835
chr3	84652361	1.8687282408350165	71.4835
chr3	84671893	0.0	71.52
chr3	84709020	0.0	71.52
chr3	84750321	0.5444672625355398	71.52
chr3	84887152	0.8131430467973215	71.5945
chr3	84917282	0.1884374764453583	71.619
chr3	84983617	0.0	71.6315
chr3	85024651	0.0	71.6315
chr3	85060974	0.0	71.6315
chr3	85089474	0.0	71.6315
chr3	85091859	0.4369597052292495	71.6315
chr3	85176535	0.0	71.6685
chr3	85178828	0.0	71.6685
chr3	85192073	0.29327663318426217	71.6685
chr3	85232990	0.29288294444987933	71.6805
chr3	85273962	0.5926136633007558	71.6925
chr3	85295055	0.065630076076199	71.705
chr3	85477898	0.0	71.717
chr3	85525890	0.2615117471077395	71.717
chr3	85573689	0.10913520672270494	71.7295
chr3	85912718	0.0	71.7665
chr3	85960281	0.0	71.7665
chr3	86073571	0.0	71.7665
chr3	86091760	0.0	71.7665
chr3	86129404	0.11336943015992201	71.7665
chr3	86239663	0.8254598592256078	71.779
chr3	86329310	3.1166980810045852	71.853
chr3	86396689	0.0	72.063
chr3	86435961	0.0	72.063
chr3	86456221	0.0	72.063
chr3	86487637	1.6412254483346291	72.063
chr3	86525109	0.0	72.1245
chr3	86714763	0.0	72.1245
chr3	86754055	0.0	72.1245
chr3	86806599	0.8021561958546392	72.1245
chr3	86822182	0.0	72.137
chr3	87301516	0.0	72.137
chr3	87369677	0.0	72.137
chr3	87395752	0.0	72.137
chr3	87434110	0.0	72.137
chr3	87448968	0.0	72.137
chr3	87465182	0.0	72.137
chr3	87504361	0.0	72.137
chr3	87517288	0.0	72.137
chr3	87561697	0.0	72.137
chr3	87595464	0.0	72.137
chr3	87631847	0.0	72.137
chr3	87672877	0.0	72.137
chr3	87692469	0.0	72.137
chr3	87920218	0.19142126460548603	72.137
chr3	87985519	0.5985311721504907	72.1495
chr3	88232791	0.0	72.2975
chr3	88343278	0.0	72.2975
chr3	88344971	0.0	72.2975
chr3	88349632	0.0	72.2975
chr3	88493671	0.0	72.2975
chr3	88551215	0.0	72.2975
chr3	88601925	1.2921151102779305	72.2975
chr3	88735814	0.0	72.4705
chr3	88811714	0.0	72.4705
chr3	88836732	0.0	72.4705
chr3	88928054	0.0	72.4705
chr3	88968395	0.0	72.4705
chr3	89007472	0.0	72.4705
chr3	89119128	0.0	72.4705
chr3	89175409	0.0	72.4705
chr3	89391979	0.0	72.4705
chr3	89415524	0.0	72.4705
chr3	89507010	0.0	72.4705
chr3	89635589	0.0	72.4705
chr3	89661875	0.0	72.4705
chr3	89725916	1.007529238770788	72.4705
chr3	89799363	0.4092322802423585	72.5445
chr3	89829908	0.0	72.557
chr3	89899481	0.0	72.557
chr3	89935531	0.0	72.557
chr3	90097306	0.3988923779087767	72.557
chr3	90312903	0.0	72.643
chr3	90371245	0.0	72.643
chr3	90372584	1.9838089131132526	72.643
chr3	90422488	0.0	72.742
chr3	90580150	0.5222433014300746	72.742
chr3	90627063	0.0	72.7665
chr3	90637890	0.12375379924166485	72.7665
chr3	90738897	0.0	72.779
chr3	90753932	0.0592498963126837	72.779
chr3	90956464	0.0	72.791
chr3	91035169	0.0	72.791
chr3	91082367	0.29858213833234726	72.791
chr3	91206286	0.0	72.828
chr3	91240697	0.0	72.828
chr3	91265545	1.584446728331579	72.828
chr3	91312249	0.7170691428487892	72.902
chr3	91381280	0.0	72.9515
chr3	91403009	3.1075462982403756	72.9515
chr3	91426822	0.0	73.0255
chr3	91465747	0.0	73.0255
chr3	91518790	0.0	73.0255
chr3	91633664	0.6868886690846709	73.0255
chr3	91651862	2.93716252299305	73.038
chr3	91685568	0.0	73.137
chr3	91732345	0.2007094464515659	73.137
chr3	91854412	0.3878374185542303	73.1615
chr3	91886642	0.0	73.174
chr3	91903671	42.10526315789633	73.174
chr3	91903956	0.0	73.186
chr3	91918716	0.0	73.186
chr3	91966236	0.0	73.186
chr3	91988462	0.0	73.186
chr3	92060274	0.0	73.186
chr3	92107307	0.0	73.186
chr3	92129737	0.0895749667825138	73.186
chr3	92263703	0.0	73.198
chr3	92320584	0.0	73.198
chr3	92372851	1.6463976818724382	73.198
chr3	92395628	0.0	73.2355
chr3	92427110	4.802509065960245	73.2355
chr3	92437313	0.0	73.2845
chr3	92498976	0.5884896233667203	73.2845
chr3	92540608	0.6634588320445118	73.309
chr3	92615217	0.0	73.3585
chr3	92668501	0.0	73.3585
chr3	92766051	0.0	73.3585
chr3	92912274	0.0	73.3585
chr3	92925142	0.0	73.3585
chr3	92931055	0.0	73.3585
chr3	92932460	3.79495424774783	73.3585
chr3	92974753	2.097635392829679	73.519
chr3	93021949	0.674917687403647	73.618
chr3	93131592	0.0	73.692
chr3	93146148	12.722698779281151	73.692
chr3	93170396	1.5869760287142667	74.0005
chr3	93365421	21.889600276864275	74.31
chr3	93394316	0.053736399317345	74.9425
chr3	93626933	0.07382078675243367	74.955
chr3	93796262	0.0	74.9675
chr3	93866415	0.0	74.9675
chr3	93960789	0.3321448422651369	74.9675
chr3	94034552	1.3054484832981639	74.992
chr3	94147923	6.667362089048801	75.14
chr3	94205442	0.8245211861273873	75.5235
chr3	94340672	3.4642032332564825	75.635
chr3	94344136	0.0	75.647
chr3	94374043	3.68991423442557	75.647
chr3	94404125	4.485196259743899	75.758
chr3	94461982	0.0	76.0175
chr3	94513401	0.0	76.0175
chr3	94519341	0.0	76.0175
chr3	94537453	1.5505387425780872	76.0175
chr3	94752862	1.951569220965126	76.3515
chr3	94777970	0.0	76.4005
chr3	95075729	0.28739002932555185	76.4005
chr3	95160979	0.9507159082208272	76.425
chr3	95239341	3.1786532889329098	76.4995
chr3	95262464	0.0	76.573
chr3	95269658	0.0	76.573
chr3	95291012	3.4718786079500306	76.573
chr3	95351642	0.16100155849512285	76.7835
chr3	95429281	0.7763237111438603	76.796
chr3	95460840	1.5811965811966007	76.8205
chr3	95577840	0.0	77.0055
chr3	95617746	0.0	77.0055
chr3	95709321	0.34962590028677276	77.0055
chr3	95780826	0.0	77.0305
chr3	95906243	0.0	77.0305
chr3	95919046	0.15053817397195543	77.0305
chr3	95998760	0.0	77.0425
chr3	96015518	0.0	77.0425
chr3	96046355	0.0	77.0425
chr3	96173393	0.6713320856049417	77.0425
chr3	96247127	0.0	77.092
chr3	96298373	0.0	77.092
chr3	96355217	0.4021620230359321	77.092
chr3	96386299	2.4868888512940512	77.1045
chr3	96415854	0.0	77.178
chr3	96434007	0.23196043682794737	77.178
chr3	96541784	0.0	77.203
chr3	96593632	0.0	77.203
chr3	96611739	0.0	77.203
chr3	96746073	0.0	77.203
chr3	96813823	0.648986178348401	77.203
chr3	96927847	0.3900277699773111	77.277
chr3	96959896	0.16013117946225186	77.2895
chr3	97037957	0.0	77.302
chr3	97077540	1.485268560804989	77.302
chr3	97127026	0.0	77.3755
chr3	97164053	0.0	77.3755
chr3	97178249	3.174603174603092	77.3755
chr3	97201559	4.609443129438321	77.4495
chr3	97225640	2.5711456769619176	77.5605
chr3	97288258	9.58579047529514	77.7215
chr3	97330821	0.0	78.1295
chr3	97367833	0.2988428803672861	78.1295
chr3	97409661	2.094174387613021	78.142
chr3	97433298	2.096703358975394	78.1915
chr3	97503885	0.5578593678453789	78.3395
chr3	97658942	1.7125697930842092	78.426
chr3	97680255	0.272268579576397	78.4625
chr3	97997956	0.06529297501999845	78.549
chr3	98181743	0.0	78.561
chr3	98233297	7.587718483570582	78.561
chr3	98287134	0.0	78.9695
chr3	98321058	0.0	78.9695
chr3	98396449	0.0	78.9695
chr3	98480222	3.559358596390442	78.9695
chr3	98508036	0.6457313757476515	79.0685
chr3	98699292	0.4074369719949993	79.192
chr3	98759424	0.0	79.2165
chr3	98803754	0.0	79.2165
chr3	98860729	0.21451677950254144	79.2165
chr3	98977270	0.07854379798535456	79.2415
chr3	99130051	0.0	79.2535
chr3	99167603	0.0	79.2535
chr3	99282023	0.0	79.2535
chr3	99312259	4.7435176187794825	79.2535
chr3	99351365	0.0	79.439
chr3	99389877	7.479431563201701	79.439
chr3	99411269	0.0	79.599
chr3	99421602	0.0	79.599
chr3	99480286	0.0	79.599
chr3	99506397	0.0	79.599
chr3	99539998	0.0	79.599
chr3	99594106	0.0	79.599
chr3	99621256	0.0	79.599
chr3	99660784	0.0	79.599
chr3	99697459	0.7089677734971811	79.599
chr3	99959107	0.0	79.7845
chr3	100003809	0.09155203588840154	79.7845
chr3	100134882	1.2690626455470055	79.7965
chr3	100368913	0.23666467031151917	80.0935
chr3	100472435	0.0	80.118
chr3	100486293	0.8961441581090424	80.118
chr3	100527581	0.0	80.155
chr3	100554431	0.5819773261635051	80.155
chr3	100597388	0.06430937094709613	80.18
chr3	100783986	0.15559391233635056	80.192
chr3	101024998	0.0	80.2295
chr3	101049860	0.0	80.2295
chr3	101087542	0.19247734381266268	80.2295
chr3	101149887	0.17474591000109535	80.2415
chr3	101361623	0.314385249384027	80.2785
chr3	101479313	0.0	80.3155
chr3	101510774	0.0	80.3155
chr3	101529737	0.11348779779200721	80.3155
chr3	101639881	11.12719377600782	80.328
chr3	101645408	0.0	80.3895
chr3	101695459	0.0	80.3895
chr3	101799112	0.0	80.3895
chr3	101924853	8.554297823951991	80.3895
chr3	101982894	0.0	80.886
chr3	102017448	0.21367521367522177	80.886
chr3	102073608	1.1709601873535993	80.898
chr3	102136804	1.7412363662076642	80.972
chr3	102193373	0.0	81.0705
chr3	102216582	0.0	81.0705
chr3	102216736	0.0	81.0705
chr3	102228377	0.0	81.0705
chr3	102280681	0.0	81.0705
chr3	102423867	0.7761739631191878	81.0705
chr3	102503746	2.4348512766521546	81.1325
chr3	102518942	0.0	81.1695
chr3	102532111	0.0	81.1695
chr3	102565852	0.0	81.1695
chr3	102606926	0.0	81.1695
chr3	102720553	0.0	81.1695
chr3	102795592	0.0	81.1695
chr3	102822551	0.0	81.1695
chr3	102834650	0.0	81.1695
chr3	102864024	0.0	81.1695
chr3	102885452	0.0	81.1695
chr3	102906469	0.0	81.1695
chr3	102935170	1.30793409699803	81.1695
chr3	102982573	0.0	81.2315
chr3	103092300	0.0	81.2315
chr3	103140136	0.0	81.2315
chr3	103185430	0.0	81.2315
chr3	103229845	0.0	81.2315
chr3	103250869	0.0	81.2315
chr3	103294447	0.1871429007913723	81.2315
chr3	103425363	0.8592873176207665	81.256
chr3	103453875	1.418820461691538	81.2805
chr3	103479953	2.123838795455411	81.3175
chr3	103537867	0.0	81.4405
chr3	103558198	1.2377463115162732	81.4405
chr3	103578396	0.0	81.4655
chr3	103599002	0.0	81.4655
chr3	103616499	0.0	81.4655
chr3	103664733	0.0	81.4655
chr3	103709779	0.4926310603883761	81.4655
chr3	103734138	0.3765740796526068	81.4775
chr3	103767332	0.0	81.49
chr3	103773961	0.0	81.49
chr3	103780923	0.0	81.49
chr3	103806334	0.5495974569978036	81.49
chr3	103873656	0.0	81.527
chr3	103901788	0.0	81.527
chr3	103937425	1.3066662638408573	81.527
chr3	104003624	0.0	81.6135
chr3	104056030	0.0	81.6135
chr3	104093915	6.160282490212595	81.6135
chr3	104119969	0.26865507977414654	81.774
chr3	104211164	0.17114613141278717	81.7985
chr3	104357238	0.0	81.8235
chr3	104377659	0.0	81.8235
chr3	104420213	3.058454715755071	81.8235
chr3	104472527	0.0	81.9835
chr3	104514705	0.7677032366367293	81.9835
chr3	104563552	0.0	82.021
chr3	104640333	0.0	82.021
chr3	104689302	0.0	82.021
chr3	104725588	0.0	82.021
chr3	104762069	0.0	82.021
chr3	104764374	0.0	82.021
chr3	104786352	0.0	82.021
chr3	104841354	1.5148878675905721	82.021
chr3	104939051	0.0	82.169
chr3	104979919	0.0	82.169
chr3	105015361	0.0	82.169
chr3	105033561	4.709020632587561	82.169
chr3	105051930	0.0	82.2555
chr3	105064305	0.49329024594048904	82.2555
chr3	105163638	0.6377219011918654	82.3045
chr3	105202056	0.0	82.329
chr3	105266143	0.0	82.329
chr3	105302746	0.0	82.329
chr3	105331672	0.0	82.329
chr3	105358178	0.9224397590362687	82.329
chr3	105384738	0.3515225542552621	82.3535
chr3	105525554	0.0	82.403
chr3	105566459	19.66741285577078	82.403
chr3	105569586	0.0	82.4645
chr3	105589941	0.0	82.4645
chr3	105629342	4.43513380893065	82.4645
chr3	105682328	0.0	82.6995
chr3	105702823	0.0	82.6995
chr3	105724387	0.0	82.6995
chr3	105756805	0.0	82.6995
chr3	105849387	0.0	82.6995
chr3	105873335	1.4568076226476943	82.6995
chr3	105898733	0.28825564157457095	82.7365
chr3	105983727	0.5485016269744063	82.761
chr3	106118640	0.0	82.835
chr3	106132496	4.4845922224359445	82.835
chr3	106179323	0.0	83.045
chr3	106222360	0.0	83.045
chr3	106237711	2.6080970159134	83.045
chr3	106275478	0.0	83.1435
chr3	106282919	0.22859023828251634	83.1435
chr3	106337602	2.871110421354779	83.156
chr3	106363376	0.7586090634625487	83.23
chr3	106428627	3.6460223710694497	83.2795
chr3	106458934	0.942364142502825	83.39
chr3	106551255	0.0	83.477
chr3	106555771	1.6702198443842653	83.477
chr3	106629414	0.6092508651363671	83.6
chr3	106649931	0.5187367722124265	83.6125
chr3	106674028	0.09301892935212669	83.625
chr3	106803034	0.0	83.637
chr3	106811864	1.4597687726267479	83.637
chr3	106828990	2.369414186465126	83.662
chr3	106875626	0.0	83.7725
chr3	106893955	0.0	83.7725
chr3	106906898	4.309594288700068	83.7725
chr3	106918384	0.0	83.822
chr3	106942570	1.494647545949987	83.822
chr3	106967325	0.0	83.859
chr3	106984693	0.0	83.859
chr3	106999208	2.877769645352349	83.859
chr3	107029266	0.0	83.9455
chr3	107056600	0.0	83.9455
chr3	107106421	0.0	83.9455
chr3	107107964	0.0	83.9455
chr3	107344385	0.0	83.9455
chr3	107365171	0.0	83.9455
chr3	107380735	0.2948432516999013	83.9455
chr3	107463830	0.0	83.97
chr3	107499024	0.0	83.97
chr3	107530866	0.0	83.97
chr3	107555539	0.0	83.97
chr3	107583461	0.0	83.97
chr3	107604319	0.0	83.97
chr3	107625763	0.0	83.97
chr3	107660109	4.068482197450773	83.97
chr3	107681370	4.330748313022385	84.0565
chr3	107701228	0.8810469186854434	84.1425
chr3	107743791	2.415510072740495	84.18
chr3	107979973	0.5807475436404668	84.7505
chr3	108128058	2.485389937529323	84.8365
chr3	108157832	0.48408333978788787	84.9105
chr3	108183654	0.0	84.923
chr3	108226910	0.2176259619068011	84.923
chr3	108284348	2.721020851960984	84.9355
chr3	108374939	0.0	85.182
chr3	108399146	7.246642023203648	85.182
chr3	108426469	1.517586145331222	85.38
chr3	108605701	0.0	85.652
chr3	108610167	1.2894906511928277	85.652
chr3	108619473	9.78478742483409	85.664
chr3	108638431	0.0	85.8495
chr3	108671287	5.3084648493542375	85.8495
chr3	108685227	3.9789224647810553	85.9235
chr3	108703825	0.5730932709298656	85.9975
chr3	108724764	0.8898396490976105	86.0095
chr3	108836020	0.0	86.1085
chr3	108886294	0.3244383161651514	86.1085
chr3	108923281	0.6939133882796353	86.1205
chr3	108958588	1.297016861219411	86.145
chr3	108987115	3.557179252992264	86.182
chr3	109007918	7.465257838520877	86.256
chr3	109042746	0.0	86.516
chr3	109077898	0.0	86.516
chr3	109100900	2.025797916321241	86.516
chr3	109112994	3.010382748664164	86.5405
chr3	109129271	1.4563451656443493	86.5895
chr3	109171500	0.0	86.651
chr3	109194094	0.0	86.651
chr3	109219356	0.0	86.651
chr3	109236222	1.2190702118548364	86.651
chr3	109266573	0.0	86.688
chr3	109288610	0.0	86.688
chr3	109327444	3.058765371068082	86.688
chr3	109343627	0.0	86.7375
chr3	109454766	0.0	86.7375
chr3	109477521	0.0	86.7375
chr3	109491761	0.0	86.7375
chr3	109504694	0.0	86.7375
chr3	109530876	4.974326059049873	86.7375
chr3	109543340	0.3509067430240537	86.7995
chr3	109578962	0.0	86.812
chr3	109644217	0.4618048874350762	86.812
chr3	109670202	0.7842153141568331	86.824
chr3	109702081	0.40455285975127575	86.849
chr3	109793540	10.098712641587063	86.886
chr3	109815523	0.0	87.108
chr3	109841727	0.0	87.108
chr3	109882180	10.91189653905493	87.108
chr3	109895789	0.2533195414916395	87.2565
chr3	109943160	5.7833585161251495	87.2685
chr3	109962353	7.769208797486997	87.3795
chr3	109979858	0.0	87.5155
chr3	109995238	0.0	87.5155
chr3	110028650	1.1323881421468465	87.5155
chr3	110082960	3.5335689045935035	87.577
chr3	110100506	6.660820882938353	87.639
chr3	110130157	0.0	87.8365
chr3	110240016	5.190775360097812	87.8365
chr3	110266120	0.0	87.972
chr3	110270776	2.417036843480934	87.972
chr3	110286084	0.0	88.009
chr3	110301579	0.0	88.009
chr3	110315020	0.0	88.009
chr3	110329129	1.2304028577098156	88.009
chr3	110379519	0.8908766953930147	88.071
chr3	110434521	0.0	88.12
chr3	110492241	0.0	88.12
chr3	110523437	7.643745744877937	88.12
chr3	110539594	9.601077021186672	88.2435
chr3	110553707	3.5373566298634915	88.379
chr3	110581694	5.609885528012454	88.478
chr3	110594885	2.1632510071816418	88.552
chr3	110709065	0.0	88.799
chr3	110779312	6.191396464103772	88.799
chr3	110807254	16.730741848212972	88.972
chr3	110821300	15.415456933500153	89.207
chr3	110835766	1.6490543178297228	89.43
chr3	110865480	0.41359229725714997	89.479
chr3	110895703	9.12106135986724	89.4915
chr3	110911984	0.8252690603238616	89.64
chr3	110956212	1.11880499531287	89.6765
chr3	110989283	2.8054067839837837	89.7135
chr3	111024572	2.7507248531706963	89.8125
chr3	111051474	0.9878213802436739	89.8865
chr3	111088424	2.843356884370261	89.923
chr3	111123242	3.7536460574760135	90.022
chr3	111185981	0.33531197607509305	90.2575
chr3	111296326	2.7238595371893743	90.2945
chr3	111337077	0.0	90.4055
chr3	111354649	3.0461091944580883	90.4055
chr3	111427693	3.0195965654654975	90.628
chr3	111452034	0.0	90.7015
chr3	111453141	4.2911591460327125	90.7015
chr3	111490660	0.69383478236253	90.8625
chr3	111525971	0.0	90.887
chr3	111570883	0.0	90.887
chr3	111597215	2.3540669856457503	90.887
chr3	111623340	11.405491377867401	90.9485
chr3	111647232	0.0	91.221
chr3	111663761	0.0	91.221
chr3	111674022	4.9549776145682065	91.221
chr3	111693901	0.0	91.3195
chr3	111707014	1.7496571617719736	91.3195
chr3	111728161	3.096072054041092	91.3565
chr3	111744149	0.0	91.406
chr3	111767831	0.0	91.406
chr3	111779557	0.5400119678327865	91.406
chr3	111916591	0.516123704529619	91.48
chr3	111940810	0.0	91.4925
chr3	111962586	1.4310747663545027	91.4925
chr3	111979706	0.7932310946589407	91.517
chr3	111994834	0.9541984732826597	91.529
chr3	112007934	0.0	91.5415
chr3	112056909	9.829672078956307	91.5415
chr3	112069473	1.5495435128566852	91.665
chr3	112093351	3.564242598447693	91.702
chr3	112128141	3.3119530032370768	91.826
chr3	112161505	6.733574160003775	91.9365
chr3	112227666	0.0	92.382
chr3	112268600	7.65108970065426	92.382
chr3	112288009	3.6921881072675666	92.5305
chr3	112321458	1.577488808356689	92.654
chr3	112344913	6.530530034240656	92.691
chr3	112409456	0.6294872231107921	93.1125
chr3	112468234	0.4978144730451289	93.1495
chr3	112591774	4.36893203883449	93.211
chr3	112603104	3.114670734808454	93.2605
chr3	112610970	0.0	93.285
chr3	112635834	0.0	93.285
chr3	112656896	0.0	93.285
chr3	112678963	0.0	93.285
chr3	112700891	0.0	93.285
chr3	112722067	1.3466717968451216	93.285
chr3	112740260	7.116885420361785	93.3095
chr3	112762812	1.298563629618026	93.47
chr3	112781679	0.0	93.4945
chr3	112794615	0.44225348790577423	93.4945
chr3	112879408	0.0	93.532
chr3	112907841	3.444899101178658	93.532
chr3	112936434	0.0	93.6305
chr3	113012698	0.0	93.6305
chr3	113036602	9.541984732826597	93.6305
chr3	113037912	0.0	93.643
chr3	113098232	0.0	93.643
chr3	113104326	0.0	93.643
chr3	113123453	0.0	93.643
chr3	113164186	0.0	93.643
chr3	113185164	5.186673519929172	93.643
chr3	113206565	0.0	93.754
chr3	113240868	0.0	93.754
chr3	113305831	0.4774153318521588	93.754
chr3	113357149	4.173824675167545	93.7785
chr3	113398478	5.104145184574577	93.951
chr3	113427572	0.0	94.0995
chr3	113486796	0.0	94.0995
chr3	113505741	0.0	94.0995
chr3	113523895	0.0	94.0995
chr3	113537307	0.0	94.0995
chr3	113554728	0.0	94.0995
chr3	113561731	31.177479568156343	94.0995
chr3	113571642	4.61374085346106	94.4085
chr3	113633414	0.0	94.6935
chr3	113661306	9.443593670241485	94.6935
chr3	113665224	0.15892776732975464	94.7305
chr3	113740730	0.0	94.7425
chr3	113752204	0.0	94.7425
chr3	113809275	0.32393035497330935	94.7425
chr3	113846320	529.9145299145703	94.7545
chr3	113846554	0.0	94.8785
chr3	113927580	0.0	94.8785
chr3	113996888	0.154998708344103	94.8785
chr3	114074308	0.0	94.8905
chr3	114080330	0.0	94.8905
chr3	114099007	0.0	94.8905
chr3	114258295	0.0	94.8905
chr3	114270974	0.0	94.8905
chr3	114295803	0.0	94.8905
chr3	114332965	0.0	94.8905
chr3	114376199	4.992117708880425	94.8905
chr3	114400938	0.0	95.014
chr3	114478797	6.822612085770898	95.014
chr3	114482388	0.0	95.0385
chr3	114501817	1.8517128343717455	95.0385
chr3	114541780	0.26619532348061764	95.1125
chr3	114588738	0.0	95.125
chr3	114613247	0.0	95.125
chr3	114631982	0.0	95.125
chr3	114659373	0.0	95.125
chr3	114754388	0.0	95.125
chr3	114778161	0.0	95.125
chr3	114797421	0.0	95.125
chr3	114817811	0.2761088531543303	95.125
chr3	114863083	1.6682663741488986	95.1375
chr3	114884962	8.359539827235928	95.174
chr3	114910083	11.75251036618877	95.384
chr3	114950117	1.2278855309980101	95.8545
chr3	114970070	0.0	95.879
chr3	114986832	3.7878787878771005	95.879
chr3	114993300	3.762793497893691	95.9035
chr3	114999944	3.625466281067979	95.9285
chr3	115023803	1.8321366674922575	96.015
chr3	115043998	1.3194033065856583	96.052
chr3	115062567	5.235849056603972	96.0765
chr3	115083767	25.15453684068062	96.1875
chr3	115105930	0.0	96.745
chr3	115121834	0.0	96.745
chr3	115129611	4.025451240098533	96.745
chr3	115145013	1.6887234629172387	96.807
chr3	115159521	1.8604825979100494	96.8315
chr3	115212733	0.9437232772236546	96.9305
chr3	115238694	0.24822621682560983	96.955
chr3	115287037	0.0	96.967
chr3	115320777	3.3490136864316904	96.967
chr3	115372434	0.0	97.14
chr3	115388356	0.0	97.14
chr3	115410690	0.0	97.14
chr3	115435162	0.0	97.14
chr3	115459649	0.0	97.14
chr3	115483452	0.0	97.14
chr3	115494067	0.0	97.14
chr3	115514270	0.0	97.14
chr3	115525234	0.0	97.14
chr3	115538348	0.6510416666668146	97.14
chr3	115557548	0.0	97.1525
chr3	115570804	0.0	97.1525
chr3	115583597	0.0	97.1525
chr3	115607706	2.4650166824358735	97.1525
chr3	115627787	4.214094669403729	97.202
chr3	115659941	0.0	97.3375
chr3	115678131	0.9666126756881741	97.3375
chr3	115716409	0.0	97.3745
chr3	115814379	0.0	97.3745
chr3	115844100	0.0	97.3745
chr3	115860837	10.478617955253196	97.3745
chr3	115867899	0.0	97.4485
chr3	115917609	0.4277159965783693	97.4485
chr3	115976059	0.0	97.4735
chr3	115997217	2.1527656310966536	97.4735
chr3	116071540	0.0	97.6335
chr3	116115508	0.0	97.6335
chr3	116200684	0.0	97.6335
chr3	116225968	0.0	97.6335
chr3	116247893	0.22786309984966216	97.6335
chr3	116357608	0.6664865351705291	97.6585
chr3	116413123	0.0	97.6955
chr3	116455936	0.0	97.6955
chr3	116471053	0.0	97.6955
chr3	116485890	1.753390225609651	97.6955
chr3	116535223	0.6860671202332888	97.782
chr3	116552714	0.0	97.794
chr3	116558774	4.882592007225158	97.794
chr3	116576490	3.736147224395934	97.8805
chr3	116616103	0.14114246355704801	98.0285
chr3	116704666	0.0	98.041
chr3	116716819	0.0	98.041
chr3	116746741	0.0	98.041
chr3	116757937	0.0	98.041
chr3	116772098	0.23046342353416532	98.041
chr3	116824167	0.0	98.053
chr3	116832065	0.0	98.053
chr3	116842332	0.0	98.053
chr3	116853907	0.0	98.053
chr3	116867027	0.0	98.053
chr3	116878876	0.0	98.053
chr3	116910368	1.8616427135308424	98.053
chr3	116923797	0.0	98.078
chr3	116932241	0.0	98.078
chr3	116947095	0.8896797153026108	98.078
chr3	116974633	0.0	98.1025
chr3	116985620	0.737724268176855	98.1025
chr3	117002564	5.237454880033836	98.115
chr3	117016693	0.8012820512822335	98.189
chr3	117032293	0.0	98.2015
chr3	117043079	0.0	98.2015
chr3	117056299	0.0	98.2015
chr3	117074043	0.0	98.2015
chr3	117091852	1.7927637535767984	98.2015
chr3	117119463	2.22747522502011	98.251
chr3	117141461	0.0	98.3
chr3	117153704	2.5293377500449723	98.3
chr3	117192647	0.0	98.3985
chr3	117211316	0.0	98.3985
chr3	117250218	11.5786903259944	98.3985
chr3	117274789	4.856762487056218	98.683
chr3	117295070	1.111645234947907	98.7815
chr3	117328354	1.3362168842202968	98.8185
chr3	117393089	0.0	98.905
chr3	117405047	5.702198105398474	98.905
chr3	117415920	0.0	98.967
chr3	117447841	0.0	98.967
chr3	117464066	0.0	98.967
chr3	117478296	0.0	98.967
chr3	117506386	0.46398000151509916	98.967
chr3	117559190	14.188476656120807	98.9915
chr3	117569621	1.9736055181210785	99.1395
chr3	117594702	0.0	99.189
chr3	117608130	7.264075462164216	99.189
chr3	117631877	0.0	99.3615
chr3	117672825	4.171288035877258	99.3615
chr3	117693562	1.7747193046000216	99.448
chr3	117707367	3.310551046561171	99.4725
chr3	117726095	68.5860382392195	99.5345
chr3	117730593	6.0444874274675255	99.843
chr3	117732661	4.373780956321181	99.8555
chr3	117749580	14.321474991575576	99.9295
chr3	117770353	11.504321420229077	100.227
chr3	117787477	0.222340803984145	100.424
chr3	117843697	1.9628836545324573	100.4365
chr3	117919351	0.1183116921529815	100.585
chr3	118020778	0.991070355984643	100.597
chr3	118070724	7.406913118910317	100.6465
chr3	118085710	3.4161203951626016	100.7575
chr3	118096541	0.0	100.7945
chr3	118101390	0.0	100.7945
chr3	118118792	0.0	100.7945
chr3	118124947	2.3936170212766865	100.7945
chr3	118166307	8.043968843270132	100.8935
chr3	118180044	23.36238655764138	101.004
chr3	118191173	0.0	101.264
chr3	118204242	0.0	101.264
chr3	118233095	0.514360957945965	101.264
chr3	118257397	0.6732495511669914	101.2765
chr3	118275221	2.7757528178093853	101.2885
chr3	118293054	0.0	101.338
chr3	118293827	6.901625560538212	101.338
chr3	118308099	8.041485044340849	101.4365
chr3	118328058	0.0	101.597
chr3	118347226	0.0	101.597
chr3	118399593	5.8544678833850226	101.597
chr3	118420688	5.390079760717903	101.7205
chr3	118436736	0.0	101.807
chr3	118449727	2.532714225411662	101.807
chr3	118454465	0.7566585956418185	101.819
chr3	118470985	0.0	101.8315
chr3	118484213	1.2524922038744994	101.8315
chr3	118503774	3.152155392742046	101.856
chr3	118515512	10.218702865761184	101.893
chr3	118528772	0.5833488893038474	102.0285
chr3	118550200	1.2799508498876553	102.041
chr3	118559966	0.5843681519357415	102.0535
chr3	118580501	2.0807936441210124	102.0655
chr3	118604290	2.394202148311514	102.115
chr3	118619744	0.0	102.152
chr3	118632951	1.7829125659681704	102.152
chr3	118646973	1.927484892685556	102.177
chr3	118666169	0.0	102.214
chr3	118686211	0.0	102.214
chr3	118706116	0.0	102.214
chr3	118726338	0.5542213190467603	102.214
chr3	118747990	0.47521289537723704	102.226
chr3	118774294	0.3324556504163101	102.2385
chr3	118811893	1.7541364433694557	102.251
chr3	118832986	0.5327764043987231	102.288
chr3	118856448	0.986031224322141	102.3005
chr3	118880788	0.0	102.3245
chr3	118897524	0.0	102.3245
chr3	118914603	0.5391416864353177	102.3245
chr3	118937788	0.0	102.337
chr3	118956174	0.0	102.337
chr3	118988149	2.879413646675695	102.337
chr3	119022531	1.4274294849821434	102.436
chr3	119031288	1.0756126631589913	102.4485
chr3	119065687	1.1320220744304943	102.4855
chr3	119086888	0.3765366767076349	102.5095
chr3	119283416	0.0	102.5835
chr3	119445577	4.042961571446227	102.5835
chr3	119470064	0.0	102.6825
chr3	119484703	3.3857979502188806	102.6825
chr3	119495631	2.6665650832350254	102.7195
chr3	119574384	2.3938407125448036	102.9295
chr3	119620753	0.0	103.0405
chr3	119641251	20.285634499541715	103.0405
chr3	119666318	0.0	103.549
chr3	119717623	1.7358667604969236	103.549
chr3	119738938	10.99881093935762	103.586
chr3	119752394	0.8003547518360817	103.734
chr3	119844853	0.3881987577636221	103.808
chr3	119877053	0.92252650507625	103.8205
chr3	119983825	13.204053790684808	103.919
chr3	119994087	4.107372526241113	104.0545
chr3	120018190	0.0	104.1535
chr3	120036053	2.781878051550278	104.1535
chr3	120053667	0.0	104.2025
chr3	120075137	0.0	104.2025
chr3	120098070	0.5130941630409179	104.2025
chr3	120122432	0.0	104.215
chr3	120158357	1.4581280788174158	104.215
chr3	120183732	1.5417951495960556	104.252
chr3	120207730	0.6882628246305279	104.289
chr3	120262215	0.0	104.3265
chr3	120289520	1.8835267766242179	104.3265
chr3	120309164	2.5762428631104255	104.3635
chr3	120323526	0.8844991523550125	104.4005
chr3	120350660	0.25571785115181134	104.4245
chr3	120399542	0.0	104.437
chr3	120415773	12.45371928643761	104.437
chr3	120418744	0.0	104.474
chr3	120438414	0.0	104.474
chr3	120460212	0.171809497629068	104.474
chr3	120532967	2.6649911166960707	104.4865
chr3	120556044	0.0	104.548
chr3	120575019	0.0	104.548
chr3	120602382	1.388764447630087	104.548
chr3	120647026	1.9067631722315586	104.61
chr3	120659875	0.0	104.6345
chr3	120665839	0.3309158095028116	104.6345
chr3	120702102	30.97960912446303	104.6465
chr3	120718629	5.622421879414134	105.1585
chr3	120736326	0.0	105.258
chr3	120753612	1.0494500881540458	105.258
chr3	120789345	2.310924369747655	105.2955
chr3	120810765	15.719614397132224	105.345
chr3	120831408	0.32093250147636243	105.6695
chr3	120870357	13.809225430182858	105.682
chr3	120891104	9.618856052400599	105.9685
chr3	120910493	0.0	106.155
chr3	120950984	2.369895150093109	106.155
chr3	120971871	0.814703773708065	106.2045
chr3	120987214	19.69768789171513	106.217
chr3	121006201	4.586672290173097	106.591
chr3	121025169	5.327724318605494	106.678
chr3	121064867	2.62187088274061	106.8895
chr3	121102817	0.0	106.989
chr3	121162862	0.0	106.989
chr3	121182826	0.0	106.989
chr3	121195481	8.262328943970697	106.989
chr3	121222592	1.863446630888915	107.213
chr3	121242716	0.0	107.2505
chr3	121261701	13.903236914600262	107.2505
chr3	121284933	4.825880298768365	107.5735
chr3	121305551	4.059373462358108	107.673
chr3	121317745	0.0	107.7225
chr3	121335149	6.99594235343461	107.7225
chr3	121342296	26.833203848682977	107.7725
chr3	121359029	0.0	108.2215
chr3	121376755	6.557936188025206	108.2215
chr3	121409006	8.283233132932214	108.433
chr3	121423976	0.6327512022274282	108.557
chr3	121443731	12.540172663683789	108.5695
chr3	121459600	2.5476408845407703	108.7685
chr3	121479226	44.76307046686488	108.8185
chr3	121490664	3.700883982574364	109.3305
chr3	121514307	10.498186676846673	109.418
chr3	121566697	0.7386397210898094	109.968
chr3	121583620	2.0998212033430628	109.9805
chr3	121655769	0.0	110.132
chr3	121685498	2.2061892552615783	110.132
chr3	121702269	0.0	110.169
chr3	121749839	0.6517205422316393	110.169
chr3	121769019	0.0	110.1815
chr3	121788761	0.0	110.1815
chr3	121791261	0.0	110.1815
chr3	121803019	0.0	110.1815
chr3	121819678	0.0	110.1815
chr3	121842460	0.0	110.1815
chr3	121864672	0.0	110.1815
chr3	121909243	0.0	110.1815
chr3	121928404	0.0	110.1815
chr3	121955901	0.0	110.1815
chr3	121971376	0.0	110.1815
chr3	121976458	0.0	110.1815
chr3	121992681	0.0	110.1815
chr3	122029078	0.0	110.1815
chr3	122061472	0.0	110.1815
chr3	122087235	1.0867927776701647	110.1815
chr3	122133702	3.6616662146090997	110.232
chr3	122181631	0.42066296483251236	110.4075
chr3	122270776	1.1744732313134043	110.445
chr3	122313774	0.0	110.4955
chr3	122371680	3.56537701214343	110.4955
chr3	122385844	0.14258138106509408	110.546
chr3	122477020	2.275071285567465	110.559
chr3	122493503	0.6750553545384582	110.5965
chr3	122512020	5.945832678506047	110.609
chr3	122531109	1.2571658453186003	110.7225
chr3	122541052	0.39535496674357523	110.735
chr3	122605551	29.943670323158404	110.7605
chr3	122608924	8.9486784402028	110.8615
chr3	122617361	0.0	110.937
chr3	122619321	0.0	110.937
chr3	122625992	0.0	110.937
chr3	122635926	0.0	110.937
chr3	122636862	0.0	110.937
chr3	122644692	0.0	110.937
chr3	122648474	1.080193570688113	110.937
chr3	122671618	0.0	110.962
chr3	122690549	3.757364434291211	110.962
chr3	122723817	0.0	111.087
chr3	122776566	3.7605145967339637	111.087
chr3	122796776	0.516870658286588	111.163
chr3	122820960	1.5900610583443995	111.1755
chr3	122844544	6.832320471790138	111.213
chr3	122872353	1.1474884869925421	111.403
chr3	123003509	0.0	111.5535
chr3	123049850	0.1222840707878307	111.5535
chr3	123152071	7.575757575754992	111.566
chr3	123155371	0.5838235954553928	111.591
chr3	123177638	0.0	111.604
chr3	123191584	0.0	111.604
chr3	123200354	0.15992835209829637	111.604
chr3	123278514	0.0	111.6165
chr3	123288486	0.0	111.6165
chr3	123318998	0.0	111.6165
chr3	123358326	0.0	111.6165
chr3	123377662	0.217099321492221	111.6165
chr3	123550394	0.0	111.654
chr3	123608915	0.0	111.654
chr3	123701289	0.0	111.654
chr3	123731639	0.0	111.654
chr3	123785747	3.1446540880504337	111.654
chr3	123825815	0.0	111.78
chr3	123838812	0.0	111.78
chr3	123865795	0.0	111.78
chr3	123879693	0.27458020910350045	111.78
chr3	123927038	0.4533584796165904	111.793
chr3	123954610	0.9531071292415435	111.8055
chr3	123980840	4.1765279131283775	111.8305
chr3	124016755	0.9623997103272073	111.9805
chr3	124069228	2.5113008538421475	112.031
chr3	124089138	2.7905656807717802	112.081
chr3	124120852	1.5454039685977428	112.1695
chr3	124137029	0.518930587844098	112.1945
chr3	124161117	3.07292738119734	112.207
chr3	124238893	0.7739938080497116	112.446
chr3	124255043	5.106778087279536	112.4585
chr3	124289507	0.0	112.6345
chr3	124303839	0.577901063338088	112.6345
chr3	124325469	5.906871208010469	112.647
chr3	124366015	2.050580997949497	112.8865
chr3	124433313	0.0	113.0245
chr3	124440205	0.5924732202105811	113.0245
chr3	124461303	2.9321964478534253	113.037
chr3	124568731	0.42682510414542246	113.352
chr3	124598017	3.9417354077472604	113.3645
chr3	124617171	0.8443093549478448	113.44
chr3	124631976	0.0	113.4525
chr3	124645671	0.9258573439006623	113.4525
chr3	124659172	0.0	113.465
chr3	124687098	0.0	113.465
chr3	124695134	5.67380433388872	113.465
chr3	124710732	7.627679187131481	113.5535
chr3	124781789	0.0	114.0955
chr3	124812977	6.613756613758118	114.0955
chr3	124814867	2.016129032258523	114.108
chr3	124821067	0.9377727433102365	114.1205
chr3	124874918	0.0	114.171
chr3	124890995	0.0	114.171
chr3	124915763	0.0	114.171
chr3	124939106	1.0168802115107372	114.171
chr3	124963691	7.294773699909036	114.196
chr3	124979113	2.4182244240666733	114.3085
chr3	125072570	1.3746838227210867	114.5345
chr3	125108942	0.0	114.5845
chr3	125109938	0.0	114.5845
chr3	125127095	1.4782506878988217	114.5845
chr3	125161257	0.0	114.635
chr3	125165040	19.39356626134994	114.635
chr3	125171537	1.6053425801069596	114.761
chr3	125187110	1.5711506808320213	114.786
chr3	125227208	0.0	114.849
chr3	125245350	0.0	114.849
chr3	125259782	4.509379509377971	114.849
chr3	125265326	0.0	114.874
chr3	125272966	0.0	114.874
chr3	125291911	3.959027210457009	114.874
chr3	125323737	10.173066186961197	115.0
chr3	125339858	7.299270072992635	115.164
chr3	125353695	0.0	115.265
chr3	125374989	0.0	115.265
chr3	125391278	0.0	115.265
chr3	125423682	0.0	115.265
chr3	125466650	3.278955954322894	115.265
chr3	125497300	9.413736649255556	115.3655
chr3	125522954	19.472473004071418	115.607
chr3	125539901	8.254577672770193	115.937
chr3	125573761	2.521177894312796	116.2165
chr3	125578719	42.397660818714066	116.229
chr3	125581113	6.454169733341127	116.3305
chr3	125598776	0.6942219374127426	116.4445
chr3	125617502	11.689463019250276	116.4575
chr3	125656982	0.0	116.919
chr3	125756194	1.072869281606973	116.919
chr3	125767845	11.29117959617408	116.9315
chr3	125779137	1.7000018994434825	117.059
chr3	125831784	21.019228352394467	117.1485
chr3	125847698	0.3278014166162391	117.483
chr3	125925489	8.779721235310365	117.5085
chr3	125940125	2.2191537626985753	117.637
chr3	125980681	14.715291106845502	117.727
chr3	126013504	0.0	118.21
chr3	126505747	0.0	118.21
chr3	126519524	0.0	118.21
chr3	126562846	0.48103607770602147	118.21
chr3	126589871	3.403720244547775	118.223
chr3	126612934	0.4478254295052877	118.3015
chr3	126698905	0.4900297787327262	118.34
chr3	126778492	3.3870043249438657	118.379
chr3	126797683	2.0051194539247885	118.444
chr3	126856283	0.0	118.5615
chr3	126898866	0.39854480052323293	118.5615
chr3	126996722	0.0	118.6005
chr3	127052006	3.4448418827737446	118.6005
chr3	127101210	0.0	118.77
chr3	127107417	4.798228346456875	118.77
chr3	127131801	12.399639828918762	118.887
chr3	127158455	0.0	119.2175
chr3	127199173	0.0	119.2175
chr3	127203509	0.948563603685917	119.2175
chr3	127273615	1.8554976740944114	119.284
chr3	127331012	0.0	119.3905
chr3	127360847	0.12508298775140256	119.3905
chr3	127464778	5.071166794511198	119.4035
chr3	127488244	0.6513491068376391	119.5225
chr3	127549655	0.0	119.5625
chr3	127553983	3.320561941252932	119.5625
chr3	127557898	0.0	119.5755
chr3	127561557	0.8134490238612022	119.5755
chr3	127609501	3.745611835506142	119.6145
chr3	127641405	0.7154781779156006	119.734
chr3	127733651	0.45380286803422915	119.8
chr3	127761196	0.0	119.8125
chr3	127762771	0.0	119.8125
chr3	127798869	2.5211713750081763	119.8125
chr3	127814338	2.2597133948915062	119.8515
chr3	127947762	0.0	120.153
chr3	127974086	1.7828978948087668	120.153
chr3	127988669	0.0	120.179
chr3	127998184	5.374121537825192	120.179
chr3	128015117	0.5355490157337471	120.27
chr3	128111280	0.34996096589240666	120.3215
chr3	128148427	0.0	120.3345
chr3	128191505	0.38845395326573295	120.3345
chr3	128224971	1.178689297501363	120.3475
chr3	128258907	0.343275612174674	120.3875
chr3	128298234	2.1218672431738836	120.401
chr3	128310723	0.0	120.4275
chr3	128343373	0.0	120.4275
chr3	128363187	0.0	120.4275
chr3	128381168	0.0	120.4275
chr3	128412856	0.4304984215060307	120.4275
chr3	128444215	0.9777876171499755	120.441
chr3	128471317	1.0515247108311274	120.4675
chr3	128483680	3.015447555900266	120.4805
chr3	128568742	0.8306855232281738	120.737
chr3	128616895	2.425502425502928	120.777
chr3	128628439	0.0	120.805
chr3	128646878	0.0	120.805
chr3	128684838	0.4886837333082028	120.805
chr3	128769760	2.0899494144375863	120.8465
chr3	128849427	0.22027770181992193	121.013
chr3	128915253	0.0	121.0275
chr3	128944616	0.0	121.0275
chr3	129009156	0.0	121.0275
chr3	129057669	0.41223177081395346	121.0275
chr3	129192302	0.31098108774291344	121.083
chr3	129235713	0.0	121.0965
chr3	129258962	0.0	121.0965
chr3	129282913	0.5305758878432302	121.0965
chr3	129412018	0.30046315295770665	121.165
chr3	129548474	0.5765350245025653	121.206
chr3	129572757	0.0	121.22
chr3	129592543	0.34768847112982404	121.22
chr3	129634247	0.0	121.2345
chr3	129701005	0.0	121.2345
chr3	129729247	0.0	121.2345
chr3	129768129	0.0	121.2345
chr3	129872861	0.0	121.2345
chr3	129936155	0.0	121.2345
chr3	129943562	0.0	121.2345
chr3	129965481	0.0	121.2345
chr3	129966320	0.0	121.2345
chr3	130010639	0.4722426277681329	121.2345
chr3	130039226	0.46207557502715657	121.248
chr3	130068442	0.0	121.2615
chr3	130099614	0.3123675227023314	121.2615
chr3	130144433	0.0	121.2755
chr3	130171555	0.0	121.2755
chr3	130186089	0.0	121.2755
chr3	130239022	0.0	121.2755
chr3	130272347	0.0	121.2755
chr3	130306951	0.0	121.2755
chr3	130342085	2.1732877369047285	121.2755
chr3	130373374	0.9212142481134273	121.3435
chr3	130418966	0.14237652791115302	121.3855
chr3	130513785	0.6598482349057734	121.399
chr3	130535002	0.0	121.413
chr3	130551605	0.0	121.413
chr3	130590888	0.945275311434651	121.413
chr3	130620509	0.39083219340598513	121.441
chr3	130656330	0.0	121.455
chr3	130843355	0.0	121.455
chr3	130847298	1.2608801757099939	121.455
chr3	130859591	1.4506277570409931	121.4705
chr3	130918531	0.18417122946742726	121.556
chr3	131018981	0.0	121.5745
chr3	131045982	0.0	121.5745
chr3	131057961	0.0	121.5745
chr3	131059188	0.46219713924310246	121.5745
chr3	131100296	0.34229466945415765	121.5935
chr3	131154343	0.0	121.612
chr3	131192217	0.0	121.612
chr3	131196101	0.0	121.612
chr3	131200214	1.5123776168117056	121.612
chr3	131225340	0.6214288020143831	121.65
chr3	131287294	0.7015776502544455	121.6885
chr3	131398472	0.14186667442695208	121.7665
chr3	131535925	0.0	121.786
chr3	131558686	0.0	121.786
chr3	131693581	0.0	121.786
chr3	131758600	0.0	121.786
chr3	131791770	0.0	121.786
chr3	131801592	0.0	121.786
chr3	131834873	0.0	121.786
chr3	131927256	0.0	121.786
chr3	131951502	0.0	121.786
chr3	131971754	0.0	121.786
chr3	131996163	0.0	121.786
chr3	132001702	0.8914244963449822	121.786
chr3	132024138	0.0	121.806
chr3	132046256	0.0	121.806
chr3	132064991	0.0	121.806
chr3	132075481	0.0	121.806
chr3	132118292	0.0	121.806
chr3	132140702	0.0	121.806
chr3	132178265	0.0	121.806
chr3	132235941	0.0	121.806
chr3	132297222	0.0	121.806
chr3	132331675	0.0	121.806
chr3	132350126	0.0	121.806
chr3	132476583	0.0	121.806
chr3	132493185	0.0	121.806
chr3	132498229	0.0	121.806
chr3	132518212	0.0	121.806
chr3	132529071	6.0034305317318335	121.806
chr3	132534901	0.0	121.841
chr3	132588300	0.0	121.841
chr3	132621206	0.0	121.841
chr3	132641572	0.0	121.841
chr3	132657668	0.0	121.841
chr3	132671443	0.0	121.841
chr3	132687664	0.0	121.841
chr3	132700426	0.0	121.841
