Chromosome	Position(bp)	Rate(cM/Mb)	Map(cM)
chr5	0	0.0	0.0
chr5	222124	1.1201524437348716	0.0
chr5	299792	0.0	0.087
chr5	450997	0.0	0.087
chr5	528008	0.0	0.087
chr5	569194	0.0	0.087
chr5	650127	3.6985466887129066	0.087
chr5	661618	8.872868431997782	0.1295
chr5	697683	0.8896401405631404	0.4495
chr5	720164	6.567971311868374	0.4695
chr5	772311	3.0570652173912976	0.812
chr5	784087	0.10878827987598147	0.848
chr5	949546	11.128523536529727	0.866
chr5	999957	7.689855765399637	1.427
chr5	1025055	0.0	1.62
chr5	1041403	0.0	1.62
chr5	1063346	1.8336089738980346	1.62
chr5	1118974	17.057253040640756	1.722
chr5	1125716	0.34864556480581416	1.837
chr5	1173042	0.0	1.8535
chr5	1196043	9.601754021207025	1.8535
chr5	1248950	4.5548971529764355	2.3615
chr5	1307678	5.587123697540748	2.629
chr5	1460082	0.2323390656297718	3.4805
chr5	2249876	1.9087357954545323	3.664
chr5	2272404	0.0	3.707
chr5	2274193	14.148622047244121	3.707
chr5	2278257	58.26271186440648	3.7645
chr5	2278729	0.0	3.792
chr5	2280494	0.0	3.792
chr5	2281917	1.2828513972678808	3.792
chr5	2325180	6.890503633174608	3.8475
chr5	2329171	4.1890576735920195	3.875
chr5	2352804	0.5322294500295535	3.974
chr5	2378169	0.4086233619839357	3.9875
chr5	2413654	0.16750210928582698	4.002
chr5	2494250	0.0	4.0155
chr5	2514453	0.0	4.0155
chr5	2514796	204.47761194029653	4.0155
chr5	2515131	0.0	4.084
chr5	2516479	0.4404404404404453	4.084
chr5	2641354	1.0504201680672292	4.139
chr5	2680862	0.0	4.1805
chr5	2706494	1.973840665873964	4.1805
chr5	2727519	0.0	4.222
chr5	2741950	6.855805139066904	4.222
chr5	2759891	4.761996568277775	4.345
chr5	2811760	3.350679954833343	4.592
chr5	2852498	2.740621398634275	4.7285
chr5	3201324	2.666140021724117	5.6845
chr5	3231705	9.048257372654126	5.7655
chr5	3243641	1.5717255717255723	5.8735
chr5	3303766	0.0	5.968
chr5	3308398	0.0	5.968
chr5	3324582	6.202508468369514	5.968
chr5	3346428	8.164780107626612	6.1035
chr5	3367984	1.1385747935203652	6.2795
chr5	3533981	5.188993620870227	6.4685
chr5	3544484	2.4428501632852644	6.523
chr5	3583373	0.0	6.618
chr5	3604502	0.3185075645546433	6.618
chr5	3648457	0.5628400491963923	6.632
chr5	3696428	1.2093948504645555	6.659
chr5	3740665	0.0	6.7125
chr5	3758059	0.0	6.7125
chr5	3771621	4.376930998970109	6.7125
chr5	3787157	2.3539823008849714	6.7805
chr5	3815407	8.734530636884983	6.847
chr5	3841911	0.32866307166072395	7.0785
chr5	3924062	1.9005952807860234	7.1055
chr5	3938005	1.0545956031475543	7.132
chr5	3950332	2.6076237435995395	7.145
chr5	3960878	3.4190817323347003	7.1725
chr5	3976233	0.0	7.225
chr5	4083184	0.0	7.225
chr5	4100365	0.0	7.225
chr5	4124299	17.58147512864497	7.225
chr5	4131295	0.0	7.348
chr5	4147732	0.9572196450924013	7.348
chr5	4161313	0.0	7.361
chr5	4170685	0.0	7.361
chr5	4183088	1.4920601087072616	7.361
chr5	4192471	0.0	7.375
chr5	4209542	0.0	7.375
chr5	4224079	1.4141771256849933	7.375
chr5	4252364	1.389133110603141	7.415
chr5	4280799	0.0	7.4545
chr5	4290298	0.6298449612403053	7.4545
chr5	4310938	0.0	7.4675
chr5	4322622	2.2351551956814713	7.4675
chr5	4334478	0.0	7.494
chr5	4349366	0.6038366854010823	7.494
chr5	4370895	3.861226371599825	7.507
chr5	4388247	2.755210173083758	7.574
chr5	4402402	7.2076882007474525	7.613
chr5	4411767	14.502956913545447	7.6805
chr5	4429522	1.0821643286573555	7.938
chr5	4441997	0.37007515372352257	7.9515
chr5	4477125	3.3567287152883654	7.9645
chr5	4496787	4.577887226116045	8.0305
chr5	4528461	0.0	8.1755
chr5	4530416	6.284414651663899	8.1755
chr5	4538770	5.362122998188682	8.228
chr5	4573551	0.455311973018567	8.4145
chr5	4603201	0.9625351695542648	8.428
chr5	4616707	0.0	8.441
chr5	4624325	2.192448233861084	8.441
chr5	4636640	0.0	8.468
chr5	4651642	0.0	8.468
chr5	4666499	11.865095489638422	8.468
chr5	4678804	6.997053872053826	8.614
chr5	4697812	8.871436881908078	8.747
chr5	4708126	54.2301339695358	8.8385
chr5	4713575	1.7858778276398801	9.134
chr5	4735413	23.837409576300384	9.173
chr5	4749928	0.43291381922753785	9.519
chr5	4782267	3.412802090137159	9.533
chr5	4812887	1.4063176114236153	9.6375
chr5	4822131	0.0	9.6505
chr5	4858110	0.0	9.6505
chr5	4868227	0.0	9.6505
chr5	4870185	1.1712766915939883	9.6505
chr5	4881284	13.780551222048864	9.6635
chr5	4888976	2.8282226853228996	9.7695
chr5	4902412	0.0	9.8075
chr5	4910401	3.017477858766429	9.8075
chr5	4923160	17.620941633521426	9.846
chr5	4944782	0.0	10.227
chr5	4952537	0.0	10.227
chr5	4960033	1.6260648632491421	10.227
chr5	5127308	11.543423643647717	10.499
chr5	5142035	0.0	10.669
chr5	5149761	0.0	10.669
chr5	5153862	0.0	10.669
chr5	5166516	0.0	10.669
chr5	5178443	2.9614721104082227	10.669
chr5	5195833	0.0	10.7205
chr5	5200719	0.0	10.7205
chr5	5210030	0.0	10.7205
chr5	5210138	0.0	10.7205
chr5	5216023	0.0	10.7205
chr5	5227843	0.0	10.7205
chr5	5251759	1.810165603269099	10.7205
chr5	5279657	1.9693239916682297	10.771
chr5	5306062	0.0	10.823
chr5	5344081	0.0	10.823
chr5	5374546	16.220830961866827	10.823
chr5	5383331	0.0	10.9655
chr5	5397671	7.190529159383338	10.9655
chr5	5410257	0.0	11.056
chr5	5422629	1.0954183860126934	11.056
chr5	5469643	0.9077045966160256	11.1075
chr5	5483414	2.0290307476197755	11.12
chr5	5489821	0.9539072039072852	11.133
chr5	5502925	1.6964877402253162	11.1455
chr5	5540650	0.0	11.2095
chr5	5588480	0.0	11.2095
chr5	5634813	2.5678943266521244	11.2095
chr5	5684854	5.566266558865665	11.338
chr5	5700933	0.0	11.4275
chr5	5714077	0.7433396764985305	11.4275
chr5	5730893	8.77914951989027	11.44
chr5	5760053	25.81351689612013	11.696
chr5	5776033	0.0	12.1085
chr5	5816023	2.1207584830340127	12.1085
chr5	5828047	1.0197783323940708	12.134
chr5	5865310	0.0	12.172
chr5	5882522	1.2038151680711084	12.172
chr5	5893321	0.0	12.185
chr5	5914231	5.9867616678611855	12.185
chr5	5937950	0.0	12.327
chr5	5970315	4.3850633778691375	12.327
chr5	5984910	7.613359131824722	12.391
chr5	5996797	8.706587984908568	12.4815
chr5	6007134	0.0	12.5715
chr5	6068019	1.6737507432774794	12.5715
chr5	6113426	2.276785714285642	12.6475
chr5	6135826	0.12692159291676156	12.6985
chr5	6332798	3.6121144762433732	12.7235
chr5	6339996	0.0	12.7495
chr5	6372673	6.653019447287792	12.7495
chr5	6380489	0.0	12.8015
chr5	6393697	14.143218698823842	12.8015
chr5	6407131	0.0	12.9915
chr5	6434976	0.0	12.9915
chr5	6457413	0.23966561852901466	12.9915
chr5	6509569	0.0	13.004
chr5	6516328	0.0	13.004
chr5	6524134	0.0	13.004
chr5	6530899	2.7972027972027758	13.004
chr5	6540194	2.78303259604195	13.03
chr5	6567682	1.6970171659813198	13.1065
chr5	6583003	0.7690414667158415	13.1325
chr5	6599257	0.2700717310517904	13.145
chr5	6645541	0.0	13.1575
chr5	6658022	0.1248241659585286	13.1575
chr5	6866315	34.04255319148939	13.1835
chr5	6870075	14.667784212130373	13.3115
chr5	6883199	0.0	13.504
chr5	6902800	0.5624296962879597	13.504
chr5	6925914	0.0	13.517
chr5	6937521	0.0	13.517
chr5	6952725	0.0	13.517
chr5	6962647	3.346044564079596	13.517
chr5	6989395	0.0	13.6065
chr5	6997348	5.549320364135094	13.6065
chr5	7013386	0.49100479220681387	13.6955
chr5	7038844	0.0	13.708
chr5	7051648	0.0	13.708
chr5	7068539	0.19120458891012931	13.708
chr5	7269894	4.127883447996775	13.7465
chr5	7282249	3.293418697761978	13.7975
chr5	7336448	0.0	13.976
chr5	7350465	3.073980463146385	13.976
chr5	7379743	0.2814154360546088	14.066
chr5	7559193	1.1869806959455318	14.1165
chr5	7591207	0.4573226502761969	14.1545
chr5	7618540	0.0	14.167
chr5	7643745	2.9905682079594893	14.167
chr5	7652439	10.463045414069459	14.193
chr5	7665915	1.4337708172493548	14.334
chr5	7674982	0.0	14.347
chr5	7707346	3.0978435790151972	14.347
chr5	7719774	0.0	14.3855
chr5	7728827	0.0	14.3855
chr5	7736032	0.0	14.3855
chr5	7746570	14.481094127111762	14.3855
chr5	7755271	42.564655172413886	14.5115
chr5	7762695	0.6765899864681951	14.8275
chr5	7781909	0.0	14.8405
chr5	7791519	1.0180047107668646	14.8405
chr5	7816568	0.0	14.866
chr5	7827566	0.0	14.866
chr5	7835394	0.0	14.866
chr5	7860887	0.0	14.866
chr5	7870725	1.027180783817944	14.866
chr5	7883381	0.0	14.879
chr5	7895525	0.0	14.879
chr5	7918406	0.0	14.879
chr5	7929500	0.3296062473061003	14.879
chr5	7968941	0.0	14.892
chr5	7985447	0.0	14.892
chr5	7997194	0.0	14.892
chr5	8011472	0.947903238037542	14.892
chr5	8024659	0.0	14.9045
chr5	8052126	0.0	14.9045
chr5	8063834	0.0	14.9045
chr5	8073448	1.9649101092304189	14.9045
chr5	8105765	0.0	14.968
chr5	8143594	0.0	14.968
chr5	8152312	0.0	14.968
chr5	8161442	0.0	14.968
chr5	8186693	0.0	14.968
chr5	8195730	0.0	14.968
chr5	8201858	1.926336877793079	14.968
chr5	8208347	0.0	14.9805
chr5	8245683	1.3878509661577774	14.9805
chr5	8255050	0.0	14.9935
chr5	8283860	2.0889653477513694	14.9935
chr5	8296067	0.0	15.019
chr5	8309579	0.0	15.019
chr5	8320653	4.616165812675975	15.019
chr5	8342316	4.425162689804786	15.119
chr5	8353841	0.8214560040966302	15.17
chr5	8400709	0.0	15.2085
chr5	8410066	0.9767682377951541	15.2085
chr5	8462279	0.0	15.2595
chr5	8477444	0.0	15.2595
chr5	8491698	0.9766387999063261	15.2595
chr5	8504497	0.0	15.272
chr5	8517117	0.0	15.272
chr5	8529786	0.0	15.272
chr5	8558149	1.520866285436098	15.272
chr5	8566368	4.136984268328928	15.2845
chr5	8593320	0.9298998569384764	15.396
chr5	8607300	1.2594458438286438	15.409
chr5	8617225	0.8379139294811161	15.4215
chr5	8632143	0.0	15.434
chr5	8641828	4.055050380928984	15.434
chr5	8654035	1.7394391196307948	15.4835
chr5	8668120	1.9224969843185287	15.508
chr5	8681384	8.490439898382062	15.5335
chr5	8688863	23.838524447537925	15.597
chr5	8694610	6.736728644570197	15.734
chr5	8713165	12.611416650862804	15.859
chr5	8728984	7.63345195729541	16.0585
chr5	8757084	1.6265867193979056	16.273
chr5	8772761	8.307802710386136	16.2985
chr5	8845223	0.0	16.9005
chr5	8854689	0.0	16.9005
chr5	8869293	0.0	16.9005
chr5	8888619	0.0	16.9005
chr5	8906284	0.0	16.9005
chr5	8918197	0.345513848195016	16.9005
chr5	8954375	0.0	16.913
chr5	8977295	0.0	16.913
chr5	8989419	5.00338066260974	16.913
chr5	8996814	0.47521289537710193	16.95
chr5	9023118	1.9812566828103146	16.9625
chr5	9054916	3.1921174994463564	17.0255
chr5	9082014	1.6095687071228884	17.112
chr5	9221803	0.0	17.337
chr5	9235719	0.0	17.337
chr5	9254384	0.0	17.337
chr5	9259250	2.298850574712513	17.337
chr5	9270125	0.5860233432631955	17.362
chr5	9290602	0.0	17.374
chr5	9364558	4.347521211696316	17.374
chr5	9378819	0.0	17.436
chr5	9394156	0.9923295606929956	17.436
chr5	9431442	0.0	17.473
chr5	9448697	0.0	17.473
chr5	9477242	0.0	17.473
chr5	9491167	0.0	17.473
chr5	9503105	0.0	17.473
chr5	9511921	0.0	17.473
chr5	9518870	0.6904742176927702	17.473
chr5	9555077	7.6739878274675615	17.498
chr5	9566414	0.6324310650138776	17.585
chr5	9586179	0.0	17.5975
chr5	9598314	0.0	17.5975
chr5	9607747	2.2126131593586855	17.5975
chr5	9647293	3.897944720056845	17.685
chr5	9659992	1.0259201875968236	17.7345
chr5	9683873	5.290632054176022	17.759
chr5	9698049	1.3557518493352707	17.834
chr5	9854051	0.0	18.0455
chr5	9863426	74.58675590710882	18.0455
chr5	9883148	3.3121184569425854	19.5165
chr5	9890847	1.4817781337604738	19.542
chr5	9915817	11.606205528986239	19.579
chr5	9932963	0.6372024264669849	19.778
chr5	9952580	4.796839729119152	19.7905
chr5	9957896	2.796550920531451	19.816
chr5	9962187	28.02893309222476	19.828
chr5	9966611	1.9122435267972004	19.952
chr5	9985960	0.0	19.989
chr5	9995639	2.4536532170119125	19.989
chr5	10015813	0.7364063370751252	20.0385
chr5	10066057	1.3093901982790737	20.0755
chr5	10084768	1.39805390895865	20.1
chr5	10102650	4.5974155069583515	20.125
chr5	10118746	0.6466562483158325	20.199
chr5	10137303	13.677610955287918	20.211
chr5	10167608	0.0	20.6255
chr5	10169851	1.0793541144981298	20.6255
chr5	10181432	1.1172352152539213	20.638
chr5	10214997	1.7666583389843278	20.6755
chr5	10243016	2.5397639815289033	20.725
chr5	10262506	0.0	20.7745
chr5	10294137	2.931681147035084	20.7745
chr5	10336263	0.0	20.898
chr5	10353713	2.173157162725885	20.898
chr5	10359465	1.249609497032225	20.9105
chr5	10369068	2.8315946348733427	20.9225
chr5	10382488	3.731201939467456	20.9605
chr5	10408887	0.46001545651931286	21.059
chr5	10436060	0.9861932938855456	21.0715
chr5	10448735	2.4050140899816284	21.084
chr5	10469317	2.36902927580889	21.1335
chr5	10495277	0.972017673048568	21.195
chr5	10546202	7.566462167689691	21.2445
chr5	10551092	0.0	21.2815
chr5	10562805	0.0	21.2815
chr5	10576167	6.568955042527138	21.2815
chr5	10589335	0.0	21.368
chr5	10597986	0.0	21.368
chr5	10599554	5.853041208574043	21.368
chr5	10612197	1.7132802370808962	21.442
chr5	10633793	7.93359625791075	21.479
chr5	10644696	0.0	21.5655
chr5	10672950	1.7179769103902265	21.5655
chr5	10687502	3.230485232067711	21.5905
chr5	10702670	6.816192104056326	21.6395
chr5	10726657	2.6526046660274343	21.803
chr5	10773592	2.2113909197583985	21.9275
chr5	10784671	10.430325426153232	21.952
chr5	10818227	0.0	22.302
chr5	10831052	5.2267269388332	22.302
chr5	10852289	0.0	22.413
chr5	10864857	2.5265957446808684	22.413
chr5	10879897	5.662076952773193	22.451
chr5	10895439	5.560250878519638	22.539
chr5	10917920	0.3604902667627769	22.664
chr5	10952595	3.587315253264508	22.6765
chr5	10966533	0.0	22.7265
chr5	10982745	18.81859598260501	22.7265
chr5	11002061	22.513878418203124	23.09
chr5	11016652	0.37902814090564124	23.4185
chr5	11081291	1.8973437187937017	23.443
chr5	11101319	0.0	23.481
chr5	11138542	0.0	23.481
chr5	11157248	0.2529852256628069	23.481
chr5	11206658	1.9831633479034925	23.4935
chr5	11219012	2.7371763288991464	23.518
chr5	11237279	9.394750327392765	23.568
chr5	11254842	127.473148671566	23.733
chr5	11256611	0.0	23.9585
chr5	11260950	7.668362311138038	23.9585
chr5	11274121	12.999889831442143	24.0595
chr5	11292275	12.317393177456582	24.2955
chr5	11343341	1.2014898474108064	24.9245
chr5	11384956	31.375000000000153	24.9745
chr5	11392956	32.463334814754944	25.2255
chr5	11417707	0.0	26.029
chr5	11435744	5.231784816986047	26.029
chr5	11537239	0.0	26.56
chr5	11566046	0.0	26.56
chr5	11569850	48.36085187843984	26.56
chr5	11590745	26.268472214418225	27.5705
chr5	11608542	0.8932559178204894	28.038
chr5	11621976	33.949390567037575	28.05
chr5	11637072	0.0	28.5625
chr5	11671176	24.31678181261277	28.5625
chr5	11700559	0.0	29.277
chr5	11713766	0.0	29.277
chr5	11733582	33.97429305912599	29.277
chr5	11830832	0.0	32.581
chr5	11834856	0.0	32.581
chr5	11855573	0.8920606601248378	32.581
chr5	11883598	89.19708613512636	32.606
chr5	11908582	0.24300378954557655	34.8345
chr5	12060843	0.0	34.8715
chr5	12081149	0.0	34.8715
chr5	12113070	0.0	34.8715
chr5	12138940	0.0	34.8715
chr5	12157754	0.878280636495177	34.8715
chr5	12186788	0.0	34.897
chr5	12206261	0.21003108460056866	34.897
chr5	12265776	0.0	34.9095
chr5	12285353	0.0	34.9095
chr5	12306037	0.5650468656518195	34.9095
chr5	12351166	0.0	34.935
chr5	12372256	1.5177132461266285	34.935
chr5	12473395	0.0	35.0885
chr5	12510019	0.0	35.0885
chr5	12544916	0.24999519240011006	35.0885
chr5	12596917	0.0	35.1015
chr5	12616821	2.357696194004539	35.1015
chr5	12643542	0.0	35.1645
chr5	12666458	0.5133048620237698	35.1645
chr5	12690810	0.0	35.177
chr5	12750387	0.6485420774101298	35.177
chr5	12769661	0.6557735395377046	35.1895
chr5	12787960	4.9329123914756465	35.2015
chr5	12798096	7.632422530910878	35.2515
chr5	12804647	0.0	35.3015
chr5	12851626	3.1499370012600942	35.3015
chr5	12863531	0.5565449688336083	35.339
chr5	12885991	0.9273657193173441	35.3515
chr5	12939368	10.757507844015963	35.401
chr5	12963909	1.2963904422979646	35.665
chr5	13003249	0.0	35.716
chr5	13120160	0.8865889845840701	35.716
chr5	13147794	1.62279705300069	35.7405
chr5	13178605	0.0	35.7905
chr5	13206618	2.110547030973649	35.7905
chr5	13224149	0.5677351733775057	35.8275
chr5	13247047	0.18681910320947798	35.8405
chr5	13586948	0.5287009063443286	35.904
chr5	13633288	0.0	35.9285
chr5	13654096	0.0	35.9285
chr5	13725869	0.0	35.9285
chr5	13733049	0.0	35.9285
chr5	13735213	0.19885143411658807	35.9285
chr5	13798074	0.0	35.941
chr5	13867044	0.0	35.941
chr5	13886411	0.0	35.941
chr5	13913760	4.274308955336101	35.941
chr5	13940314	0.0	36.0545
chr5	14004363	9.370472496144565	36.0545
chr5	14025760	0.0	36.255
chr5	14039894	0.0	36.255
chr5	14061654	0.0	36.255
chr5	14085082	0.0	36.255
chr5	14096246	11.662881345528065	36.255
chr5	14112537	8.154445191935226	36.445
chr5	14161590	0.0	36.845
chr5	14184920	0.0	36.845
chr5	14236866	0.3303644580702181	36.845
chr5	14274703	23.332418336535838	36.8575
chr5	14307490	0.6755661244120271	37.6225
chr5	14325993	88.95265423243146	37.635
chr5	14326690	8.514157828159831	37.697
chr5	14347244	1.6853175138196674	37.872
chr5	14369495	14.209807936043639	37.9095
chr5	14390009	0.539420877745775	38.201
chr5	14413182	39.54942790135738	38.2135
chr5	14427253	0.0	38.77
chr5	14433202	0.5911283457862355	38.77
chr5	14454348	1.7068273092370125	38.7825
chr5	14469288	3.0971077403305696	38.808
chr5	14489791	2.90415143240622	38.8715
chr5	14533005	0.0	38.997
chr5	14575653	0.23436514088947202	38.997
chr5	14631122	0.7279715799896826	39.01
chr5	14648293	0.0	39.0225
chr5	14692361	0.6487911722877934	39.0225
chr5	14788694	0.38702086816507947	39.085
chr5	14820992	8.601814200813589	39.0975
chr5	14840174	6.62212845757147	39.2625
chr5	14891366	0.0	39.6015
chr5	14909919	0.9650608579192577	39.6015
chr5	14935306	0.6064134284190968	39.626
chr5	14976532	2.156428488168728	39.651
chr5	14993690	0.7345115498193625	39.688
chr5	15060401	1.4561443581542606	39.737
chr5	15095425	0.5249013185522315	39.788
chr5	15143053	0.0	39.813
chr5	15270596	0.0	39.813
chr5	15319457	0.0	39.813
chr5	15334876	0.0	39.813
chr5	15372182	1.2316079873881476	39.813
chr5	15402630	0.0	39.8505
chr5	15476301	0.8570333115316947	39.8505
chr5	15520640	0.0	39.8885
chr5	15585755	0.08122762009842388	39.8885
chr5	15733488	1.016014807661346	39.9005
chr5	15783192	0.8776091081593699	39.951
chr5	15825352	34.29962381057781	39.988
chr5	15838909	3.4764243848033893	40.453
chr5	15923191	4.75472330442775	40.746
chr5	15947062	1.9976427815178373	40.8595
chr5	15997121	0.3227097290528932	40.9595
chr5	16074590	13.225752786558084	40.9845
chr5	16092623	1.5275071564311098	41.223
chr5	16134194	2.9884730325887	41.2865
chr5	16155275	0.0	41.3495
chr5	16244415	0.0	41.3495
chr5	16292819	0.0	41.3495
chr5	16314193	0.0	41.3495
chr5	16328791	0.0	41.3495
chr5	16370438	0.628930817610206	41.3495
chr5	16390313	0.0	41.362
chr5	16450825	0.0	41.362
chr5	16485462	0.0	41.362
chr5	16565840	4.003879682528373	41.362
chr5	16650383	3.9569108942174513	41.7005
chr5	16852940	0.9032444540787439	42.502
chr5	16866779	0.0	42.5145
chr5	16888183	0.0	42.5145
chr5	16910716	0.0	42.5145
chr5	16914873	0.0	42.5145
chr5	16927516	0.5517058745641209	42.5145
chr5	16972830	0.0	42.5395
chr5	17004201	1.5362427890646662	42.5395
chr5	17020149	0.0	42.564
chr5	17073846	0.0	42.564
chr5	17093455	0.0	42.564
chr5	17110305	0.0	42.564
chr5	17152952	7.54775107825117	42.564
chr5	17156198	0.0	42.5885
chr5	17162698	0.0	42.5885
chr5	17192567	1.1116051578478692	42.5885
chr5	17215057	3.21932338382526	42.6135
chr5	17241926	0.7765422128344249	42.7
chr5	17258023	2.279493859322641	42.7125
chr5	17279519	6.228847123208822	42.7615
chr5	17293406	21.699186280514578	42.848
chr5	17316264	0.0	43.344
chr5	17342047	1.861167002012024	43.344
chr5	17361927	0.3729784567644221	43.381
chr5	17395441	1.7995889518271324	43.3935
chr5	17594931	4.9841687238382075	43.7525
chr5	17669467	13.585601754910801	44.124
chr5	17689525	0.0	44.3965
chr5	17702757	0.0	44.3965
chr5	17712420	1.2080646477838228	44.3965
chr5	17773675	11.30201495519153	44.4705
chr5	17791194	0.0	44.6685
chr5	17870648	1.417420682691804	44.6685
chr5	17896399	4.056367089498038	44.705
chr5	17939048	24.743424606307443	44.878
chr5	17963115	4.954462659380664	45.4735
chr5	18018015	1.6099176139326303	45.7455
chr5	18094727	7.057701478302492	45.869
chr5	18115697	1.026823134953738	46.017
chr5	18139557	1.0713126285034493	46.0415
chr5	18185762	0.5770473640474443	46.091
chr5	18207424	0.3133617447982663	46.1035
chr5	18247314	1.3269761915783074	46.116
chr5	18312123	7.657156971718503	46.202
chr5	18320220	0.0	46.264
chr5	18448980	0.7562895508564961	46.264
chr5	18481375	1.6314652321530507	46.2885
chr5	18526733	0.08150543804284476	46.3625
chr5	18680097	0.23152993713801495	46.375
chr5	18837744	1.9648615785856849	46.4115
chr5	19007985	0.9147422853622471	46.746
chr5	19061552	0.0	46.795
chr5	19069911	1.1545211046453991	46.795
chr5	19080738	0.0	46.8075
chr5	19115425	0.0	46.8075
chr5	19153100	0.0	46.8075
chr5	19158114	0.0	46.8075
chr5	19226583	0.0	46.8075
chr5	19235686	0.0	46.8075
chr5	19260281	0.0	46.8075
chr5	19286866	5.762081784386725	46.8075
chr5	19329906	0.0	47.0555
chr5	19377318	0.0	47.0555
chr5	19385337	0.0	47.0555
chr5	19388005	0.0	47.0555
chr5	19400297	0.0	47.0555
chr5	19404516	0.0	47.0555
chr5	19436225	0.0	47.0555
chr5	19529007	0.0	47.0555
chr5	19564496	0.0	47.0555
chr5	19640689	0.0	47.0555
chr5	19678063	3.1814050123355657	47.0555
chr5	19685764	0.0	47.08
chr5	19697603	1.0100593667547535	47.08
chr5	19721859	0.0	47.1045
chr5	19757576	2.730567039248694	47.1045
chr5	19816355	1.3786398482699411	47.265
chr5	19879098	0.0	47.3515
chr5	19974799	0.0	47.3515
chr5	20040763	14.283514283514096	47.3515
chr5	20066737	0.49108195175622077	47.7225
chr5	20092191	0.0	47.735
chr5	20204083	0.6004574072602488	47.735
chr5	20430577	0.09525478750558754	47.871
chr5	20561804	0.05975037263238993	47.8835
chr5	21181047	0.41618978254085437	47.9205
chr5	21209880	0.0	47.9325
chr5	21238506	0.2285985991478364	47.9325
chr5	21293187	0.34403985357661876	47.945
chr5	21365853	1.4173150711944016	47.97
chr5	21487562	0.20667257159731153	48.1425
chr5	21606107	0.0	48.167
chr5	21635544	0.0	48.167
chr5	21678112	0.0	48.167
chr5	21727700	0.0	48.167
chr5	21745635	0.0	48.167
chr5	21768539	0.1030587847307753	48.167
chr5	21889829	0.0	48.1795
chr5	21970938	0.0	48.1795
chr5	22066046	0.09518666298871861	48.1795
chr5	22323435	0.8062955556990803	48.204
chr5	22338938	0.7493063853054747	48.2165
chr5	22437696	1.9153344017511427	48.2905
chr5	22463279	0.0	48.3395
chr5	22495559	0.0	48.3395
chr5	22520972	0.12617341273846056	48.3395
chr5	22719112	15.071854188573173	48.3645
chr5	22724818	0.14208489163986102	48.4505
chr5	23337128	0.0	48.5375
chr5	23377211	0.0	48.5375
chr5	23400842	2.2378516624040685	48.5375
chr5	23422738	0.0	48.5865
chr5	23443289	0.0	48.5865
chr5	23482502	0.0	48.5865
chr5	23500279	0.0	48.5865
chr5	23531635	0.0	48.5865
chr5	23597376	1.8136518521231937	48.5865
chr5	23651962	0.3001637256685578	48.6855
chr5	23816872	0.4571420076338908	48.735
chr5	24085935	9.404605490630164	48.858
chr5	24100396	5.209213268007047	48.994
chr5	24135910	0.0	49.179
chr5	24161188	1.0340646566926206	49.179
chr5	24640365	0.40664953316619723	49.6745
chr5	24671104	0.21078895293816827	49.687
chr5	24787334	0.0	49.7115
chr5	24799525	0.0	49.7115
chr5	24817943	0.16714507300897422	49.7115
chr5	25042299	3.2313452412181434	49.749
chr5	25084232	0.0	49.8845
chr5	25138272	0.09586425621320574	49.8845
chr5	25263449	2.4201827180601665	49.8965
chr5	25437816	3.317950814884034	50.3185
chr5	25523411	0.0	50.6025
chr5	25617017	0.0	50.6025
chr5	25639326	0.0	50.6025
chr5	25651776	0.0	50.6025
chr5	25742874	0.8076745566032603	50.6025
chr5	25773208	2.2641760729863094	50.627
chr5	25833274	3.566569084237039	50.763
chr5	25857527	0.9855979051498429	50.8495
chr5	25995007	0.4753828759379051	50.985
chr5	26072839	0.7568764999077267	51.022
chr5	26154094	0.0	51.0835
chr5	26189003	0.4100967493554985	51.0835
chr5	26248745	0.8530571992110544	51.108
chr5	26350145	12.72801217069091	51.1945
chr5	26416534	2.5043132284074616	52.0395
chr5	26530138	0.0	52.324
chr5	26793862	0.0	52.324
chr5	26811802	0.28577760670006525	52.324
chr5	26897533	0.0	52.3485
chr5	26898670	0.0	52.3485
chr5	26928547	0.0	52.3485
chr5	26938485	0.0	52.3485
chr5	27071239	0.0	52.3485
chr5	27149903	1.3313750776137876	52.3485
chr5	27233651	0.0	52.46
chr5	27265205	0.0	52.46
chr5	27379169	0.0	52.46
chr5	27403214	0.5232862375719717	52.46
chr5	27426146	0.0	52.472
chr5	27438571	0.8166666666665398	52.472
chr5	27468571	0.0	52.4965
chr5	27486055	0.0	52.4965
chr5	27486105	1.6809605488853032	52.4965
chr5	27500680	0.31439817900572936	52.521
chr5	27580197	0.0	52.546
chr5	27595815	0.3462699797779119	52.546
chr5	27631914	0.3562765857906445	52.5585
chr5	27770851	0.0	52.608
chr5	27832268	0.0	52.608
chr5	27908860	0.0	52.608
chr5	27965800	2.19121724353844	52.608
chr5	27976981	0.23154711274923157	52.6325
chr5	28082791	0.0	52.657
chr5	28098309	0.0	52.657
chr5	28153438	0.0	52.657
chr5	28169091	0.0	52.657
chr5	28187365	1.9145719412770463	52.657
chr5	28258138	4.00740076431476	52.7925
chr5	28381909	0.0	53.2885
chr5	28447891	4.047217537942817	53.2885
chr5	28453821	0.6822399301387863	53.3125
chr5	28472143	6.725329981143892	53.325
chr5	28496008	7.760487281704634	53.4855
chr5	28545425	0.0	53.869
chr5	28649014	0.0	53.869
chr5	28674904	4.480186999109566	53.869
chr5	28710840	0.1811112096750066	54.03
chr5	28846116	0.4710090732896586	54.0545
chr5	29160335	0.0	54.2025
chr5	29291277	0.0	54.2025
chr5	29329054	6.9296574395755375	54.2025
chr5	29355823	0.0	54.388
chr5	29452544	0.15592680986477836	54.388
chr5	29609669	0.0	54.4125
chr5	29740915	0.0	54.4125
chr5	29807655	0.0	54.4125
chr5	29828443	0.0	54.4125
chr5	29871154	0.0	54.4125
chr5	29941119	0.0	54.4125
chr5	30023263	1.3008389083571497	54.4125
chr5	30079765	2.8240895275908744	54.486
chr5	30193607	0.0	54.8075
chr5	30342227	12.608983131640864	54.8075
chr5	30407260	0.07126608475534547	55.6275
chr5	30582659	1.7975055025675855	55.64
chr5	30596289	0.0	55.6645
chr5	30657420	0.4840271055180191	55.6645
chr5	30683245	4.129317224356544	55.677
chr5	30737128	0.0	55.8995
chr5	30746164	0.0	55.8995
chr5	30749236	0.0	55.8995
chr5	30783585	0.0	55.8995
chr5	30901784	0.10321536505206791	55.8995
chr5	31022890	0.0	55.912
chr5	31063326	0.0	55.912
chr5	31099570	0.0	55.912
chr5	31110521	0.0	55.912
chr5	31141418	0.0	55.912
chr5	31144178	0.0	55.912
chr5	31184690	0.0	55.912
chr5	31196635	0.8188972184125689	55.912
chr5	31271736	0.0	55.9735
chr5	31324950	0.0	55.9735
chr5	31409844	0.0	55.9735
chr5	31476338	0.0	55.9735
chr5	31554031	0.0	55.9735
chr5	31633118	1.6985579589570294	55.9735
chr5	31647542	0.0	55.998
chr5	31735541	0.0	55.998
chr5	31752996	0.0	55.998
chr5	31768556	0.0	55.998
chr5	31804745	0.0	55.998
chr5	31876511	0.0	55.998
chr5	31897922	0.0	55.998
chr5	31918420	4.824854975457436	55.998
chr5	31936348	0.0	56.0845
chr5	31965311	0.0	56.0845
chr5	31969601	0.0	56.0845
chr5	31987748	0.0	56.0845
chr5	32013087	0.0	56.0845
chr5	32042069	0.1550599151512497	56.0845
chr5	32122683	0.0	56.097
chr5	32147373	0.146658532006708	56.097
chr5	32232605	0.0	56.1095
chr5	32288455	0.16128598693584117	56.1095
chr5	32362857	0.16895697229106293	56.1215
chr5	32433881	3.317280863113056	56.1335
chr5	32482264	0.0	56.294
chr5	32550641	0.3093523399411697	56.294
chr5	32631455	0.0	56.319
chr5	32644755	0.8800603469950857	56.319
chr5	32672594	0.0	56.3435
chr5	32739911	0.0	56.3435
chr5	32871910	0.0	56.3435
chr5	33161682	0.3028393333120813	56.3435
chr5	33569489	0.0	56.467
chr5	33838343	0.0	56.467
chr5	33842148	0.0	56.467
chr5	33871481	0.0	56.467
chr5	33970406	0.0	56.467
chr5	33991091	0.0	56.467
chr5	34022699	0.11991246390135657	56.467
chr5	34122772	0.0	56.479
chr5	34151818	0.6607638430024734	56.479
chr5	34189653	0.0	56.504
chr5	34221052	0.0	56.504
chr5	34303954	0.03210195581165904	56.504
chr5	34677763	0.2728244974572602	56.516
chr5	34769397	0.0	56.541
chr5	34798543	2.1007511776939216	56.541
chr5	34822106	0.11183080446610044	56.5905
chr5	34933882	0.0	56.603
chr5	34967935	0.0	56.603
chr5	35016163	0.0	56.603
chr5	35036217	0.6407037351295959	56.603
chr5	35093966	0.525465656933832	56.64
chr5	35634439	0.0881989768918881	56.924
chr5	35776164	0.08142951135776047	56.9365
chr5	35929671	0.08775586318861262	56.949
chr5	36066414	0.0	56.961
chr5	36115441	0.0	56.961
chr5	36151065	0.0	56.961
chr5	36197318	0.0	56.961
chr5	36236802	0.5599206096306557	56.961
chr5	36346639	0.0	57.0225
chr5	36367279	0.0	57.0225
chr5	36385238	0.2956433916356817	57.0225
chr5	36929813	0.0	57.1835
chr5	36953855	0.0	57.1835
chr5	37006434	0.0	57.1835
chr5	37071301	0.0	57.1835
chr5	37128089	0.0	57.1835
chr5	37397148	0.0	57.1835
chr5	37422474	0.0	57.1835
chr5	37876818	0.0	57.1835
chr5	37889694	0.0	57.1835
chr5	37947709	0.0	57.1835
chr5	37968620	0.0	57.1835
chr5	37981588	0.0	57.1835
chr5	37997337	0.0	57.1835
chr5	38009940	0.0	57.1835
chr5	38033696	0.0	57.1835
chr5	38080701	0.0	57.1835
chr5	38185707	0.17270670172492542	57.1835
chr5	38327566	0.0	57.208
chr5	38599412	0.0	57.208
chr5	38741540	0.0	57.208
chr5	38772760	0.0	57.208
chr5	38853108	0.0	57.208
chr5	38864889	0.0	57.208
chr5	38960518	0.022090741402100194	57.208
chr5	39503732	0.0	57.22
chr5	39515321	0.0	57.22
chr5	39761307	0.0	57.22
chr5	40434313	0.0	57.22
chr5	40804196	0.045592317147463216	57.22
chr5	41078365	0.0	57.2325
chr5	41461123	0.0	57.2325
chr5	41526936	0.0	57.2325
chr5	41567246	0.0	57.2325
chr5	41602115	0.0	57.2325
chr5	41616881	0.0	57.2325
chr5	41695573	0.05250049350462104	57.2325
chr5	41933666	0.0	57.245
chr5	42101129	0.05421348685029757	57.245
chr5	42783616	0.0	57.282
chr5	42796992	0.0	57.282
chr5	42806240	0.0	57.282
chr5	42816656	0.0775432618049266	57.282
chr5	43293809	0.1612225023039525	57.319
chr5	43752802	0.03493226052480032	57.393
chr5	44096324	0.0	57.405
chr5	44127766	0.0	57.405
chr5	44138727	0.13999328032249678	57.405
chr5	44228017	0.0	57.4175
chr5	44319616	0.10925282217878353	57.4175
chr5	44768117	0.0	57.4665
chr5	44956630	0.0	57.4665
chr5	45038543	0.05698260182559787	57.4665
chr5	45687864	0.5004358634939916	57.5035
chr5	45935648	0.0	57.6275
chr5	45961265	0.0	57.6275
chr5	46042284	0.0	57.6275
chr5	46082139	0.0	57.6275
chr5	46113896	0.0	57.6275
chr5	46156567	0.0	57.6275
chr5	46195596	0.0	57.6275
chr5	46266347	0.11480726730002444	57.6275
chr5	46370870	0.0	57.6395
chr5	46422017	0.0	57.6395
chr5	46521753	0.0	57.6395
chr5	46621797	0.6571776623709936	57.6395
chr5	46715379	0.11856882683262675	57.701
chr5	46820803	0.10260093366843952	57.7135
chr5	46937761	0.0	57.7255
chr5	46984419	0.4126910759682671	57.7255
chr5	47014708	0.0	57.738
chr5	47028838	0.0	57.738
chr5	47046071	0.1527967924897668	57.738
chr5	47127879	0.0	57.7505
chr5	47191745	2.7476607752858335	57.7505
chr5	47205211	0.20509987108004915	57.7875
chr5	47324665	0.7414235331836934	57.812
chr5	47374569	0.0	57.849
chr5	47424046	0.44039720987061354	57.849
chr5	47564828	0.24067979763245928	57.911
chr5	47666623	0.24467213933332632	57.9355
chr5	47766757	0.0	57.96
chr5	47789831	0.0	57.96
chr5	47855923	0.0	57.96
chr5	47927583	0.23358143469504386	57.96
chr5	48085986	0.07470402266222931	57.997
chr5	48253313	0.0	58.0095
chr5	48402813	0.5857868117004508	58.0095
chr5	48507800	1.676721622292669	58.071
chr5	48817929	0.11591891240235673	58.591
chr5	48925763	0.0	58.6035
chr5	48995439	0.0	58.6035
chr5	49014519	0.21357090554066824	58.6035
chr5	49129235	0.0	58.628
chr5	49150390	0.0	58.628
chr5	49476316	2.654724873967599	58.628
chr5	49606838	0.0	58.9745
chr5	49651466	0.0	58.9745
chr5	49701577	0.0	58.9745
chr5	49814536	0.0875140647604197	58.9745
chr5	50094491	0.0	58.999
chr5	50243917	0.0	58.999
chr5	50272209	0.29627151851098527	58.999
chr5	50690744	0.0	59.123
chr5	50860052	0.01679518341012473	59.123
chr5	51604313	0.0	59.1355
chr5	51950552	0.0	59.1355
chr5	52276103	0.0	59.1355
chr5	52542274	0.0	59.1355
chr5	52565887	0.1428888033499912	59.1355
chr5	52737349	0.0419319444541525	59.16
chr5	53023527	0.0	59.172
chr5	53148006	0.0	59.172
chr5	53276943	0.40185173278476316	59.172
chr5	53308049	0.2101989691612004	59.1845
chr5	53481694	0.47566027191559523	59.221
chr5	53716105	0.47624717228215063	59.3325
chr5	53741302	0.0	59.3445
chr5	53752814	0.0	59.3445
chr5	53793721	0.11689671941049304	59.3445
chr5	53900653	0.0	59.357
chr5	53999896	0.0	59.357
chr5	54059988	0.0	59.357
chr5	54190833	0.3420259102077744	59.357
chr5	54262465	0.0	59.3815
chr5	54285886	0.0	59.3815
chr5	54359182	0.6618620385350562	59.3815
chr5	54508760	0.0	59.4805
chr5	54606107	0.0	59.4805
chr5	54923970	0.5264333865579693	59.4805
chr5	55841465	0.0	59.9635
chr5	55993477	0.0	59.9635
chr5	56046785	0.0	59.9635
chr5	56089295	0.10130329793918573	59.9635
chr5	56331143	0.0	59.988
chr5	56376950	0.0	59.988
chr5	56398794	0.0	59.988
chr5	56426491	0.2729816419845869	59.988
chr5	56470450	0.12077177998282958	60.0
chr5	56573951	0.0	60.0125
chr5	56618476	0.09294371328720155	60.0125
chr5	56752966	0.0	60.025
chr5	56788593	0.5062297249830217	60.025
chr5	56836990	1.0564650507617752	60.0495
chr5	56895203	18.34103077614748	60.111
chr5	56944137	0.0	61.0085
chr5	56960623	0.0	61.0085
chr5	57011950	0.0	61.0085
chr5	57038915	0.0	61.0085
chr5	57064469	0.0	61.0085
chr5	57081783	0.0	61.0085
chr5	57125713	0.0	61.0085
chr5	57125937	0.0	61.0085
chr5	57149098	0.3217337588799249	61.0085
chr5	57187950	0.6686637423770053	61.021
chr5	57206644	0.0	61.0335
chr5	57233804	0.7070298972642539	61.0335
chr5	57337760	0.7064162575636755	61.107
chr5	57407832	5.877593755948979	61.1565
chr5	57428844	0.0	61.28
chr5	57530496	0.11870727774535761	61.28
chr5	57631585	1.4358894753181866	61.292
chr5	57657353	0.0	61.329
chr5	57689593	0.0	61.329
chr5	57711208	0.0	61.329
chr5	57731858	0.0	61.329
chr5	57753963	0.0	61.329
chr5	57837494	0.7078630189401001	61.329
chr5	57889764	2.3263105091547223	61.366
chr5	57969504	4.940598583504736	61.5515
chr5	57987012	0.800418177660273	61.638
chr5	58017621	0.4346465454291087	61.6625
chr5	58046380	0.0	61.675
chr5	58123382	1.5944093900535954	61.675
chr5	58270772	0.03519718873014975	61.91
chr5	58625914	0.22736746371595085	61.9225
chr5	58678692	0.0	61.9345
chr5	58697081	0.8672717768378236	61.9345
chr5	58739167	0.0	61.971
chr5	58783631	0.0	61.971
chr5	58798122	3.162541919599289	61.971
chr5	58821679	1.6104647341092024	62.0455
chr5	58836892	0.0	62.07
chr5	58854271	0.0	62.07
chr5	58872748	4.986740458895475	62.07
chr5	58890094	0.0	62.1565
chr5	58906254	0.0	62.1565
chr5	58930949	0.4459825888395796	62.1565
chr5	58958977	0.0	62.169
chr5	58984248	0.5085414201798222	62.169
chr5	59032425	0.7070135746607942	62.1935
chr5	59050105	0.36280257734938576	62.206
chr5	59084559	0.0	62.2185
chr5	59098985	1.8564671176442578	62.2185
chr5	59118646	0.3103898242813493	62.255
chr5	59276512	0.1391068229114027	62.304
chr5	59366371	0.0	62.3165
chr5	59383771	4.463477893721284	62.3165
chr5	59400350	2.168498168498112	62.3905
chr5	59434475	5.203959208158282	62.4645
chr5	59467815	0.0	62.638
chr5	59504492	6.2967610019053115	62.638
chr5	59526011	0.0	62.7735
chr5	59536031	0.13515350469443732	62.7735
chr5	60176044	3.412292187437945	62.86
chr5	60201247	0.0	62.946
chr5	60218808	2.6079168276492233	62.946
chr5	60332692	0.0	63.243
chr5	60346729	0.9054034477760203	63.243
chr5	60360535	4.686785550983259	63.2555
chr5	60373657	3.39436329973245	63.317
chr5	60402823	1.5847860538829888	63.416
chr5	60426170	0.0	63.453
chr5	60442553	4.950246255904828	63.453
chr5	60462451	0.0	63.5515
chr5	60476859	0.0	63.5515
chr5	60515811	0.8717129158797366	63.5515
chr5	60529577	0.0	63.5635
chr5	60545860	1.8348818463366194	63.5635
chr5	60593002	6.647204132045958	63.65
chr5	60615267	3.1997928457811162	63.798
chr5	60642300	4.659054185069149	63.8845
chr5	60660866	3.77696271068064	63.971
chr5	60683768	3.9508809396681186	64.0575
chr5	60693133	5.964694524893181	64.0945
chr5	60707635	0.0	64.181
chr5	60722687	0.0	64.181
chr5	60760838	7.45621640367596	64.181
chr5	60772372	0.0	64.267
chr5	60786814	0.5082127175151587	64.267
chr5	60811410	2.087149124675495	64.2795
chr5	60834887	3.2361401673636747	64.3285
chr5	60850183	0.0	64.378
chr5	60867431	0.0	64.378
chr5	60875357	0.0	64.378
chr5	60931507	0.11888010092679556	64.378
chr5	61137597	0.6618308889711497	64.4025
chr5	61194258	0.0	64.44
chr5	61217387	0.0	64.44
chr5	61231284	0.0	64.44
chr5	61277451	0.0	64.44
chr5	61298050	0.0	64.44
chr5	61317321	0.0	64.44
chr5	61351926	0.0	64.44
chr5	61389401	2.689647601273828	64.44
chr5	61407619	0.0	64.489
chr5	61426480	0.0	64.489
chr5	61444766	0.0	64.489
chr5	61477214	0.8383986585621781	64.489
chr5	61491527	0.0	64.501
chr5	61507335	2.92605071821214	64.501
chr5	61524252	0.0	64.5505
chr5	61540741	0.0	64.5505
chr5	61559632	0.0	64.5505
chr5	61589832	1.3376852694101173	64.5505
chr5	61608521	0.0	64.5755
chr5	61624324	0.0	64.5755
chr5	61641093	0.0	64.5755
chr5	61654250	0.0	64.5755
chr5	61669598	2.595427852348719	64.5755
chr5	61688670	0.33542039355994113	64.625
chr5	61724446	0.0	64.637
chr5	61745267	0.0	64.637
chr5	61759159	0.0	64.637
chr5	61800623	0.0	64.637
chr5	61816274	4.000646569142066	64.637
chr5	61828647	6.9802540560938375	64.6865
chr5	61844549	0.7036994485295065	64.7975
chr5	61879365	6.667067091116836	64.822
chr5	61896014	0.5257324732159472	64.933
chr5	61966392	0.6023491617307728	64.97
chr5	61986314	0.2910089863575649	64.982
chr5	62029268	0.0	64.9945
chr5	62044523	0.42059219380897855	64.9945
chr5	62074243	0.0	65.007
chr5	62097685	0.0	65.007
chr5	62115184	0.0	65.007
chr5	62130699	3.0326004548901833	65.007
chr5	62134656	0.0	65.019
chr5	62150450	0.3938868756891677	65.019
chr5	62213920	0.0	65.044
chr5	62238327	0.0	65.044
chr5	62254886	0.6314127861089426	65.044
chr5	62273891	1.2298307752856004	65.056
chr5	62294219	1.3365337406580817	65.081
chr5	62312550	0.0	65.1055
chr5	62389902	0.748869054896353	65.1055
chr5	62422618	1.5240185320656963	65.13
chr5	62439022	5.324418028727001	65.155
chr5	62455174	2.83885226536602	65.241
chr5	62481417	3.564511476490745	65.3155
chr5	62505684	0.0	65.402
chr5	62535851	0.0	65.402
chr5	62575107	0.0	65.402
chr5	62584292	0.0	65.402
chr5	62601777	0.0	65.402
chr5	62613134	0.46082949308757504	65.402
chr5	62639174	0.9470063004910245	65.414
chr5	62665045	0.656255859427024	65.4385
chr5	62702378	0.0	65.463
chr5	62718400	13.897780623133137	65.463
chr5	62737144	0.7224998494792253	65.7235
chr5	62753753	4.164980439767733	65.7355
chr5	62783405	1.5789024494327104	65.859
chr5	62806839	3.3042955842596626	65.896
chr5	62836800	4.662280494154464	65.995
chr5	62857927	0.4420387911590273	66.0935
chr5	62913352	0.0	66.118
chr5	62936193	0.0	66.118
chr5	63010398	0.08689280715434544	66.118
chr5	63436210	0.23391812865502395	66.155
chr5	63543085	0.6897740989817925	66.18
chr5	63560482	0.8711211564723393	66.192
chr5	63602956	4.122766834631397	66.229
chr5	63626969	0.28773429792835176	66.328
chr5	63712117	14.297291039591668	66.3525
chr5	63720755	2.0307231172724993	66.476
chr5	63787480	1.8404223676382923	66.6115
chr5	63868168	3.5037685883071306	66.76
chr5	63892713	0.12285978258735666	66.846
chr5	63994455	1.0550839188132646	66.8585
chr5	64076439	0.8214585079632287	66.945
chr5	64106264	2.702407599498225	66.9695
chr5	64124581	0.5715080088350802	67.019
chr5	64189322	0.0	67.056
chr5	64231850	2.6155803760784773	67.056
chr5	64245996	1.8448809213221562	67.093
chr5	64272827	3.7067172950005927	67.1425
chr5	64306010	0.9007021800670305	67.2655
chr5	64333211	2.8680688336517046	67.29
chr5	64350470	10.673794489092977	67.3395
chr5	64378342	11.73761906911675	67.637
chr5	64400493	6.098656723122984	67.897
chr5	64445011	0.0	68.1685
chr5	64458915	2.390092787478175	68.1685
chr5	64593847	1.1154292473906162	68.491
chr5	64904938	6.1819980217620385	68.838
chr5	64908982	18.54468385729369	68.863
chr5	64920306	9.167103195390604	69.073
chr5	64943214	0.998354064919779	69.283
chr5	64980275	0.0	69.32
chr5	64987739	0.0	69.32
chr5	64988898	0.0	69.32
chr5	65007221	12.702078521940434	69.32
chr5	65030603	5.325948018742493	69.617
chr5	65032950	0.8191685439279442	69.6295
chr5	65047599	5.487641652539434	69.6415
chr5	65058806	0.0	69.703
chr5	65066557	19.85957873620843	69.703
chr5	65081512	0.0	70.0
chr5	65131651	2.410552591649977	70.0
chr5	65172513	2.150975205650614	70.0985
chr5	65206916	15.267782593137465	70.1725
chr5	65232067	5.918295530887177	70.5565
chr5	65263326	3.028194950280233	70.7415
chr5	65287763	4.058122790941299	70.8155
chr5	65348875	1.0398223870947343	71.0635
chr5	65384458	0.0	71.1005
chr5	65400441	2.22172967724242	71.1005
chr5	65495187	22.583324680717894	71.311
chr5	65514449	0.0	71.746
chr5	65522303	1.5604020756976182	71.746
chr5	65577417	0.0	71.832
chr5	65590686	1.3675508519472719	71.832
chr5	65671853	1.209706982086607	71.943
chr5	65753691	9.027173165925984	72.042
chr5	65775514	13.894090330311622	72.239
chr5	65788865	1.3799401349501283	72.4245
chr5	65887420	3.9626707510373573	72.5605
chr5	65943569	1.844464730082829	72.783
chr5	66023538	5.235081261890928	72.9305
chr5	66103957	0.3032729213674659	73.3515
chr5	66145174	1.0398613518197968	73.364
chr5	66156714	1.975131896391751	73.376
chr5	66194433	10.0086780445474	73.4505
chr5	66211718	3.204018011776232	73.6235
chr5	66223266	6.195300608828016	73.6605
chr5	66307362	0.0	74.1815
chr5	66419256	0.0	74.1815
chr5	66474877	2.9218407596787084	74.1815
chr5	66478984	0.27258057481797815	74.1935
chr5	66524842	23.536165327208277	74.206
chr5	66527455	271.2912087912158	74.2675
chr5	66528183	0.0	74.465
chr5	66587278	1.345427715810894	74.465
chr5	66633360	2.0751281073981445	74.527
chr5	66656973	0.0	74.576
chr5	66721315	9.48592411260782	74.576
chr5	66734387	0.42083712465868894	74.7
chr5	66822307	28.44467640918589	74.737
chr5	66841467	10.844048912091374	75.282
chr5	66870008	0.0	75.5915
chr5	66897409	6.522984706245773	75.5915
chr5	66920098	0.0	75.7395
chr5	66945987	0.0	75.7395
chr5	66968445	0.0	75.7395
chr5	66998854	3.428904015992947	75.7395
chr5	67038371	0.0	75.875
chr5	67092748	0.0	75.875
chr5	67115107	0.0	75.875
chr5	67162791	0.3348244180752375	75.875
chr5	67200124	0.0	75.8875
chr5	67235786	0.0	75.8875
chr5	67297727	0.0	75.8875
chr5	67311334	0.24152722494885112	75.8875
chr5	67363088	0.0	75.9
chr5	67433893	2.900141087944743	75.9
chr5	67459409	0.9642085775997254	75.974
chr5	67472373	1.7607644573037278	75.9865
chr5	67577441	0.0	76.1715
chr5	67609540	0.0	76.1715
chr5	67662548	0.0	76.1715
chr5	67790792	0.0	76.1715
chr5	67896777	0.0	76.1715
chr5	67918207	0.0	76.1715
chr5	68109805	0.0	76.1715
chr5	68164170	0.2165177024874046	76.1715
chr5	68221902	0.0	76.184
chr5	68282058	0.0	76.184
chr5	68336860	0.0	76.184
chr5	68466566	0.0	76.184
chr5	68508345	0.0	76.184
chr5	68534851	0.0	76.184
chr5	68563061	0.0	76.184
chr5	68606635	0.0	76.184
chr5	68739148	0.0	76.184
chr5	68820397	0.0	76.184
chr5	68921212	0.9434541159146049	76.184
chr5	68986398	0.0	76.2455
chr5	68997895	0.0	76.2455
chr5	69024269	0.0	76.2455
chr5	69044329	0.0	76.2455
chr5	69071431	0.0	76.2455
chr5	69092358	0.0	76.2455
chr5	69130853	0.0	76.2455
chr5	69173070	0.0	76.2455
chr5	69258073	0.0	76.2455
chr5	69295291	0.8767622922070377	76.2455
chr5	69323805	0.0	76.2705
chr5	69367426	0.0	76.2705
chr5	69400163	0.0	76.2705
chr5	69449750	0.0	76.2705
chr5	69473203	0.47881534077634436	76.2705
chr5	69601645	0.0	76.332
chr5	69617195	0.0	76.332
chr5	69687699	0.0	76.332
chr5	69699683	0.0	76.332
chr5	69770950	0.0	76.332
chr5	69872902	0.5618551435285523	76.332
chr5	69961003	0.0	76.3815
chr5	69976622	0.0	76.3815
chr5	70014271	0.6635333149018775	76.3815
chr5	70032356	0.0	76.3935
chr5	70055269	0.23284242388964152	76.3935
chr5	70106806	2.497637370054808	76.4055
chr5	70121620	0.0	76.4425
chr5	70146754	1.3150050846866264	76.4425
chr5	70175271	0.0	76.48
chr5	70222705	0.0	76.48
chr5	70225252	0.6520458351813572	76.48
chr5	70376315	0.0	76.5785
chr5	70433386	0.0	76.5785
chr5	70454749	0.0	76.5785
chr5	70474165	2.719783675009238	76.5785
chr5	70537773	0.0	76.7515
chr5	70588229	21.159430554572236	76.7515
chr5	70616467	1.2638835695134627	77.349
chr5	70655632	1.2806896982569131	77.3985
chr5	70703653	0.6441035250029521	77.46
chr5	70857355	0.6467622290859084	77.559
chr5	70895236	0.0	77.5835
chr5	70940092	0.0	77.5835
chr5	70971295	0.0	77.5835
chr5	71027853	0.6599504363754793	77.5835
chr5	71064977	0.0	77.608
chr5	71103347	0.19386953104528126	77.608
chr5	71294197	0.49741211265720425	77.645
chr5	71368582	0.4379849118667685	77.682
chr5	71424520	0.0	77.7065
chr5	71448544	0.0	77.7065
chr5	71470060	2.0450320181778463	77.7065
chr5	71494265	2.6351865955826628	77.756
chr5	71527090	0.0	77.8425
chr5	71555827	0.0	77.8425
chr5	71643336	0.0	77.8425
chr5	71646842	0.49554013875135156	77.8425
chr5	71672067	0.22353028835408045	77.855
chr5	71725751	4.9844416272905905	77.867
chr5	71743105	2.1107733873672125	77.9535
chr5	71749027	3.1209918768707783	77.966
chr5	71760722	0.0	78.0025
chr5	71799169	0.28235825615547416	78.0025
chr5	71843439	1.6345080529419875	78.015
chr5	71881065	1.0255766252251368	78.0765
chr5	71904954	0.46247109555660443	78.101
chr5	71984959	0.11051286811826319	78.138
chr5	72098068	0.6919592932231181	78.1505
chr5	72169604	2.1360120078512317	78.2
chr5	72238892	8.299772821148295	78.348
chr5	72277628	0.0	78.6695
chr5	72312477	0.0	78.6695
chr5	72342966	0.0	78.6695
chr5	72354871	0.0	78.6695
chr5	72377107	0.0	78.6695
chr5	72393833	0.0	78.6695
chr5	72421552	0.7238027711307069	78.6695
chr5	72455401	5.099368780837462	78.694
chr5	72491680	2.3305283573685505	78.879
chr5	72523647	2.2559743973137776	78.9535
chr5	72561768	3.414337452655244	79.0395
chr5	72597939	0.0	79.163
chr5	72610453	1.718554427512783	79.163
chr5	72660786	16.125917342603476	79.2495
chr5	72681498	5.669828804198197	79.5835
chr5	72735997	1.4231863989540017	79.8925
chr5	72761995	0.2853294985046139	79.9295
chr5	72805804	2.621442328269131	79.942
chr5	72815150	0.0	79.9665
chr5	72845881	0.0	79.9665
chr5	72860498	0.24549757448401993	79.9665
chr5	72911415	0.8878741755455279	79.979
chr5	72939009	2.2434318022667976	80.0035
chr5	72977566	1.1249725616447506	80.09
chr5	73032234	0.5790253844729869	80.1515
chr5	73053822	1.4385132770884463	80.164
chr5	73079543	1.521673566748063	80.201
chr5	73152489	0.5777620563613559	80.312
chr5	73194894	0.5270063886081288	80.3365
chr5	73241383	0.037629407532512836	80.361
chr5	73573570	0.3818519038043217	80.3735
chr5	73637731	2.419969044050841	80.398
chr5	73678434	2.8904265568889596	80.4965
chr5	73712685	1.7958781699422126	80.5955
chr5	73919826	0.0	80.9675
chr5	73953157	1.0336807649238053	80.9675
chr5	73964766	6.992159081723459	80.9795
chr5	73977137	0.8022690437600448	81.066
chr5	74038837	3.874480784669769	81.1155
chr5	74096135	2.6688017080329414	81.3375
chr5	74114870	10.35932721712487	81.3875
chr5	74127950	0.13033986118805277	81.523
chr5	74220017	1.8526847865664484	81.535
chr5	74266706	6.35684219568749	81.6215
chr5	74278347	7.8116752876602105	81.6955
chr5	74297293	0.19854506178704265	81.8435
chr5	74360251	0.0	81.856
chr5	74383958	0.0	81.856
chr5	74418116	6.212037548315904	81.856
chr5	74457958	10.572961206561489	82.1035
chr5	74496547	16.57815415530386	82.5115
chr5	74517448	5.87360594795512	82.858
chr5	74551073	2.3489047242017502	83.0555
chr5	74645798	0.0	83.278
chr5	74704456	0.31748450675578155	83.278
chr5	74743828	0.6801564359803012	83.2905
chr5	74761471	0.0	83.3025
chr5	74806258	0.0	83.3025
chr5	74871137	0.0	83.3025
chr5	74891308	0.0	83.3025
chr5	74924813	0.8737555602628148	83.3025
chr5	74981465	0.0	83.352
chr5	75006050	0.0	83.352
chr5	75007419	0.0	83.352
chr5	75027564	2.296344405269752	83.352
chr5	75049120	0.6598691108942356	83.4015
chr5	75104434	0.0	83.438
chr5	75128722	9.409958696260588	83.438
chr5	75246629	0.2883236705940951	84.5475
chr5	75503285	0.0	84.6215
chr5	75512206	0.0	84.6215
chr5	75517484	1.1303577429507268	84.6215
chr5	75550217	0.26596876462819136	84.6585
chr5	75644213	0.0	84.6835
chr5	75676371	0.781873304611562	84.6835
chr5	75707706	0.0	84.708
chr5	75728519	1.7194620739786737	84.708
chr5	75764286	0.0	84.7695
chr5	75848495	0.8723375990789652	84.7695
chr5	75961410	0.188582463339612	84.868
chr5	76027694	0.0	84.8805
chr5	76105009	2.539123225205026	84.8805
chr5	76124307	0.4019292604497952	84.9295
chr5	76155407	0.0	84.942
chr5	76180230	0.987360335702586	84.942
chr5	76317971	27.13178294573609	85.078
chr5	76326614	0.11085098080950341	85.3125
chr5	76439378	0.0	85.325
chr5	76469639	0.10700863773726248	85.325
chr5	76586452	0.0	85.3375
chr5	76609707	0.0	85.3375
chr5	76646897	0.0	85.3375
chr5	76707156	0.0	85.3375
chr5	76755124	0.0	85.3375
chr5	76787291	0.33095687907664284	85.3375
chr5	76859808	0.3887843490971101	85.3615
chr5	76924111	1.0128989581612078	85.3865
chr5	76948299	0.0	85.411
chr5	76968402	0.0	85.411
chr5	77052781	0.0	85.411
chr5	77085315	2.6325088339222775	85.411
chr5	77113615	2.432410878060166	85.4855
chr5	77138693	2.8018529587573613	85.5465
chr5	77152077	0.8545816038230596	85.584
chr5	77180746	0.8433978813837549	85.6085
chr5	77195567	4.267671095599287	85.621
chr5	77253444	0.0	85.868
chr5	77302201	0.0	85.868
chr5	77304776	0.0	85.868
chr5	77339191	0.9219267005128375	85.868
chr5	77378782	0.12293469708893433	85.9045
chr5	77480462	0.40683482506111773	85.917
chr5	77511187	11.311307652949342	85.9295
chr5	77538549	0.0	86.239
chr5	77541675	0.0	86.239
chr5	77575174	35.94229334217686	86.239
chr5	77587235	0.0	86.6725
chr5	77638037	0.0	86.6725
chr5	77677757	3.4719293806754674	86.6725
chr5	77713328	0.0	86.796
chr5	77744570	0.0	86.796
chr5	77748080	0.0	86.796
chr5	77785390	0.0	86.796
chr5	77821983	0.0	86.796
chr5	77825183	1.4111006585134915	86.796
chr5	77860262	0.0	86.8455
chr5	77872948	0.0	86.8455
chr5	77892335	0.0	86.8455
chr5	77926964	0.0	86.8455
chr5	77948632	0.5919590219388059	86.8455
chr5	77990020	0.0	86.87
chr5	78032159	0.3089124390843103	86.87
chr5	78190780	7.75659441107331	86.919
chr5	78209925	0.0	87.0675
chr5	78288058	0.0	87.0675
chr5	78313497	0.0	87.0675
chr5	78357326	0.0	87.0675
chr5	78361123	1.226331796331094	87.0675
chr5	78381509	1.5702394934380643	87.0925
chr5	78420675	0.0	87.154
chr5	78484962	0.0	87.154
chr5	78503655	0.0	87.154
chr5	78668783	0.5939088706230267	87.154
chr5	78689830	0.0	87.1665
chr5	78725803	0.0	87.1665
chr5	78769233	0.0	87.1665
chr5	78851834	0.1457619707018494	87.1665
chr5	78934160	1.474659925364349	87.1785
chr5	78967388	0.0	87.2275
chr5	78975412	0.0	87.2275
chr5	79047368	0.0	87.2275
chr5	79093903	0.0	87.2275
chr5	79145587	189.76323119776723	87.2275
chr5	79147023	2.6319457540401427	87.5
chr5	79268986	0.32635771469679764	87.821
chr5	79344057	2.3518344308566026	87.8455
chr5	79349372	0.0	87.858
chr5	79359558	1.453179272701383	87.858
chr5	79401879	0.0	87.9195
chr5	79444609	0.0	87.9195
chr5	79461125	0.47294740824831033	87.9195
chr5	79487555	0.0	87.932
chr5	79513169	0.0	87.932
chr5	79534734	0.0	87.932
chr5	79557818	0.0	87.932
chr5	79575117	0.2503404630297773	87.932
chr5	79625049	0.0	87.9445
chr5	79649365	1.1360147374882386	87.9445
chr5	79681935	0.0	87.9815
chr5	79697860	0.28930401719296334	87.9815
chr5	79782546	0.6856207632507006	88.006
chr5	79872975	1.0256837891927155	88.068
chr5	79932935	40.11461318051728	88.1295
chr5	79938170	0.6209791599395337	88.3395
chr5	79978429	2.3568267812478574	88.3645
chr5	80009615	1.075731497418489	88.438
chr5	80021235	0.9232899899977268	88.4505
chr5	80034232	12.209041915302464	88.4625
chr5	80103443	4.570396420312115	89.3075
chr5	80176522	0.0	89.6415
chr5	80210987	0.0	89.6415
chr5	80220299	0.0	89.6415
chr5	80233983	0.0	89.6415
chr5	80298492	0.0	89.6415
chr5	80310079	0.0	89.6415
chr5	80393071	0.0	89.6415
chr5	80474079	1.7238969389184242	89.6415
chr5	80495542	0.5098677433974164	89.6785
chr5	80592626	0.13211639454359791	89.728
chr5	80683455	0.0	89.74
chr5	80705151	0.0	89.74
chr5	80741980	0.0	89.74
chr5	80765763	0.0	89.74
chr5	80770123	0.0	89.74
chr5	80785987	0.0	89.74
chr5	80816321	0.0	89.74
chr5	80847335	0.5705938741042974	89.74
chr5	80869242	0.0	89.7525
chr5	80890101	0.0	89.7525
chr5	81002651	0.0	89.7525
chr5	81041098	0.5372877713304467	89.7525
chr5	81064363	0.743604997025749	89.765
chr5	81081173	0.0	89.7775
chr5	81082944	0.0	89.7775
chr5	81089527	0.0	89.7775
chr5	81102038	0.3649254509436421	89.7775
chr5	81169175	0.0	89.802
chr5	81224038	0.0	89.802
chr5	81259093	0.7773565617410559	89.802
chr5	81306047	2.8468931016324683	89.8385
chr5	81397199	0.0	90.098
chr5	81427675	0.0	90.098
chr5	81433899	0.0	90.098
chr5	81443552	2.5778564732840565	90.098
chr5	81539562	0.0	90.3455
chr5	81544316	0.09925394120858592	90.3455
chr5	81665218	0.17957963997867651	90.3575
chr5	81804432	0.0	90.3825
chr5	81817848	0.43088891218025294	90.3825
chr5	81903717	0.0	90.4195
chr5	82033204	0.2349808099005337	90.4195
chr5	82084272	0.7721706575149329	90.4315
chr5	82148377	0.0	90.481
chr5	82222439	21.76113360323849	90.481
chr5	82226391	0.0	90.567
chr5	82570864	0.0	90.567
chr5	82635491	0.0	90.567
chr5	82666014	0.0	90.567
chr5	82694567	0.11462526707689835	90.567
chr5	82803618	0.0	90.5795
chr5	82818485	0.0	90.5795
chr5	82828264	0.0	90.5795
chr5	82876574	0.6450392183846244	90.5795
chr5	82934710	0.6588589638433312	90.617
chr5	83009081	0.0	90.666
chr5	83027412	0.0	90.666
chr5	83049648	0.0	90.666
chr5	83125688	0.3751758636861171	90.666
chr5	83157673	3.666764447052755	90.678
chr5	83161082	0.0	90.6905
chr5	83207402	0.0	90.6905
chr5	83227113	0.0	90.6905
chr5	83239524	1.8371546149321143	90.6905
chr5	83259936	0.5528602053481506	90.728
chr5	83304251	0.0	90.7525
chr5	83323516	5.7800751879694765	90.7525
chr5	83334156	1.8567739259929756	90.814
chr5	83387205	3.445592975436914	90.9125
chr5	83405199	0.6338617853851274	90.9745
chr5	83618968	6.799595699714974	91.11
chr5	83640734	1.6386387711865027	91.258
chr5	83701150	0.0	91.357
chr5	83712092	2.3996254243238218	91.357
chr5	83737721	0.31520054634762557	91.4185
chr5	83775792	0.0	91.4305
chr5	83787197	0.0	91.4305
chr5	83840718	1.720210144590922	91.4305
chr5	83862227	0.061305162385128065	91.4675
chr5	84066125	6.447892639965949	91.48
chr5	84075663	0.0	91.5415
chr5	84090278	0.0	91.5415
chr5	84149737	0.0	91.5415
chr5	84194144	0.4011295808999051	91.5415
chr5	84225306	1.6490618175331786	91.554
chr5	84247743	2.015015445042272	91.591
chr5	84296626	3.8790125007854463	91.6895
chr5	84328464	0.0	91.813
chr5	84384228	0.6794975391168722	91.813
chr5	84438680	1.2103171358010547	91.85
chr5	84499821	1.2571953694365872	91.924
chr5	84578170	0.0	92.0225
chr5	84605942	1.9803245176955353	92.0225
chr5	84637250	0.5365766410302475	92.0845
chr5	84659614	0.0	92.0965
chr5	84674725	12.037136996653297	92.0965
chr5	84693251	1.4574962577795607	92.3195
chr5	84718637	0.0	92.3565
chr5	84737785	0.6646726487205303	92.3565
chr5	84755839	2.12350780532634	92.3685
chr5	84773263	1.3212870049634657	92.4055
chr5	84801266	3.2196084540685264	92.4425
chr5	84820523	1.0139287177388157	92.5045
chr5	84869343	0.41045286632919875	92.554
chr5	84898579	13.812842210054393	92.566
chr5	84914651	0.7899892561462961	92.788
chr5	84930474	6.059282711938654	92.8005
chr5	84948793	16.431074060649472	92.9115
chr5	84965347	1.3500854135671623	93.1835
chr5	84983494	0.9895164741120837	93.208
chr5	85058278	0.0	93.282
chr5	85081317	0.26772901539983385	93.282
chr5	85128006	2.074776643943202	93.2945
chr5	85151623	0.0	93.3435
chr5	85185542	0.3107211215786778	93.3435
chr5	85225771	23.154644962110794	93.356
chr5	85236460	5.63341577356503	93.6035
chr5	85247377	2.517639135780236	93.665
chr5	85375076	6.287251053931808	93.9865
chr5	85402592	0.6157332151126961	94.1595
chr5	85422893	1.2018641157715624	94.172
chr5	85443278	0.32614935031056835	94.1965
chr5	85481604	0.0	94.209
chr5	85498484	0.0	94.209
chr5	85511839	0.0	94.209
chr5	85657204	0.0	94.209
chr5	85695415	0.5054334091483639	94.209
chr5	85742899	0.0	94.233
chr5	85749004	0.0	94.233
chr5	85788642	0.0	94.233
chr5	85809594	0.0	94.233
chr5	85826677	0.0	94.233
chr5	85860943	4.26321941827667	94.233
chr5	85875486	4.518622995350828	94.295
chr5	85894629	4.3752543752543005	94.3815
chr5	85914285	0.4541326067211146	94.4675
chr5	86023284	0.0	94.517
chr5	86050904	37.871071012805466	94.517
chr5	86064648	14.046822742475083	95.0375
chr5	86103518	0.0	95.5835
chr5	86131476	0.2680102915952582	95.5835
chr5	86178116	0.0	95.596
chr5	86200850	0.0	95.596
chr5	86239570	0.0	95.596
chr5	86255931	0.0	95.596
chr5	86284183	0.5828066043402869	95.596
chr5	86367401	0.0	95.6445
chr5	86398529	0.0	95.6445
chr5	86406945	0.0	95.6445
chr5	86433274	2.646293055615341	95.6445
chr5	86456703	0.0	95.7065
chr5	86486207	0.8496324039391415	95.7065
chr5	86515043	0.0	95.731
chr5	86548451	0.0	95.731
chr5	86573553	0.0	95.731
chr5	86582415	0.32434255763574626	95.731
chr5	86659494	3.483828794699188	95.756
chr5	86726805	0.8625045738880484	95.9905
chr5	86784196	0.150377824283518	96.04
chr5	86863995	0.873931420217964	96.052
chr5	87147198	0.4519093168637665	96.2995
chr5	87173752	0.5219206680585737	96.3115
chr5	87197702	6.4795517318467875	96.324
chr5	87336369	17.146776406039564	97.2225
chr5	87337098	0.0	97.235
chr5	87406068	0.47391531423493233	97.235
chr5	87457765	0.0	97.2595
chr5	87466259	0.0	97.2595
chr5	87479497	0.6473665130251615	97.2595
chr5	87498806	1.507537688442094	97.272
chr5	87539601	1.5337423312886922	97.3335
chr5	87555901	1.0620312974116384	97.3585
chr5	87578970	5.898534624134085	97.383
chr5	87597873	0.19095205512150049	97.4945
chr5	87660716	3.5077739855895933	97.5065
chr5	87702908	0.0	97.6545
chr5	87752622	0.52564720311886	97.6545
chr5	87775451	2.4873355442982263	97.6665
chr5	87830329	0.8728787274580297	97.803
chr5	87943174	1.1163039919029059	97.9015
chr5	87976767	1.045880787392524	97.939
chr5	88201458	0.0	98.174
chr5	88207033	14.48359773503673	98.174
chr5	88228402	0.0	98.4835
chr5	88281752	0.0	98.4835
chr5	88285419	0.0	98.4835
chr5	88316843	11.870572467930192	98.4835
chr5	88358627	2.551020408163067	98.9795
chr5	88382735	0.0	99.041
chr5	88404909	3.044452526485009	99.041
chr5	88490146	0.0	99.3005
chr5	88503123	2.8028933092223154	99.3005
chr5	88525243	3.8540191914430233	99.3625
chr5	88531600	0.0	99.387
chr5	88609813	2.936096718480045	99.387
chr5	88656133	12.503256056264664	99.523
chr5	88686845	0.25946529392234396	99.907
chr5	88735021	0.07347268652878572	99.9195
chr5	88898347	0.0	99.9315
chr5	88902468	0.5228375439182745	99.9315
chr5	88974192	3.249091132615646	99.969
chr5	89031131	2.6799491080372415	100.154
chr5	89105013	37.66419444196182	100.352
chr5	89116204	17.29288509277575	100.7735
chr5	89163738	1.1616589746002302	101.5955
chr5	89195589	0.37141583717138144	101.6325
chr5	89229244	12.225028366458153	101.645
chr5	89256565	4.1155684888798065	101.979
chr5	89280620	2.997893372224269	102.078
chr5	89292962	0.24356206224660423	102.115
chr5	89444874	33.06145408522007	102.152
chr5	89480429	6.902227295654387	103.3275
chr5	89518098	3.608078050753197	103.5875
chr5	89597226	0.0	103.873
chr5	89630888	0.2504207067871751	103.873
chr5	89680804	0.0	103.8855
chr5	89729179	0.0	103.8855
chr5	90018154	0.0	103.8855
chr5	90025787	0.0	103.8855
chr5	90071383	2.760524499655039	103.8855
chr5	90075730	0.0	103.8975
chr5	90170385	0.0	103.8975
chr5	90194558	0.0	103.8975
chr5	90231309	0.0	103.8975
chr5	90276374	0.0	103.8975
chr5	90310292	0.0	103.8975
chr5	90348253	0.0	103.8975
chr5	90360448	0.0	103.8975
chr5	90377320	0.0	103.8975
chr5	90476670	0.0	103.8975
chr5	90525194	0.0	103.8975
chr5	90549234	0.0	103.8975
chr5	90568713	0.0	103.8975
chr5	90627601	0.0	103.8975
chr5	90647579	0.0	103.8975
chr5	90657051	0.49912154607901466	103.8975
chr5	90682095	0.5371280572152302	103.91
chr5	90750049	1.2638177406307063	103.9465
chr5	90779721	0.6562713288183358	103.984
chr5	90798768	0.0	103.9965
chr5	90861479	0.6439094002070783	103.9965
chr5	90976402	2.6944995044599636	104.0705
chr5	91008690	0.5934295480441911	104.1575
chr5	91029754	0.0	104.17
chr5	91037003	1.3056431826147994	104.17
chr5	91094063	0.0	104.2445
chr5	91094233	0.0	104.2445
chr5	91115913	0.0	104.2445
chr5	91160092	0.0	104.2445
chr5	91183689	0.0	104.2445
chr5	91205585	0.0	104.2445
chr5	91224763	0.4222026917576263	104.2445
chr5	91282792	0.0	104.269
chr5	91359293	0.6264408138713357	104.269
chr5	91379247	0.0	104.2815
chr5	91407636	0.0	104.2815
chr5	91441263	0.0	104.2815
chr5	91459281	0.0	104.2815
chr5	91533707	0.17195918835263752	104.2815
chr5	91603491	0.0	104.2935
chr5	91619555	0.9185941834618392	104.2935
chr5	91673986	2.775927159670909	104.3435
chr5	91687495	0.7712683078839946	104.381
chr5	91751675	0.9838646202284803	104.4305
chr5	91764380	0.0	104.443
chr5	91796819	0.0	104.443
chr5	91827320	0.0	104.443
chr5	91844008	0.2710996887776189	104.443
chr5	91936225	0.0	104.468
chr5	91953944	0.0	104.468
chr5	91974557	2.6188065225742116	104.468
chr5	92003196	0.0	104.543
chr5	92019518	0.0	104.543
chr5	92039045	0.0	104.543
chr5	92069859	0.0	104.543
chr5	92090407	0.3828274541973701	104.543
chr5	92218402	0.0	104.592
chr5	92261585	8.477469276285897	104.592
chr5	92270373	12.727183896814905	104.6665
chr5	92290841	0.11498587973392944	104.927
chr5	92508259	0.0	104.952
chr5	92532526	0.0	104.952
chr5	92552721	0.0	104.952
chr5	92617950	0.0	104.952
chr5	92647754	0.4170628763993408	104.952
chr5	92707697	0.0	104.977
chr5	92722847	0.0	104.977
chr5	92786026	0.27579207483900015	104.977
chr5	92831350	0.0	104.9895
chr5	92852956	0.0	104.9895
chr5	92864623	0.1359094516867845	104.9895
chr5	92956596	0.0	105.002
chr5	93003177	0.0	105.002
chr5	93032233	0.6114910397844381	105.002
chr5	93072299	21.177587844255765	105.0265
chr5	93077564	34.319526627217435	105.138
chr5	93082634	27.41702741702748	105.312
chr5	93097187	0.0	105.711
chr5	93111090	0.0	105.711
chr5	93114663	0.0	105.711
chr5	93145859	0.3391117983777662	105.711
chr5	93182720	0.63345908250236	105.7235
chr5	93359527	0.0	105.8355
chr5	93386141	0.0	105.8355
chr5	93409667	0.0	105.8355
chr5	93447264	0.0	105.8355
chr5	93466485	0.0	105.8355
chr5	93474690	0.0	105.8355
chr5	93474735	1.325041140390195	105.8355
chr5	93521526	1.1474469305796795	105.8975
chr5	93575559	0.2381424885890148	105.9595
chr5	93625949	1.0320774413968525	105.9715
chr5	93710245	0.050780805667961955	106.0585
chr5	93956401	0.0	106.071
chr5	93982955	1.3727966613588318	106.071
chr5	94001166	6.440443213296151	106.096
chr5	94030046	24.428684003153013	106.282
chr5	94037660	0.0	106.468
chr5	94038357	0.0	106.468
chr5	94067345	0.2506516944054162	106.468
chr5	94216955	2.074342777326206	106.5055
chr5	94264922	2.0408579766932857	106.605
chr5	94313921	0.38610640936635465	106.705
chr5	94442124	5.989212572555032	106.7545
chr5	94515172	10.507981472265945	107.192
chr5	94541295	2.7568034365934677	107.4665
chr5	94586456	1.0979358805448258	107.591
chr5	94609226	0.23581346211897908	107.616
chr5	94662234	0.0	107.6285
chr5	94681757	0.0	107.6285
chr5	94705787	0.6392390498348582	107.6285
chr5	94744896	1.8194695452547367	107.6535
chr5	94785842	0.0	107.728
chr5	94801309	0.0	107.728
chr5	94836377	6.23540206873554	107.728
chr5	94860353	0.4500450045005524	107.8775
chr5	94888128	1.5721292919127285	107.89
chr5	94911981	3.3558558558558764	107.9275
chr5	94934181	0.6925399595558238	108.002
chr5	94970280	0.0	108.027
chr5	95008451	0.0	108.027
chr5	95014017	2.224911893489018	108.027
chr5	95042108	4.467724541673255	108.0895
chr5	95061581	0.0	108.1765
chr5	95100859	2.18205967458835	108.1765
chr5	95164102	3.575244513849071	108.3145
chr5	95188436	0.9029594958170234	108.4015
chr5	95215569	0.1234620740969797	108.426
chr5	95519306	0.0	108.4635
chr5	95532045	3.722453841572682	108.4635
chr5	95558909	0.0	108.5635
chr5	95570535	0.0	108.5635
chr5	95621615	1.32985825526867	108.5635
chr5	95715234	2.7028840705061077	108.688
chr5	95849350	0.0	109.0505
chr5	95873338	0.0	109.0505
chr5	95901831	0.0	109.0505
chr5	95929689	0.0	109.0505
chr5	95967812	7.55049101352588	109.0505
chr5	95989400	2.328367274629321	109.2135
chr5	96048669	0.0	109.3515
chr5	96134299	1.0273902233545762	109.3515
chr5	96231633	0.0	109.4515
chr5	96257566	0.0	109.4515
chr5	96278944	4.22595813996382	109.4515
chr5	96311481	8.897984606486757	109.589
chr5	96333958	0.0	109.789
chr5	96359856	1.8846459312683495	109.789
chr5	96592791	0.0	110.228
chr5	96603932	3.0241632898095454	110.228
chr5	96670562	5.719473445302078	110.4295
chr5	96681577	2.888664033684638	110.4925
chr5	96712214	1.8988395140181622	110.581
chr5	96778307	2.4833892507068946	110.7065
chr5	96808709	0.0	110.782
chr5	96886167	1.2163997552275092	110.782
chr5	97020169	8.15166759828635	110.945
chr5	97030903	3.911913683695129	111.0325
chr5	97137117	1.7599240159790595	111.448
chr5	97172914	0.0	111.511
chr5	97230192	1.7743929183778986	111.511
chr5	97280350	0.8583396278241325	111.6
chr5	97309476	3.0420353982298765	111.625
chr5	97338404	0.0	111.713
chr5	97480373	1.097019107073879	111.713
chr5	97607080	3.4488421744130062	111.852
chr5	97625347	0.0	111.915
chr5	97668853	0.4788377090534992	111.915
chr5	97882913	2.1869714818923733	112.0175
chr5	97900060	0.0	112.055
chr5	97917059	0.3883426594411125	112.055
chr5	98143663	0.0	112.143
chr5	98161734	0.0	112.143
chr5	98176208	0.0	112.143
chr5	98196389	0.792590059987998	112.143
chr5	98228562	0.730695037119474	112.1685
chr5	98245669	1.2189976088891297	112.181
chr5	98266998	0.4798818752309055	112.207
chr5	98294088	1.1261261261260995	112.22
chr5	98328276	0.0	112.2585
chr5	98349599	2.0330875024916057	112.2585
chr5	98374684	0.0	112.3095
chr5	98400216	0.0	112.3095
chr5	98422015	1.1759608838273412	112.3095
chr5	98454329	0.6480759066771238	112.3475
chr5	98533795	2.0557768924301305	112.399
chr5	98565170	1.350649350649402	112.4635
chr5	98594045	0.9121725006473549	112.5025
chr5	98679007	5.900012508860765	112.58
chr5	98702990	2.092723760463317	112.7215
chr5	98727838	2.8886554621848055	112.7735
chr5	98741166	2.1400387882032756	112.812
chr5	98771072	2.4398416720769447	112.876
chr5	98818821	9.748083242058996	112.9925
chr5	98850776	0.7634986562425387	113.304
chr5	98867148	2.777055612015613	113.3165
chr5	98909459	7.277674599404036	113.434
chr5	98955765	0.6764863553978158	113.771
chr5	98994938	1.5759960991920765	113.7975
chr5	99052362	0.8359322251871603	113.888
chr5	99083465	14.746853684311075	113.914
chr5	99093874	2.082270950195539	114.0675
chr5	99223300	0.0	114.337
chr5	99336111	19.398995626113113	114.337
chr5	99348457	0.10890019514917447	114.5765
chr5	99463241	0.0	114.589
chr5	99583074	0.0	114.589
chr5	99622539	0.4339118825101879	114.589
chr5	99652499	1.7822868110776655	114.602
chr5	99674381	1.2544525321354942	114.641
chr5	99706666	1.8540442736837046	114.6815
chr5	99751433	0.0	114.7645
chr5	99771340	6.276472853292681	114.7645
chr5	99784325	0.0	114.846
chr5	99829123	1.2705293249378344	114.846
chr5	99882644	0.15488420293775015	114.914
chr5	100060196	1.1457445870913212	114.9415
chr5	100094235	0.0	114.9805
chr5	100107417	0.0	114.9805
chr5	100121624	0.0	114.9805
chr5	100132159	0.0	114.9805
chr5	100143672	74.07407407405182	114.9805
chr5	100143861	2.9134756103035624	114.9945
chr5	100255240	0.0	115.319
chr5	100286253	0.21406005491744928	115.319
chr5	100353991	0.609315760967386	115.3335
chr5	100376147	4.288164665523495	115.347
chr5	100389556	0.0	115.4045
chr5	100409889	0.8997321727487104	115.4045
chr5	100457681	2.4100583640639512	115.4475
chr5	100492120	3.141529257108547	115.5305
chr5	100588729	8.204571574511716	115.834
chr5	100604391	0.8946894238950941	115.9625
chr5	100684307	0.25778416100454427	116.034
chr5	100738616	0.5435626650099314	116.048
chr5	100764372	0.26987859160347627	116.062
chr5	101034864	1.107627611842182	116.135
chr5	101088131	0.0	116.194
chr5	101111720	0.0	116.194
chr5	101134268	0.0	116.194
chr5	101154363	0.0	116.194
chr5	101179402	1.2914890869172646	116.194
chr5	101202631	0.25649087388927794	116.224
chr5	101263062	0.0	116.2395
chr5	101294827	0.0	116.2395
chr5	101357059	1.8095594658677376	116.2395
chr5	101365072	1.151852562871996	116.254
chr5	101391117	0.0	116.284
chr5	101421505	0.0	116.284
chr5	101477002	0.0	116.284
chr5	101496784	0.0	116.284
chr5	101526351	0.0	116.284
chr5	101553226	1.5939914626897254	116.284
chr5	101571733	0.0	116.3135
chr5	101651736	0.0	116.3135
chr5	101747592	0.0	116.3135
chr5	101780359	1.8392296873307667	116.3135
chr5	101835817	2.9261846328115833	116.4155
chr5	101846411	0.0	116.4465
chr5	101937278	2.424738632069473	116.4465
chr5	101969034	0.6908462867010013	116.5235
chr5	101989299	0.0	116.5375
chr5	102012519	1.3447487561074516	116.5375
chr5	102034828	0.3922108305237485	116.5675
chr5	102107493	2.592075012396445	116.596
chr5	102129676	0.0	116.6535
chr5	102175354	0.0	116.6535
chr5	102198964	0.0	116.6535
chr5	102222046	0.0	116.6535
chr5	102239448	0.0	116.6535
chr5	102263211	3.4307580655802337	116.6535
chr5	102293525	0.0	116.7575
chr5	102318507	2.0287072989838517	116.7575
chr5	102341428	0.6983912917829775	116.804
chr5	102362190	0.5637826054273686	116.8185
chr5	102388796	0.0	116.8335
chr5	102420329	0.411372154675853	116.8335
chr5	102496902	0.0	116.865
chr5	102524995	0.4947066389631137	116.865
chr5	102555316	0.0	116.88
chr5	102582106	0.3800792407629371	116.88
chr5	102668930	1.3395414149253573	116.913
chr5	102723053	0.0	116.9855
chr5	102748017	0.0	116.9855
chr5	102776370	0.0	116.9855
chr5	102805262	0.0	116.9855
chr5	102864660	0.0	116.9855
chr5	102884672	0.0	116.9855
chr5	102921073	0.0	116.9855
chr5	102975900	0.5863522550790254	116.9855
chr5	103070553	0.6105219090147326	117.041
chr5	103099217	0.0	117.0585
chr5	103162856	0.0	117.0585
chr5	103167882	0.0	117.0585
chr5	103244010	0.0	117.0585
chr5	103271729	1.2942803446687619	117.0585
chr5	103299930	0.5528307770816414	117.095
chr5	103370476	0.0	117.134
chr5	103399391	0.0	117.134
chr5	103438350	0.0	117.134
chr5	103467094	0.0	117.134
chr5	103507916	0.0	117.134
chr5	103626848	0.0	117.134
chr5	103670452	0.0	117.134
chr5	103693705	0.0	117.134
chr5	103715673	0.0	117.134
chr5	103739376	0.0	117.134
chr5	103822582	0.0	117.134
chr5	103849895	0.0	117.134
chr5	103875002	0.0	117.134
chr5	103894416	0.0	117.134
chr5	103969692	0.0	117.134
chr5	103990567	0.0	117.134
chr5	104012040	0.0	117.134
chr5	104036600	0.0	117.134
chr5	104064832	0.0	117.134
chr5	104117967	0.0	117.134
chr5	104139207	0.0	117.134
chr5	104155444	0.8745305828489451	117.134
chr5	104213761	0.0	117.185
chr5	104239160	0.0	117.185
chr5	104246978	0.0	117.185
chr5	104277718	0.0	117.185
chr5	104293530	0.0	117.185
chr5	104347515	0.0	117.185
chr5	104361304	0.0	117.185
chr5	104384359	0.0	117.185
chr5	104415535	0.0	117.185
chr5	104434460	0.0	117.185
chr5	104477605	0.0	117.185
