Chromosome	Position(bp)	Rate(cM/Mb)	Map(cM)
chr5	0	0.0	0.0
chr5	222124	0.1802544162331977	0.0
chr5	299792	0.09589629972553818	0.014
chr5	450997	0.3570918440222825	0.0285
chr5	528008	12.637789540134996	0.056
chr5	569194	0.4201005770204988	0.5765
chr5	650127	4.525280654425197	0.6105
chr5	661618	0.305004852349924	0.6625
chr5	697683	0.0	0.6735
chr5	720164	1.5053763440860228	0.6735
chr5	748064	0.7629809873386383	0.7155
chr5	772311	6.453804347826092	0.734
chr5	784087	0.9851383122102753	0.81
chr5	949546	4.899724266529131	0.973
chr5	999957	1.235158179934653	1.22
chr5	1025055	0.0	1.251
chr5	1041403	0.6835892995488367	1.251
chr5	1063346	2.0403393974257553	1.266
chr5	1118974	22.32275289231683	1.3795
chr5	1125716	7.575117271689981	1.53
chr5	1173042	0.28259640885178694	1.8885
chr5	1196043	4.98988791653278	1.895
chr5	1248950	0.7066475956954109	2.159
chr5	1307678	4.9473767092727226	2.2005
chr5	1460082	0.7869140560703173	2.9545
chr5	2249876	7.2576349431818175	3.576
chr5	2272404	19.005030743431977	3.7395
chr5	2274193	40.108267716535494	3.7735
chr5	2278257	112.2881355932202	3.9365
chr5	2278729	29.461756373937703	3.9895
chr5	2280494	26.352775825720062	4.0415
chr5	2281917	1.398423595219939	4.079
chr5	2325180	0.0	4.1395
chr5	2329171	4.337155672153346	4.1395
chr5	2352804	4.750640646560214	4.242
chr5	2378169	2.9730872199520966	4.3625
chr5	2413654	0.9491786192863199	4.468
chr5	2494250	5.3209919318912995	4.5445
chr5	2514453	26.239067055391992	4.652
chr5	2514796	107.46268656716559	4.661
chr5	2515131	55.63798219584583	4.697
chr5	2516479	1.669669669669669	4.772
chr5	2641354	10.213121393135571	4.9805
chr5	2680862	1.8921660424469322	5.384
chr5	2706494	0.6420927467300653	5.4325
chr5	2727519	2.148153281130939	5.446
chr5	2741950	9.586979544061073	5.477
chr5	2759891	14.420945073165093	5.649
chr5	2811760	0.7609602827826525	6.397
chr5	2852498	3.0960994879968813	6.428
chr5	3201324	8.50860735328	7.508
chr5	3231705	0.0	7.7665
chr5	3243641	0.0	7.7665
chr5	3303766	12.197754749568364	7.7665
chr5	3308398	1.328472565496764	7.823
chr5	3324582	4.142634807287356	7.8445
chr5	3346428	7.445722768602703	7.935
chr5	3367984	2.301246408067614	8.0955
chr5	3533981	0.0	8.4775
chr5	3544484	0.1157139551029898	8.4775
chr5	3583373	0.0	8.482
chr5	3604502	0.5915140484586463	8.482
chr5	3648457	1.8865564611953152	8.508
chr5	3696428	0.9720369826163853	8.5985
chr5	3740665	0.0	8.6415
chr5	3758059	0.0	8.6415
chr5	3771621	1.6735324407826855	8.6415
chr5	3787157	0.30088495575220287	8.6675
chr5	3815407	4.395562933896781	8.676
chr5	3841911	1.5763654733356887	8.7925
chr5	3924062	2.1516172990030378	8.922
chr5	3938005	1.4196479273140319	8.952
chr5	3950332	4.077375308173645	8.9695
chr5	3960878	1.3676326929339495	9.0125
chr5	3976233	0.8087815915699632	9.0335
chr5	4083184	0.0	9.12
chr5	4100365	1.2534469791928278	9.12
chr5	4124299	2.5014293882218515	9.15
chr5	4131295	0.5171259962280058	9.1675
chr5	4147732	0.9572196450924013	9.176
chr5	4161313	2.2940674349124657	9.189
chr5	4170685	0.0	9.2105
chr5	4183088	0.0	9.2105
chr5	4192471	1.5002885170224927	9.2105
chr5	4201136	1.5465143944801214	9.2235
chr5	4209542	1.7541445965468092	9.2365
chr5	4224079	5.161746508750187	9.262
chr5	4252364	0.4571830490592545	9.408
chr5	4280799	0.4210969575746221	9.421
chr5	4290298	1.2354651162790307	9.425
chr5	4310938	3.680246490927701	9.4505
chr5	4322622	9.067139001349672	9.4935
chr5	4334478	0.0	9.601
chr5	4349366	0.9986529797017805	9.601
chr5	4370895	6.166436145689218	9.6225
chr5	4388247	4.8039561992228625	9.7295
chr5	4402402	27.97650827549391	9.7975
chr5	4411767	9.18051253168123	10.0595
chr5	4429522	15.83166332665329	10.2225
chr5	4441997	0.483944431792287	10.42
chr5	4477125	2.1869596175364174	10.437
chr5	4496787	5.114605038833082	10.48
chr5	4528461	129.92327365728968	10.642
chr5	4530416	1.1823345311231803	10.896
chr5	4573551	1.146711635750445	10.947
chr5	4603201	1.5918850881089612	10.981
chr5	4616707	0.0	11.0025
chr5	4624325	9.013398294762538	11.0025
chr5	4636640	0.5665911211838242	11.1135
chr5	4651642	17.496807151979624	11.122
chr5	4659472	2.419240074000208	11.259
chr5	4666499	25.802519301097178	11.276
chr5	4678804	30.566077441077415	11.5935
chr5	4697812	3.3449680046538233	12.1745
chr5	4708126	23.582308680491966	12.209
chr5	4713575	8.0364502243795	12.3375
chr5	4735413	4.960385807785116	12.513
chr5	4749928	4.112681282661774	12.585
chr5	4782267	4.866100587851108	12.718
chr5	4812887	23.150151449588776	12.867
chr5	4822131	1.1812446149142672	13.081
chr5	4858110	0.3953741227636216	13.1235
chr5	4868227	0.0	13.1275
chr5	4881284	1.6900676027040953	13.1275
chr5	4888976	0.6067677946324341	13.1405
chr5	4910401	4.663374872638912	13.1535
chr5	4923160	7.885487003977455	13.213
chr5	4944782	42.488716956801994	13.3835
chr5	4952537	0.5336179295626116	13.713
chr5	4960033	1.4526976535644915	13.717
chr5	5127308	0.8827323962789366	13.96
chr5	5142035	0.0	13.973
chr5	5149761	0.0	13.973
chr5	5153862	0.0	13.973
chr5	5166516	0.0	13.973
chr5	5178443	1.006325474410585	13.973
chr5	5195833	0.0	13.9905
chr5	5200719	0.0	13.9905
chr5	5210030	0.0	13.9905
chr5	5210138	0.679694137637988	13.9905
chr5	5216023	0.6768189509305516	13.9945
chr5	5227843	0.0	14.0025
chr5	5251759	0.0	14.0025
chr5	5279657	0.17042226850975842	14.0025
chr5	5306062	0.11836187169573557	14.007
chr5	5344081	0.42671918595108815	14.0115
chr5	5374546	0.4553215708593693	14.0245
chr5	5383331	0.31380753138076506	14.0285
chr5	5397671	1.3507071349119049	14.033
chr5	5410257	6.870352408664652	14.05
chr5	5422629	2.999106649083252	14.135
chr5	5469643	0.7661799170723204	14.276
chr5	5502925	1.2458581842279342	14.3015
chr5	5540650	0.0	14.3485
chr5	5570165	0.45631728746443084	14.3485
chr5	5634813	2.56789432665216	14.378
chr5	5684854	1.617015983581056	14.5065
chr5	5700933	1.9859813084112112	14.5325
chr5	5730893	4.509602194787348	14.592
chr5	5760053	3.473091364205277	14.7235
chr5	5776033	0.9627406851713145	14.779
chr5	5816023	1.0395874916832408	14.8175
chr5	5828047	0.6843249335802053	14.83
chr5	5865310	0.0	14.8555
chr5	5882522	0.0	14.8555
chr5	5893321	0.5978000956480662	14.8555
chr5	5914231	0.5480838146633459	14.868
chr5	5937950	0.5252587671867591	14.881
chr5	5970315	9.626584446728412	14.898
chr5	5984910	0.336502061075087	15.0385
chr5	5996797	14.414240108348567	15.0425
chr5	6007134	0.698037283403144	15.1915
chr5	6068019	2.730856475873776	15.234
chr5	6113426	4.933035714285716	15.358
chr5	6135826	0.33305578684429454	15.4685
chr5	6339996	0.6420862865186526	15.5365
chr5	6380489	1.7641318219353126	15.5625
chr5	6407131	1.0773927096426417	15.6095
chr5	6434976	1.916477247403809	15.6395
chr5	6457413	0.7381701050694238	15.6825
chr5	6509569	0.0	15.721
chr5	6516328	0.0	15.721
chr5	6524134	0.0	15.721
chr5	6530899	0.0	15.721
chr5	6540194	1.873544819557653	15.721
chr5	6567682	1.1095881469877593	15.7725
chr5	6583003	5.998523440383914	15.7895
chr5	6599257	2.851957479906618	15.887
chr5	6645541	1.0415832064739745	16.019
chr5	6658022	1.63711694584072	16.032
chr5	6866315	23.670212765957082	16.373
chr5	6870075	7.162450472417037	16.462
chr5	6883199	20.356104280393723	16.556
chr5	6902800	0.0	16.955
chr5	6925914	0.0	16.955
chr5	6937521	0.0	16.955
chr5	6952725	0.0	16.955
chr5	6962647	0.0	16.955
chr5	6989395	0.5658242172765209	16.955
chr5	6997348	0.0	16.9595
chr5	7013386	0.1571215335062195	16.9595
chr5	7038844	0.0	16.9635
chr5	7051648	1.7760937777515324	16.9635
chr5	7068539	0.5568293481821149	16.9935
chr5	7282249	1.734349342238743	17.1125
chr5	7336448	0.0	17.2065
chr5	7350465	3.757087232734578	17.2065
chr5	7379743	0.11981053218166414	17.3165
chr5	7559193	0.12494533641524905	17.338
chr5	7591207	1.408553762850863	17.342
chr5	7618540	0.0	17.3805
chr5	7643745	0.0	17.3805
chr5	7652439	0.29682398337769245	17.3805
chr5	7665915	7.8305944634390094	17.3845
chr5	7674982	0.0	17.4555
chr5	7707346	1.0460251046023594	17.4555
chr5	7719774	0.0	17.4685
chr5	7728827	0.0	17.4685
chr5	7736032	0.0	17.4685
chr5	7746570	0.0	17.4685
chr5	7755271	11.449353448275977	17.4685
chr5	7762695	3.330904548766527	17.5535
chr5	7781909	0.0	17.6175
chr5	7791519	0.35929578027068315	17.6175
chr5	7816568	0.0	17.6265
chr5	7827566	0.0	17.6265
chr5	7835394	0.0	17.6265
chr5	7860887	0.0	17.6265
chr5	7870725	1.659292035398293	17.6265
chr5	7883381	0.0	17.6475
chr5	7895525	0.3714872601721058	17.6475
chr5	7918406	0.40562466197946373	17.656
chr5	7929500	2.4720468547957744	17.6605
chr5	7968941	0.0	17.758
chr5	7985447	0.0	17.758
chr5	7997194	0.5953214735958472	17.758
chr5	8011472	0.6445742018653184	17.7665
chr5	8024659	0.0	17.775
chr5	8052126	0.0	17.775
chr5	8063834	0.41605991262755726	17.775
chr5	8073448	0.773586657177293	17.779
chr5	8105765	1.7975627164345185	17.804
chr5	8143594	0.0	17.872
chr5	8152312	0.0	17.872
chr5	8161442	0.17821076393014812	17.872
chr5	8186693	6.0307624211575614	17.8765
chr5	8195730	0.7343342036553803	17.931
chr5	8201858	4.546155031591732	17.9355
chr5	8208347	4.352367688022323	17.965
chr5	8245683	8.594000213515226	18.1275
chr5	8255050	0.0	18.208
chr5	8283860	5.611534365527994	18.208
chr5	8296067	0.0	18.2765
chr5	8309579	0.0	18.2765
chr5	8320653	0.20772746157042749	18.2765
chr5	8342316	2.21258134490247	18.281
chr5	8353841	2.901766663821781	18.3065
chr5	8400709	0.9084108154324576	18.4425
chr5	8410066	0.4021986861509738	18.451
chr5	8462279	0.0	18.472
chr5	8477444	0.0	18.472
chr5	8491698	1.0157043519023459	18.472
chr5	8504497	0.316957210776651	18.485
chr5	8517117	2.367984844896802	18.489
chr5	8529786	1.3221450481261299	18.519
chr5	8558149	1.0341890740967887	18.5565
chr5	8566368	1.892252894033778	18.565
chr5	8593320	1.502145922746838	18.616
chr5	8607300	0.0	18.637
chr5	8617225	0.5697814720470541	18.637
chr5	8632143	0.0	18.6455
chr5	8641828	3.112967969198022	18.6455
chr5	8654035	0.0	18.6835
chr5	8668120	0.3015681544029958	18.6835
chr5	8681384	7.955609038641515	18.6875
chr5	8688863	9.396206716547503	18.747
chr5	8694610	11.910536243600111	18.801
chr5	8713165	3.1923636133765156	19.022
chr5	8728984	1.8149466192170243	19.0725
chr5	8757084	10.780123748166133	19.1235
chr5	8772761	1.2351301371753611	19.2925
chr5	8845223	0.0	19.382
chr5	8854689	0.0	19.382
chr5	8869293	1.9662630653006445	19.382
chr5	8888619	1.1887913954145057	19.42
chr5	8906284	3.4835893561657647	19.441
chr5	8918197	0.2487699707003369	19.4825
chr5	8954375	2.923211169284475	19.4915
chr5	8977295	6.928406466512672	19.5585
chr5	8989419	0.5409060175796262	19.6425
chr5	8996814	0.2555871347659699	19.6465
chr5	9045721	2.718868950516817	19.659
chr5	9054916	3.2474721381650826	19.684
chr5	9082014	1.6167223458212208	19.772
chr5	9221803	0.6108077033628884	19.998
chr5	9235719	0.8840075006697362	20.0065
chr5	9254384	0.0	20.023
chr5	9259250	2.3448275862069856	20.023
chr5	9270125	1.6359818332763632	20.0485
chr5	9290602	0.0	20.082
chr5	9364558	0.8765163733258039	20.082
chr5	9378819	2.1842602855838877	20.0945
chr5	9394156	1.582363353537549	20.128
chr5	9431442	0.0	20.187
chr5	9448697	0.0	20.187
chr5	9477242	0.9335727109513914	20.187
chr5	9491167	0.0	20.2
chr5	9503105	1.361161524500959	20.2
chr5	9511921	0.0	20.212
chr5	9518870	1.2566630762007496	20.212
chr5	9555077	3.3518567522272433	20.2575
chr5	9566414	3.389830508474585	20.2955
chr5	9586179	3.7906880922949626	20.3625
chr5	9598314	2.650270327573262	20.4085
chr5	9607747	1.175845850402108	20.4335
chr5	9647293	3.2679738562090876	20.48
chr5	9659992	4.37586365730085	20.5215
chr5	9683873	7.336343115124097	20.626
chr5	9698049	0.9615261342803206	20.73
chr5	9854051	5.386666666666618	20.88
chr5	9863426	12.067741608356307	20.9305
chr5	9883148	8.117937394466813	21.1685
chr5	9890847	5.026031237484935	21.231
chr5	9915817	2.420389595240826	21.3565
chr5	9932963	5.964214711729667	21.398
chr5	9952580	2.3513920240781205	21.515
chr5	9957896	25.402004194826795	21.5275
chr5	9962187	0.0	21.6365
chr5	9966611	0.8527572484364605	21.6365
chr5	9985960	0.0	21.653
chr5	9995639	1.2392187964708106	21.653
chr5	10015813	1.8211129687126804	21.678
chr5	10066057	5.344449788894119	21.7695
chr5	10084768	3.9425120232637663	21.8695
chr5	10102650	2.3608349900596584	21.94
chr5	10118746	0.6736002586624611	21.978
chr5	10137303	3.860749051311694	21.9905
chr5	10167608	0.0	22.1075
chr5	10169851	12.261462740695922	22.1075
chr5	10181432	2.100402204677465	22.2495
chr5	10214997	1.4811377993504122	22.32
chr5	10243016	2.7706516162135477	22.3615
chr5	10262506	0.7903638835319332	22.4155
chr5	10294137	2.492522432701904	22.4405
chr5	10336263	0.9455587392550501	22.5455
chr5	10353713	1.3908205841444923	22.562
chr5	10359465	6.508382797042591	22.57
chr5	10369068	7.749627421758509	22.6325
chr5	10382488	1.0985264593355777	22.7365
chr5	10408887	2.59448717476904	22.7655
chr5	10436060	16.094674556213068	22.836
chr5	10448735	10.130210863861665	23.04
chr5	10469317	1.7719568567025954	23.2485
chr5	10495277	1.8753068237604567	23.2945
chr5	10546202	8.486707566462005	23.39
chr5	10551092	0.7256894049348166	23.4315
chr5	10562805	2.469690166142621	23.44
chr5	10576167	7.594167679222465	23.473
chr5	10589335	1.4449196624666847	23.573
chr5	10597986	39.85969387755102	23.5855
chr5	10599554	10.203274539270847	23.648
chr5	10612197	4.260048157066065	23.777
chr5	10633793	1.1006145097679956	23.869
chr5	10644696	5.627521766829437	23.881
chr5	10672950	0.2748763056625437	24.04
chr5	10687502	0.29667721518988466	24.044
chr5	10702670	3.293450619085364	24.0485
chr5	10726657	2.737828912325534	24.1275
chr5	10773592	4.964346962722242	24.256
chr5	10784671	11.234950530456517	24.311
chr5	10818227	35.594541910331536	24.688
chr5	10831052	15.633781984913401	25.1445
chr5	10864857	1.3630319148937475	25.673
chr5	10879897	5.115171792562055	25.6935
chr5	10895439	0.0	25.773
chr5	10917920	14.722422494592658	25.773
chr5	10952595	0.0	26.2835
chr5	10966533	2.559832223044609	26.2835
chr5	10982745	20.7858769931664	26.325
chr5	11002061	0.8566924816667322	26.7265
chr5	11016652	2.3205804545243365	26.739
chr5	11081291	1.2482524465749016	26.889
chr5	11101319	0.10746044112505125	26.914
chr5	11138542	5.586442852560761	26.918
chr5	11157248	0.4250151791135559	27.0225
chr5	11206658	3.359235875020172	27.0435
chr5	11219012	0.6842940822247381	27.085
chr5	11237279	6.234697944542538	27.0975
chr5	11254842	2.54381006218212	27.207
chr5	11256611	3.802719520627017	27.2115
chr5	11260950	15.868195277503578	27.228
chr5	11274121	8.951195328853029	27.437
chr5	11292275	16.72345591979006	27.5995
chr5	11343341	1.597981497056382	28.4535
chr5	11384956	1.0625000000001883	28.52
chr5	11392956	12.20152721102176	28.5285
chr5	11417707	0.0	28.8305
chr5	11435744	4.481895903362954	28.8305
chr5	11566046	0.0	29.4145
chr5	11569850	15.218951902369055	29.4145
chr5	11590745	23.992807776591537	29.7325
chr5	11608542	2.4564537740060817	30.1595
chr5	11621976	60.943296237413996	30.1925
chr5	11637072	0.1172882946281311	31.1125
chr5	11671176	0.8508321138073761	31.1165
chr5	11700559	0.0	31.1415
chr5	11713766	0.0	31.1415
chr5	11733582	7.691516709511579	31.1415
chr5	11830832	6.336978131212081	31.8895
chr5	11834856	0.0	31.915
chr5	11855573	81.9090098126674	31.915
chr5	11883598	20.81332052513593	34.2105
chr5	11908582	12.826659486014165	34.7305
chr5	12060843	0.2216093765389624	36.6835
chr5	12081149	0.7831834842266401	36.688
chr5	12113070	0.3285659064552746	36.713
chr5	12138940	0.0	36.7215
chr5	12157754	64.79690522244417	36.7215
chr5	12158271	1.3500718869445976	36.755
chr5	12186788	0.6419144456424658	36.7935
chr5	12206261	0.42846341258507886	36.806
chr5	12265776	20.775623268698848	36.8315
chr5	12267942	2.6132904485668247	36.8765
chr5	12285353	2.779926513247174	36.922
chr5	12306037	1.3738394380552996	36.9795
chr5	12351166	0.18966334755797928	37.0415
chr5	12372256	2.8145069890442183	37.0455
chr5	12398726	1.078091309646659	37.12
chr5	12452061	0.0	37.1775
chr5	12473395	0.28174966542211616	37.1775
chr5	12487592	0.9140767824496547	37.1815
chr5	12510019	0.8310169928648156	37.202
chr5	12544916	0.4038383877233283	37.231
chr5	12596917	0.0	37.252
chr5	12616821	2.4512555667826845	37.252
chr5	12643542	0.3709198813055487	37.3175
chr5	12666458	1.6836399474374515	37.326
chr5	12690810	1.8631351024725014	37.367
chr5	12750387	4.072844246134598	37.478
chr5	12769661	1.1476036941909828	37.5565
chr5	12787960	24.417916337806066	37.5775
chr5	12798096	10.685391543275879	37.825
chr5	12804647	0.9350910003192268	37.895
chr5	12826570	0.339240102171055	37.9155
chr5	12851626	6.551868962620996	37.924
chr5	12863531	2.3820124666072866	38.002
chr5	12885991	0.7025497873616243	38.0555
chr5	12939368	3.687706287437296	38.093
chr5	12963909	0.7371631926791143	38.1835
chr5	13003249	0.8467979916346944	38.2125
chr5	13120160	1.1941810812764762	38.3115
chr5	13147794	4.430235954691675	38.3445
chr5	13178605	0.14279084710662132	38.481
chr5	13206618	0.0	38.485
chr5	13224149	3.0570355489562533	38.485
chr5	13247047	0.0	38.555
chr5	13266810	0.0	38.555
chr5	13310593	0.0	38.555
chr5	13327962	0.0	38.555
chr5	13377210	0.0	38.555
chr5	13400849	0.0	38.555
chr5	13450807	0.0	38.555
chr5	13468400	0.0	38.555
chr5	13513189	0.0	38.555
chr5	13567207	1.8742718200698563	38.555
chr5	13586948	0.35606387570135145	38.592
chr5	13633288	0.19223375624749056	38.6085
chr5	13654096	0.3832485541077422	38.6125
chr5	13697149	5.6475490733633915	38.629
chr5	13715387	0.381606563632683	38.732
chr5	13725869	2.3676880222845424	38.736
chr5	13733049	0.0	38.753
chr5	13735213	0.12726491783462993	38.753
chr5	13798074	0.0	38.761
chr5	13814578	0.0	38.761
chr5	13838774	0.5836575875486602	38.761
chr5	13867044	0.20653689265233557	38.7775
chr5	13886411	2.0024895816419894	38.7815
chr5	13904888	0.0	38.8185
chr5	13913760	7.946072154854204	38.8185
chr5	13940314	1.0267968945655879	39.0295
chr5	13980244	1.0157966748205227	39.0705
chr5	14004363	0.39725195120801765	39.095
chr5	14025760	0.5660110372154148	39.1035
chr5	14039894	4.181985294117697	39.1115
chr5	14061654	0.0	39.2025
chr5	14085082	0.3582945180936746	39.2025
chr5	14096246	2.792953164324111	39.2065
chr5	14112537	0.5911972764152318	39.252
chr5	14161590	0.8786969567080329	39.281
chr5	14184920	3.768321119254072	39.3015
chr5	14208936	8.87934121016819	39.392
chr5	14236866	3.5943653038032295	39.64
chr5	14274703	0.6252478116326108	39.776
chr5	14307490	3.350807977084668	39.7965
chr5	14325993	5.738880918217766	39.8585
chr5	14326690	5.4247348447990404	39.8625
chr5	14347244	2.404386319716272	39.974
chr5	14369495	7.628936336160383	40.0275
chr5	14390009	0.0	40.184
chr5	14413182	2.949328405941241	40.184
chr5	14427253	0.672381912927364	40.2255
chr5	14433202	0.0	40.2295
chr5	14454348	8.266398929049528	40.2295
chr5	14469288	1.6095205579671876	40.353
chr5	14489791	3.5405192761604733	40.386
chr5	14533005	0.773776027011847	40.539
chr5	14575653	0.07211235104288491	40.572
chr5	14631122	0.4659018111934466	40.576
chr5	14648293	0.9417264228011075	40.584
chr5	14692361	1.328724320845402	40.6255
chr5	14788694	1.1455817697689958	40.7535
chr5	14820992	1.6942967365237651	40.7905
chr5	14840174	0.8204406938584464	40.823
chr5	14891366	2.9927173418296658	40.865
chr5	14935306	0.40023286275652803	40.9965
chr5	14976532	0.7285231378950252	41.013
chr5	14993690	0.8694218344800682	41.0255
chr5	15060401	0.11420740063949814	41.0835
chr5	15095425	0.3359368438733148	41.0875
chr5	15143053	0.0	41.1035
chr5	15216701	0.0	41.1035
chr5	15270596	0.521888622828042	41.1035
chr5	15319457	0.0	41.129
chr5	15334876	0.21444271698929587	41.129
chr5	15372182	0.4105359957962047	41.137
chr5	15402630	0.10859089736796794	41.1495
chr5	15476301	1.2066126886037045	41.1575
chr5	15520640	0.0	41.211
chr5	15585755	0.16583972436763145	41.211
chr5	15733488	0.5565741225771316	41.2355
chr5	15764032	2.3486430062631367	41.2525
chr5	15783192	2.6328273244781095	41.2975
chr5	15825352	13.424798996828367	41.4085
chr5	15838909	20.5489782067718	41.5905
chr5	15852170	1.2872663611553772	41.863
chr5	15871591	0.0	41.888
chr5	15890128	0.7410095877568066	41.888
chr5	15923191	0.0	41.9125
chr5	15947062	0.7975638051044386	41.9125
chr5	15988438	8.983070367384066	41.9455
chr5	15997121	1.1746634137526117	42.0235
chr5	16074590	1.829978372982934	42.1145
chr5	16092623	4.065334006879723	42.1475
chr5	16134194	8.633366538589353	42.3165
chr5	16155275	0.0	42.4985
chr5	16292819	0.0	42.4985
chr5	16314193	0.0	42.4985
chr5	16328791	0.0	42.4985
chr5	16370438	0.4276729559747398	42.4985
chr5	16390313	0.0	42.507
chr5	16450825	0.10433421727601143	42.507
chr5	16565840	1.8038158097063435	42.519
chr5	16650383	0.4129326670072626	42.6715
chr5	16910716	0.0	42.779
chr5	16914873	0.0	42.779
chr5	16927516	0.27585293728198207	42.779
chr5	16972830	0.39845717382304807	42.7915
chr5	17004201	0.0	42.804
chr5	17020149	0.38177179358247965	42.804
chr5	17073846	1.8868886735682102	42.8245
chr5	17093455	0.4747774480713752	42.8615
chr5	17110305	0.19931061973873784	42.8695
chr5	17152952	6.315465187923109	42.878
chr5	17156198	2.5384615384616347	42.8985
chr5	17162698	7.181358599216614	42.915
chr5	17192567	6.447309915518146	43.1295
chr5	17215057	3.535673080501651	43.2745
chr5	17241926	0.7765422128344249	43.3695
chr5	17258023	0.7443245254933636	43.382
chr5	17279519	0.2880391733274129	43.398
chr5	17293406	6.321637938577336	43.402
chr5	17316264	0.6399565605244008	43.5465
chr5	17342047	0.8299798792756854	43.563
chr5	17361927	4.938234767559659	43.5795
chr5	17395441	1.9123765602285963	43.745
chr5	17594931	1.6569174627025858	44.1265
chr5	17669467	2.6921926413402155	44.25
chr5	17689525	0.6045949214023251	44.304
chr5	17702757	2.535444478940629	44.312
chr5	17712420	3.965769150490455	44.3365
chr5	17736375	3.203753351206492	44.4315
chr5	17773675	8.476511216393545	44.551
chr5	17791194	0.7236891786442148	44.6995
chr5	17870648	8.193856549260442	44.757
chr5	17896399	3.1888203709347387	44.968
chr5	17939048	0.1662026841732573	45.104
chr5	17963115	1.6484517304190491	45.108
chr5	18018015	2.762157207620073	45.1985
chr5	18058382	3.6318613289310195	45.31
chr5	18094727	5.722460658082854	45.442
chr5	18115697	9.178541492036931	45.562
chr5	18139557	0.9847419110486764	45.781
chr5	18185762	0.1846551564951428	45.8265
chr5	18207424	0.6214557601182842	45.8305
chr5	18220297	1.2399600251692096	45.8385
chr5	18247314	0.8795074758135777	45.872
chr5	18312123	7.22489811041066	45.929
chr5	18320220	0.4065310456974039	45.9875
chr5	18440752	0.972289742343543	46.0365
chr5	18448980	2.809075474610313	46.0445
chr5	18481375	4.392103866016752	46.1355
chr5	18502094	0.0	46.2265
chr5	18526733	0.673943060030193	46.2265
chr5	18557151	1.1643186241080534	46.247
chr5	18617272	0.0	46.317
chr5	18652891	0.1470263912371456	46.317
chr5	18680097	0.12749681257969034	46.321
chr5	18715392	0.07061024907773991	46.3255
chr5	18772041	0.38050012937002237	46.3295
chr5	18837744	1.4926282441817804	46.3545
chr5	18870572	0.19905092518863238	46.4035
chr5	18933370	1.5739018457576788	46.416
chr5	18954337	3.3831643304503385	46.449
chr5	19007985	3.7803125058338263	46.6305
chr5	19061552	2.3926306974522227	46.833
chr5	19069911	3.0479357162650085	46.853
chr5	19080738	1.5567791968171056	46.886
chr5	19115425	0.21234240212349492	46.94
chr5	19153100	1.6952532907853917	46.948
chr5	19158114	0.29940557040410126	46.9565
chr5	19226583	0.0	46.977
chr5	19235686	0.6708680626143779	46.977
chr5	19260281	1.5667383780751865	46.9935
chr5	19281663	11.820103786277596	47.027
chr5	19286866	6.134280064713197	47.0885
chr5	19309118	4.353473157590855	47.225
chr5	19329906	0.9596726567113175	47.3155
chr5	19377318	5.6116722783391575	47.361
chr5	19385337	0.0	47.406
chr5	19388005	0.6915066710053656	47.406
chr5	19400297	14.695425456270376	47.4145
chr5	19404516	1.024945599041246	47.4765
chr5	19436225	0.40417322325452587	47.509
chr5	19529007	1.6202203499675236	47.5465
chr5	19564496	0.7087265234339382	47.604
chr5	19640689	0.33445710922019956	47.658
chr5	19678063	1.5582391897156802	47.6705
chr5	19685764	0.0	47.6825
chr5	19697603	3.071405013192631	47.6825
chr5	19721859	1.8338606265923822	47.757
chr5	19757576	2.4583609792613137	47.8225
chr5	19816355	1.034545828665478	47.967
chr5	19903833	0.0	48.0575
chr5	19974799	0.0	48.0575
chr5	20040763	0.327250327250522	48.0575
chr5	20066737	0.47143867368588255	48.066
chr5	20092191	0.44239087691698037	48.078
chr5	20204083	0.5657811886880371	48.1275
chr5	20423249	0.0	48.2515
chr5	20430577	0.06096306400361718	48.2515
chr5	20561804	0.10012224603265214	48.2595
chr5	21181047	0.138729927513536	48.3215
chr5	21209880	1.4497310137636834	48.3255
chr5	21238506	0.7498034052048046	48.367
chr5	21293187	0.9633115900145912	48.408
chr5	21365853	1.187258132101987	48.478
chr5	21487562	0.0	48.6225
chr5	21534749	0.22422153087247734	48.6225
chr5	21606107	0.15286883853654143	48.6385
chr5	21635544	0.38761510994175497	48.643
chr5	21678112	0.7461482616761925	48.6595
chr5	21727700	0.4739336492889854	48.6965
chr5	21745635	0.17464198393315092	48.705
chr5	21768539	0.33803281391703205	48.709
chr5	21889829	0.0	48.75
chr5	21970938	0.3069819985756734	48.75
chr5	22011657	0.37691444961294396	48.7625
chr5	22066046	0.2573064305165524	48.783
chr5	22112683	0.41280747039172194	48.795
chr5	22323435	0.5160291556474663	48.882
chr5	22338938	0.9214443386864971	48.89
chr5	22437696	0.9576672008754327	48.981
chr5	22463279	0.26332094175976023	49.0055
chr5	22495559	0.4721992680911523	49.014
chr5	22520972	0.4953035673791782	49.026
chr5	22604759	0.2142488609830629	49.0675
chr5	22719112	0.7886435331230583	49.092
chr5	22724818	0.3515247385535931	49.0965
chr5	22747576	1.7016731933071565	49.1045
chr5	22817801	0.22240322571328736	49.224
chr5	23337128	0.19958585934175502	49.3395
chr5	23377211	0.38085565570650165	49.3475
chr5	23400842	0.0	49.3565
chr5	23422738	0.19463773052429997	49.3565
chr5	23443289	0.10200698747858575	49.3605
chr5	23482502	0.0	49.3645
chr5	23500279	0.25513458349287765	49.3645
chr5	23531635	0.4411250209153551	49.3725
chr5	23597376	0.522111896823381	49.4015
chr5	23651962	0.0	49.43
chr5	23657820	0.2097913834483467	49.43
chr5	23717403	0.20373901846683515	49.4425
chr5	23778756	0.5378318816244729	49.455
chr5	23816872	0.2495160249516323	49.4755
chr5	23933097	0.0	49.5045
chr5	24000572	0.7066933960223184	49.5045
chr5	24069909	1.5599650567826393	49.5535
chr5	24085935	2.8352119493813652	49.5785
chr5	24100396	1.6331587542940764	49.6195
chr5	24135910	1.799984175963169	49.6775
chr5	24161188	0.745303491966082	49.723
chr5	24343664	2.1211947486097023	49.859
chr5	24361107	0.6356983378813696	49.896
chr5	24393355	0.15181571596292223	49.9165
chr5	24640365	0.927160935619281	49.954
chr5	24671104	0.9134322617865158	49.9825
chr5	24702305	0.24109421491489266	50.011
chr5	24787334	0.0	50.0315
chr5	24799525	0.6786838961882797	50.0315
chr5	24817943	0.25628911194710435	50.044
chr5	25042299	1.2812965335733988	50.1015
chr5	25071176	0.34466911764707187	50.1385
chr5	25084232	0.0	50.143
chr5	25138272	0.1997172004441597	50.143
chr5	25263449	0.1147006027516854	50.168
chr5	25437816	0.046731701618059264	50.188
chr5	25523411	0.13887998632564283	50.192
chr5	25617017	0.17929983414787257	50.205
chr5	25639326	3.6144578313248674	50.209
chr5	25651776	0.8222876779578703	50.254
chr5	25692516	0.7186174501349041	50.2875
chr5	25721043	0.5496770647244952	50.308
chr5	25742874	2.8680688336518823	50.32
chr5	25773208	0.857255392599943	50.407
chr5	25816369	0.709849157054153	50.444
chr5	25833274	2.226528676864509	50.456
chr5	25857527	0.2400349141693428	50.51
chr5	25995007	0.5845924555453296	50.543
chr5	26072839	0.0	50.5885
chr5	26154094	0.11458363172814412	50.5885
chr5	26189003	0.2008637139700789	50.5925
chr5	26248745	0.8530571992110544	50.6045
chr5	26350145	0.5648526111252514	50.691
chr5	26416534	2.247436177176555	50.7285
chr5	26462364	0.36887301915186615	50.8315
chr5	26530138	0.0929001531904692	50.8565
chr5	26793862	0.8918617614268806	50.881
chr5	26811802	0.3382673711959906	50.897
chr5	26897533	3.518029903252228	50.926
chr5	26898670	0.0	50.93
chr5	26928547	0.0	50.93
chr5	26938485	0.0	50.93
chr5	27071239	0.0	50.93
chr5	27149903	0.44777188708985793	50.93
chr5	27233651	0.0	50.9675
chr5	27265205	0.32466392896001395	50.9675
chr5	27379169	0.6862133499688345	51.0045
chr5	27403214	1.0683760683759023	51.021
chr5	27426146	3.9839034205232897	51.0455
chr5	27438571	2.0833333333333335	51.095
chr5	27468571	3.7462823152596725	51.1575
chr5	27486055	0.0	51.223
chr5	27486105	0.8576329331048262	51.223
chr5	27500680	0.0	51.2355
chr5	27534334	0.0	51.2355
chr5	27580197	1.5687027788446786	51.2355
chr5	27595815	7.437879165627942	51.26
chr5	27631914	0.8083398372170787	51.5285
chr5	27703666	0.1190741981096311	51.5865
chr5	27770851	0.0	51.5945
chr5	27832268	0.0	51.5945
chr5	27908860	0.0	51.5945
chr5	27965800	0.40246847330293983	51.5945
chr5	27976981	0.11341083073433943	51.599
chr5	28082791	2.126562701379124	51.611
chr5	28098309	0.15418382339612652	51.644
chr5	28153438	0.0	51.6525
chr5	28169091	1.1218124110757584	51.6525
chr5	28187365	0.40269594336824893	51.673
chr5	28258138	0.2019859256206913	51.7015
chr5	28381909	0.43951380679573765	51.7265
chr5	28447891	0.0	51.7555
chr5	28453821	0.0	51.7555
chr5	28472143	3.9597737272157376	51.7555
chr5	28496008	3.0050387518465005	51.85
chr5	28545425	0.3233934104972201	51.9985
chr5	28649014	3.9590575511783026	52.032
chr5	28674904	2.087043633125438	52.1345
chr5	28710840	0.3326532422602805	52.2095
chr5	28846116	0.26255573342160443	52.2545
chr5	29160335	0.8477035634097319	52.337
chr5	29291277	1.2044365619291366	52.448
chr5	29329054	2.9324965445106406	52.4935
chr5	29355823	0.12923770432476644	52.572
chr5	29452544	0.41800195067578566	52.5845
chr5	29531491	0.1023305789352845	52.6175
chr5	29609669	0.5028724684942428	52.6255
chr5	29740915	0.0	52.6915
chr5	29807655	0.0	52.6915
chr5	29828443	0.18730537800572852	52.6915
chr5	29871154	0.06431787322232788	52.6995
chr5	29941119	0.048694974678586175	52.704
chr5	30023263	0.0	52.708
chr5	30079765	1.19463818274453	52.708
chr5	30193607	0.7502354999327108	52.844
chr5	30342227	1.1378838435870722	52.9555
chr5	30407260	0.04189139655440942	53.0295
chr5	30502745	0.0	53.0335
chr5	30522276	0.25818111405182265	53.0335
chr5	30537769	0.0	53.0375
chr5	30582659	0.9537784299338314	53.0375
chr5	30596289	0.0	53.0505
chr5	30621359	0.33276947394693585	53.0505
chr5	30657420	2.3814133591482025	53.0625
chr5	30683245	1.0021713713043992	53.124
chr5	30737128	0.0	53.178
chr5	30746164	0.0	53.178
chr5	30749236	0.0	53.178
chr5	30783585	0.2500937851697442	53.178
chr5	30799579	2.935467070687828	53.182
chr5	30820700	0.3083222337329014	53.244
chr5	30901784	3.030863911896725	53.269
chr5	30923395	0.11791525823441999	53.3345
chr5	31063326	0.12415848140382327	53.351
chr5	31099570	0.0	53.3555
chr5	31110521	0.25892481470701595	53.3555
chr5	31141418	13.586956521739646	53.3635
chr5	31144178	0.0	53.401
chr5	31184690	0.33486814566745776	53.401
chr5	31196635	1.3648286973542183	53.405
chr5	31271736	0.864434171458627	53.5075
chr5	31324950	0.14724244351783214	53.5535
chr5	31409844	0.6090775107527661	53.566
chr5	31476338	0.0579202759579392	53.6065
chr5	31554031	0.05057721243699835	53.611
chr5	31633118	4.575707154741778	53.615
chr5	31647542	0.0	53.681
chr5	31735541	0.257805786307658	53.681
chr5	31752996	5.012853470437208	53.6855
chr5	31768556	1.0224101246234778	53.7635
chr5	31804745	0.2926176741075272	53.8005
chr5	31876511	0.18681985895090295	53.8215
chr5	31897922	0.0	53.8255
chr5	31918420	0.6693440428380442	53.8255
chr5	31936348	0.0	53.8375
chr5	31965311	0.9324009324020719	53.8375
chr5	31969601	0.0	53.8415
chr5	31987748	0.0	53.8415
chr5	32013087	1.0006210751499678	53.8415
chr5	32042069	0.5644180911503831	53.8705
chr5	32122683	1.3365735115431854	53.916
chr5	32147373	0.2405199924910645	53.949
chr5	32232605	0.0	53.9695
chr5	32241025	0.17921146953415684	53.9695
chr5	32288455	0.0	53.978
chr5	32362857	0.5772696553277317	53.978
chr5	32433881	1.6224707025194436	54.019
chr5	32482264	0.12431080626533862	54.0975
chr5	32550641	0.7610067562550452	54.106
chr5	32631455	0.0	54.1675
chr5	32644755	1.3290707281154546	54.1675
chr5	32672594	0.5570658228975491	54.2045
chr5	32739911	0.03030325987321789	54.242
chr5	32871910	0.2829811023839458	54.246
chr5	33161682	0.09072919297608681	54.328
chr5	33569489	0.4390008341015598	54.365
chr5	33683384	0.0	54.415
chr5	33838343	0.0	54.415
chr5	33842148	0.1363651859679468	54.415
chr5	33871481	0.0	54.419
chr5	33897912	0.0	54.419
chr5	33912699	0.7635000694091262	54.419
chr5	33934310	0.0	54.4355
chr5	33970406	1.7887357988880366	54.4355
chr5	33991091	0.0	54.4725
chr5	34022699	0.289788454428302	54.4725
chr5	34122772	0.43035185567729956	54.5015
chr5	34151818	1.5197568389057075	54.514
chr5	34189653	0.2707092582565672	54.5715
chr5	34221052	0.0	54.58
chr5	34256404	0.0	54.58
chr5	34303954	0.03210195581165904	54.58
chr5	34677763	1.0669683776352037	54.592
chr5	34747587	0.18340210912415328	54.6665
chr5	34769397	1.5611061552186951	54.6705
chr5	34798543	0.5304927216396781	54.716
chr5	34822106	1.5119524763813703	54.7285
chr5	34933882	0.0	54.8975
chr5	34967935	0.1658787426391862	54.8975
chr5	35016163	0.4238555899071484	54.9055
chr5	35036217	0.3549845018961092	54.914
chr5	35093966	5.8640278541323125	54.9345
chr5	35115794	0.07484447318473916	55.0625
chr5	35282807	0.0	55.075
chr5	35398660	0.037000379253866844	55.075
chr5	35506767	0.03133028385235433	55.079
chr5	35634439	0.10510411876768931	55.083
chr5	35710554	0.5029721079103986	55.091
chr5	35776164	0.0	55.124
chr5	35929671	0.6947339169098152	55.124
chr5	36066414	0.0	55.219
chr5	36115441	0.44913541432737025	55.219
chr5	36151065	0.0	55.235
chr5	36197318	0.4305541485159309	55.235
chr5	36236802	0.4870854083778659	55.252
chr5	36346639	0.6347314697270963	55.3055
chr5	36385238	0.10343657682857532	55.33
chr5	36506085	0.0	55.3425
chr5	36613155	0.0	55.3425
chr5	36764707	0.027255217860042463	55.3425
chr5	36929813	0.0	55.347
chr5	36953855	0.0	55.347
chr5	37006434	0.06166463687233544	55.347
chr5	37071301	0.0	55.351
chr5	37128089	0.0	55.351
chr5	37286966	0.10891071136846722	55.351
chr5	37397148	0.4935639263998595	55.363
chr5	37422474	0.053755131935222154	55.3755
chr5	37571297	0.0	55.3835
chr5	37783193	0.09078771695599529	55.3835
chr5	37876818	0.0	55.392
chr5	37889694	0.06894768594325232	55.392
chr5	37947709	0.0	55.396
chr5	37968620	0.0	55.396
chr5	37981588	0.0	55.396
chr5	37997337	0.0	55.396
chr5	38009940	0.0	55.396
chr5	38033696	0.0	55.396
chr5	38080701	0.0	55.396
chr5	38185707	0.6097603958860623	55.396
chr5	38327566	0.23274183993004519	55.4825
chr5	38469354	0.0	55.5155
chr5	38599412	0.0	55.5155
chr5	38741540	0.0	55.5155
chr5	38772760	0.4604968387514192	55.5155
chr5	38853108	1.1034716917068266	55.5525
chr5	38864889	0.0	55.5655
chr5	38960518	0.2587899972348228	55.5655
chr5	39101559	0.062162303287405386	55.602
chr5	39503732	8.542583484338309	55.627
chr5	39515321	0.032522176058810956	55.726
chr5	39761307	0.0	55.734
chr5	40434313	0.01081423044583769	55.734
chr5	40804196	0.8616335383426899	55.738
chr5	40871510	0.3568355688359134	55.796
chr5	41021439	0.0	55.8495
chr5	41078365	0.0	55.8495
chr5	41296835	0.0	55.8495
chr5	41461123	0.0	55.8495
chr5	41526936	0.0	55.8495
chr5	41567246	0.11471507642885609	55.8495
chr5	41602115	0.0	55.8535
chr5	41616881	0.6862196919636309	55.8535
chr5	41695573	0.03360031584298015	55.9075
chr5	41933666	0.07165761989215799	55.9155
chr5	42101129	0.2948472894383659	55.9275
chr5	42297841	0.0	55.9855
chr5	42783616	0.0	55.9855
chr5	42796992	0.0	55.9855
chr5	42806240	0.0	55.9855
chr5	42816656	0.11266503570614232	55.9855
chr5	43220508	0.07090815621062883	56.031
chr5	43276919	6.83836589698072	56.035
chr5	43293809	0.0	56.1505
chr5	43385238	0.0	56.1505
chr5	43428742	0.0	56.1505
chr5	43556786	0.0	56.1505
chr5	43664479	0.0	56.1505
chr5	43688400	0.0	56.1505
chr5	43752802	0.06719792556049359	56.1505
chr5	43879294	0.0	56.159
chr5	43979570	0.0	56.159
chr5	44127766	6.021348417115455	56.159
chr5	44138727	0.0	56.225
chr5	44228017	0.08733719800429662	56.225
chr5	44319616	0.2832606758185468	56.233
chr5	44464359	0.08408561934100914	56.274
chr5	44613017	0.0	56.2865
chr5	44768117	3.015707139560668	56.2865
chr5	44956630	0.20143322793696514	56.855
chr5	45038543	0.1564455569461968	56.8715
chr5	45329379	0.0	56.917
chr5	45351923	0.0	56.917
chr5	45378203	0.0	56.917
chr5	45398628	0.0	56.917
chr5	45453944	0.0	56.917
chr5	45548358	0.0	56.917
chr5	45613386	0.0	56.917
chr5	45687864	1.8785995657769958	56.917
chr5	45764783	0.049746876188792054	57.0615
chr5	45935648	0.1561463090915323	57.07
chr5	45961265	0.0	57.074
chr5	46042284	0.0	57.074
chr5	46082139	0.0	57.074
chr5	46113896	1.1600384335966318	57.074
chr5	46156567	0.0	57.1235
chr5	46195596	0.11307260674764556	57.1235
chr5	46266347	0.0	57.1315
chr5	46370870	0.3225995659569598	57.1315
chr5	46422017	0.08522499398409755	57.148
chr5	46521753	0.0	57.1565
chr5	46621797	0.9617234083477197	57.1565
chr5	46715379	0.08062680224621585	57.2465
chr5	46820803	0.10687597257131394	57.255
chr5	46937761	0.0	57.2675
chr5	46984419	0.13206114430997684	57.2675
chr5	47014708	0.0	57.2715
chr5	47028838	0.0	57.2715
chr5	47046071	0.04889497359668716	57.2715
chr5	47127879	0.0	57.2755
chr5	47191745	6.126540917866925	57.2755
chr5	47205211	0.033485693237605176	57.358
chr5	47324665	0.4208079512664475	57.362
chr5	47374569	2.2434666612768983	57.383
chr5	47424046	0.4403972098705631	57.494
chr5	47564828	0.2013851367945922	57.556
chr5	47666623	0.12483272414959692	57.5765
chr5	47766757	0.0	57.589
chr5	47789831	0.0	57.589
chr5	47855923	0.0	57.589
chr5	47927583	0.05050409398813578	57.589
chr5	48085986	0.22411206798664543	57.597
chr5	48253313	0.7692307692307351	57.6345
chr5	48402813	0.11906236010175396	57.7495
chr5	48507800	0.4240171025605558	57.762
chr5	48817929	0.42459884914695595	57.8935
chr5	48896827	3.991567597456361	57.927
chr5	48925763	0.0	58.0425
chr5	48995439	0.0	58.0425
chr5	49014519	0.10460615781582738	58.0425
chr5	49129235	0.0	58.0545
chr5	49150390	0.12732951651601654	58.0545
chr5	49476316	0.12258469836506752	58.096
chr5	49606838	0.3697230438290003	58.112
chr5	49651466	0.6585380455387868	58.1285
chr5	49701577	0.07082215671175092	58.1615
chr5	49814536	0.30880273829897464	58.1695
chr5	49948926	1.7037062480679055	58.211
chr5	50094491	0.0	58.459
chr5	50243917	2.1737593666052324	58.459
chr5	50272209	0.0	58.5205
chr5	50404151	1.8558092453043107	58.5205
chr5	50457497	12.722462722462636	58.6195
chr5	50478287	0.09649011329350603	58.884
chr5	50690744	0.36324331986676545	58.9045
chr5	50860052	0.13308562139373775	58.966
chr5	51419842	0.558353345512311	59.0405
chr5	51604313	0.1477518391215452	59.1435
chr5	51797204	0.18911234577564406	59.172
chr5	51950552	0.12174971736673215	59.201
chr5	52123037	0.0	59.222
chr5	52276103	0.1390083818297224	59.222
chr5	52542274	0.0	59.259
chr5	52565887	0.06998635266123371	59.259
chr5	52737349	0.07163373844250225	59.271
chr5	53023527	0.06426786847582862	59.2915
chr5	53148006	0.10082443363811881	59.2995
chr5	53276943	0.2571851089822758	59.3125
chr5	53308049	0.14397189668575874	59.3205
chr5	53481694	0.15570941636696506	59.3455
chr5	53716105	0.8135889193160104	59.382
chr5	53741302	0.0	59.4025
chr5	53752814	0.41557679614725856	59.4025
chr5	53793721	0.24270003792185418	59.4195
chr5	53859646	0.0	59.4355
chr5	53900653	0.0906864967806328	59.4355
chr5	53999896	0.13312920189047914	59.4445
chr5	54059988	0.03057052237378412	59.4525
chr5	54190833	0.1735873670478641	59.4565
chr5	54285886	0.10914647456890789	59.473
chr5	54359182	0.4261709554347105	59.481
chr5	54408458	0.07975912743510165	59.502
chr5	54508760	0.5645672110381293	59.51
chr5	54545071	0.2047971688838675	59.5305
chr5	54606107	0.8353027463124756	59.543
chr5	54679733	0.6571485892800804	59.6045
chr5	54923970	0.638414300480355	59.765
chr5	54956864	0.04116496861168862	59.786
chr5	55054034	0.0	59.79
chr5	55105458	0.3961278958791707	59.79
chr5	55376835	0.0	59.8975
chr5	55455324	0.0	59.8975
chr5	55570003	0.1510041777822577	59.8975
chr5	55649471	0.023438232444764787	59.9095
chr5	55841465	0.2166008112685013	59.914
chr5	55917642	0.7582250939539453	59.9305
chr5	55993477	0.0	59.988
chr5	56046785	0.0	59.988
chr5	56089295	0.09357819628021484	59.988
chr5	56132040	0.08287167948248206	59.992
chr5	56331143	0.18556115877497018	60.0085
chr5	56376950	0.18311664530295654	60.017
chr5	56398794	0.0	60.021
chr5	56426491	0.0	60.021
chr5	56470450	0.2367126887662553	60.021
chr5	56573951	0.0	60.0455
chr5	56618476	0.023513229130568306	60.0455
chr5	56788593	0.0	60.0495
chr5	56836990	0.14601549482070936	60.0495
chr5	56895203	0.4291494666285363	60.058
chr5	56944137	0.0	60.079
chr5	56960623	0.15586338574244882	60.079
chr5	57011950	0.2966808826254614	60.087
chr5	57038915	0.4891602097520092	60.095
chr5	57064469	0.231026914635427	60.1075
chr5	57081783	0.19348964261320176	60.1115
chr5	57125713	91.51785714288177	60.12
chr5	57125937	1.252104831397451	60.1405
chr5	57149098	1.2740656851642613	60.1695
chr5	57187950	0.8826361399379815	60.219
chr5	57206644	1.0493372606775067	60.2355
chr5	57233804	0.9908038016083192	60.264
chr5	57337760	0.6493321155383619	60.367
chr5	57407832	7.852655625356899	60.4125
chr5	57428844	0.3689056781962128	60.5775
chr5	57530496	1.0980423191444875	60.615
chr5	57631585	0.4850977957157266	60.726
chr5	57657353	0.6358560794044171	60.7385
chr5	57689593	0.39324543141327567	60.759
chr5	57711208	4.188861985472199	60.7675
chr5	57731858	2.601221443112302	60.854
chr5	57753963	2.130945397517142	60.9115
chr5	57837494	1.4157260378802001	61.0895
chr5	57889764	2.376473539001786	61.1635
chr5	57969504	0.7139593328761559	61.353
chr5	57987012	0.6697376588586859	61.3655
chr5	58017621	0.0	61.386
chr5	58046380	0.11038674320144871	61.386
chr5	58123382	0.5597394667209173	61.3945
chr5	58270772	0.33648512426016114	61.477
chr5	58625914	10.468376975254879	61.5965
chr5	58678692	0.6797542008807297	62.149
chr5	58697081	0.3920543648719438	62.1615
chr5	58739167	0.0	62.178
chr5	58783631	0.8626043751295869	62.178
chr5	58798122	1.7404593114571811	62.1905
chr5	58821679	0.0	62.2315
chr5	58836892	1.1795845560737392	62.2315
chr5	58854271	0.0	62.252
chr5	58872748	7.638648679810923	62.252
chr5	58890094	0.0	62.3845
chr5	58906254	1.8222312208946994	62.3845
chr5	58930949	0.4459825888398331	62.4295
chr5	58958977	0.33635392346950865	62.442
chr5	58984248	0.08302717064169393	62.4505
chr5	59032425	6.5045248868775385	62.4545
chr5	59050105	0.5949962268533556	62.5695
chr5	59084559	3.4313045889362797	62.59
chr5	59098985	8.824576572911052	62.6395
chr5	59118646	2.460947892516441	62.813
chr5	59276512	0.26059039359564157	63.2015
chr5	59324480	0.39387935356044557	63.214
chr5	59366371	0.6896551724138192	63.2305
chr5	59383771	0.0	63.2425
chr5	59400350	2.798534798534835	63.2425
chr5	59434475	3.1943611277743527	63.338
chr5	59467815	2.5901791313356832	63.4445
chr5	59504492	0.0	63.5395
chr5	59526011	2.445109780439451	63.5395
chr5	59536031	0.2515573902405129	63.564
chr5	60176044	0.8332341387930324	63.725
chr5	60201247	0.0	63.746
chr5	60218808	0.07024691791643749	63.746
chr5	60332692	1.1754648429151975	63.754
chr5	60346729	5.070259307547464	63.7705
chr5	60360535	3.7722908093279894	63.8405
chr5	60373657	2.382911609408143	63.89
chr5	60402823	9.380220156765375	63.9595
chr5	60426170	0.0	64.1785
chr5	60442553	2.914865815660214	64.1785
chr5	60462451	3.1579677956683705	64.2365
chr5	60476859	0.20587781151911516	64.282
chr5	60496288	0.8451569943140665	64.286
chr5	60515811	7.191631556007827	64.3025
chr5	60529577	1.7502917152863837	64.4015
chr5	60545860	2.009145074130273	64.43
chr5	60560294	2.6446129387306136	64.459
chr5	60593002	1.1228385358181663	64.5455
chr5	60615267	0.1479672992270517	64.5705
chr5	60642300	4.416675643649339	64.5745
chr5	60660866	1.6155794253779643	64.6565
chr5	60683768	2.189001601708319	64.6935
chr5	60693133	0.5861260515789514	64.714
chr5	60707635	0.26574541589190065	64.7225
chr5	60722687	0.1048465308905373	64.7265
chr5	60760838	1.0837523842542598	64.7305
chr5	60772372	0.0	64.743
chr5	60786814	0.9960969263296185	64.743
chr5	60811410	1.2565489628146165	64.7675
chr5	60834887	2.124738493723775	64.797
chr5	60850183	0.0	64.8295
chr5	60867431	0.0	64.8295
chr5	60875357	0.5164737310776594	64.8295
chr5	60931507	0.0	64.8585
chr5	61137597	0.07059529482343548	64.8585
chr5	61194258	0.0	64.8625
chr5	61217387	2.9502770382094563	64.8625
chr5	61231284	0.0	64.9035
chr5	61277451	0.0	64.9035
chr5	61298050	0.0	64.9035
chr5	61317321	0.0	64.9035
chr5	61351926	0.4536357571717176	64.9035
chr5	61389401	0.21956306949119977	64.9205
chr5	61407619	0.0	64.9245
chr5	61426480	0.4374931641698445	64.9245
chr5	61444766	0.0	64.9325
chr5	61477214	0.0	64.9325
chr5	61491527	0.0	64.9325
chr5	61507335	1.21179878228991	64.9325
chr5	61524252	0.2425859664012783	64.953
chr5	61540741	0.2382086707960021	64.957
chr5	61559632	0.0	64.9615
chr5	61589832	0.0	64.9615
chr5	61608521	0.0	64.9615
chr5	61624324	1.2224938875304674	64.9615
chr5	61641093	0.6080413468112462	64.982
chr5	61654250	3.746416471201756	64.99
chr5	61669598	1.310822147651305	65.0475
chr5	61688670	0.4612030411447205	65.0725
chr5	61724446	0.7924691417322766	65.089
chr5	61745267	0.0	65.1055
chr5	61759159	1.3201853648016535	65.1055
chr5	61777717	0.174626735353396	65.13
chr5	61800623	1.8529167465335352	65.134
chr5	61816274	9.0115574234225	65.163
chr5	61828647	5.188026663312541	65.2745
chr5	61844549	3.9062499999998757	65.357
chr5	61879365	0.9910505135448214	65.493
chr5	61896014	0.6465088521981882	65.5095
chr5	61966392	0.0	65.555
chr5	61986314	0.5703776132604435	65.555
chr5	62029268	0.0	65.5795
chr5	62044523	0.0	65.5795
chr5	62074243	1.0451326678612447	65.5795
chr5	62097685	0.0	65.604
chr5	62115184	2.126973896229536	65.604
chr5	62130699	10.361384887540261	65.637
chr5	62134656	5.476763327846076	65.678
chr5	62150450	0.91381755159929	65.7645
chr5	62213920	0.0	65.8225
chr5	62238327	0.0	65.8225
chr5	62254886	0.21047092870248238	65.8225
chr5	62273891	0.1967729240458918	65.8265
chr5	62294219	1.8002291200698954	65.8305
chr5	62312550	0.2650222360119765	65.8635
chr5	62389902	3.163589680889987	65.884
chr5	62422618	0.48768593026150797	65.9875
chr5	62439022	0.24764735017277598	65.9955
chr5	62455174	0.0	65.9995
chr5	62481417	0.6799357151690663	65.9995
chr5	62505684	1.2265057844662024	66.016
chr5	62535851	0.5222131648664766	66.053
chr5	62575107	0.925421883505493	66.0735
chr5	62584292	0.0	66.082
chr5	62601777	0.0	66.082
chr5	62613134	0.3072196620587472	66.082
chr5	62639174	0.4831664798424043	66.09
chr5	62665045	0.10714381378380193	66.1025
chr5	62702378	1.7788041443020963	66.1065
chr5	62718400	1.54716175842917	66.135
chr5	62737144	1.0235414534286174	66.164
chr5	62753753	1.0960474841494288	66.181
chr5	62783405	3.8832465648206957	66.2135
chr5	62806839	2.4698775074262564	66.3045
chr5	62836800	1.7513134851134533	66.3785
chr5	62857927	0.2165087956698323	66.4155
chr5	62913352	2.7144170570470565	66.4275
chr5	62936193	3.00518832962737	66.4895
chr5	63010398	0.1737856143086575	66.7125
chr5	63436210	0.388304093567244	66.7865
chr5	63543085	5.891820428809107	66.828
chr5	63560482	8.181475726326948	66.9305
chr5	63602956	2.0405613625949437	67.278
chr5	63626969	0.5343636961526295	67.327
chr5	63712117	14.818244964112075	67.3725
chr5	63720755	6.399400524540915	67.5005
chr5	63787480	0.8675391631966015	67.9275
chr5	63868168	0.0	67.9975
chr5	63892713	0.5258398694737636	67.9975
chr5	63994455	1.0062939110069773	68.051
chr5	64076439	1.7937971500418997	68.1335
chr5	64106264	0.682426161489482	68.187
chr5	64124581	0.061784649603881435	68.1995
chr5	64189322	0.0	68.2035
chr5	64231850	5.513926198217781	68.2035
chr5	64245996	1.3790019007866328	68.2815
chr5	64272827	0.6177862158333607	68.3185
chr5	64306010	0.3124885114517096	68.339
chr5	64333211	4.287618054348344	68.3475
chr5	64350470	13.669632606199778	68.4215
chr5	64378342	1.3091959730942428	68.8025
chr5	64400493	6.222202255267556	68.8315
chr5	64445011	12.442462600689558	69.1085
chr5	64458915	0.7337029022026188	69.2815
chr5	64593847	0.34555805214551916	69.3805
chr5	64904938	8.160237388724344	69.488
chr5	64908982	4.371246909218895	69.521
chr5	64920306	0.5238344683080345	69.5705
chr5	64943214	0.0	69.5825
chr5	64980275	1.1387995712751813	69.5825
chr5	64987739	0.0	69.591
chr5	64988898	0.21830486274108435	69.591
chr5	65007221	0.8553588230260893	69.595
chr5	65030603	79.4631444397143	69.615
chr5	65032950	13.516280974810108	69.8015
chr5	65047599	23.91362541268856	69.9995
chr5	65058806	0.0	70.2675
chr5	65066557	4.680708793046298	70.2675
chr5	65081512	1.3163405732062525	70.3375
chr5	65131651	5.457393177034873	70.4035
chr5	65172513	4.432752957591006	70.6265
chr5	65206916	6.2422965289654755	70.779
chr5	65232067	6.462138903995592	70.936
chr5	65263326	13.504112616114838	71.138
chr5	65287763	0.4745385521664544	71.468
chr5	65348875	3.822049855267844	71.497
chr5	65384458	18.895076018269833	71.633
chr5	65400441	1.0026808519620762	71.935
chr5	65495187	1.9208804900836842	72.03
chr5	65514449	17.825311942959072	72.067
chr5	65522303	3.8193562434229116	72.207
chr5	65577417	0.0	72.4175
chr5	65590686	1.983564749220759	72.4175
chr5	65671853	0.7575942716097365	72.5785
chr5	65753691	0.3665857123216591	72.6405
chr5	65775514	0.9737098344697198	72.6485
chr5	65788865	4.57102672292563	72.6615
chr5	65805929	1.0614669104562062	72.7395
chr5	65887420	0.1424780494756768	72.826
chr5	65943569	1.2879990996510453	72.834
chr5	66023538	2.0020144493216945	72.937
chr5	66103957	0.4973675910424924	73.098
chr5	66145174	0.7365684575388175	73.1185
chr5	66156714	0.21209470028393587	73.127
chr5	66194433	6.913508822677926	73.135
chr5	66211718	3.940076203671986	73.2545
chr5	66223266	3.3354737442922793	73.3
chr5	66307362	0.3351386133304227	73.5805
chr5	66419256	1.105697488358883	73.618
chr5	66474877	2.069637204771842	73.6795
chr5	66478984	0.9049675083954644	73.688
chr5	66524842	15.49942594718501	73.7295
chr5	66527455	17.85714285715004	73.77
chr5	66528183	0.6261105000421682	73.783
chr5	66587278	1.6926348682783507	73.82
chr5	66633360	3.324439927158995	73.898
chr5	66656973	0.8936619937211239	73.9765
chr5	66721315	2.2184822521417042	74.034
chr5	66734387	0.23316651501363067	74.063
chr5	66822307	5.375782881001797	74.0835
chr5	66841467	4.186959111453774	74.1865
chr5	66870008	0.7663953870296994	74.306
chr5	66897409	1.807043060513765	74.327
chr5	66920098	3.9785236973235207	74.368
chr5	66945987	1.1354528453109742	74.471
chr5	66968445	2.5650300897761507	74.4965
chr5	66998854	3.542779057114674	74.5745
chr5	67038371	1.2229435239164514	74.7145
chr5	67092748	1.0957556241329705	74.781
chr5	67115107	0.4299135978524958	74.8055
chr5	67162791	0.1071438137841826	74.826
chr5	67200124	0.35051315125351473	74.83
chr5	67235786	0.5327650506127	74.8425
chr5	67297727	0.0	74.8755
chr5	67311334	0.9564478107971319	74.8755
chr5	67363088	1.800720288115214	74.925
chr5	67433893	1.293306160840306	75.0525
chr5	67459409	4.7824745448933665	75.0855
chr5	67472373	2.8338744290983504	75.1475
chr5	67508719	1.0840778789907228	75.2505
chr5	67577441	3.972086357830391	75.325
chr5	67609540	2.027995774222791	75.4525
chr5	67662548	0.12866098998778516	75.56
chr5	67790792	0.3868471953579377	75.5765
chr5	67896777	0.0	75.6175
chr5	67918207	0.0	75.6175
chr5	68109805	0.07357674974690845	75.6175
chr5	68164170	0.06928566479603838	75.6215
chr5	68221902	0.0	75.6255
chr5	68282058	0.0	75.6255
chr5	68336860	0.0	75.6255
chr5	68466566	0.0	75.6255
chr5	68508345	0.0	75.6255
chr5	68534851	0.1595179014531395	75.6255
chr5	68563061	0.4589893055494155	75.63
chr5	68606635	0.592394708443633	75.65
chr5	68739148	0.20307942251606456	75.7285
chr5	68820397	0.13643805712185633	75.745
chr5	68853379	0.23587339495533655	75.7495
chr5	68921212	1.2656091798851905	75.7655
chr5	68986398	0.0	75.848
chr5	68997895	0.1706225828470189	75.848
chr5	69024269	0.0	75.8525
chr5	69044329	3.0440557892405	75.8525
chr5	69071431	0.3822812634393638	75.935
chr5	69092358	7.091830107806108	75.943
chr5	69130853	0.0	76.216
chr5	69173070	0.0	76.216
chr5	69258073	0.0	76.216
chr5	69295291	0.14028196675334534	76.216
chr5	69323805	0.0	76.22
chr5	69346413	0.8090229857705186	76.22
chr5	69367426	10.320879686193747	76.237
chr5	69382977	5.06225997905291	76.3975
chr5	69400163	1.5830762094904984	76.4845
chr5	69449750	0.0	76.563
chr5	69601645	0.0	76.563
chr5	69617195	0.0	76.563
chr5	69687699	0.0	76.563
chr5	69699683	0.0	76.563
chr5	69770950	0.11770244821092725	76.563
chr5	69872902	0.9364252392140386	76.575
chr5	69961003	0.0	76.6575
chr5	69976622	0.10624452176697624	76.6575
chr5	70014271	0.2211777716334353	76.6615
chr5	70032356	0.0	76.6655
chr5	70055269	0.0	76.6655
chr5	70106806	0.0	76.6655
chr5	70121620	0.07455592626428004	76.6655
chr5	70175271	0.16865539486434977	76.6695
chr5	70222705	0.0	76.6775
chr5	70225252	0.41373466699324124	76.6775
chr5	70376315	0.2102644074924297	76.74
chr5	70433386	1.919206104012125	76.752
chr5	70454749	0.43778327152853075	76.793
chr5	70474165	1.8786945038360294	76.8015
chr5	70537773	0.6540351989849975	76.921
chr5	70588229	8.782491677881035	76.954
chr5	70616467	3.6989883696924406	77.202
chr5	70703653	0.1593993571977157	77.5245
chr5	70857355	0.3167814999604143	77.549
chr5	70895236	0.0	77.561
chr5	70940092	0.0	77.561
chr5	70971295	0.079564341030324	77.561
chr5	71027853	0.10774701002060362	77.5655
chr5	71064977	0.0	77.5695
chr5	71103347	0.9429472830780559	77.5695
chr5	71160084	0.0	77.623
chr5	71294197	0.11149204225522417	77.623
chr5	71330074	0.0	77.627
chr5	71368582	0.23240015731712305	77.627
chr5	71424520	0.0	77.64
chr5	71448544	0.5577244841048733	77.64
chr5	71470060	0.351167114232512	77.652
chr5	71494265	3.762376237623977	77.6605
chr5	71527090	0.13919337439505436	77.784
chr5	71555827	0.14284245049083916	77.788
chr5	71643336	0.0	77.8005
chr5	71646842	0.15857284440059022	77.8005
chr5	71672067	0.0	77.8045
chr5	71725751	1.6710844762012425	77.8045
chr5	71743105	0.0	77.8335
chr5	71749027	24.796921761437048	77.8335
chr5	71760722	0.0	78.1235
chr5	71799169	0.3614185678787245	78.1235
chr5	71843439	24.889703928134672	78.1395
chr5	71881065	1.2139478421035026	79.076
chr5	71904954	0.5124679707517883	79.105
chr5	71984959	0.0	79.146
chr5	72098068	0.11183180496527016	79.146
chr5	72169604	0.7573395108482255	79.154
chr5	72192051	0.0	79.171
chr5	72277628	0.0	79.171
chr5	72312477	0.0	79.171
chr5	72342966	0.0	79.171
chr5	72354871	0.0	79.171
chr5	72377107	0.0	79.171
chr5	72393833	0.14430535012051943	79.171
chr5	72421552	2.9099825696475925	79.175
chr5	72455401	1.722759723255878	79.2735
chr5	72491680	2.4400162667752046	79.336
chr5	72523647	2.6101099131710064	79.414
chr5	72561768	0.0	79.5135
chr5	72597939	0.9589260028768143	79.5135
chr5	72610453	6.927374301676241	79.5255
chr5	72637303	0.34067197547142897	79.7115
chr5	72660786	0.1931247585942878	79.7195
chr5	72681498	2.4954586322684027	79.7235
chr5	72735997	2.384798830679191	79.8595
chr5	72761995	0.0	79.9215
chr5	72774633	0.0	79.9215
chr5	72783061	0.35175658444399494	79.9215
chr5	72805804	11.448748127541121	79.9295
chr5	72815150	0.6833490612085775	80.0365
chr5	72845881	0.8551686392548835	80.0575
chr5	72860498	0.15711844766992905	80.07
chr5	72911415	1.1959121548163096	80.078
chr5	72939009	0.0	80.111
chr5	72977566	0.530474866466605	80.111
chr5	73032234	5.743931813970503	80.14
chr5	73053822	0.9330896932467987	80.264
chr5	73079543	2.385326131659126	80.288
chr5	73152489	0.09432849899753985	80.462
chr5	73194894	0.17208371872937206	80.466
chr5	73241383	1.3335862029519454	80.474
chr5	73573570	0.45198796776852546	80.917
chr5	73637731	0.503648379726271	80.946
chr5	73678434	7.240664506145942	80.9665
chr5	73712685	0.9582844535847355	81.2145
chr5	73919826	0.2550178512495261	81.413
chr5	73953157	19.941424756655277	81.4215
chr5	73964766	1.3337644491143414	81.653
chr5	73977137	0.39708265802274384	81.6695
chr5	74038837	2.670250270515403	81.694
chr5	74096135	0.21350413664290838	81.847
chr5	74114870	3.134556574923304	81.851
chr5	74127950	0.0	81.892
chr5	74220017	0.08567328492803204	81.892
chr5	74266706	0.0	81.896
chr5	74278347	6.333790773778346	81.896
chr5	74297293	0.5241589631182892	82.016
chr5	74360251	1.0545408529122822	82.049
chr5	74383958	1.2003044674745833	82.074
chr5	74418116	0.7278751066716173	82.115
chr5	74457958	1.490061934747994	82.144
chr5	74496547	5.1193722788383	82.2015
chr5	74517448	2.944237918215725	82.3085
chr5	74551073	2.3172340987067455	82.4075
chr5	74645798	0.6307750008525033	82.627
chr5	74704456	0.0	82.664
chr5	74743828	0.22671881199370225	82.664
chr5	74761471	0.27909884564692056	82.668
chr5	74806258	0.061653231400066094	82.6805
chr5	74871137	0.19830449655470173	82.6845
chr5	74891308	1.73108491269938	82.6885
chr5	74924813	1.7475111205253786	82.7465
chr5	74981465	0.0	82.8455
chr5	75006050	0.0	82.8455
chr5	75007419	0.0	82.8455
chr5	75027564	0.9510113193541663	82.8455
chr5	75049120	0.0	82.866
chr5	75104434	0.0	82.866
chr5	75128722	0.033925042618376255	82.866
chr5	75246629	0.3511476533058994	82.87
chr5	75421769	0.04907012120325934	82.9315
chr5	75503285	0.0	82.9355
chr5	75512206	2.4630541871904166	82.9355
chr5	75517484	0.0	82.9485
chr5	75550217	0.2606493893357515	82.9485
chr5	75644213	1.026183220349563	82.973
chr5	75676371	1.579703207276042	83.006
chr5	75707706	1.8911276069282312	83.0555
chr5	75764286	1.928424984268089	83.1625
chr5	75813549	0.1287701024439786	83.2575
chr5	75848495	1.2000177124385005	83.262
chr5	75961410	0.8750226298957053	83.3975
chr5	76027694	0.7501778438853097	83.4555
chr5	76105009	1.9172971292365084	83.5135
chr5	76124307	13.971061093247584	83.5505
chr5	76155407	2.155259235386523	83.985
chr5	76180230	2.704350919479329	84.0385
chr5	76317971	3.230384680562689	84.411
chr5	76365179	0.0	84.5635
chr5	76469639	0.10700863773714082	84.5635
chr5	76586452	0.0	84.576
chr5	76609707	0.0	84.576
chr5	76646897	0.0	84.576
chr5	76707156	0.08338892595073567	84.576
chr5	76755124	0.0	84.58
chr5	76787291	0.39990622888421146	84.58
chr5	76859808	0.901979689905711	84.609
chr5	76924111	0.0	84.667
chr5	76948299	1.4425707605828166	84.667
chr5	76968402	0.0	84.696
chr5	76988397	0.0	84.696
chr5	77052781	0.8760066392084646	84.696
chr5	77085315	0.7243816254416399	84.7245
chr5	77113615	2.811228965627066	84.745
chr5	77138693	4.931261207412022	84.8155
chr5	77152077	0.43601102235874434	84.8815
chr5	77180746	0.8433978813837549	84.894
chr5	77195567	0.0	84.9065
chr5	77253444	0.24611850606067753	84.9065
chr5	77302201	0.0	84.9185
chr5	77304776	0.11622838878410253	84.9185
chr5	77339191	0.1010330630700131	84.9225
chr5	77378782	0.8556254917386811	84.9265
chr5	77480462	0.667209113100492	85.0135
chr5	77511187	0.9136759008841266	85.034
chr5	77538549	0.0	85.059
chr5	77541675	0.2537389175795681	85.059
chr5	77575174	8.871569521598484	85.0675
chr5	77587235	0.8070548403608329	85.1745
chr5	77638037	0.10070493454155785	85.2155
chr5	77677757	0.7168761069412743	85.2195
chr5	77713328	0.912233531783944	85.245
chr5	77744570	0.0	85.2735
chr5	77748080	0.321629589922285	85.2735
chr5	77785390	0.45090591096678956	85.2855
chr5	77821983	24.687499999997975	85.302
chr5	77825183	1.6391573305967828	85.381
chr5	77860262	0.3547217405007934	85.4385
chr5	77872948	0.2063238252439722	85.443
chr5	77892335	1.6604579976317633	85.447
chr5	77926964	1.892191249769754	85.5045
chr5	77948632	0.7973325601623962	85.5455
chr5	77990020	0.20171337715650475	85.5785
chr5	78032159	2.6068427257424873	85.587
chr5	78190780	0.6529119874642383	86.0005
chr5	78209925	0.9023076037013242	86.013
chr5	78288058	0.0	86.0835
chr5	78357326	4.213853041876572	86.0835
chr5	78361123	3.4582556656526817	86.0995
chr5	78381509	0.6255425624266787	86.17
chr5	78420675	0.0	86.1945
chr5	78484962	0.2139838442192627	86.1945
chr5	78503655	0.027251586647977787	86.1985
chr5	78668783	1.1878177412453783	86.203
chr5	78689830	0.9034553693047248	86.228
chr5	78725803	0.0	86.2605
chr5	78769233	0.0	86.2605
chr5	78851834	0.048587323567340676	86.2605
chr5	78934160	0.0	86.2645
chr5	78967388	0.0	86.2645
chr5	78975412	0.11812774473286389	86.2645
chr5	79047368	1.8886366181696481	86.273
chr5	79145587	20.194986072420864	86.4585
chr5	79147023	0.0	86.4875
chr5	79268986	0.5461496450026883	86.4875
chr5	79344057	0.0	86.5285
chr5	79349372	0.47612699259157226	86.5285
chr5	79401879	0.4797566112800938	86.5535
chr5	79444609	0.0	86.574
chr5	79461125	0.15134317063960986	86.574
chr5	79487555	0.3318497696571388	86.578
chr5	79513169	0.5382131324001324	86.5865
chr5	79528033	4.999253842710586	86.5945
chr5	79534734	0.8880609946282451	86.628
chr5	79557818	1.676397479622889	86.6485
chr5	79575117	3.384603060162043	86.6775
chr5	79625049	0.0	86.8465
chr5	79649365	0.0	86.8465
chr5	79681935	0.0	86.8465
chr5	79697860	0.09446661785886175	86.8465
chr5	79782546	0.5971535679925914	86.8545
chr5	79872975	0.47531687791851196	86.9085
chr5	79932935	3.9159503342881394	86.937
chr5	79938170	1.7050652915244455	86.9575
chr5	79950193	0.4426972659017865	86.978
chr5	79978429	1.1864298082474873	86.9905
chr5	80009615	6.124516485539757	87.0275
chr5	80020473	297.2440944881909	87.094
chr5	80021235	0.9617604062478143	87.3205
chr5	80034232	2.8680412073224733	87.333
chr5	80103443	0.11631248375062829	87.5315
chr5	80176522	0.34817931234587135	87.54
chr5	80210987	0.0	87.552
chr5	80220299	2.1192633732824	87.552
chr5	80233983	6.154180036893943	87.581
chr5	80298492	0.34521446448648385	87.978
chr5	80310079	0.548245614035137	87.982
chr5	80393071	0.14813351767727204	88.0275
chr5	80474079	0.18636723663936436	88.0395
chr5	80495542	0.16995591446590302	88.0435
chr5	80592626	5.064461790837659	88.06
chr5	80683455	0.36873156342227953	88.52
chr5	80705151	0.5702028292921555	88.528
chr5	80741980	0.5045620821595448	88.549
chr5	80765763	4.8165137614648135	88.561
chr5	80770123	0.0	88.582
chr5	80785987	0.4120788554098649	88.582
chr5	80816321	11.644486692016777	88.5945
chr5	80818425	1.1414735385680128	88.619
chr5	80847335	0.18259003971355678	88.652
chr5	80869242	12.464643559134709	88.656
chr5	80890101	0.15104398045322184	88.916
chr5	81002651	0.10403932686531271	88.933
chr5	81041098	0.0	88.937
chr5	81064363	0.0	88.937
chr5	81081173	0.0	88.937
chr5	81082944	0.0	88.937
chr5	81089527	0.9991207737193544	88.937
chr5	81102038	0.48408478186393283	88.9495
chr5	81169175	0.08202249239026806	88.982
chr5	81224038	3.5372985308799096	88.9865
chr5	81259093	0.6069770413595003	89.1105
chr5	81306047	0.4059153940671202	89.139
chr5	81397199	0.2789079931748902	89.176
chr5	81427675	11.246786632389648	89.1845
chr5	81433899	16.678752719362	89.2545
chr5	81443552	4.400583272575767	89.4155
chr5	81539562	0.0	89.838
chr5	81544316	0.13647416916186442	89.838
chr5	81665218	0.1759880471791867	89.8545
chr5	81804432	0.5963029218839868	89.879
chr5	81817848	0.0	89.887
chr5	81903717	0.0	89.887
chr5	82033204	0.0	89.887
chr5	82084272	1.0997582091879818	89.887
chr5	82148377	0.10801760687005181	89.9575
chr5	82222439	77.42914979757019	89.9655
chr5	82226391	0.011611940558449219	90.2715
chr5	82570864	0.7040401070760532	90.2755
chr5	82635491	0.0	90.321
chr5	82666014	0.1400903582812625	90.321
chr5	82694567	0.03668008546451365	90.325
chr5	82803618	0.0	90.329
chr5	82818485	7.618365886082468	90.329
chr5	82828264	0.0	90.4035
chr5	82876574	0.0	90.4035
chr5	82934710	0.0537844052117746	90.4035
chr5	83009081	0.0	90.4075
chr5	83027412	0.2023745277930957	90.4075
chr5	83049648	0.26959495002628103	90.412
chr5	83125688	0.1250586212284095	90.4325
chr5	83157673	0.0	90.4365
chr5	83161082	0.17271157167551332	90.4365
chr5	83207402	0.20293237278629583	90.4445
chr5	83227113	0.3625815808562788	90.4485
chr5	83239524	0.0	90.453
chr5	83259936	0.3723344240097827	90.453
chr5	83304251	1.5053205294581145	90.4695
chr5	83323516	0.0	90.4985
chr5	83334156	1.6305679654656393	90.4985
chr5	83387205	4.112481938424601	90.585
chr5	83405199	0.5613536106731581	90.659
chr5	83618968	0.5742901773409373	90.779
chr5	83640734	0.6124205508475592	90.7915
chr5	83701150	0.3655638822875779	90.8285
chr5	83712092	0.4877287447814133	90.8325
chr5	83737721	0.1050668487826663	90.845
chr5	83775792	0.0	90.849
chr5	83787197	0.0	90.849
chr5	83840718	0.7671207401549825	90.849
chr5	83862227	0.18146328065996792	90.8655
chr5	84066125	3.4598448312016408	90.9025
chr5	84075663	1.1289770783437236	90.9355
chr5	84090278	0.28355072222030064	90.952
chr5	84120255	0.0	90.9605
chr5	84149737	1.013353750534864	90.9605
chr5	84194144	0.25672293177573857	91.0055
chr5	84225306	0.5571154788965924	91.0135
chr5	84247743	1.77975983470743	91.026
chr5	84296626	4.789873735787531	91.113
chr5	84328464	0.17704685840158416	91.2655
chr5	84353881	0.6755198207400537	91.27
chr5	84384228	0.22955997943147802	91.2905
chr5	84438680	0.06542254788120717	91.303
chr5	84499821	0.10210723812678613	91.307
chr5	84578170	1.4641164522681265	91.315
chr5	84637250	0.6671114076052217	91.4015
chr5	84674725	4.426211810428243	91.4265
chr5	84693251	0.0	91.5085
chr5	84718637	0.6789220806353264	91.5085
chr5	84737785	0.0	91.5215
chr5	84755839	0.9469696969693251	91.5215
chr5	84773263	1.1784451665893385	91.538
chr5	84801266	2.3627771719376898	91.571
chr5	84820523	1.4235968865220199	91.6165
chr5	84869343	3.2665207278693065	91.686
chr5	84898579	0.0	91.7815
chr5	84914651	7.267901156544847	91.7815
chr5	84930474	1.1463507833397453	91.8965
chr5	84948793	9.538630010662606	91.9175
chr5	84983494	3.876696054523705	92.2485
chr5	84999487	0.0	92.3105
chr5	85038083	0.19806882891758743	92.3105
chr5	85058278	0.5425582707584028	92.3145
chr5	85081317	1.060206900982989	92.327
chr5	85128006	3.154507346403034	92.3765
chr5	85151623	0.11792800495312032	92.451
chr5	85185542	0.3107211215790311	92.455
chr5	85225771	1.5436429974734325	92.4675
chr5	85236460	9.06842539159144	92.484
chr5	85247377	0.3249829677601172	92.583
chr5	85375076	0.7268498328243939	92.6245
chr5	85402592	2.4383035318461643	92.6445
chr5	85422893	3.458425312729731	92.694
chr5	85443278	0.9252731758900598	92.7645
chr5	85465974	0.0	92.7855
chr5	85481604	0.0	92.7855
chr5	85498484	0.0	92.7855
chr5	85511839	0.0	92.7855
chr5	85616815	1.8321820297605305	92.7855
chr5	85657204	0.10468189788293655	92.8595
chr5	85695415	2.706174711481815	92.8635
chr5	85742899	0.6552006551991282	92.992
chr5	85749004	0.0	92.996
chr5	85788642	0.0	92.996
chr5	85809594	0.7024527307850176	92.996
chr5	85826677	1.6926399346292809	93.008
chr5	85860943	22.760090765316857	93.066
chr5	85875486	0.0	93.397
chr5	85894629	1.6788766788767424	93.397
chr5	85914285	1.403682602592607	93.43
chr5	86023284	0.1448225923245796	93.583
chr5	86050904	45.656286379510895	93.587
chr5	86064648	1.1705685618730148	94.2145
chr5	86103518	1.8957006938978922	94.26
chr5	86131476	0.18224699828469026	94.313
chr5	86178116	0.0	94.3215
chr5	86200850	0.0	94.3215
chr5	86239570	3.0254874396427343	94.3215
chr5	86255931	0.0	94.371
chr5	86284183	1.7490622497576265	94.371
chr5	86307910	1.3867643845289241	94.4125
chr5	86367401	0.0	94.495
chr5	86398529	0.0	94.495
chr5	86406945	0.6266854039269825	94.495
chr5	86433274	1.2377822356906554	94.5115
chr5	86456703	1.6777386117139705	94.5405
chr5	86486207	0.0	94.59
chr5	86515043	0.7333572796935853	94.59
chr5	86548451	2.151223010118231	94.6145
chr5	86573553	10.21214172873006	94.6685
chr5	86582415	2.633661568001699	94.759
chr5	86659494	0.9730950364724952	94.962
chr5	86726805	6.332524925895587	95.0275
chr5	86749071	2.127492951863859	95.1685
chr5	86863995	1.7465303447541034	95.413
chr5	87173752	1.1191941801902763	95.954
chr5	87336369	67.21536351166885	96.136
chr5	87337098	3.2477888937219626	96.185
chr5	87406068	1.2766698261018685	96.409
chr5	87457765	2.4723334118202023	96.475
chr5	87466259	8.082791962532053	96.496
chr5	87479497	3.8583044176291086	96.603
chr5	87498806	4.9761000122564765	96.6775
chr5	87539601	4.7546012269939	96.8805
chr5	87555901	3.9663617842124217	96.958
chr5	87578970	1.3225413955459813	97.0495
chr5	87597873	3.548525691007733	97.0745
chr5	87660716	5.000948047023097	97.2975
chr5	87702908	0.0	97.5085
chr5	87752622	2.6939419159838462	97.5085
chr5	87775451	0.0	97.57
chr5	87830329	0.3677610882184715	97.57
chr5	87943174	0.863275087071603	97.6115
chr5	87976767	1.0280117629466683	97.6405
chr5	88057019	0.5434820235532325	97.723
chr5	88201458	0.0	97.8015
chr5	88207033	1.169919041601922	97.8015
chr5	88228402	2.8584817244611695	97.8265
chr5	88281752	6.817562039816113	97.979
chr5	88285419	0.6523676171078924	98.004
chr5	88316843	2.369327972429728	98.0245
chr5	88358627	5.475360876057358	98.1235
chr5	88382735	4.10390547488086	98.2555
chr5	88404909	8.455525468757699	98.3465
chr5	88424482	0.373111598440596	98.512
chr5	88490146	6.973876859057686	98.5365
chr5	88503123	2.825497287522604	98.627
chr5	88525243	16.28126474752415	98.6895
chr5	88531600	4.813777760730223	98.793
chr5	88609813	3.2059585492227662	99.1695
chr5	88656133	3.7607449856732638	99.318
chr5	88686845	0.7783958817670319	99.4335
chr5	88735021	0.2020498879541607	99.471
chr5	88898347	18.078136374666453	99.504
chr5	88902468	0.8086554012602856	99.5785
chr5	88974192	1.729921494933198	99.6365
chr5	89031131	4.577135129512293	99.735
chr5	89059970	7.348533623426256	99.867
chr5	89105013	25.19882048074441	100.198
chr5	89116204	5.995708335086393	100.48
chr5	89163738	5.980973909767358	100.765
chr5	89195589	0.13370970138146085	100.9555
chr5	89229244	9.534790088210809	100.96
chr5	89256565	0.9782725226029825	101.2205
chr5	89480429	3.1989168812553275	101.4395
chr5	89518098	1.7200106392410905	101.56
chr5	89630888	0.16026925234384898	101.754
chr5	89680804	0.5167958656331924	101.762
chr5	89729179	0.05709836491043696	101.787
chr5	90018154	1.1135857461021819	101.8035
chr5	90025787	0.4496008421791036	101.812
chr5	90071383	9.546813894639799	101.8325
chr5	90075730	1.3421408897811622	101.874
chr5	90118572	0.5496806617108364	101.9315
chr5	90156776	0.8817694172974102	101.9525
chr5	90170385	0.3516319861001098	101.9645
chr5	90194558	0.10884057576677882	101.973
chr5	90231309	0.08876067901898763	101.977
chr5	90276374	0.0	101.981
chr5	90310292	0.11854271489179095	101.981
chr5	90348253	0.0	101.9855
chr5	90360448	0.0	101.9855
chr5	90377320	0.923925191863462	101.9855
chr5	90444425	0.7598077221275639	102.0475
chr5	90476670	0.09273761437624815	102.072
chr5	90525194	0.16638935108173414	102.0765
chr5	90549234	2.3358488628781813	102.0805
chr5	90568713	3.385203385203255	102.126
chr5	90587028	2.2305474083748202	102.188
chr5	90627601	0.0	102.2785
chr5	90647579	0.0	102.2785
chr5	90657051	1.1579619869034727	102.2785
chr5	90682095	0.8185421333792156	102.3075
chr5	90728519	0.5573618207153022	102.3455
chr5	90750049	1.2638177406307063	102.3575
chr5	90779721	4.751404420643976	102.395
chr5	90798768	1.9237367053862453	102.4855
chr5	90839574	2.6477973065513325	102.564
chr5	90861479	1.1877517990306385	102.622
chr5	90976402	0.6349108027749755	102.7585
chr5	91008690	0.0	102.779
chr5	91029754	21.17533452890167	102.779
chr5	91037003	2.0241850683490585	102.9325
chr5	91094063	0.0	103.048
chr5	91094233	0.7380073800733917	103.048
chr5	91115913	2.354059621087245	103.064
chr5	91160092	0.33902614739142967	103.168
chr5	91183689	0.0	103.176
chr5	91205585	0.0	103.176
chr5	91224763	0.0	103.176
chr5	91282792	0.0	103.176
chr5	91359293	2.280244562493941	103.176
chr5	91379247	0.0	103.2215
chr5	91407636	0.2527730692597601	103.2215
chr5	91441263	0.6660006660006912	103.23
chr5	91459281	0.5576008384166716	103.242
chr5	91533707	0.0	103.2835
chr5	91603491	0.5291334661353307	103.2835
chr5	91619555	0.0	103.292
chr5	91673986	3.07202605670288	103.292
chr5	91687495	1.153007167341821	103.3335
chr5	91751675	8.146399055489715	103.4075
chr5	91764380	0.9093991799993449	103.511
chr5	91796819	0.2622864824107333	103.5405
chr5	91827320	4.464285714285742	103.5485
chr5	91844008	0.0	103.623
chr5	91922434	0.0	103.623
chr5	91936225	4.430272588746043	103.623
chr5	91953944	0.824722262650275	103.7015
chr5	91974557	2.8806871748313845	103.7185
chr5	92003196	0.0	103.801
chr5	92019518	0.0	103.801
chr5	92039045	0.0	103.801
chr5	92066022	0.0	103.801
chr5	92069859	0.0	103.801
chr5	92090407	0.128911285597043	103.801
chr5	92218402	0.0	103.8175
chr5	92261585	0.512061902595275	103.8175
chr5	92270373	0.0	103.822
chr5	92290841	0.06859298636698409	103.822
chr5	92349156	0.12884735045858733	103.826
chr5	92508259	0.0	103.8465
chr5	92532526	0.0	103.8465
chr5	92552721	0.1916325560715116	103.8465
chr5	92617950	0.0	103.859
chr5	92647754	0.2752614984236313	103.859
chr5	92707697	0.0	103.8755
chr5	92722847	0.3877870811504344	103.8755
chr5	92786026	0.0882534639482543	103.9
chr5	92831350	4.026659261316453	103.904
chr5	92852956	5.014142453072351	103.991
chr5	92864623	2.1976496715091804	104.0495
chr5	92907851	1.7847984408657973	104.1445
chr5	92956596	0.0	104.2315
chr5	93003177	8.844988986784314	104.2315
chr5	93032233	7.462686567163988	104.4885
chr5	93072299	1.6144349477705915	104.7875
chr5	93077564	11.439842209071543	104.796
chr5	93082634	6.802721088435632	104.854
chr5	93097187	0.0	104.953
chr5	93111090	1.2594458438267744	104.953
chr5	93114663	5.449416591870807	104.9575
chr5	93145859	10.485336805838095	105.1275
chr5	93182720	0.5853840628482528	105.514
chr5	93359527	7.477267603516874	105.6175
chr5	93386141	3.1667091728300796	105.8165
chr5	93409667	1.5426762773623621	105.891
chr5	93447264	0.0	105.949
chr5	93466485	0.0	105.949
chr5	93474690	0.0	105.949
chr5	93474735	1.2502404308519823	105.949
chr5	93521526	3.9643696162883253	106.0075
chr5	93603254	8.217669090107742	106.3315
chr5	93625949	0.0	106.518
chr5	93644795	3.23147440794501	106.518
chr5	93710245	0.7759307106062924	106.7295
chr5	93956401	4.21782029072813	106.9205
chr5	93982955	13.014112349678477	107.0325
chr5	94001166	3.1682825484768204	107.2695
chr5	94030046	59.23299185710447	107.361
chr5	94037660	0.0	107.812
chr5	94038357	19.788918205805498	107.812
chr5	94040631	0.6176536647453669	107.857
chr5	94067345	0.7842844338208315	107.8735
chr5	94094121	0.0	107.8945
chr5	94095211	0.41459369817629443	107.8945
chr5	94104859	0.8564087924636351	107.8985
chr5	94216955	0.9341535657324406	107.9945
chr5	94238900	0.9607255399279718	108.015
chr5	94264922	1.8571807587908729	108.04
chr5	94313921	0.5248425472350204	108.131
chr5	94322495	3.698965402158465	108.1355
chr5	94340473	0.9194280782078019	108.202
chr5	94367120	0.1806430893979794	108.2265
chr5	94392031	1.906453995568268	108.231
chr5	94442124	0.0	108.3265
chr5	94457578	0.2190633823389775	108.3265
chr5	94478120	4.171865252651251	108.331
chr5	94490944	1.5477959385832225	108.3845
chr5	94515172	2.0862841174445674	108.422
chr5	94541295	6.343452650656704	108.4765
chr5	94558951	5.12634066533377	108.5885
chr5	94586456	5.4677206851118845	108.7295
chr5	94609226	3.2164956233022206	108.854
chr5	94662234	0.0	109.0245
chr5	94681757	0.0	109.0245
chr5	94705787	1.9177171495053014	109.0245
chr5	94744896	1.6779284386191977	109.0995
chr5	94766947	1.1114051336332784	109.1365
chr5	94785842	2.941746945109206	109.1575
chr5	94801309	0.3421923120794016	109.203
chr5	94836377	3.3158158158156454	109.215
chr5	94860353	1.6561656165618894	109.2945
chr5	94888128	5.21946924915095	109.3405
chr5	94911981	0.18018018017976026	109.465
chr5	94934181	3.698163384027595	109.469
chr5	94970280	2.410206701422513	109.6025
chr5	95008451	39.70535393460105	109.6945
chr5	95014017	6.6747356804670535	109.9155
chr5	95042108	6.6245570790327575	110.103
chr5	95061581	0.534650440450145	110.232
chr5	95100859	2.0002213683726726	110.253
chr5	95164102	7.273773321279145	110.3795
chr5	95188436	1.400508605756706	110.5565
chr5	95215569	0.7339332439850418	110.5945
chr5	95278245	0.0334963488979185	110.6405
chr5	95412588	0.0	110.645
chr5	95427570	0.18531438039602902	110.645
chr5	95519306	0.0	110.662
chr5	95532045	2.8290649195947513	110.662
chr5	95558909	0.34405642525416213	110.738
chr5	95570535	0.16640563821452534	110.742
chr5	95621615	4.758594877827014	110.7505
chr5	95659021	0.0	110.9285
chr5	95715234	1.0522222476383667	110.9285
chr5	95758951	0.0	110.9745
chr5	95782143	0.14952153110024805	110.9745
chr5	95812239	0.12125784807758551	110.979
chr5	95849350	0.0	110.9835
chr5	95873338	0.7370231284872278	110.9835
chr5	95901831	0.5922894680166463	111.0045
chr5	95929689	2.216509718542758	111.021
chr5	95967812	5.303872521771007	111.1055
chr5	95989400	5.072667275152982	111.22
chr5	96017886	3.2810317382970826	111.3645
chr5	96048669	2.919537545252832	111.4655
chr5	96134299	1.0595565676691823	111.7155
chr5	96197533	1.6129032258066518	111.7825
chr5	96231633	1.3316142123393753	111.8375
chr5	96278944	0.0	111.9005
chr5	96311481	6.3843039551542935	111.9005
chr5	96333958	3.43655880762988	112.044
chr5	96359856	0.4894069160924907	112.133
chr5	96592791	15.303832690064096	112.247
chr5	96603932	1.5908749812396	112.4175
chr5	96670562	8.034498411257037	112.5235
chr5	96681577	4.993961549760283	112.612
chr5	96712214	0.8321607431950828	112.765
chr5	96778307	6.00289454641157	112.82
chr5	96808709	1.6525084561956171	113.0025
chr5	96886167	0.0	113.1305
chr5	96904099	0.4013420879421696	113.1305
chr5	96966390	1.348109857007213	113.1555
chr5	97020169	0.0	113.228
chr5	97030903	0.8426384469090801	113.228
chr5	97137117	4.7490013129592334	113.3175
chr5	97172914	0.44519710883774	113.4875
chr5	97230192	4.934407273017027	113.513
chr5	97280350	3.7938611549818653	113.7605
chr5	97309476	1.4518805309735063	113.871
chr5	97338404	0.7501637681465456	113.913
chr5	97480373	0.6042403454834104	114.0195
chr5	97536642	1.9611747137879811	114.0535
chr5	97586867	0.420521446593675	114.152
chr5	97607080	0.9580117151145943	114.1605
chr5	97625347	0.0	114.178
chr5	97647616	1.5774356076660374	114.178
chr5	97668853	0.201707570316605	114.2115
chr5	97820062	0.0	114.242
chr5	97849009	0.3686880604055165	114.242
chr5	97882913	4.753018020645329	114.2545
chr5	97900060	0.0	114.336
chr5	97917059	0.48763481668462083	114.336
chr5	98143663	0.6917160090754713	114.4465
chr5	98161734	1.7617797429870015	114.459
chr5	98176208	9.712105445716167	114.4845
chr5	98196389	1.9581636776179525	114.6805
chr5	98228562	2.0167183024497817	114.7435
chr5	98245669	0.0	114.778
chr5	98266998	1.5688445921000282	114.778
chr5	98294088	0.49725049725079323	114.8205
chr5	98328276	0.18759086432447017	114.8375
chr5	98349599	2.013155272074927	114.8415
chr5	98374684	0.1762494125022433	114.892
chr5	98400216	6.835175925501211	114.8965
chr5	98422015	0.5260877638174137	115.0455
chr5	98454329	1.1766038305691227	115.0625
chr5	98533795	4.095617529880105	115.156
chr5	98565170	1.6277056277060176	115.2845
chr5	98594045	2.7541724535674144	115.3315
chr5	98679007	2.6477087937290906	115.5655
chr5	98702990	4.104958145524374	115.629
chr5	98727838	4.1641656662671975	115.731
chr5	98741166	2.8589580686148643	115.7865
chr5	98771072	4.999348619072237	115.872
chr5	98801776	4.5174537987686945	116.0255
chr5	98818821	0.1251760287901949	116.1025
chr5	98850776	3.145614463718808	116.1065
chr5	98867148	3.8406088251280828	116.158
chr5	98909459	7.655595387206876	116.3205
chr5	98955765	1.5189033262706426	116.675
chr5	98994938	1.0535664530510702	116.7345
chr5	99052362	5.867601196026253	116.795
chr5	99083465	2.4978384090687147	116.9775
chr5	99093874	0.90785468143953	117.0035
chr5	99223300	0.3457109679020794	117.121
chr5	99336111	8.018791511421007	117.16
chr5	99348457	0.45302481182052123	117.259
chr5	99463241	1.0890155466357168	117.311
chr5	99583074	0.0	117.4415
chr5	99622539	0.0	117.4415
chr5	99652499	9.91682661548299	117.4415
chr5	99674381	0.12389654638348081	117.6585
chr5	99706666	3.7974400786293856	117.6625
chr5	99751433	1.5321243783595482	117.8325
chr5	99771340	1.347708894878575	117.863
chr5	99784325	1.8416000714316716	117.8805
chr5	99829123	0.4017114777377699	117.963
chr5	99882644	0.14925205010362394	117.9845
chr5	100060196	0.38191486236391287	118.011
chr5	100094235	4.248217265968547	118.024
chr5	100107417	4.012106707961016	118.08
chr5	100121624	10.773611770289696	118.137
chr5	100132159	1.8674541822290613	118.2505
chr5	100143672	113.75661375655541	118.272
chr5	100143861	0.9876188509503536	118.2935
chr5	100255240	0.2579563408896197	118.4035
chr5	100286253	0.7159939767927898	118.4115
chr5	100353991	0.970054829186234	118.46
chr5	100389556	0.4180396399939976	118.4945
chr5	100409889	1.4542182792100142	118.503
chr5	100457681	2.773018961061623	118.5725
chr5	100492120	1.5474748729413312	118.668
chr5	100588729	6.736049035883435	118.8175
chr5	100604391	0.31347962382442085	118.923
chr5	100660216	2.345274168776712	118.9405
chr5	100684307	0.1657183892172631	118.997
chr5	100738616	3.0478335145210957	119.006
chr5	100764372	1.3069690965045617	119.0845
chr5	100788091	0.0	119.1155
chr5	101034864	0.49749375786131445	119.1155
chr5	101088131	0.0	119.142
chr5	101111720	0.5543728933831312	119.142
chr5	101134268	0.0	119.1545
chr5	101154363	0.17971963736600008	119.1545
chr5	101179402	0.3874467260751793	119.159
chr5	101202631	0.5047078486205642	119.168
chr5	101263062	0.0	119.1985
chr5	101294827	0.27317135878663895	119.1985
chr5	101357059	1.1231748408836069	119.2155
chr5	101365072	2.188519869456247	119.2245
chr5	101391117	0.296169540608146	119.2815
chr5	101421505	0.0	119.2905
chr5	101477002	0.9099181073703712	119.2905
chr5	101496784	0.0	119.3085
chr5	101526351	0.167441860465387	119.3085
chr5	101553226	0.24315124007094965	119.313
chr5	101571733	0.28123945352059243	119.3175
chr5	101651736	0.5946419629444392	119.34
chr5	101747592	1.7700735496076152	119.397
chr5	101780359	1.3523747700963404	119.455
chr5	101835817	7.173872003019955	119.53
chr5	101846411	0.4347012666865184	119.606
chr5	101937278	0.4251165134150276	119.6455
chr5	101969034	0.0	119.659
chr5	101989299	1.3350559862184195	119.659
chr5	102012519	1.9947106548926135	119.69
chr5	102034828	0.4403770728685953	119.7345
chr5	102107493	0.18031826173217727	119.7665
chr5	102129676	0.394062787337464	119.7705
chr5	102175354	0.5717916137233214	119.7885
chr5	102198964	1.5596568754868363	119.802
chr5	102222046	0.0	119.838
chr5	102239448	0.5681100871105339	119.838
chr5	102263211	1.319522332915222	119.8515
chr5	102293525	0.0	119.8915
chr5	102318507	0.19632651280516888	119.8915
chr5	102341428	0.21674212503578966	119.896
chr5	102362190	0.16913478162847762	119.9005
chr5	102388796	1.8710557194049884	119.905
chr5	102420329	0.17630235200406955	119.964
chr5	102496902	0.32036450361301183	119.9775
chr5	102524995	0.5936479667552677	119.9865
chr5	102555316	0.0	120.0045
chr5	102582106	0.20155717313199698	120.0045
chr5	102668930	0.591245865897982	120.022
chr5	102723053	1.1015862842494557	120.054
chr5	102748017	0.0	120.0815
chr5	102776370	0.7787622871380917	120.0815
chr5	102805262	0.46297855146643674	120.104
chr5	102864660	1.1243254047568332	120.1315
chr5	102884672	0.7417378643444142	120.154
chr5	102921073	0.5015776898244189	120.181
chr5	102975900	0.3486418813983841	120.2085
chr5	103070553	0.48841752721168685	120.2415
chr5	103099217	1.229067445076095	120.2555
chr5	103118744	0.3173739571997595	120.2795
chr5	103162856	2.0891364902521894	120.2935
chr5	103167882	0.19046868432111946	120.304
chr5	103244010	0.3607633753023239	120.3185
chr5	103271729	1.4715790220204674	120.3285
chr5	103299930	0.4394295920391192	120.37
chr5	103370476	0.9337713989279275	120.401
chr5	103399391	0.0	120.428
chr5	103414878	1.1290047716427503	120.428
chr5	103438350	0.0	120.4545
chr5	103467094	0.0	120.4545
chr5	103507916	0.04624491305954529	120.4545
chr5	103626848	0.0	120.46
chr5	103670452	0.0	120.46
chr5	103693705	0.4779679533870859	120.46
chr5	103715673	0.0	120.4705
chr5	103739376	0.13220200466307333	120.4705
chr5	103822582	0.0	120.4815
chr5	103849895	0.41821006093947916	120.4815
chr5	103875002	0.0	120.492
chr5	103894416	0.0	120.492
chr5	103942030	0.23497939411476448	120.492
chr5	103969692	0.35928143712542177	120.4985
chr5	103990567	0.34927583476892743	120.506
chr5	104012040	0.0	120.5135
chr5	104036600	0.0	120.5135
chr5	104064832	0.0	120.5135
chr5	104117967	0.0	120.5135
chr5	104139207	0.0	120.5135
chr5	104155444	0.2572148773085133	120.5135
chr5	104213761	0.0	120.5285
chr5	104239160	0.0	120.5285
chr5	104246978	0.0	120.5285
chr5	104277718	0.0	120.5285
chr5	104293530	0.0	120.5285
chr5	104347515	0.0	120.5285
chr5	104361304	0.0	120.5285
chr5	104384359	0.0	120.5285
chr5	104415535	0.0	120.5285
chr5	104434460	0.3360760227143908	120.5285
chr5	104477605	0.0	120.543
