Chromosome	Position(bp)	Rate(cM/Mb)	Map(cM)
chr10	0	0.0	0.0
chr10	188995	1.939660208922437	0.0
chr10	231786	3.2219023943477687	0.083
chr10	262358	0.45800509634761744	0.1815
chr10	322401	4.077903556466708	0.209
chr10	367277	0.46047210508458053	0.392
chr10	408539	1.5608552034556615	0.411
chr10	491186	6.612432206925322	0.54
chr10	515156	9.227770817174791	0.6985
chr10	565439	0.2992317549942418	1.1625
chr10	719166	0.3160193059066916	1.2085
chr10	736570	0.0	1.214
chr10	740405	0.5124525981346768	1.214
chr10	769676	1.6482743371726034	1.229
chr10	819425	0.18169925139908438	1.311
chr10	929497	0.0	1.331
chr10	963739	0.0	1.331
chr10	990502	0.19692224933238517	1.331
chr10	1094604	0.9669309611293763	1.3515
chr10	1115288	1.2371390935953597	1.3715
chr10	1171466	2.2336877870760627	1.441
chr10	1187359	4.528641061983614	1.4765
chr10	1216286	3.2860556940980894	1.6075
chr10	1254782	1.2161569440567794	1.734
chr10	1330019	5.387360423621503	1.8255
chr10	1373454	8.607594936708868	2.0595
chr10	1397154	1.9317090600504703	2.2635
chr10	1441933	6.465238567303129	2.35
chr10	1465134	3.531583594188943	2.5
chr10	1477593	1.9584569732937638	2.544
chr10	1494443	1.3427039023488085	2.577
chr10	1629618	0.8450641581604246	2.7585
chr10	1674585	3.719067372335864	2.7965
chr10	1702549	1.665327873670186	2.9005
chr10	1753590	22.234536260996062	2.9855
chr10	1768027	8.753980621993358	3.3065
chr10	1841822	0.3343044080424039	3.9525
chr10	1883700	0.17107869620025326	3.9665
chr10	1939230	5.6450141410455155	3.976
chr10	1983074	2.07520752075208	4.2235
chr10	2003072	46.93767355754399	4.265
chr10	2029000	6.503669182346169	5.482
chr10	2057753	0.4874152391340764	5.669
chr10	2290614	3.4095311894614864	5.7825
chr10	2303519	0.4365329582383492	5.8265
chr10	2365370	13.121778134832947	5.8535
chr10	2380307	13.600676410194461	6.0495
chr10	2421702	2.431641953475729	6.6125
chr10	2451106	0.8961844463643238	6.684
chr10	2528657	2.298850574712649	6.7535
chr10	2564762	21.765365054736694	6.8365
chr10	2576363	0.8395654925666098	7.089
chr10	2653784	1.856070193200054	7.154
chr10	2665637	5.855343527528549	7.176
chr10	2689376	3.023908661001938	7.315
chr10	2742453	1.1659136807478514	7.4755
chr10	2790484	2.0191780366609486	7.5315
chr10	2850657	0.23326117787564712	7.653
chr10	2904245	0.0	7.6655
chr10	2939106	1.71992621765793	7.6655
chr10	2959165	1.0030792199309335	7.7
chr10	2980599	0.2923406743324999	7.7215
chr10	3011385	1.8705317794535201	7.7305
chr10	3062440	3.502924772139897	7.826
chr10	3077142	1.079001688872194	7.8775
chr10	3109116	5.975302084716519	7.912
chr10	3146771	2.624364573144693	8.137
chr10	3219360	2.027947184558003	8.3275
chr10	3253138	2.379902231043452	8.396
chr10	3307552	0.0	8.5255
chr10	3336482	0.2569931797964155	8.5255
chr10	3387067	0.0	8.5385
chr10	3398589	0.0	8.5385
chr10	3456285	0.0	8.5385
chr10	3501674	0.0	8.5385
chr10	3532218	1.340165549861999	8.5385
chr10	3544903	0.1715446939906561	8.5555
chr10	3620685	0.0	8.5685
chr10	3637303	0.8361204013377536	8.5685
chr10	3662419	1.1490041963631956	8.5895
chr10	3692445	2.6355693551880504	8.624
chr10	3720143	12.461059190031193	8.697
chr10	3735230	3.272355776905179	8.885
chr10	3766553	1.3338788870703786	8.9875
chr10	3827653	6.222524921057481	9.069
chr10	3859955	0.32705389848247124	9.27
chr10	3913463	2.4315366224734034	9.2875
chr10	3950271	4.892665474060796	9.377
chr10	4006171	3.1130529765156187	9.6505
chr10	4033636	3.610303807065352	9.736
chr10	4089033	3.274185047355897	9.936
chr10	4151644	3.956822621767504	10.141
chr10	4181845	0.7291326586135616	10.2605
chr10	4227790	0.9955768649730284	10.294
chr10	4631576	0.0	10.696
chr10	4652031	0.1245717844907991	10.696
chr10	4684141	0.0	10.7
chr10	4696697	0.4415011037527915	10.7
chr10	4735202	1.417886639963136	10.717
chr10	4791624	0.43447745730423115	10.797
chr10	4821545	2.807442474953218	10.81
chr10	4857877	0.1690831466373403	10.912
chr10	4881534	0.36216315757164996	10.916
chr10	4962989	0.15846186351152092	10.9455
chr10	4991387	5.3934010152285365	10.95
chr10	4997691	0.2644049870848313	10.984
chr10	5046858	5.998421468034768	10.997
chr10	5059528	1.9376194192523795	11.073
chr10	5096687	2.497796062298067	11.145
chr10	5106896	0.5468038015883093	11.1705
chr10	5145301	38.643820634341914	11.1915
chr10	5150787	0.6071086908529187	11.4035
chr10	5177965	1.0070155416065039	11.42
chr10	5207756	5.785198965470321	11.45
chr10	5251834	55.971458650134565	11.705
chr10	5260383	7.7341137123746275	12.1835
chr10	5267559	7.510660292027391	12.239
chr10	5298515	0.4399984470642905	12.4715
chr10	5375788	2.950301113206385	12.5055
chr10	5408666	12.353824452837122	12.6025
chr10	5430643	2.319775099769995	12.874
chr10	5481510	1.4067268565615432	12.992
chr10	5544422	4.062672918426187	13.0805
chr10	5613096	2.317031463748266	13.3595
chr10	5671576	5.14721174128763	13.495
chr10	5738894	4.101695660779865	13.8415
chr10	5829832	8.973701883991387	14.2145
chr10	5942996	10.228406696973051	15.23
chr10	5997110	0.20270914814460864	15.7835
chr10	6039042	5.4321972777633	15.792
chr10	6104209	2.244313138741658	16.146
chr10	6183075	3.217956517562686	16.323
chr10	6214306	3.3646267146655533	16.4235
chr10	6256807	0.8323424494648134	16.5665
chr10	6282037	2.1541407371948487	16.5875
chr10	6338440	0.0	16.709
chr10	6346936	2.4072681904701123	16.709
chr10	6409455	19.96561694147049	16.8595
chr10	6422252	0.5025730019501741	17.115
chr10	6538653	0.6633197201051158	17.1735
chr10	6577096	0.19440124416794125	17.199
chr10	6618248	0.3412969283274559	17.207
chr10	6629968	0.4212670707477187	17.211
chr10	6709490	1.0667349377027706	17.2445
chr10	6732926	0.9658075304157322	17.2695
chr10	6802298	2.0859785960456816	17.3365
chr10	6846402	4.503653907887568	17.4285
chr10	6899359	2.4009047424821124	17.667
chr10	6953297	3.6693704132869147	17.7965
chr10	6981776	2.860332077577813	17.901
chr10	7053446	4.793710651625022	18.106
chr10	7084737	2.3576961940048045	18.256
chr10	7093644	10.934142333459704	18.277
chr10	7117377	2.7683134582622877	18.5365
chr10	7138509	8.970886932972286	18.595
chr10	7194635	17.307904310439866	19.0985
chr10	7212777	5.28483082594992	19.4125
chr10	7280045	3.2711106620525947	19.768
chr10	7319634	0.0	19.8975
chr10	7335757	3.6383040651984317	19.8975
chr10	7366678	1.7547779910092005	20.01
chr10	7442756	0.12781549123754285	20.1435
chr10	7477963	3.96389803634593	20.148
chr10	7518958	35.1153039832286	20.3105
chr10	7521820	1.4032510218303837	20.411
chr10	7574911	1.695449294062973	20.4855
chr10	7641560	6.551685519094934	20.5985
chr10	7650489	0.2737317097448592	20.657
chr10	7710767	0.7988529291273886	20.6735
chr10	7783997	0.27568461679839307	20.732
chr10	7843848	0.0	20.7485
chr10	7856238	0.7039741688411914	20.7485
chr10	7909507	3.175409627841811	20.786
chr10	7925253	6.99444402161507	20.836
chr10	7990948	1.2957153712759928	21.2955
chr10	8042271	5.554157529568332	21.362
chr10	8070088	24.75161234094465	21.5165
chr10	8081562	4.4681464398962465	21.8005
chr10	8154411	21.560574948665256	22.126
chr10	8179248	0.0	22.6615
chr10	8203781	0.24752176380384694	22.6615
chr10	8286602	0.14151833448645104	22.682
chr10	8318400	1.6054846828084086	22.6865
chr10	8341446	0.4942052017519558	22.7235
chr10	8393044	28.926929782850053	22.749
chr10	8411971	4.711630394269866	23.2965
chr10	8535389	0.44426494345720585	23.878
chr10	8572529	10.548121339111335	23.8945
chr10	8593528	0.06908104934116256	24.116
chr10	8651431	1.3173147855411718	24.12
chr10	8689387	0.0	24.17
chr10	8724746	0.7065265389030397	24.17
chr10	8736069	5.465846269169527	24.178
chr10	8768086	2.093428959100543	24.353
chr10	8793881	0.4436557231588299	24.407
chr10	8869390	0.0	24.4405
chr10	8912511	0.0	24.4405
chr10	8979716	0.0	24.4405
chr10	9015322	0.7354631119282113	24.4405
chr10	9037077	1.009202558927245	24.4565
chr10	9066308	2.9220269846250573	24.486
chr10	9091804	1.6938011932450239	24.5605
chr10	9111582	0.0	24.594
chr10	9180262	0.558821557100355	24.594
chr10	9224999	6.348558999456209	24.619
chr10	9261779	0.0	24.8525
chr10	9314141	0.6211063221095264	24.8525
chr10	9367272	2.9878232110643212	24.8855
chr10	9393880	0.0	24.965
chr10	9479787	1.280324937639342	24.965
chr10	9525088	0.0	25.023
chr10	9538240	2.6980874316940104	25.023
chr10	9567520	0.4377393196027478	25.102
chr10	9680601	7.226710426660022	25.1515
chr10	9712289	0.0	25.3805
chr10	9727684	0.0	25.3805
chr10	9749848	0.22994102688951884	25.3805
chr10	9786814	0.3245699448230736	25.389
chr10	9811462	0.987837686358069	25.397
chr10	9882830	1.557857081037374	25.4675
chr10	9917493	0.7358953393295454	25.5215
chr10	9984758	0.0	25.571
chr10	10002752	1.7160900604063538	25.571
chr10	10046456	1.365991521431932	25.646
chr10	10110146	8.137701844829744	25.733
chr10	10133617	5.646527385657867	25.924
chr10	10154869	0.21937988618838253	26.044
chr10	10230081	8.351063829787048	26.0605
chr10	10239481	5.024014155712807	26.139
chr10	10255305	3.5347451179304934	26.2185
chr10	10286849	1.799181306196803	26.33
chr10	10399956	0.15183723048889916	26.5335
chr10	10452644	3.645541222658579	26.5415
chr10	10468691	0.0	26.6
chr10	10478419	1.8530111431075014	26.6
chr10	10518354	0.6254053553229182	26.674
chr10	10604698	0.0	26.728
chr10	10623819	0.945981787640344	26.728
chr10	10680374	0.0	26.7815
chr10	10721279	1.6729160657629025	26.7815
chr10	10755949	1.1575796662863236	26.8395
chr10	10816420	2.341215100351665	26.9095
chr10	10867889	0.0	27.03
chr10	10880794	1.292890021823234	27.03
chr10	10935323	0.7252467194447411	27.1005
chr10	11009091	5.231447860351313	27.154
chr10	11046270	6.230316308366336	27.3485
chr10	11068179	2.8875691173459064	27.485
chr10	11141424	8.306979644559208	27.6965
chr10	11163875	12.89011814518887	27.883
chr10	11193161	0.17918321124982856	28.2605
chr10	11262922	5.065461346633424	28.273
chr10	11301418	0.14652551375513154	28.468
chr10	11328717	0.42784469707652295	28.472
chr10	11435064	0.4290464442776093	28.5175
chr10	11463033	1.3469101880287133	28.5295
chr10	11518716	0.12979006457048517	28.6045
chr10	11549535	1.4777070063694224	28.6085
chr10	11608410	3.7856334536832303	28.6955
chr10	11645524	4.604833442194819	28.836
chr10	11660834	2.6717965159771913	28.9065
chr10	11670191	0.4888560767803289	28.9315
chr10	11720308	2.181300514327674	28.956
chr10	11763860	2.0014215704613822	29.051
chr10	11790591	1.3987345480109803	29.1045
chr10	11858867	1.6755050915834586	29.2
chr10	11920341	0.0	29.303
chr10	11938695	0.0	29.303
chr10	11963386	16.55419654154353	29.303
chr10	11977612	0.0	29.5385
chr10	11999943	3.7279617729445644	29.5385
chr10	12024219	2.0862056454537927	29.629
chr10	12051781	8.83218842001996	29.6865
chr10	12057895	0.2505480739116913	29.7405
chr10	12105790	0.10932757112720526	29.7525
chr10	12183538	0.48093244313689637	29.761
chr10	12201212	1.7135353276535668	29.7695
chr10	12232434	0.8735337112703585	29.823
chr10	12260481	0.3081880704182824	29.8475
chr10	12352957	0.6686930091184224	29.876
chr10	12377632	0.04900359359686563	29.8925
chr10	12469462	0.8283964253439414	29.897
chr10	12489380	1.8519071656859873	29.9135
chr10	12522859	0.6694560669455331	29.9755
chr10	12546759	2.106031674716468	29.9915
chr10	12564565	0.8539312996191153	30.029
chr10	12704506	0.6836544437539103	30.1485
chr10	12752776	0.18984337921221336	30.1815
chr10	12773846	0.0	30.1855
chr10	12813074	0.7603239163093914	30.1855
chr10	12867656	0.6444084504589065	30.227
chr10	12925073	1.092126122952284	30.264
chr10	12981843	0.4547438882421162	30.326
chr10	13009331	4.014997195406348	30.3385
chr10	13043204	3.7012362128951595	30.4745
chr10	13056713	1.6327805542935312	30.5245
chr10	13127145	0.0	30.6395
chr10	13136821	0.1792685841764249	30.6395
chr10	13161923	0.14548099654487492	30.644
chr10	13189418	0.41296422875370126	30.648
chr10	13259642	0.0	30.677
chr10	13283494	17.346460384434614	30.677
chr10	13285627	2.66577807397564	30.714
chr10	13291629	0.5923715705525541	30.73
chr10	13473947	3.1486546657337384	30.838
chr10	13505389	0.0	30.937
chr10	13537086	1.7231767269778422	30.937
chr10	13616010	1.9638793040158453	31.073
chr10	13643252	7.257779001612835	31.1265
chr10	13694094	3.4417960636929976	31.4955
chr10	13744649	0.08049099506991768	31.6695
chr10	13844039	0.3008272750062786	31.6775
chr10	13883929	0.2865754236869402	31.6895
chr10	14086319	0.0720292438730365	31.7475
chr10	14197385	0.0	31.7555
chr10	14202155	0.0	31.7555
chr10	14236934	0.0	31.7555
chr10	14281985	0.6684849457189844	31.7555
chr10	14319383	2.0446941220206667	31.7805
chr10	14343592	0.029601562962534307	31.83
chr10	14478720	0.0	31.834
chr10	14485830	2.4988071021371465	31.834
chr10	14525649	0.3950436475054817	31.9335
chr10	14577542	3.2948615396336005	31.954
chr10	14603795	0.0	32.0405
chr10	14660901	0.0	32.0405
chr10	14686193	0.0	32.0405
chr10	14711600	0.0	32.0405
chr10	14776626	0.12213265827282678	32.0405
chr10	14911725	0.23791849863902503	32.057
chr10	14964264	0.31717350351775453	32.0695
chr10	15016286	0.43386243386240014	32.086
chr10	15063536	0.0	32.1065
chr10	15092313	0.0	32.1065
chr10	15123554	0.26057500217146823	32.1065
chr10	15204145	0.20764329919885657	32.1275
chr10	15302872	1.5482539136416515	32.148
chr10	15331937	1.0471796903744102	32.193
chr10	15367270	0.2642706131078324	32.23
chr10	15384298	0.0	32.2345
chr10	15399429	2.939721962745187	32.2345
chr10	15417628	1.6674245869335178	32.288
chr10	15477001	1.7699459291242459	32.387
chr10	15502708	0.45446987751486917	32.4325
chr10	15592923	1.1852353538774576	32.4735
chr10	15610641	11.07594936708845	32.4945
chr10	15635289	0.3320742185879653	32.7675
chr10	15659380	0.0	32.7755
chr10	15689127	0.4653261513297224	32.7755
chr10	15724586	0.9018294254057931	32.792
chr10	15798325	1.866565771219525	32.8585
chr10	15837970	0.18331212663643942	32.9325
chr10	15884339	0.1577204142789608	32.941
chr10	15960423	0.3791469194310695	32.953
chr10	15970973	3.979488275198999	32.957
chr10	15989694	0.47296111801903756	33.0315
chr10	16120783	0.1254193710217848	33.0935
chr10	16152676	2.9774963956623335	33.0975
chr10	16216488	0.4730895530694024	33.2875
chr10	16234455	0.3338062254862168	33.296
chr10	16258421	0.22415895559851762	33.304
chr10	16314185	0.33862824775275263	33.3165
chr10	16362911	1.1598095470638945	33.333
chr10	16387484	2.009634845072908	33.3615
chr10	16422565	0.9322974472808344	33.432
chr10	16445090	0.13117334557610622	33.453
chr10	16475584	1.904173742987959	33.457
chr10	16533877	0.5766439323140018	33.568
chr10	16584168	0.955518945634264	33.597
chr10	16705568	4.451812390567453	33.713
chr10	16732411	3.298837265402597	33.8325
chr10	16815319	3.9370078740135663	34.106
chr10	16816335	36.137440758293806	34.11
chr10	16823087	1.4327454784001326	34.354
chr10	16947324	3.100686170365597	34.532
chr10	16982155	2.9037209109387434	34.64
chr10	17030369	7.887943398030364	34.78
chr10	17051287	4.589701495988411	34.945
chr10	17094536	3.9994948006567115	35.1435
chr10	17118289	6.160658420368683	35.2385
chr10	17139066	0.0	35.3665
chr10	17145738	0.4165825085841402	35.3665
chr10	17185346	0.0	35.383
chr10	17198972	0.41902581607829464	35.383
chr10	17247895	4.992511233150312	35.4035
chr10	17309988	0.7352150055588856	35.7135
chr10	17337871	2.4541702301712487	35.734
chr10	17364764	2.1224594803190926	35.8
chr10	17419182	7.187850214476174	35.9155
chr10	17445059	0.07952444382587692	36.1015
chr10	17495358	8.804448563484822	36.1055
chr10	17527728	1.5716381231782528	36.3905
chr10	17580221	6.020579435160152	36.473
chr10	17607627	4.9998703016783015	36.638
chr10	17684729	2.4782286455438047	37.0235
chr10	17706317	3.0410383421638807	37.077
chr10	17770111	9.982289486395006	37.271
chr10	17794955	0.0	37.519
chr10	17858221	12.654348016463853	37.519
chr10	17881059	3.7200330669606054	37.808
chr10	17935494	3.828326180257493	38.0105
chr10	18022869	10.824134605079744	38.345
chr10	18041531	0.9458218549127781	38.547
chr10	18150431	1.1301451344278326	38.65
chr10	18175649	2.2457988074033852	38.6785
chr10	18201475	0.2872234598517424	38.7365
chr10	18272848	1.5228315965801615	38.757
chr10	18318815	1.1537392271337006	38.827
chr10	18354785	2.415223225176964	38.8685
chr10	18375280	1.0140834391644646	38.918
chr10	18428037	0.5336891260839973	38.9715
chr10	18458017	0.7659186884161244	38.9875
chr10	18506325	2.9964522005944962	39.0245
chr10	18527183	7.604987977408471	39.087
chr10	18545066	0.6461116997906231	39.223
chr10	18583759	2.583488469283135	39.248
chr10	18636401	0.978143550998378	39.384
chr10	18695697	0.3923188106545678	39.442
chr10	18768342	2.1974607120661402	39.4705
chr10	18790868	0.0	39.52
chr10	18810277	1.8693353474319607	39.52
chr10	18863237	0.396419014898763	39.619
chr10	18893508	0.0	39.631
chr10	18935014	1.1028438667176843	39.631
chr10	18969017	0.0	39.6685
chr10	18974657	0.2566876734740861	39.6685
chr10	19391506	3.688301401059481	39.7755
chr10	19411705	2.827931259517069	39.85
chr10	19535824	2.5324770106553363	40.201
chr10	19604334	3.986277541553903	40.3745
chr10	19645726	0.733257898341433	40.5395
chr10	19780058	6.145563867720092	40.638
chr10	19851573	0.7755411553840085	41.0775
chr10	19909597	0.5567928730511384	41.1225
chr10	19953599	1.8820577164367087	41.147
chr10	19962366	0.6411900487304072	41.1635
chr10	20001356	2.4837231733783827	41.1885
chr10	20042826	0.8230030870152305	41.2915
chr10	20208682	0.0	41.428
chr10	20235746	1.0794714312303542	41.428
chr10	20262611	1.4560373260397184	41.457
chr10	20324766	4.884441267572261	41.5475
chr10	20337357	1.274415626000628	41.609
chr10	20415432	0.0	41.7085
chr10	20444761	0.7523536468817795	41.7085
chr10	20493940	0.0	41.7455
chr10	20549609	0.2839094328909186	41.7455
chr10	20591876	0.3792188092528842	41.7575
chr10	20626157	0.487212800875292	41.7705
chr10	20684653	1.4122687291477187	41.799
chr10	20737405	6.665230388064586	41.8735
chr10	20774538	1.5641779894474732	42.121
chr10	20795955	3.332763630148667	42.1545
chr10	20842763	7.26010980741898	42.3105
chr10	20878644	1.8167028199568134	42.571
chr10	20897084	13.181116258547876	42.6045
chr10	20906150	2.221890844020294	42.724
chr10	21040270	1.6192663251486699	43.022
chr10	21142168	0.0	43.187
chr10	21181631	0.0	43.187
chr10	21199459	1.267914089215094	43.187
chr10	21225486	6.995959729765523	43.22
chr10	21285878	7.08524989171013	43.6425
chr10	21334359	6.9008227904098876	43.986
chr10	21345662	4.65545838359469	44.064
chr10	21372190	2.9311098164870626	44.1875
chr10	21427118	18.100082810836234	44.3485
chr10	21444024	4.044584489488714	44.6545
chr10	21465287	2.2553989860684114	44.7405
chr10	21540440	15.059379024181087	44.91
chr10	21554418	0.0	45.1205
chr10	21586746	1.5075727207766336	45.1205
chr10	21644123	2.683035895768222	45.207
chr10	21668722	0.6071016080788465	45.273
chr10	21702489	0.0	45.2935
chr10	21739708	0.0	45.2935
chr10	21768390	0.4437562550748442	45.2935
chr10	21927261	3.6866041896361397	45.364
chr10	21941773	0.5837651830155277	45.4175
chr10	21990594	2.6086174327609486	45.446
chr10	22001711	1.1908219575951313	45.475
chr10	22070571	3.3397613258431864	45.557
chr10	22106352	2.162879224824168	45.6765
chr10	22123690	0.7662560870810607	45.714
chr10	22193510	0.08777319406663936	45.7675
chr10	22239082	1.5768850944536577	45.7715
chr10	22270473	2.4332500328816935	45.821
chr10	22285679	0.39729452121175823	45.858
chr10	22337278	3.5143269715895924	45.8785
chr10	22394757	1.5313529016039533	46.0805
chr10	22451243	5.070720477829753	46.167
chr10	22499461	6.516379006692953	46.4115
chr10	22510817	3.518873960332827	46.4855
chr10	22515506	4.321763916834304	46.502
chr10	22634786	1.324425098277414	47.0175
chr10	22812599	1.434769831803461	47.253
chr10	22870448	0.0	47.336
chr10	22904353	34.40303847635823	47.336
chr10	22922520	5.64695848350619	47.961
chr10	22995214	1.682900708858241	48.3715
chr10	23014823	0.2918347703209269	48.4045
chr10	23112481	2.109659910100904	48.433
chr10	23159645	3.4626711109672605	48.5325
chr10	23190546	2.0998707771831318	48.6395
chr10	23212214	2.68471266918127	48.685
chr10	23279819	0.11613558829927512	48.8665
chr10	23348704	1.2443841106694289	48.8745
chr10	23441521	17.97185131721366	48.99
chr10	23455376	4.783895141442962	49.239
chr10	23491539	14.411277895097182	49.412
chr10	23509060	4.2699653227060255	49.6645
chr10	23528381	4.173065034002769	49.747
chr10	23628667	0.3424418198336179	50.1655
chr10	23700212	3.301269281120145	50.19
chr10	23717781	4.349663649491069	50.248
chr10	23746174	5.213865018828043	50.3715
chr10	23756531	3.1770045385778376	50.4255
chr10	23792886	1.638653495013818	50.541
chr10	23835604	4.369121166583478	50.611
chr10	23853571	1.043003851091106	50.6895
chr10	23884731	0.44893995199084147	50.722
chr10	23939304	0.8980883547877003	50.7465
chr10	23962687	11.248593925759566	50.7675
chr10	23979578	1.6405783926592608	50.9575
chr10	24049980	1.981528706320127	51.073
chr10	24078998	2.1110902608370097	51.1305
chr10	24100314	0.7129330511306678	51.1755
chr10	24279854	2.4711696869852666	51.3035
chr10	24293208	2.638675442920552	51.3365
chr10	24327695	1.3830887190987302	51.4275
chr10	24402166	0.07234843003902805	51.5305
chr10	24457454	0.6617038875103642	51.5345
chr10	24475589	0.06751789224144654	51.5465
chr10	24542238	0.493544438741096	51.551
chr10	24567565	0.6605565188673662	51.5635
chr10	24579676	7.036572248117447	51.5715
chr10	24590832	0.3960396039603524	51.65
chr10	24631232	0.4637958174050097	51.666
chr10	24666808	0.5383342171656886	51.6825
chr10	24729037	0.0	51.716
chr10	24767979	0.0	51.716
chr10	24795287	0.07258210851021199	51.716
chr10	24850397	1.269561612602513	51.72
chr10	24869695	1.2887489620813806	51.7445
chr10	24927503	0.49571755115527694	51.819
chr10	25109058	0.0	51.909
chr10	25151501	0.11434567369777704	51.909
chr10	25225837	0.679573029238398	51.9175
chr10	25256003	0.2765915075342583	51.938
chr10	25301196	0.08318688974620378	51.9505
chr10	25397365	0.2515205560890935	51.9585
chr10	25462966	0.0	51.975
chr10	25526570	1.4542781346884324	51.975
chr10	25557857	13.441955193483198	52.0205
chr10	25560312	0.47938638542676293	52.0535
chr10	25586387	1.187741463923906	52.066
chr10	25624695	2.3562054082621184	52.1115
chr10	25670107	0.9685230024207707	52.2185
chr10	25674237	0.83885751698183	52.2225
chr10	25723113	1.895026989778411	52.2635
chr10	25731820	0.49878345498779586	52.28
chr10	25772920	1.4918288465451166	52.3005
chr10	25817161	1.7189714046783449	52.3665
chr10	25860210	1.7713240160392627	52.4405
chr10	25911584	0.9336249406812749	52.5315
chr10	26008518	2.7107255856945396	52.622
chr10	26064776	0.16835646675895732	52.7745
chr10	26091505	2.4793214044564422	52.779
chr10	26186289	1.9753805206686947	53.014
chr10	26234381	0.2691772367971639	53.109
chr10	26310539	0.1768815777835758	53.1295
chr10	26333153	15.870514609878109	53.1335
chr10	26377575	0.720613048368898	53.8385
chr10	26434471	0.11535503716996079	53.8795
chr10	26473481	0.0	53.884
chr10	26509296	0.0	53.884
chr10	26528468	0.0	53.884
chr10	26615214	2.144946376340673	53.884
chr10	26630599	0.0	53.917
chr10	26632033	0.046326859154740774	53.917
chr10	26718376	1.9542559351477289	53.921
chr10	26766732	0.3372209702093798	54.0155
chr10	26827523	3.52016508360391	54.036
chr10	26860476	0.0	54.152
chr10	26869440	0.0	54.152
chr10	26881427	0.0	54.152
chr10	26969622	1.3735120286355982	54.152
chr10	27041700	0.0	54.251
chr10	27078835	0.0	54.251
chr10	27120745	0.0	54.251
chr10	27156186	0.0	54.251
chr10	27193898	0.0	54.251
chr10	27221012	0.0	54.251
chr10	27252963	0.3265306122449103	54.251
chr10	27289713	0.10632500897120814	54.263
chr10	27364954	0.0	54.271
chr10	27386618	1.0160915726607578	54.271
chr10	27410730	1.080708754928548	54.2955
chr10	27537036	0.18777138833459842	54.432
chr10	27579641	4.801860088960719	54.44
chr10	27599425	0.21750478510532179	54.535
chr10	27656895	3.7078651685394663	54.5475
chr10	27670245	1.1469882868166297	54.597
chr10	27699016	1.8924545135040225	54.63
chr10	27772994	0.88791685359652	54.77
chr10	27879986	0.0	54.865
chr10	27927097	0.5700441784238495	54.865
chr10	27948148	0.6920270100237835	54.877
chr10	27995834	0.1492469811406144	54.91
chr10	28106389	0.9747615785870208	54.9265
chr10	28144347	1.0819689227239337	54.9635
chr10	28182703	0.7019252807700032	55.005
chr10	28217607	2.221668535359813	55.0295
chr10	28241688	1.7199377438928496	55.083
chr10	28330354	0.5730527666987251	55.2355
chr10	28373980	1.7796927688273436	55.2605
chr10	28389994	1.2751691655868373	55.289
chr10	28438615	3.1101511879049317	55.351
chr10	28484915	0.5700938717676316	55.495
chr10	28665587	1.1033977998580446	55.598
chr10	28755763	0.30518043793394	55.6975
chr10	28795084	0.5479244997827851	55.7095
chr10	28848011	1.2604525332020664	55.7385
chr10	28880539	0.38163083577154483	55.7795
chr10	28911983	0.32722941399754685	55.7915
chr10	28988382	0.1677587431910685	55.8165
chr10	29039050	3.362232522394884	55.825
chr10	29080689	0.0	55.965
chr10	29106950	0.18107741059292815	55.965
chr10	29151130	0.0	55.973
chr10	29176053	0.0	55.973
chr10	29215782	0.0	55.973
chr10	29244052	0.35455555981447195	55.973
chr10	29348408	0.058625667783016665	56.01
chr10	29484867	0.16235523325035792	56.018
chr10	29512584	4.2928754266211016	56.0225
chr10	29587592	0.11678615884627785	56.3445
chr10	29938661	1.754872832936134	56.3855
chr10	29999919	1.155102874355423	56.493
chr10	30078267	0.5220481126276502	56.5835
chr10	30197030	0.49460431654678133	56.6455
chr10	30230390	0.0	56.662
chr10	30250538	0.3850226200787163	56.662
chr10	30260927	2.7601204416193754	56.666
chr10	30266905	2.0294266869610107	56.6825
chr10	30272818	0.47211413748382974	56.6945
chr10	30369193	0.1820273477886697	56.74
chr10	30437864	0.36943537959486655	56.7525
chr10	30470346	0.0	56.7645
chr10	30484610	1.4551547755534548	56.7645
chr10	30495949	0.25439407955597637	56.781
chr10	30560809	0.4445367677606952	56.7975
chr10	30681159	0.40661646308733435	56.851
chr10	30742642	0.0	56.876
chr10	30756974	0.2721865207924207	56.876
chr10	30907606	0.3364257314711107	56.917
chr10	30956651	0.01589117721839953	56.9335
chr10	31208363	0.0	56.9375
chr10	31264150	0.22929238134117486	56.9375
chr10	31442961	0.0	56.9785
chr10	31478389	0.0	56.9785
chr10	31523618	0.0	56.9785
chr10	31540723	0.541940941655577	56.9785
chr10	31578550	0.6856077226853494	56.999
chr10	31651478	1.6442560654779927	57.049
chr10	31706214	0.022786886906149273	57.139
chr10	31903696	0.0	57.1435
chr10	31904728	0.21803212921448667	57.1435
chr10	31962059	0.0	57.156
chr10	31967134	0.0	57.156
chr10	31970140	0.10500973260935564	57.156
chr10	32165360	0.0	57.1765
chr10	32225455	4.460609387867962	57.1765
chr10	32232741	0.9303055437243428	57.209
chr10	32277350	0.16723806338313332	57.2505
chr10	32325186	0.0	57.2585
chr10	32412424	0.4185921907441847	57.2585
chr10	32442286	0.14541929229278303	57.271
chr10	32555751	0.026347857589815123	57.2875
chr10	32707566	0.0	57.2915
chr10	32773701	0.3368928272454545	57.2915
chr10	32822678	0.2507208223641584	57.308
chr10	32838632	0.20062756301716317	57.312
chr10	32963241	0.21647421580893678	57.337
chr10	33152640	0.0	57.378
chr10	33239689	0.14177247093664883	57.378
chr10	33271430	0.6303679773066835	57.3825
chr10	33296812	0.4420631973546687	57.3985
chr10	33353365	0.0	57.4235
chr10	33587059	0.7761783799040656	57.4235
chr10	33629575	0.6135973165344256	57.4565
chr10	33776251	1.1934203715419338	57.5465
chr10	33811025	0.4537838592571607	57.588
chr10	33911293	1.0914864060329843	57.6335
chr10	33941527	1.1084961970053162	57.6665
chr10	33970846	1.304250056217671	57.699
chr10	34015316	0.04543028155422545	57.757
chr10	34103363	1.2922199447462954	57.761
chr10	34125805	0.0	57.79
chr10	34159777	0.0	57.79
chr10	34184236	0.0	57.79
chr10	34225806	0.0	57.79
chr10	34265415	0.3137500980469175	57.79
chr10	34303662	0.23821321035184745	57.802
chr10	34356136	0.03666781253578809	57.8145
chr10	34574311	1.7970693945260117	57.8225
chr10	34599630	0.14387075493545753	57.868
chr10	34742119	0.17690297052577145	57.8885
chr10	34880613	0.6662225183212297	57.913
chr10	34936150	0.0	57.95
chr10	34953494	0.0	57.95
chr10	35020128	1.4543246180399216	57.95
chr10	35051414	0.062827883014447	57.9955
chr10	35115080	1.203918963799546	57.9995
chr10	35139168	0.4416148382585822	58.0285
chr10	35166341	0.5710539117192417	58.0405
chr10	35260903	0.26317328498743614	58.0945
chr10	35431893	0.037860144625798745	58.1395
chr10	35537545	0.07704011864174	58.1435
chr10	35589466	0.16409152368824304	58.1475
chr10	35741820	0.0	58.1725
chr10	35775569	0.027359781121735864	58.1725
chr10	35921769	0.4348062394696816	58.1765
chr10	35940168	0.3855882534394253	58.1845
chr10	36005004	0.11269921243145314	58.2095
chr10	36080426	0.0	58.218
chr10	36125378	0.43960874821404106	58.218
chr10	36161774	5.585173902005196	58.234
chr10	36173591	0.3115808365323008	58.3
chr10	36213709	0.6483344511514301	58.3125
chr10	36258439	0.2509456366062162	58.3415
chr10	36340130	0.0	58.362
chr10	36354236	0.3095033828176871	58.362
chr10	36446319	0.10029838770336208	58.3905
chr10	36486200	3.185582961682001	58.3945
chr10	36530148	0.45960951575538805	58.5345
chr10	36584542	1.8841334517938275	58.5595
chr10	36617183	0.49201968078719327	58.621
chr10	36658848	1.2445550715618685	58.6415
chr10	36708665	0.43876546380716597	58.7035
chr10	36755387	0.0	58.724
chr10	36819324	0.8450129665782777	58.724
chr10	36887962	1.0329271891733758	58.782
chr10	36935400	0.0	58.831
chr10	36982671	0.07722007722003442	58.831
chr10	37034471	0.0909550277918175	58.835
chr10	37083946	0.6007405046219305	58.8395
chr10	37124729	0.0	58.864
chr10	37147527	0.8487811502684078	58.864
chr10	37162254	0.42805537574906366	58.8765
chr10	37258036	0.39163992052585805	58.9175
chr10	37310380	0.08978474108320314	58.938
chr10	37354931	0.0	58.942
chr10	37462661	0.5103483896356137	58.942
chr10	37543978	0.0	58.9835
chr10	37589499	0.22909047064025626	58.9835
chr10	37713904	0.361097737120861	59.012
chr10	37747136	1.4827462257369362	59.024
chr10	37791648	3.2258064516128413	59.09
chr10	37804513	0.23749208359722243	59.1315
chr10	37873989	0.6069614765265995	59.148
chr10	37914354	0.0	59.1725
chr10	37943980	0.2615872473548009	59.1725
chr10	38037639	2.0137408197104842	59.197
chr10	38041860	0.5965198160972592	59.2055
chr10	38076226	0.560623049183294	59.226
chr10	38142224	3.152866242038336	59.263
chr10	38157924	0.7077856420626427	59.3125
chr10	38222209	2.047819349125669	59.358
chr10	38258345	1.7558047970714457	59.432
chr10	38305332	0.1717917883527267	59.5145
chr10	38328616	3.025442881096392	59.5185
chr10	38342333	0.314309346567423	59.56
chr10	38433008	4.839038304808418	59.5885
chr10	38452640	1.4714821926531674	59.6835
chr10	38556277	0.7992327365728621	59.836
chr10	38596941	1.6853290676420163	59.8685
chr10	38614445	1.1856081685983084	59.898
chr10	38655774	0.3216285757529118	59.947
chr10	38682202	3.2840996232454693	59.9555
chr10	38712195	2.446148229280506	60.054
chr10	38725890	0.0	60.0875
chr10	38749230	0.9693159477117003	60.0875
chr10	38931833	0.0	60.2645
chr10	38942447	0.3001947605031324	60.2645
chr10	39010736	0.0	60.285
chr10	39047313	3.4367990738733076	60.285
chr10	39074955	1.1808057981636397	60.38
chr10	39124074	2.2725560605679807	60.438
chr10	39163897	0.0	60.5285
chr10	39171842	4.4281569705292965	60.5285
chr10	39178391	0.39732994278457856	60.5575
chr10	39209851	1.5511025404543906	60.57
chr10	39257559	4.991973689362391	60.644
chr10	39283100	1.3175756607839233	60.7715
chr10	39308146	8.272631556329209	60.8045
chr10	39354685	0.9538546325538843	61.1895
chr10	39401862	0.2439024390244457	61.2345
chr10	39453112	1.9099182887131285	61.247
chr10	39483218	0.12295283529240979	61.3045
chr10	39584883	0.9212229857583665	61.317
chr10	39625047	1.852036616696996	61.354
chr10	39705229	0.12389185617532543	61.5025
chr10	39741551	5.3683129493045465	61.507
chr10	39762973	2.821959979476762	61.622
chr10	39780514	1.876490153945747	61.6715
chr10	39848460	0.061343002808148674	61.799
chr10	39921818	0.3595570257443648	61.8035
chr10	39956583	0.0	61.816
chr10	39969172	0.6361125764110345	61.816
chr10	40001399	4.600571785350484	61.8365
chr10	40031830	2.286454661509392	61.9765
chr10	40084313	1.184719535783525	62.0965
chr10	40104993	3.777991482346294	62.121
chr10	40126830	18.044237485448534	62.2035
chr10	40140574	5.375201190440025	62.4515
chr10	40173503	2.0966658901237265	62.6285
chr10	40246476	0.9747364233139524	62.7815
chr10	40271611	12.030623405031443	62.806
chr10	40277097	7.25253774411298	62.872
chr10	40315911	6.637137325366003	63.1535
chr10	40387704	0.5668463984514975	63.63
chr10	40460034	1.392875232145925	63.671
chr10	40495572	2.4076461003428253	63.7205
chr10	40536691	2.2903488072340195	63.8195
chr10	40587120	3.6644578129295673	63.935
chr10	40619867	0.9750467624463359	64.055
chr10	40644994	3.8534520507956502	64.0795
chr10	40679249	0.7906274707108759	64.2115
chr10	40804466	0.0	64.3105
chr10	40819021	0.711725462621537	64.3105
chr10	40877330	2.333210780847762	64.352
chr10	40948048	4.578127674139967	64.517
chr10	40971420	1.772814633176475	64.624
chr10	41031776	1.6228769691375509	64.731
chr10	41067515	1.3824884792624632	64.789
chr10	41094640	1.6008935219657208	64.8265
chr10	41148360	0.3065935651425539	64.9125
chr10	41176084	3.580189617449303	64.921
chr10	41191167	1.5300775518760743	64.975
chr10	41215022	1.7164866448964589	65.0115
chr10	41238908	4.234538810914505	65.0525
chr10	41268191	1.1545293072823994	65.1765
chr10	41386421	2.1276595744680327	65.313
chr10	41475486	10.64093660085331	65.5025
chr10	41495644	0.0	65.717
chr10	41495988	3.034426158697312	65.717
chr10	41542290	0.11844131232988536	65.8575
chr10	41576062	0.2713503379544052	65.8615
chr10	41697676	0.9750661652041044	65.8945
chr10	41719213	3.45245871046059	65.9155
chr10	41740647	0.33112405936732664	65.9895
chr10	41927888	0.13637448433366328	66.0515
chr10	41957219	1.5005627110166881	66.0555
chr10	41965216	0.6849867031991259	66.0675
chr10	41977625	1.613481534602824	66.076
chr10	41980414	0.0	66.0805
chr10	42021071	0.0	66.0805
chr10	42035061	0.0	66.0805
chr10	42080024	1.5492330868256265	66.0805
chr10	42138440	1.076990248871836	66.171
chr10	42172795	0.0	66.208
chr10	42191687	0.0	66.208
chr10	42205969	1.7422655494682748	66.208
chr10	42255617	2.2922956502290512	66.2945
chr10	42264560	1.6546550963377595	66.315
chr10	42291756	0.8351855593722316	66.36
chr10	42365991	3.0002419549962553	66.422
chr10	42386656	0.0	66.484
chr10	42447632	0.1776948535130223	66.484
chr10	42492653	0.9398228576311124	66.492
chr10	42527766	0.290171713378553	66.525
chr10	42557059	0.5613485974790557	66.5335
chr10	42615846	1.017272878259267	66.5665
chr10	42664014	0.1291145777952995	66.6155
chr10	42729847	7.014560527155117	66.624
chr10	42748665	5.37318766591781	66.756
chr10	42787841	0.4768990118653558	66.9665
chr10	42814052	0.9940357852884353	66.979
chr10	42851274	0.7935500253934805	67.016
chr10	42898530	0.3063314889625958	67.0535
chr10	42950761	0.8880994671401259	67.0695
chr10	42992423	0.0	67.1065
chr10	43021675	0.3372614371304192	67.1065
chr10	43046878	0.9961527892279289	67.115
chr10	43105102	1.0463235993532214	67.173
chr10	43136641	1.4796636471903286	67.206
chr10	43164350	0.31451288244773656	67.247
chr10	43204094	0.41243236109287457	67.2595
chr10	43234402	1.0173967070518812	67.272
chr10	43298782	2.2581765844457284	67.3375
chr10	43339080	0.2095996646404204	67.4285
chr10	43377248	0.29335071708000493	67.4365
chr10	43392588	0.6012196169372384	67.441
chr10	43427517	3.3229282046119475	67.462
chr10	43457310	4.1939678250003745	67.561
chr10	43496533	4.52883070718144	67.7255
chr10	43525790	1.5167930660886928	67.858
chr10	43571940	0.0	67.928
chr10	43603090	0.0	67.928
chr10	43618624	1.9499229966716016	67.928
chr10	43658882	1.190631950804641	68.0065
chr10	43773527	0.602530628640312	68.143
chr10	43793443	1.0662664876392474	68.155
chr10	43844087	0.7161682135901709	68.209
chr10	43861541	0.6342784653888286	68.2215
chr10	43919875	0.10061627468255285	68.2585
chr10	43959630	0.1780864609763892	68.2625
chr10	43982091	0.9249814139248544	68.2665
chr10	44039930	0.9425426029258666	68.32
chr10	44066454	0.0	68.345
chr10	44080002	0.28130344765511844	68.345
chr10	44124438	0.4048582995952769	68.3575
chr10	44163958	8.93189430591666	68.3735
chr10	44177393	1.1632293762577384	68.4935
chr10	44209201	2.021381726709176	68.5305
chr10	44287118	0.2188602850654	68.688
chr10	44323671	0.46505447781032033	68.696
chr10	44376353	3.5046728971958916	68.7205
chr10	44390477	0.9776908719225328	68.77
chr10	44457983	0.9307473649788982	68.836
chr10	44497736	9.341998375304343	68.873
chr10	44519894	2.6474655154968887	69.08
chr10	44579196	6.364483079788391	69.237
chr10	44582417	6.539155768073893	69.2575
chr10	44613996	11.169696128763798	69.464
chr10	44642824	4.609334708612709	69.786
chr10	44782432	0.48559404337954387	70.4295
chr10	44816411	0.23249055507148436	70.446
chr10	44833616	0.7262487031274135	70.45
chr10	44867351	0.0	70.4745
chr10	44930772	0.0	70.4745
chr10	44985016	0.0	70.4745
chr10	45021119	0.0	70.4745
chr10	45063223	0.44144144144124475	70.4745
chr10	45118723	0.8632566575401368	70.499
chr10	45176064	1.648431273095786	70.5485
chr10	45203666	3.6294245304198647	70.594
chr10	45257118	1.2653898768811949	70.788
chr10	45286358	0.3775138993754004	70.825
chr10	45373772	2.8003972194635773	70.858
chr10	45398947	0.19709288001995015	70.9285
chr10	45419242	1.5767568432847985	70.9325
chr10	45481712	1.064066604336298	71.031
chr10	45594017	3.020853634769281	71.1505
chr10	45635065	0.48848001302615224	71.2745
chr10	45659631	0.0	71.2865
chr10	45703943	0.24879747885183087	71.2865
chr10	45722030	4.255143352888071	71.291
chr10	45746236	1.075654356399988	71.394
chr10	45818750	0.28308661069394364	71.472
chr10	45891166	0.6317172602000323	71.4925
chr10	45950528	0.0	71.53
chr10	45985464	0.7043840865548767	71.53
chr10	46003210	0.7429868069638332	71.5425
chr10	46053009	2.448223383841662	71.5795
chr10	46083235	0.2874264014215889	71.6535
chr10	46140641	0.0	71.67
chr10	46176231	1.648152735171406	71.67
chr10	46228714	1.078668402454765	71.7565
chr10	46282484	1.3259914569710733	71.8145
chr10	46331881	0.8578279383190542	71.88
chr10	46380259	0.6532288167227457	71.9215
chr10	46417765	1.7702293601518262	71.946
chr10	46476232	1.5637171791230844	72.0495
chr10	46563524	7.132018209407746	72.186
chr10	46586589	5.387333197068354	72.3505
chr10	46655083	3.148569376272061	72.7195
chr10	46696848	1.065222413306276	72.851
chr10	46735807	0.6841027182208655	72.8925
chr10	46862250	0.0	72.979
chr10	46903591	0.46368998305978903	72.979
chr10	46984464	1.8504021066116991	73.0165
chr10	47026617	3.3764980891250116	73.0945
chr10	47053568	1.0387484654850372	73.1855
chr10	47117106	2.947360516633076	73.2515
chr10	47143740	0.2804451224984933	73.33
chr10	47188312	1.805943194877757	73.3425
chr10	47224858	9.182578023157445	73.4085
chr10	47250940	0.17482899538909893	73.648
chr10	47296699	2.375394192570452	73.656
chr10	47321116	0.0	73.714
chr10	47382609	1.5059916955316663	73.714
chr10	47429090	2.3566571875583504	73.784
chr10	47530717	3.030989745623458	74.0235
chr10	47548368	0.8309696862260354	74.077
chr10	47593496	9.913215268467422	74.1145
chr10	47607669	0.15582998948166615	74.255
chr10	47633338	0.6632688682537172	74.259
chr10	47676307	2.0644977575290504	74.2875
chr10	47690354	3.2560969593315674	74.3165
chr10	47751163	1.402721279281727	74.5145
chr10	47786808	0.42063199957988207	74.5645
chr10	47805827	8.093234056326148	74.5725
chr10	47808916	2.872757847533907	74.5975
chr10	47837460	4.263748069562884	74.6795
chr10	47882139	0.0	74.87
chr10	47927789	28.933278418451277	74.87
chr10	47947213	0.6135783224435662	75.432
chr10	48007515	3.3165698430591735	75.469
chr10	48053647	16.279539486972563	75.622
chr10	48078402	4.551405948001623	76.025
chr10	48126519	0.21954841428676805	76.244
chr10	48579722	1.212254793916209	76.3435
chr10	48593333	0.0	76.36
chr10	48606984	0.155493789966677	76.36
chr10	48658433	0.0	76.368
chr10	48707009	0.05565793867741	76.368
chr10	48787860	0.05675610482839334	76.3725
chr10	48858337	0.20920502092084034	76.3765
chr10	48879847	0.6067961165048471	76.381
chr10	49036407	0.49760904920257326	76.476
chr10	49077604	3.9185777403745243	76.4965
chr10	49096616	3.6367618410890703	76.571
chr10	49183369	0.7696061868828475	76.8865
chr10	49210006	2.652519893900783	76.907
chr10	49216415	0.0	76.924
chr10	49316358	0.6445730096842665	76.924
chr10	49348162	0.0	76.9445
chr10	49370638	0.0	76.9445
chr10	49411794	0.0	76.9445
chr10	49446549	0.5909832836157145	76.9445
chr10	49482083	0.1877273260587954	76.9655
chr10	49524698	1.2286219775898652	76.9735
chr10	49565394	0.1254036429759817	77.0235
chr10	49597291	0.7354260089685527	77.0275
chr10	49625166	0.37703978523822407	77.048
chr10	49658319	0.0	77.0605
chr10	49727799	0.5003639010187263	77.0605
chr10	49760775	0.1542138946720984	77.077
chr10	49786713	0.0	77.081
chr10	49828166	0.0	77.081
chr10	49879552	0.0	77.081
chr10	49904094	0.5379120406232396	77.081
chr10	49927332	0.2582644628097742	77.0935
chr10	49958308	0.32860615562470175	77.1015
chr10	50084599	0.6599158038457413	77.143
chr10	50216434	0.27845457709646204	77.23
chr10	50230799	0.19342359767892417	77.234
chr10	50277329	0.5341479871056336	77.243
chr10	50330685	0.11338322195096447	77.2715
chr10	50405652	4.752243808851871	77.28
chr10	50450999	0.2122072203505548	77.4955
chr10	50488698	0.14719634260378128	77.5035
chr10	50546444	0.4836338311538668	77.512
chr10	50572290	3.3434071817814757	77.5245
chr10	50614313	1.5066096423016526	77.665
chr10	50655465	0.24013985745303523	77.727
chr10	50707518	1.8725650370739284	77.7395
chr10	50747303	1.1717408432494987	77.814
chr10	50796802	4.30195523312406	77.872
chr10	50842014	1.5813686026452582	78.0665
chr10	50862882	3.431416524625271	78.0995
chr10	50907470	9.370494954350365	78.2525
chr10	50913713	1.186375813241439	78.311
chr10	50965973	0.21724961981304491	78.373
chr10	51002797	0.8654861435667923	78.381
chr10	51060568	0.6946856547414616	78.431
chr10	51083600	1.1130468447539748	78.447
chr10	51124928	1.5354896230623563	78.493
chr10	51165306	0.2773636584265009	78.555
chr10	51194149	0.0	78.563
chr10	51202518	0.18680240975065043	78.563
chr10	51223931	0.0	78.567
chr10	51223932	0.678483589179016	78.567
chr10	51235723	1.4629470816726209	78.575
chr10	51255546	0.0	78.604
chr10	51255764	0.0	78.604
chr10	51257318	1.7728285077952095	78.604
chr10	51313443	1.6173378618792547	78.7035
chr10	51344358	0.1748442793136393	78.7535
chr10	51390113	6.569828685480096	78.7615
chr10	51426187	0.14860497083619212	78.9985
chr10	51480021	1.1992145803407084	79.0065
chr10	51555904	1.0127152019804593	79.0975
chr10	51609226	1.058474248095955	79.1515
chr10	51647961	2.706115821757274	79.1925
chr10	51675676	2.6180320635387155	79.2675
chr10	51743666	0.45635133684086515	79.4455
chr10	51762292	0.6491973559965271	79.454
chr10	51787708	0.9453660621805	79.4705
chr10	51848531	1.7460787215151672	79.528
chr10	51865426	0.0	79.5575
chr10	52011245	1.4968582425893964	79.5575
chr10	52041642	0.0	79.603
chr10	52065915	0.47339047239399684	79.603
chr10	52126119	1.2141257248119721	79.6315
chr10	52173890	1.465209078061555	79.6895
chr10	52222006	0.6272599808130731	79.76
chr10	52235557	0.220574043949256	79.7685
chr10	52271826	0.1671930150476417	79.7765
chr10	52298741	0.0	79.781
chr10	52329695	0.7752352437980208	79.781
chr10	52367103	1.170483460559889	79.81
chr10	52416228	1.7695055215124338	79.8675
chr10	52477262	0.07533311361184404	79.9755
chr10	52583457	0.41022151962056325	79.9835
chr10	52633430	0.5992260598359593	80.004
chr10	52702686	0.6307821698896924	80.0455
chr10	52709820	2.6782673313311114	80.05
chr10	52742117	0.2071452941462678	80.1365
chr10	52783151	0.47696920141734406	80.145
chr10	52834517	0.0	80.1695
chr10	52887803	0.7110208227526933	80.1695
chr10	52946873	0.0	80.2115
chr10	52969464	0.0	80.2115
chr10	52989290	0.09069163709736389	80.2115
chr10	53077501	0.0	80.2195
chr10	53082494	0.0	80.2195
chr10	53105696	0.12530543199062993	80.2195
chr10	53137618	3.7315301778111922	80.2235
chr10	53157583	0.0	80.298
chr10	53200673	1.7253565043861143	80.298
chr10	53224726	0.20329032833865598	80.3395
chr10	53325567	1.9437541520063364	80.36
chr10	53366210	0.5980536073506452	80.439
chr10	53421389	2.2434505717184767	80.472
chr10	53449025	0.856721295870093	80.534
chr10	53512056	0.0	80.588
chr10	53526756	0.0	80.588
chr10	53556127	1.5599761024939653	80.588
chr10	53601320	0.0	80.6585
chr10	53609509	2.016006329499014	80.6585
chr10	53675233	0.4525755664053906	80.791
chr10	53711691	2.1341575597009506	80.8075
chr10	53738868	0.9114505934337214	80.8655
chr10	53789337	0.6380076560917931	80.9115
chr10	53834791	4.946529418832572	80.9405
chr10	53859758	2.823983604213443	81.064
chr10	53943682	3.6288564614159857	81.301
chr10	53982675	3.2600454890068753	81.4425
chr10	54015650	2.5571175246075954	81.55
chr10	54054561	18.799306216080037	81.6495
chr10	54072434	0.9034267912771452	81.9855
chr10	54136634	0.7203981837237047	82.0435
chr10	54159538	4.209778859809211	82.06
chr10	54208828	1.5268893246327246	82.2675
chr10	54271046	1.7342949953201436	82.3625
chr10	54361861	7.194706751462002	82.52
chr10	54377428	1.0420284821116597	82.632
chr10	54440766	1.5766867830153373	82.698
chr10	54495945	4.369793800355147	82.785
chr10	54569175	1.8870067906998849	83.105
chr10	54648401	0.38219725200195365	83.2545
chr10	54700730	1.501181257382799	83.2745
chr10	54761682	3.1587436713114525	83.366
chr10	54828639	12.481234507558625	83.5775
chr10	54857282	2.6527331189711614	83.935
chr10	54894602	0.0	84.034
chr10	54898479	0.562556255625051	84.034
chr10	54920699	0.14966076892401475	84.0465
chr10	54950767	0.1576789656261782	84.051
chr10	54976135	0.5545336507249083	84.055
chr10	55013103	2.774749777028906	84.0755
chr10	55053467	1.0085337470908589	84.1875
chr10	55098582	1.6843371682080575	84.233
chr10	55165077	1.8693693693693334	84.345
chr10	55209477	5.909132714062471	84.428
chr10	55231223	0.34751181540180265	84.5565
chr10	55267193	3.0094075597666596	84.569
chr10	55326507	0.0	84.7475
chr10	55333265	0.856311012159533	84.7475
chr10	55415011	5.576277508392514	84.8175
chr10	55441821	1.3184178985218238	84.967
chr10	55466851	0.12058241305506048	85.0
chr10	55566368	0.1818696196901372	85.012
chr10	55591111	1.6510368511428928	85.0165
chr10	55598682	13.591433278418966	85.029
chr10	55605966	2.1595528455279354	85.128
chr10	55609902	0.6211797445710303	85.1365
chr10	55650148	1.4328771184345255	85.1615
chr10	55670387	0.0	85.1905
chr10	55693185	0.21945408184593065	85.1905
chr10	55788877	0.5974583797574486	85.2115
chr10	55912735	0.837268495261092	85.2855
chr10	56002312	0.15224755452384153	85.3605
chr10	56028585	0.0	85.3645
chr10	56050196	0.16934801016048592	85.3645
chr10	56073816	3.3900558362139015	85.3685
chr10	56118948	0.3415393863219789	85.5215
chr10	56228745	13.031550068587366	85.559
chr10	56249157	4.966094199159609	85.825
chr10	56303425	0.6259075659707998	86.0945
chr10	56363338	0.5797019483640644	86.132
chr10	56398701	1.4129799259401852	86.1525
chr10	56419225	1.2781530016414024	86.1815
chr10	56493551	0.0	86.2765
chr10	56508548	4.958070029013108	86.2765
chr10	56558870	8.06534470358629	86.526
chr10	56568603	0.0	86.6045
chr10	56601063	0.1472482974417408	86.6045
chr10	56628228	3.11061341296486	86.6085
chr10	56660376	0.0	86.7085
chr10	56669991	9.399031614924878	86.7085
chr10	56673502	0.3142019271050295	86.7415
chr10	56726016	7.327858496525861	86.758
chr10	56749761	0.0	86.932
chr10	56772299	1.3649968753083315	86.932
chr10	56833105	0.9205936098344992	87.015
chr10	56905341	5.282586558044705	87.0815
chr10	56913197	1.2832911769081587	87.123
chr10	56993849	0.33329680765581626	87.2265
chr10	57103361	0.855388950387235	87.263
chr10	57123235	3.8850646641635613	87.28
chr10	57142411	3.0232769594470716	87.3545
chr10	57186403	0.45774132122465366	87.4875
chr10	57213711	0.0	87.5
chr10	57237589	0.4730045476822687	87.5
chr10	57325326	0.26794848893304096	87.5415
chr10	57386905	3.0999405999401017	87.558
chr10	57413841	3.3687483804096368	87.6415
chr10	57475585	7.514392823670904	87.8495
chr10	57505461	0.44484777309214907	88.074
chr10	57561660	0.0	88.099
chr10	57593744	0.05933485626117242	88.099
chr10	57661158	0.720949346099107	88.103
chr10	57730511	2.9820544224930714	88.153
chr10	57768069	0.0	88.265
chr10	57794052	0.10427045438730831	88.265
chr10	57837209	2.8804970742595537	88.2695
chr10	57870363	1.3777140967709514	88.365
chr10	57888509	0.5254494808812257	88.39
chr10	57967489	4.536875725900116	88.4315
chr10	57995041	1.7409107052081085	88.5565
chr10	58138644	0.37152360059445183	88.8065
chr10	58195168	2.154203063229268	88.8275
chr10	58237411	0.6887052341599362	88.9185
chr10	58255561	5.720895335750679	88.931
chr10	58271555	9.891116860716329	89.0225
chr10	58290107	2.927400468383631	89.206
chr10	58302917	6.720817251377931	89.2435
chr10	58354994	0.5850556438790749	89.5935
chr10	58433619	0.22245085226470446	89.6395
chr10	58469582	0.7169270243757248	89.6475
chr10	58522586	0.626804437015405	89.6855
chr10	58548910	0.2214810568554368	89.702
chr10	58587288	0.3665577175672925	89.7105
chr10	58620025	0.0	89.7225
chr10	58637880	0.0	89.7225
chr10	58686369	0.0	89.7225
chr10	58742841	0.0	89.7225
chr10	58778656	0.3110135382362954	89.7225
chr10	58805986	0.38028205326525316	89.731
chr10	58883560	0.0	89.7605
chr10	58908243	0.20683592740084225	89.7605
chr10	58927582	0.729671356021414	89.7645
chr10	58944713	1.840374996067421	89.777
chr10	58976500	1.851803209792487	89.8355
chr10	59014571	1.2371338083925283	89.906
chr10	59044883	0.0	89.9435
chr10	59061620	2.519991936025741	89.9435
chr10	59106263	1.3762814709696014	90.056
chr10	59188005	1.5476477948765126	90.1685
chr10	59233558	6.02863602110013	90.239
chr10	59277349	5.241615503487549	90.503
chr10	59301292	6.042841037204074	90.6285
chr10	59345642	0.0	90.8965
chr10	59366986	1.2451428694101185	90.8965
chr10	59413567	1.2996739800862962	90.9545
chr10	59436265	3.182829620032097	90.984
chr10	59471768	1.6993665997219862	91.097
chr10	59491187	1.0881135422828263	91.13
chr10	59533462	2.6555824962471	91.176
chr10	59550784	4.205279962619893	91.222
chr10	59563625	8.900067717906428	91.276
chr10	59584299	3.0601744028597615	91.46
chr10	59621225	0.7692828735377347	91.573
chr10	59724568	5.2148612354521955	91.6525
chr10	59746908	0.6599208095027007	91.769
chr10	59785549	0.021958355977914772	91.7945
chr10	59967712	0.3210015247564945	91.7985
chr10	59980173	6.016819216651961	91.8025
chr10	60023219	0.23784355179742472	92.0615
chr10	60042139	0.23920698101658838	92.066
chr10	60094395	3.5572081039933687	92.0785
chr10	60162707	1.0611368227262064	92.3215
chr10	60201816	2.3420238621297957	92.363
chr10	60235761	0.5575689991643279	92.4425
chr10	60242935	0.8622077115856418	92.4465
chr10	60286428	22.91492717320715	92.484
chr10	60297207	0.0	92.731
chr10	60301188	1.9610147333168644	92.731
chr10	60369265	4.4439177578946865	92.8645
chr10	60386142	2.259125010536969	92.9395
chr10	60445457	5.054212353381975	93.0735
chr10	60510848	1.3495222288467748	93.404
chr10	60634966	4.530828561964815	93.5715
chr10	60677232	20.08655564963743	93.763
chr10	60687861	2.649802148105873	93.9765
chr10	60702013	0.885652430625325	94.014
chr10	60707094	6.739794804627808	94.0185
chr10	60743742	1.54368932038827	94.2655
chr10	60795242	0.8735732594628399	94.345
chr10	60882241	3.481201511835746	94.421
chr10	60907376	5.111382361916508	94.5085
chr10	60940146	5.468555804126334	94.676
chr10	60972330	0.5130941630409179	94.852
chr10	60996692	1.6603816063487786	94.8645
chr10	61014459	1.0915864785657354	94.894
chr10	61098740	4.046472369792878	94.986
chr10	61139022	7.695762227484477	95.149
chr10	61163516	10.61410159211205	95.3375
chr10	61167473	1.7757291824090498	95.3795
chr10	61233643	0.9228497600590099	95.497
chr10	61287823	0.204750204750455	95.547
chr10	61307359	4.226202455222539	95.551
chr10	61327235	8.886534839924451	95.635
chr10	61344227	0.1354894756556966	95.786
chr10	61469698	0.4413549597268993	95.803
chr10	61478761	17.460825071953703	95.807
chr10	61494396	2.420487401900094	96.08
chr10	61554921	0.3441156228491945	96.2265
chr10	61604323	0.14768321949436547	96.2435
chr10	61631408	4.085673146148378	96.2475
chr10	61659188	1.380809018267423	96.361
chr10	61747542	3.2996792343693113	96.483
chr10	61785576	5.548045510870466	96.6085
chr10	61821084	5.66646824488306	96.8055
chr10	61864762	0.6193610412661521	97.053
chr10	61918850	0.0	97.0865
chr10	61953693	0.38943236338721543	97.0865
chr10	61985791	0.6913334439468415	97.099
chr10	62003872	0.0	97.1115
chr10	62062068	0.0	97.1115
chr10	62072060	1.4848531105591	97.1115
chr10	62216182	0.6492514512677936	97.3255
chr10	62229274	4.350317807648265	97.334
chr10	62248468	0.0	97.4175
chr10	62344577	0.0	97.4175
chr10	62356210	0.0	97.4175
chr10	62409782	3.8769707934868363	97.4175
chr10	62417520	5.031918888471661	97.4475
chr10	62444150	2.6870939279689923	97.5815
chr10	62456617	48.103290676419185	97.615
chr10	62460993	0.0	97.8255
chr10	62494852	0.0	97.8255
chr10	62511964	0.11042402826829388	97.8255
chr10	62548188	0.07097903752436595	97.8295
chr10	62611587	0.5669690501599489	97.834
chr10	62626579	0.0	97.8425
chr10	62709005	0.11831869139541776	97.8425
chr10	62742812	0.1535685491607739	97.8465
chr10	62768859	36.31552097946722	97.8505
chr10	62784541	0.41060322444286956	98.42
chr10	62867346	4.8372336253105574	98.454
chr10	62905591	1.4097546606069788	98.639
chr10	62929354	11.9338605319914	98.6725
chr10	62984994	1.3909517410471626	99.3365
chr10	63027411	4.346329288234749	99.3955
chr10	63062268	5.926808617391579	99.547
chr10	63126046	2.846767685824656	99.925
chr10	63148352	5.039308894780173	99.9885
chr10	63192108	0.40409171727430426	100.209
chr10	63235415	15.238831947399166	100.2265
chr10	63261270	1.4240551394149172	100.6205
chr10	63296381	0.8087138921882401	100.6705
chr10	63375519	4.237103993741975	100.7345
chr10	63398530	3.425981236164686	100.832
chr10	63426989	0.7973296214711069	100.9295
chr10	63574983	1.4407718886498704	101.0475
chr10	63651678	19.374247894103654	101.158
chr10	63655833	5.313586388174511	101.2385
chr10	63691214	5.76371744843493	101.4265
chr10	63741442	1.7639347412781663	101.716
chr10	63887139	5.62780527103239	101.973
chr10	63930584	3.8270187523920316	102.2175
chr10	63969779	2.6745451718239317	102.3675
chr10	64001934	2.9889803855664083	102.4535
chr10	64043587	3.86574767755441	102.578
chr10	64060272	6.367759944173168	102.6425
chr10	64111860	5.9087963154483605	102.971
chr10	64184379	7.936507936507601	103.3995
chr10	64202964	7.659346545259812	103.547
chr10	64240304	0.3793768269171407	103.833
chr10	64320699	3.114838268012801	103.8635
chr10	64349914	1.3304279269414119	103.9545
chr10	64441238	5.240909286978032	104.076
chr10	64464421	2.1997360316760926	104.1975
chr10	64539430	10.779139457912354	104.3625
chr10	64572967	0.0	104.724
chr10	64650741	2.3747301443018203	104.724
chr10	64694746	3.032562764106032	104.8285
chr10	64714861	6.325948892334209	104.8895
chr10	64734858	0.9887250650474927	105.016
chr10	64792508	10.334572490707064	105.073
chr10	64805958	1.8116591928250958	105.212
chr10	64861708	0.5677253908422085	105.313
chr10	64991172	0.40971168437048916	105.3865
chr10	65024122	4.458460200086991	105.4
chr10	65065504	0.0	105.5845
chr10	65067651	0.35498397500909357	105.5845
chr10	65116949	0.24685621351604428	105.602
chr10	65151382	0.8097392081307969	105.6105
chr10	65205103	6.986027944112042	105.654
chr10	65232157	2.654812998160593	105.843
chr10	65313707	1.6348960428668247	106.0595
chr10	65430534	0.5670898837465953	106.2505
chr10	65462275	1.0539258738801187	106.2685
chr10	65576135	12.622720897616187	106.3885
chr10	65577561	3.90829273663089	106.4065
chr10	65613894	1.1193595472414504	106.5485
chr10	65725565	16.24427069290816	106.6735
chr10	65732983	7.545542740110235	106.794
chr10	65760814	0.7374933420740231	107.004
chr10	65834035	1.307410062839682	107.058
chr10	65857746	0.791603142957694	107.089
chr10	65925962	0.45541949195427295	107.143
chr10	65985248	0.7929340763419609	107.17
chr10	66030649	0.6377551020405048	107.206
chr10	66051817	0.5420217410943022	107.2195
chr10	66118235	2.8091335498172483	107.2555
chr10	66137636	3.0504025822012033	107.31
chr10	66165829	2.787196876284224	107.396
chr10	66204757	0.23245602706822174	107.5045
chr10	66243474	4.555213833923597	107.5135
chr10	66260707	1.609692773691104	107.592
chr10	66318482	1.3690013690014209	107.685
chr10	66399563	3.919940321195743	107.796
chr10	66470610	6.112824233629405	108.0745
chr10	66498175	0.2121240690110385	108.243
chr10	66540603	0.0	108.252
chr10	66568766	0.0	108.252
chr10	66596820	0.44482572363622463	108.252
chr10	66659766	0.0	108.28
chr10	66737332	0.18275595987463203	108.28
chr10	66761955	1.273919878571218	108.2845
chr10	66817296	0.6592889098184974	108.355
chr10	66838531	0.0	108.369
chr10	66864935	1.3087759375596522	108.369
chr10	66885947	0.318465855296054	108.3965
chr10	66944038	0.8786767128703984	108.415
chr10	67035084	0.5967095729262549	108.495
chr10	67058546	6.775329121859621	108.509
chr10	67079283	2.5111283574633063	108.6495
chr10	67191384	0.47921711057318045	108.931
chr10	67211208	3.1866349888750034	108.9405
chr10	67264242	1.2917115177610825	109.1095
chr10	67366432	0.5608850379080219	109.2415
chr10	67392284	0.5070882113013677	109.256
chr10	67437641	1.1489229728206476	109.279
chr10	67508577	0.41683120530045753	109.3605
chr10	67531368	0.08858616480950166	109.37
chr10	67582166	0.4934322466480018	109.3745
chr10	67640938	0.1288512197917557	109.4035
chr10	67675862	0.0	109.408
chr10	67709546	0.5468255338742871	109.408
chr10	67761665	0.2907652942550397	109.4365
chr10	67778861	0.09816432708344856	109.4415
chr10	67829796	0.955711903696715	109.4465
chr10	67854385	0.2005535277363705	109.47
chr10	67879316	0.7055503292570229	109.475
chr10	67919710	0.11410589026619977	109.5035
chr10	68002966	0.0	109.513
chr10	68021995	1.353558926487578	109.513
chr10	68043420	0.21709764569630766	109.542
chr10	68064148	0.5191256830602584	109.5465
chr10	68082448	0.0	109.556
chr10	68144929	0.0	109.556
chr10	68176987	0.0	109.556
chr10	68199921	0.0	109.556
chr10	68215326	0.3313891834576924	109.556
chr10	68230414	0.0	109.561
chr10	68250305	0.2722133035526437	109.561
chr10	68321940	0.0	109.5805
chr10	68376104	0.18415527973170243	109.5805
chr10	68403255	0.7707380796864468	109.5855
chr10	68441530	0.30285776587890156	109.615
chr10	68524077	0.5520566052406342	109.64
chr10	68588382	2.406738868832823	109.6755
chr10	68600847	0.0	109.7055
chr10	68661259	0.6055468087683408	109.7055
chr10	68686030	0.8188561703221146	109.7205
chr10	68748312	0.0	109.7715
chr10	68775119	0.0	109.7715
chr10	68804818	0.0	109.7715
chr10	68827139	0.39755245963971614	109.7715
chr10	68856066	0.0	109.783
chr10	68893814	0.17786209758701094	109.783
chr10	68961282	0.0	109.795
chr10	68985066	0.0	109.795
chr10	69033283	0.0	109.795
chr10	69049503	0.0	109.795
chr10	69067809	0.0	109.795
chr10	69149335	0.0	109.795
chr10	69176234	0.0	109.795
chr10	69231513	0.0	109.795
chr10	69241496	0.17312314147211605	109.795
chr10	69290594	0.0	109.8035
chr10	69319536	0.0	109.8035
