Chromosome	Position(bp)	Rate(cM/Mb)	Map(cM)
chr11	0	0.0	0.0
chr11	58340	0.0	0.0
chr11	58361	30.80299089726918	0.0
chr11	64513	1.2056695877198143	0.1895
chr11	115522	0.650099190391936	0.251
chr11	190126	0.0	0.2995
chr11	215036	0.0	0.2995
chr11	252478	0.0	0.2995
chr11	280199	0.0	0.2995
chr11	280216	0.477878220700092	0.2995
chr11	305327	0.0	0.3115
chr11	369720	0.0	0.3115
chr11	380545	0.062209886586591434	0.3115
chr11	485030	3.8352128416133304	0.318
chr11	504716	0.0	0.3935
chr11	521230	0.0	0.3935
chr11	550396	0.8903876027734614	0.3935
chr11	576789	0.1715655876638143	0.417
chr11	818679	0.33292642326045974	0.4585
chr11	836701	0.0	0.4645
chr11	839990	0.0	0.4645
chr11	841307	0.0	0.4645
chr11	843214	0.1425407337558376	0.4645
chr11	888815	0.37804697644603	0.471
chr11	949654	1.5398502628365118	0.494
chr11	968487	0.0	0.523
chr11	995639	0.226095535640876	0.523
chr11	1019965	0.10088781275222064	0.5285
chr11	1074481	2.3614530472793014	0.534
chr11	1094384	0.7217227353851147	0.581
chr11	1273123	6.959584101962096	0.71
chr11	1279086	0.19501866607232526	0.7515
chr11	1332927	2.2831050228310525	0.762
chr11	1346505	0.054298463847095024	0.793
chr11	1447797	0.7853998305189847	0.7985
chr11	1544563	0.18768064261851633	0.8745
chr11	1571204	0.0	0.8795
chr11	1596109	0.0	0.8795
chr11	1616245	0.48581422464049795	0.8795
chr11	1636829	2.1275821937736397	0.8895
chr11	1664325	0.6837082100798145	0.948
chr11	1700159	1.2383497360359785	0.9725
chr11	1715502	1.7441297115726253	0.9915
chr11	1746463	0.0	1.0455
chr11	1776544	0.0	1.0455
chr11	1809894	0.5663358073265942	1.0455
chr11	1843443	0.0	1.0645
chr11	1854635	0.16213294901819306	1.0645
chr11	1882390	0.5945067575601491	1.069
chr11	1907621	0.0	1.084
chr11	1925720	0.0	1.084
chr11	1943557	0.0	1.084
chr11	1966822	1.3020833333333295	1.084
chr11	1989094	3.2826933353691063	1.113
chr11	2002193	0.3299413051783442	1.156
chr11	2030986	1.359473382942185	1.1655
chr11	2051950	0.10037614640125168	1.194
chr11	2146594	0.2555876753860248	1.2035
chr11	2203326	2.232909653040194	1.218
chr11	2226614	0.0	1.27
chr11	2229965	0.22455762148566843	1.27
chr11	2252231	0.2870957993351485	1.275
chr11	2285321	6.88342120679557	1.2845
chr11	2288735	0.7236192093068569	1.308
chr11	2360596	1.4622641509433922	1.36
chr11	2402996	2.086686124219198	1.422
chr11	2439657	0.44312211179337885	1.4985
chr11	2471251	1.7784841260831783	1.5125
chr11	2497678	4.885084209546849	1.5595
chr11	2519172	11.729434041657893	1.6645
chr11	2538184	0.0	1.8875
chr11	2558153	4.617463773556573	1.8875
chr11	2584791	3.102885138813303	2.0105
chr11	2593976	0.8366315924960589	2.039
chr11	2656130	2.5440136881444357	2.091
chr11	2678339	0.32708993251618457	2.1475
chr11	2707383	3.7524687294272603	2.157
chr11	2730168	5.508870214752562	2.2425
chr11	2773008	12.835496090916427	2.4785
chr11	2797822	4.9940369707811545	2.797
chr11	2885026	23.59873000366347	3.2325
chr11	2901404	1.0770059235325633	3.619
chr11	2927402	3.5922981128460667	3.647
chr11	2937841	1.469387755102024	3.6845
chr11	2943966	1.7166864938937176	3.6935
chr11	3076780	0.8069777823563701	3.9215
chr11	3105901	4.730675957236058	3.945
chr11	3135178	0.18567782534130864	4.0835
chr11	3283284	26.60249983289891	4.111
chr11	3298245	3.0825901512213827	4.509
chr11	3324035	0.0	4.5885
chr11	3356495	3.1132272917538657	4.5885
chr11	3394719	2.6994601079785063	4.7075
chr11	3399720	1.9643983120725497	4.721
chr11	3420337	1.4537639845774966	4.7615
chr11	3436158	1.664570540800471	4.7845
chr11	3463192	0.7380462860456191	4.8295
chr11	3482161	1.3244058568170287	4.8435
chr11	3509343	1.7645889253404843	4.8795
chr11	3529461	6.195813068301951	4.915
chr11	3553106	1.2562218535197969	5.0615
chr11	3616391	3.245480821045419	5.141
chr11	3657217	4.869506812511979	5.2735
chr11	3678061	4.292396326507332	5.375
chr11	3713123	14.817849704667287	5.5255
chr11	3742412	11.624396135265695	5.9595
chr11	3775532	1.4708972473208717	6.3445
chr11	3799327	17.75872627066743	6.3795
chr11	3807492	23.07263348668621	6.5245
chr11	3821838	38.30528148578065	6.8555
chr11	3828730	33.94014193150259	7.1195
chr11	3835212	3.578698535688489	7.3395
chr11	3896128	0.17487103261342832	7.5575
chr11	3919002	0.5605502015824817	7.5615
chr11	4011768	3.71696504688832	7.6135
chr11	4041093	7.332741642365064	7.7225
chr11	4064754	0.0	7.896
chr11	4092099	0.8661979007438836	7.896
chr11	4101912	0.9923773910542333	7.9045
chr11	4136677	1.4355387871537573	7.939
chr11	4191012	10.09741031123784	8.017
chr11	4212057	1.6092693916961356	8.2295
chr11	4230699	2.04254784275528	8.2595
chr11	4262522	0.0	8.3245
chr11	4274440	1.600951422559699	8.3245
chr11	4296302	1.2811668473440327	8.3595
chr11	4306449	4.68439481404373	8.3725
chr11	4327583	10.7579646685792	8.4715
chr11	4340829	0.3909507923269308	8.614
chr11	4417565	5.455496599656259	8.644
chr11	4430946	3.4952542214903706	8.717
chr11	4495319	3.1613942768565413	8.942
chr11	4544348	0.1342191799208555	9.097
chr11	4574150	1.1057242493833377	9.101
chr11	4585907	0.702132728161781	9.114
chr11	4665664	4.864959751235069	9.17
chr11	4705541	1.2535816618911184	9.364
chr11	4794885	0.0	9.476
chr11	4809384	0.07692307692304948	9.476
chr11	4867884	1.8594671911318212	9.4805
chr11	4895849	1.2861405494391696	9.5325
chr11	4905568	1.5563101301641549	9.545
chr11	4930306	2.222668349202698	9.5835
chr11	5000042	1.3110385144429149	9.7385
chr11	5023306	0.4732212448502244	9.769
chr11	5041268	4.249829247932074	9.7775
chr11	5054445	6.760120529280732	9.8335
chr11	5092610	7.084895168266285	10.0915
chr11	5116887	0.5914552117641414	10.2635
chr11	5160001	0.0	10.289
chr11	5165792	0.0	10.289
chr11	5169306	0.6928029994294344	10.289
chr11	5181575	3.005731860757921	10.2975
chr11	5188728	7.382782143165502	10.319
chr11	5200309	1.7097415506957958	10.4045
chr11	5225459	1.1134903640256872	10.4475
chr11	5237134	6.159472595159045	10.4605
chr11	5257915	0.5291165265767693	10.5885
chr11	5290989	0.7727511441218512	10.606
chr11	5357634	4.493818148638149	10.6575
chr11	5379553	2.885159343767654	10.756
chr11	5406068	0.4427968283389894	10.8325
chr11	5454623	1.5367836605195315	10.854
chr11	5484881	1.365368331922114	10.9005
chr11	5532121	1.0269911629351491	10.965
chr11	5673797	0.18127790257911672	11.1105
chr11	5814465	0.7037613799712595	11.136
chr11	5881249	0.8418545439612413	11.183
chr11	6003004	2.0094562647753498	11.2855
chr11	6015694	1.5354550530430273	11.311
chr11	6040768	2.011932843069232	11.3495
chr11	6076803	3.41237508269783	11.422
chr11	6105522	0.8777478482739991	11.52
chr11	6246223	0.6804997768853185	11.6435
chr11	6291043	1.7460787215152722	11.674
chr11	6324833	1.3473528479340162	11.733
chr11	6343759	3.278688524590182	11.7585
chr11	6366024	0.4353775345191985	11.8315
chr11	6414258	0.24739314093285739	11.8525
chr11	6549670	4.849170898855782	11.886
chr11	6582356	0.3915055166686588	12.0445
chr11	6624501	2.6337900723888357	12.061
chr11	6655445	1.519685224889868	12.1425
chr11	6697888	1.780176869185712	12.207
chr11	6724009	1.7461219848939844	12.2535
chr11	6748635	2.160376159613718	12.2965
chr11	6764373	18.789978678038384	12.3305
chr11	6771877	1.202071806112882	12.4715
chr11	6885015	0.8039082307834952	12.6075
chr11	6917357	0.0	12.6335
chr11	6958906	0.3134267184222557	12.6335
chr11	7000383	1.594732991953208	12.6465
chr11	7034558	0.0	12.701
chr11	7089663	1.360472101487653	12.701
chr11	7117962	0.6431887246220014	12.7395
chr11	7171601	0.43064555819868744	12.774
chr11	7220365	1.7156120698355384	12.795
chr11	7240183	0.5731053138324372	12.829
chr11	7261994	0.0	12.8415
chr11	7306119	0.4488106517728191	12.8415
chr11	7326172	6.918856955702959	12.8505
chr11	7338385	0.04389901275998137	12.935
chr11	7440893	3.1196125112879467	12.9395
chr11	7453074	0.4713212973318505	12.9775
chr11	7515664	0.3200787886248898	13.007
chr11	7556279	11.075477326968997	13.02
chr11	7569687	0.7869906655331805	13.1685
chr11	7688494	1.2570102494681594	13.262
chr11	7735033	0.42981391585763645	13.3205
chr11	7774585	1.9613759806879756	13.3375
chr11	7781213	4.058265695571726	13.3505
chr11	7841214	0.0	13.594
chr11	7867965	0.0	13.594
chr11	7917554	0.0	13.594
chr11	7959312	0.0	13.594
chr11	7970577	0.0	13.594
chr11	8015294	0.0	13.594
chr11	8041890	5.322714189961747	13.594
chr11	8067253	0.0	13.729
chr11	8101823	0.1592187665852942	13.729
chr11	8130086	0.0	13.7335
chr11	8150467	0.0	13.7335
chr11	8215807	7.6495847368286025	13.7335
chr11	8254698	0.06627881287282084	14.031
chr11	8322593	0.6887161068792679	14.0355
chr11	8575963	13.477088948787014	14.21
chr11	8590803	2.8074115665356776	14.41
chr11	8612175	0.5118262366874328	14.47
chr11	8759686	0.21333658417651574	14.5455
chr11	8940152	0.13309532757108433	14.584
chr11	9004016	0.0	14.5925
chr11	9014461	0.0	14.5925
chr11	9021915	0.0	14.5925
chr11	9103117	0.0	14.5925
chr11	9145810	1.5570150605820827	14.5925
chr11	9181134	0.2136071973060295	14.6475
chr11	9300512	0.0	14.673
chr11	9331910	0.0	14.673
chr11	9378343	0.4332448463556209	14.673
chr11	9505292	0.6509419512942051	14.728
chr11	9518350	1.3842520967347978	14.7365
chr11	9555193	1.8081874728772136	14.7875
chr11	9569019	1.1323643555092502	14.8125
chr11	9663070	2.3516145002475297	14.919
chr11	9699428	0.5199502656267591	15.0045
chr11	9787898	0.5374917980147826	15.0505
chr11	9859527	0.7628596338273743	15.089
chr11	9937523	0.17949196593959432	15.1485
chr11	10007164	0.6016208373146466	15.161
chr11	10204963	0.342899345853553	15.28
chr11	10242875	0.0	15.293
chr11	10261315	0.0	15.293
chr11	10294220	2.6511134676564874	15.293
chr11	10314966	12.971971276349121	15.348
chr11	10319283	3.326721216629465	15.404
chr11	10367679	0.0	15.565
chr11	10387045	0.0	15.565
chr11	10399071	1.5743770140955957	15.565
chr11	10480373	0.8103118161925665	15.693
chr11	10626613	0.21944544844322122	15.8115
chr11	10665347	0.0	15.82
chr11	10676693	0.8462026655383033	15.82
chr11	10681420	0.6161320987219685	15.824
chr11	10709823	4.976427448926173	15.8415
chr11	10717459	2.7093294103224235	15.8795
chr11	10758244	0.18329631466585578	15.99
chr11	10804617	0.0	15.9985
chr11	10835034	0.0	15.9985
chr11	10921123	0.0	15.9985
chr11	10954493	0.0	15.9985
chr11	10964435	0.0	15.9985
chr11	10993350	0.1142008793468091	15.9985
chr11	11028376	0.0	16.0025
chr11	11063256	0.0	16.0025
chr11	11094440	0.0	16.0025
chr11	11119698	0.0	16.0025
chr11	11196889	0.14248834948197864	16.0025
chr11	11256543	0.0	16.011
chr11	11306766	0.0	16.011
chr11	11335613	0.5554836482871772	16.011
chr11	11428325	0.06940695611938259	16.0625
chr11	11493160	0.7905873599032441	16.067
chr11	11514663	0.465220142171249	16.084
chr11	11541532	1.3541397988135668	16.0965
chr11	11588056	0.0953066757031551	16.1595
chr11	11635272	0.0	16.164
chr11	11641411	14.617368873602288	16.164
chr11	11642574	0.0	16.181
chr11	11688819	0.1765162748005224	16.181
chr11	11858775	1.2022220379736304	16.211
chr11	11882897	0.9857358227995272	16.24
chr11	11908766	5.781250000000219	16.2655
chr11	11918366	1.3768758778738575	16.321
chr11	12026582	1.038587520971471	16.47
chr11	12051616	2.70090473656204	16.496
chr11	12089196	2.7143541433818217	16.5975
chr11	12114248	6.04824192967716	16.6655
chr11	12155913	0.0	16.9175
chr11	12183010	0.5978197163287062	16.9175
chr11	12225665	2.584186703476522	16.943
chr11	12256816	0.0	17.0235
chr11	12340542	0.10852460795489001	17.0235
chr11	12377400	0.0	17.0275
chr11	12404251	0.8534455382661015	17.0275
chr11	12429443	8.689490564630438	17.049
chr11	12456257	0.8887235449735297	17.282
chr11	12480449	0.17192292351492003	17.3035
chr11	12553156	0.07847240387130823	17.316
chr11	12610501	1.442022224107273	17.3205
chr11	12645868	0.28266473700871264	17.3715
chr11	12690090	0.8354381192927776	17.384
chr11	12715825	1.1091055390035096	17.4055
chr11	12761808	0.8509494804729545	17.4565
chr11	12806464	0.07352305163914459	17.4945
chr11	12922074	2.38685911892953	17.503
chr11	12948678	0.06345804013368735	17.5665
chr11	13019591	0.12263919548688225	17.571
chr11	13056284	0.0	17.5755
chr11	13083989	0.0	17.5755
chr11	13110739	0.0	17.5755
chr11	13146061	0.18998491634903192	17.5755
chr11	13232910	0.16491973906033022	17.592
chr11	13260196	0.0996775139255527	17.5965
chr11	13345471	1.3941556993085187	17.605
chr11	13381335	0.0	17.655
chr11	13387755	3.5653166001138876	17.655
chr11	13391261	0.4106451867645866	17.6675
chr11	13454576	0.17159722698880212	17.6935
chr11	13527421	0.7272416153319716	17.706
chr11	13585861	0.44666316342615503	17.7485
chr11	13661981	0.0	17.7825
chr11	13707941	0.21126998614073694	17.7825
chr11	13767107	0.11001906997204582	17.795
chr11	13808009	0.569725655184577	17.7995
chr11	13830827	0.0	17.8125
chr11	13843062	0.3579836419678027	17.8125
chr11	13925468	0.26670431904116676	17.842
chr11	13989209	1.057345440975212	17.859
chr11	14005287	0.3694508482591266	17.876
chr11	14039121	1.3845885482534828	17.8885
chr11	14084983	0.5618260184144185	17.952
chr11	14144610	0.0	17.9855
chr11	14148818	0.606926097822314	17.9855
chr11	14162823	0.0997680393086408	17.994
chr11	14202916	4.230118443316001	17.998
chr11	14207053	0.4807420394774903	18.0155
chr11	14224734	0.1641227638272519	18.024
chr11	14249106	0.9345109392751482	18.028
chr11	14276393	2.078276699029133	18.0535
chr11	14309353	0.5228375439183239	18.122
chr11	14357169	0.5111091067617634	18.147
chr11	14390430	0.7615805035390851	18.164
chr11	14412752	0.9334504722160916	18.181
chr11	14449176	0.7586705202312426	18.215
chr11	14476856	1.4204545454542035	18.236
chr11	14482840	1.0798454116042295	18.2445
chr11	14562018	1.4098804421388274	18.33
chr11	14570884	2.4452317979938862	18.3425
chr11	14610962	1.7539032945870394	18.4405
chr11	14625501	0.10651495595290728	18.466
chr11	14705302	0.09409108016561245	18.4745
chr11	14843466	5.50667569064179	18.4875
chr11	14859719	5.105900151285879	18.577
chr11	14888803	4.921496134824945	18.7255
chr11	14909630	1.650542994960822	18.828
chr11	14983848	2.264353699723576	18.9505
chr11	14996876	7.058985572122114	18.98
chr11	15025917	5.971105674006915	19.185
chr11	15043083	0.0	19.2875
chr11	15047069	0.37919531284852187	19.2875
chr11	15248812	0.27274530547475245	19.364
chr11	15309308	0.47143986860512815	19.3805
chr11	15407942	1.2676728509216855	19.427
chr11	15441468	0.0	19.4695
chr11	15473024	1.2608826178325305	19.4695
chr11	15489679	1.6560091818330724	19.4905
chr11	15550669	1.9380778120185065	19.5915
chr11	15592205	1.8115942028985466	19.672
chr11	15641057	5.92305887872385	19.7605
chr11	15658109	3.345144912206475	19.8615
chr11	15695925	0.30057108506162844	19.988
chr11	15765792	0.6033182503770825	20.009
chr11	15848667	0.0	20.059
chr11	15870207	0.10983277959300868	20.059
chr11	15906626	0.10310459388246467	20.063
chr11	15950271	3.184218701460079	20.0675
chr11	16008213	1.878931459848026	20.252
chr11	16032695	8.367095296811804	20.298
chr11	16049726	0.3451216046125099	20.4405
chr11	16074355	0.0	20.449
chr11	16080205	1.5497201894102022	20.449
chr11	16115050	0.7345739471107037	20.503
chr11	16127302	0.7467035768921981	20.512
chr11	16154756	4.858934169278968	20.5325
chr11	16177086	3.574602929242228	20.641
chr11	16202963	0.11916110581510175	20.7335
chr11	16236531	1.640922417188022	20.7375
chr11	16259384	0.0	20.775
chr11	16296293	0.30046271257739476	20.775
chr11	16379498	0.0	20.8
chr11	16446146	1.1273448773448131	20.8
chr11	16479410	1.943651925820288	20.8375
chr11	16507450	1.9690546385762533	20.892
chr11	16553919	8.347869424370817	20.9835
chr11	16565958	5.854772191673261	21.084
chr11	16606694	3.360566668008099	21.3225
chr11	16631541	0.5953112412785537	21.406
chr11	16997736	0.2590841375737636	21.624
chr11	17028614	0.3584168216961179	21.632
chr11	17087205	0.1728718564617692	21.653
chr11	17307021	0.0	21.691
chr11	17347193	0.04936321453254684	21.691
chr11	17428225	0.41981807883249816	21.695
chr11	17578290	1.627192189477552	21.758
chr11	17611476	3.6124733275932663	21.812
chr11	17638189	0.0	21.9085
chr11	17652830	1.6956030259992076	21.9085
chr11	17687331	0.19637037210720112	21.967
chr11	17857927	1.4180720319600426	22.0005
chr11	17890718	0.9819523922391873	22.047
chr11	17920251	0.0	22.076
chr11	17937630	1.9762845849801247	22.076
chr11	17943955	0.15771212280517893	22.0885
chr11	17972488	0.0	22.093
chr11	17979699	2.4479322450136167	22.093
chr11	18043222	3.7239483442014607	22.2485
chr11	18074506	5.05666957279859	22.365
chr11	18080241	38.84842178286572	22.394
chr11	18083124	0.0	22.506
chr11	18139575	0.0	22.506
chr11	18167787	0.0	22.506
chr11	18185743	11.36053803508134	22.506
chr11	18229755	0.9899813883498427	23.006
chr11	18255008	4.161945940946605	23.031
chr11	18298257	2.6153998710893656	23.211
chr11	18338595	0.0	23.3165
chr11	18353951	0.1888841667846146	23.3165
chr11	18375128	5.5669730572054705	23.3205
chr11	18419407	0.10045988302005114	23.567
chr11	18464201	2.189156269546082	23.5715
chr11	18494578	2.1109770808202533	23.638
chr11	18545976	0.3882773988790547	23.7465
chr11	18664448	0.2723628017779689	23.7925
chr11	18802132	0.21313599781753584	23.83
chr11	18860780	1.2887170599475588	23.8425
chr11	18883283	2.959291373298226	23.8715
chr11	18958132	2.2318806531187745	24.093
chr11	18975158	1.2193040212646793	24.131
chr11	19016165	0.7859790718408354	24.181
chr11	19058787	0.15067615926461683	24.2145
chr11	19085334	0.30642664976994427	24.2185
chr11	19181605	3.9773962182134284	24.248
chr11	19204610	0.0	24.3395
chr11	19283416	1.0025933748629219	24.3395
chr11	19320819	1.8421425534929996	24.377
chr11	19384332	1.041794337541332	24.494
chr11	19400650	2.173500179366527	24.511
chr11	19542817	0.0	24.82
chr11	19544323	0.0	24.82
chr11	19564287	0.0	24.82
chr11	19587360	0.7270123049545365	24.82
chr11	19633439	1.3470553370331688	24.8535
chr11	19651998	3.9529578351164356	24.8785
chr11	19677422	5.109600940166646	24.979
chr11	19696993	3.907786079433713	25.079
chr11	19717337	0.8097093944085658	25.1585
chr11	19773530	0.725887506049046	25.204
chr11	19854121	11.763026991763805	25.2625
chr11	19878647	6.2719842747776555	25.551
chr11	19917311	1.252835456290332	25.7935
chr11	20060586	0.7067957887630038	25.973
chr11	20107983	0.38491147036194534	26.0065
chr11	20128767	1.8134339184679078	26.0145
chr11	20149446	2.216358839050216	26.052
chr11	20168396	0.631555824043047	26.094
chr11	20241232	0.3827104907698313	26.14
chr11	20263442	0.7007588705818678	26.1485
chr11	20292696	0.9420597818387559	26.169
chr11	20363286	0.3441295546559314	26.2355
chr11	20387986	0.43577731779075457	26.244
chr11	20397165	0.0	26.248
chr11	20406763	4.271324748183105	26.248
chr11	20414606	2.8279588046598083	26.2815
chr11	20426452	3.0412990132093793	26.315
chr11	20464758	0.6861968857219148	26.4315
chr11	20483703	1.8524604858226303	26.4445
chr11	20517172	0.8992805755396024	26.5065
chr11	20522176	13.077085980516724	26.511
chr11	20541064	3.736382461510847	26.758
chr11	20563278	0.567820477877682	26.841
chr11	20585292	2.0364117380860747	26.8535
chr11	20614019	0.23826542768652229	26.912
chr11	20630807	0.6513130471029226	26.916
chr11	20649999	0.9452961242858775	26.9285
chr11	20698661	1.332414426832066	26.9745
chr11	20720426	29.216409811157014	27.0035
chr11	20743461	1.371054039593259	27.6765
chr11	20758413	3.4515542328042654	27.697
chr11	20782605	0.7155536596441442	27.7805
chr11	20927947	2.821564275234163	27.8845
chr11	20954528	20.904114760287136	27.9595
chr11	20965124	1.4677276746241983	28.181
chr11	20993399	2.166586422725101	28.2225
chr11	21047401	1.1891638528908874	28.3395
chr11	21162608	3.6098874204599545	28.4765
chr11	21170780	4.443447037701825	28.506
chr11	21181920	0.1784917447568646	28.5555
chr11	21204330	3.5929864903708473	28.5595
chr11	21218246	4.906841132129139	28.6095
chr11	21274494	0.7008948799274797	28.8855
chr11	21345118	4.547397877881025	28.935
chr11	21370847	3.8405403888254677	29.052
chr11	21477733	3.6455577115306146	29.4625
chr11	21494740	9.568153909128121	29.5245
chr11	21524056	3.5917271866119784	29.805
chr11	21536724	3.323633839664731	29.8505
chr11	21574183	7.8356463433650605	29.975
chr11	21587009	3.064197448176549	30.0755
chr11	21616870	1.247920133111317	30.167
chr11	21633698	2.7333468313424807	30.188
chr11	21653454	1.760377424919928	30.242
chr11	21681857	3.815036505952761	30.292
chr11	21697060	8.469284208882943	30.35
chr11	21709871	53.75782881002044	30.4585
chr11	21712745	2.456761006289343	30.613
chr11	21733097	6.479462177603962	30.663
chr11	21788580	0.0	31.0225
chr11	21817703	0.7593290439320273	31.0225
chr11	22065290	4.500381388253051	31.2105
chr11	22071845	5.797588539259827	31.24
chr11	22095648	0.5666525003540954	31.378
chr11	22123884	2.7077767347823976	31.394
chr11	22151582	0.3912795692522254	31.469
chr11	22269145	0.6002955301071369	31.515
chr11	22344941	1.7150633948534204	31.5605
chr11	22488959	0.465549348230886	31.8075
chr11	22515809	0.635421612714026	31.82
chr11	22587415	1.5419501133786357	31.8655
chr11	22598440	0.4790291675537759	31.8825
chr11	22607834	6.200317965023895	31.887
chr11	22645574	1.4457970679234642	32.121
chr11	22714740	0.5653710247351712	32.221
chr11	22728890	1.0760401721664685	32.229
chr11	22733072	4.133081098865101	32.2335
chr11	22757388	2.153706642484584	32.334
chr11	22805909	0.760592367232026	32.4385
chr11	22828260	4.288354898336402	32.4555
chr11	22841785	0.3683090522180529	32.5135
chr11	22854003	2.771470548951463	32.518
chr11	22868977	3.739909649707439	32.5595
chr11	22882480	0.16137491426948736	32.61
chr11	22907267	0.09478223780875049	32.614
chr11	22949469	0.0	32.618
chr11	22963783	1.12359550561802	32.618
chr11	22967788	0.7918762809761462	32.6225
chr11	22978522	0.0	32.631
chr11	23001540	0.49814689355608505	32.631
chr11	23026633	0.0	32.6435
chr11	23041723	1.6652275811025947	32.6435
chr11	23074151	0.0	32.6975
chr11	23094437	0.0	32.6975
chr11	23109316	0.23879171392781856	32.6975
chr11	23126067	0.5911283457862355	32.7015
chr11	23147213	0.46375306077030654	32.714
chr11	23174167	0.4767270520932832	32.7265
chr11	23208778	8.587786259541808	32.743
chr11	23222926	0.34250580589107327	32.8645
chr11	23282779	1.2031928630124142	32.885
chr11	23299817	1.2247754578323626	32.9055
chr11	23316963	0.8262052877139878	32.9265
chr11	23337539	1.982081978910535	32.9435
chr11	23350152	1.654455211533979	32.9685
chr11	23362845	1.109251547114042	32.9895
chr11	23388538	3.4832756632063724	33.018
chr11	23410213	0.21380084451340722	33.0935
chr11	23447631	0.0	33.1015
chr11	23468969	1.6715830875123543	33.1015
chr11	23484224	1.3642944648622448	33.127
chr11	23502182	0.0	33.1515
chr11	23505677	2.243608667414761	33.1515
chr11	23522614	2.499999999999952	33.1895
chr11	23539214	1.3182674199623852	33.231
chr11	23555144	1.1968663861889326	33.252
chr11	23568930	1.0365701965333558	33.2685
chr11	23580989	3.207389826159745	33.281
chr11	23596578	2.615914786967221	33.331
chr11	23628498	1.0185892538837118	33.4145
chr11	23636352	0.0	33.4225
chr11	23663951	16.4708148718936	33.4225
chr11	23674333	0.0	33.5935
chr11	23691637	1.7084953458230185	33.5935
chr11	23725585	0.4401408450703166	33.6515
chr11	23744897	0.3179523866302083	33.66
chr11	23770058	0.0	33.668
chr11	23777052	0.0	33.668
chr11	23784436	0.46674999604447176	33.668
chr11	23847639	0.0	33.6975
chr11	23851880	2.9567699836871397	33.6975
chr11	23861688	0.2400672188211369	33.7265
chr11	23878350	2.4806509228022375	33.7305
chr11	23893467	3.6875170718384354	33.768
chr11	23908111	1.5571040947212489	33.822
chr11	23940543	4.657029203453795	33.8725
chr11	23961157	0.9744309323354607	33.9685
chr11	23986813	0.0	33.9935
chr11	24019122	5.341943058409221	33.9935
chr11	24036157	0.5147011516439987	34.0845
chr11	24051700	0.0	34.0925
chr11	24068362	1.0256262098055346	34.0925
chr11	24137588	3.1172786301212256	34.1635
chr11	24172394	4.255077726086625	34.272
chr11	24198833	2.0471519841625567	34.3845
chr11	24221059	0.7236842105263432	34.43
chr11	24243859	0.0	34.4465
chr11	24257820	0.0	34.4465
chr11	24285409	0.0	34.4465
chr11	24311980	1.6128243976345853	34.4465
chr11	24332441	0.0	34.4795
chr11	24352264	0.0	34.4795
chr11	24370297	0.6184871429642637	34.4795
chr11	24396975	1.6155323979740273	34.496
chr11	24500037	0.6606084042278425	34.6625
chr11	24531069	6.808455453248557	34.683
chr11	24554202	4.448200702815774	34.8405
chr11	24576683	0.0	34.9405
chr11	24590804	6.0842574056995975	34.9405
chr11	24635263	2.5809347472366815	35.211
chr11	24653086	1.2840800020753294	35.257
chr11	24691635	0.7069040966775776	35.3065
chr11	24721342	0.5506699818112244	35.3275
chr11	24781269	1.5873687775144523	35.3605
chr11	24804893	0.0	35.398
chr11	24830292	1.7597888253409102	35.398
chr11	24891663	6.040629624646819	35.506
chr11	24928828	0.07857002553521475	35.7305
chr11	24979738	4.0010054882903034	35.7345
chr11	25003607	3.065205275868591	35.83
chr11	25008990	0.17005517345628338	35.8465
chr11	25035452	3.4262908205526763	35.851
chr11	25075291	1.466046366159796	35.9875
chr11	25100870	0.36421579786035385	36.025
chr11	25122835	1.5280948523455042	36.033
chr11	25149993	0.0	36.0745
chr11	25168295	2.888137503521895	36.0745
chr11	25175393	1.9107306634058492	36.095
chr11	25201561	0.18321729571261375	36.145
chr11	25223393	6.387921022067606	36.149
chr11	25233725	0.5333649401442003	36.215
chr11	25250599	19.980411361410443	36.224
chr11	25271019	9.201623815967551	36.632
chr11	25293189	0.33000577510146756	36.836
chr11	25305310	5.9246128008956935	36.84
chr11	25337464	1.4526477194775442	37.0305
chr11	25486158	2.696853098804636	37.2465
chr11	25515266	0.9867112278188528	37.325
chr11	25578101	5.765967294044901	37.387
chr11	25604029	0.9466786942773149	37.5365
chr11	25704908	0.6945426950829213	37.632
chr11	25782657	7.352440601810915	37.686
chr11	25812035	5.841968359558248	37.902
chr11	25835486	0.222389013982586	38.039
chr11	25871459	7.826245222350597	38.047
chr11	25887942	266.66666666651884	38.176
chr11	25887957	0.644623085090092	38.18
chr11	25901143	0.0	38.1885
chr11	25927117	0.0	38.1885
chr11	25952678	5.122769828652376	38.1885
chr11	25969661	2.8424720337429146	38.2755
chr11	26051456	6.949436855978608	38.508
chr11	26063975	5.333079377172605	38.595
chr11	26084976	43.83529956049014	38.707
chr11	26093622	1.5402953651815696	39.086
chr11	26158220	2.255615542861928	39.1855
chr11	26253981	6.083879875733441	39.4015
chr11	26277157	3.8710740171317086	39.5425
chr11	26295369	25.100954478707646	39.613
chr11	26317161	0.0	40.16
chr11	26331596	3.8308974570868704	40.16
chr11	26416302	8.583981991266983	40.4845
chr11	26453173	3.917860037827603	40.801
chr11	26482781	13.16357358653418	40.917
chr11	26512902	6.0639470782802745	41.3135
chr11	26529228	5.524861878453056	41.4125
chr11	26566152	4.70407973307746	41.6165
chr11	26635985	5.281903913870572	41.945
chr11	26710106	14.42219923325028	42.3365
chr11	26726539	2.2567500490597325	42.5735
chr11	26813168	0.16081695010659494	42.769
chr11	26862914	1.4737876342200011	42.777
chr11	26877163	8.765145656096653	42.798
chr11	26892679	4.4633632268464725	42.934
chr11	26916876	0.3786010118972643	43.042
chr11	27004039	1.6988444318604132	43.075
chr11	27117057	1.0818441990900096	43.267
chr11	27247390	1.378851274248726	43.408
chr11	27352550	2.209245526000403	43.553
chr11	27397588	0.37503515954599964	43.6525
chr11	27429585	0.09037414897676724	43.6645
chr11	27479378	0.36727573225644006	43.669
chr11	27490269	9.393961546896367	43.673
chr11	27503948	5.157978670387916	43.8015
chr11	27524014	0.11060939268934315	43.905
chr11	27600861	0.56802497186418	43.9135
chr11	27695047	1.258513473496884	43.967
chr11	27701801	1.6538476866059362	43.9755
chr11	27751987	2.083583163448863	44.0585
chr11	27852055	2.583775364149194	44.267
chr11	27947071	0.0	44.5125
chr11	27968767	0.0	44.5125
chr11	27985401	2.3532020796883955	44.5125
chr11	28025984	2.938987016251458	44.608
chr11	28129421	1.1265505432021834	44.912
chr11	28373529	0.5213902729430787	45.187
chr11	28637247	0.2622472479110535	45.3245
chr11	28968995	0.2563534074218201	45.4115
chr11	29113327	1.673163197764102	45.4485
chr11	29167715	0.2746139059251323	45.5395
chr11	29320657	0.2674104175101324	45.5815
chr11	29520724	0.49341058126953524	45.635
chr11	29646380	0.2801674412471721	45.697
chr11	29676719	0.0	45.7055
chr11	29696231	0.0	45.7055
chr11	29736717	0.38647116690871375	45.7055
chr11	29822105	0.0	45.7385
chr11	29914206	0.24077375463616035	45.7385
chr11	30207012	0.4703491872367114	45.809
chr11	30233588	0.10377271469422034	45.8215
chr11	30276952	0.7925582947482743	45.826
chr11	30444763	0.08368593005192368	45.959
chr11	30594131	0.24809544772833284	45.9715
chr11	30862173	0.0	46.038
chr11	30875499	1.700262209112025	46.038
chr11	30899907	0.38190516117545115	46.0795
chr11	31074034	4.879371103279885	46.146
chr11	31096168	0.19061536995267106	46.254
chr11	31159122	1.3856995803309617	46.266
chr11	31222267	0.0	46.3535
chr11	31296556	0.0	46.3535
chr11	31389556	3.5763411279231883	46.3535
chr11	31418636	0.2525181672792334	46.4575
chr11	31632482	0.23419203747073486	46.5115
chr11	31811822	0.03305648526918543	46.5535
chr11	31932827	0.042778105215127954	46.5575
chr11	32038021	0.15957040870837944	46.562
chr11	32326295	0.23313387435195215	46.608
chr11	32596526	0.05007471146952389	46.671
chr11	32846153	0.07115371479311766	46.6835
chr11	33021829	0.15109939922882304	46.696
chr11	33104556	1.1746280344558002	46.7085
chr11	33132650	0.0	46.7415
chr11	33165709	0.12005367105294586	46.7415
chr11	33378114	0.12417732522034594	46.767
chr11	33410326	0.0	46.771
chr11	33429679	0.0982568086188324	46.771
chr11	33516187	0.17672252484506534	46.7795
chr11	33564285	0.0	46.788
chr11	33752937	0.0	46.788
chr11	33903830	0.0	46.788
chr11	33944419	0.0	46.788
chr11	33974393	0.01861157640054387	46.788
chr11	34189313	0.0	46.792
chr11	34313793	0.0	46.792
chr11	34527869	0.0	46.792
chr11	34538534	0.7485689123732235	46.792
chr11	34549889	0.0	46.8005
chr11	34733485	0.0	46.8005
chr11	34792912	0.0	46.8005
chr11	34924122	0.0	46.8005
chr11	35002875	0.0	46.8005
chr11	35023578	0.0	46.8005
chr11	35033383	0.0	46.8005
chr11	35109327	0.0	46.8005
chr11	35179420	0.0	46.8005
chr11	35247443	0.0	46.8005
chr11	35318069	0.0	46.8005
chr11	35402203	0.0	46.8005
chr11	35673133	0.0	46.8005
chr11	35880351	0.01787893280649087	46.8005
chr11	36104078	0.0	46.8045
chr11	36227282	0.0	46.8045
chr11	36268105	0.0	46.8045
chr11	36276949	0.0	46.8045
chr11	36493547	0.018292655041706744	46.8045
chr11	36712214	0.0	46.8085
chr11	36762884	0.0	46.8085
chr11	36887896	0.0	46.8085
chr11	36913092	0.20883262562277663	46.8085
chr11	37013651	0.0	46.8295
chr11	37041030	0.3731670910526804	46.8295
chr11	37063808	0.0	46.838
chr11	37112678	0.0	46.838
chr11	37151116	0.0	46.838
chr11	37174439	0.0	46.838
chr11	37205145	0.0	46.838
chr11	37259573	0.132482501269629	46.838
chr11	37350151	0.0	46.85
chr11	37377735	0.0	46.85
chr11	37414878	0.0	46.85
chr11	37534835	0.015991940062199783	46.85
chr11	37784961	0.0	46.854
chr11	37818991	0.2252590479050994	46.854
chr11	37838968	0.10642027243587182	46.8585
chr11	37918840	0.07520193932535066	46.867
chr11	38031869	0.0	46.8755
chr11	38170098	0.1787745815049637	46.8755
chr11	38262393	0.44192384179128136	46.892
chr11	38289547	0.0	46.904
chr11	38353689	0.0	46.904
chr11	38489951	0.14952649941827761	46.904
chr11	38520046	0.8713230168690117	46.9085
chr11	38534392	0.747118258147175	46.921
chr11	38562500	0.14436784927988533	46.942
chr11	38590207	0.1421565143223163	46.946
chr11	38646483	0.11751495051315307	46.954
chr11	38684776	0.061257827389057586	46.9585
chr11	38758236	0.0	46.963
chr11	38774091	3.8675368624602946	46.963
chr11	38778228	0.1343278864691987	46.979
chr11	38841506	0.08245042668105884	46.9875
chr11	38890020	0.046860356138680684	46.9915
chr11	38975380	0.3596027772398585	46.9955
chr11	39011531	0.0	47.0085
chr11	39084966	0.0	47.0085
chr11	39145524	0.057318086722335265	47.0085
chr11	39215310	0.11683607898112464	47.0125
chr11	39283782	0.13153279551035224	47.0205
chr11	39317994	0.0	47.025
chr11	39449592	0.12858428700028574	47.025
chr11	39480700	0.3401768919837497	47.029
chr11	39505687	0.0	47.0375
chr11	39559076	0.0	47.0375
chr11	39578554	0.0	47.0375
chr11	39615042	0.0	47.0375
chr11	39639497	0.0	47.0375
chr11	39705008	0.0	47.0375
chr11	39893651	0.13647685011422372	47.0375
chr11	39922960	0.0	47.0415
chr11	39959369	0.0	47.0415
chr11	39996015	0.0	47.0415
chr11	40012793	0.0	47.0415
chr11	40023259	0.0757504024239709	47.0415
chr11	40076064	0.0	47.0455
chr11	40112999	0.4018532526477429	47.0455
chr11	40134151	0.13390465988216899	47.054
chr11	40167757	0.19827069269008268	47.0585
chr11	40271151	0.0	47.079
chr11	40308945	0.09727726067234316	47.079
chr11	40601922	0.0	47.1075
chr11	40691396	0.14901039566643273	47.1075
chr11	40862525	0.0	47.133
chr11	40978454	0.0	47.133
chr11	40995310	0.0	47.133
chr11	41014425	0.0	47.133
chr11	41097674	0.3296362367175193	47.133
chr11	41123460	0.0	47.1415
chr11	41214128	0.0	47.1415
chr11	41250990	0.16916180326472904	47.1415
chr11	41274636	0.0	47.1455
chr11	41306884	0.18718704665660013	47.1455
chr11	41328253	0.0	47.1495
chr11	41361791	0.0	47.1495
chr11	41441038	0.705019740552495	47.1495
chr11	41458768	0.040625222169197305	47.162
chr11	41655690	0.1735357917569537	47.17
chr11	41678740	0.0	47.174
chr11	41772580	2.757688655124484	47.174
chr11	41799958	0.37535776286785866	47.2495
chr11	41821271	1.9990480723465773	47.2575
chr11	41831776	0.11275546159260841	47.2785
chr11	41867251	0.0	47.2825
chr11	41884237	0.05742359471703146	47.2825
chr11	41962602	0.0	47.287
chr11	42016586	0.0	47.287
chr11	42054758	0.0	47.287
chr11	42083791	0.21868280059774126	47.287
chr11	42138665	1.2770432692309956	47.299
chr11	42151977	2.45978116429631	47.316
chr11	42187346	0.0	47.403
chr11	42196799	0.2155288539251998	47.403
chr11	42215358	0.04336805990574839	47.407
chr11	42319121	0.45780147573679425	47.4115
chr11	42337688	0.11541013878062792	47.42
chr11	42372347	0.0	47.424
chr11	42398151	1.1339946392981117	47.424
chr11	42441802	0.09313380347276796	47.4735
chr11	42710233	0.13683414092303406	47.4985
chr11	42772352	0.24381221415122634	47.507
chr11	42891296	0.6707336548596504	47.536
chr11	42922605	0.0	47.557
chr11	42958918	0.154842567823695	47.557
chr11	43146205	0.0	47.586
chr11	43152313	0.0	47.586
chr11	43193062	0.23102691463563219	47.586
chr11	43227690	0.1653406216010518	47.594
chr11	43478687	1.4486391571554542	47.6355
chr11	43490077	0.13687380235423457	47.652
chr11	43522954	0.08503039836736923	47.6565
chr11	43569996	0.23898035050452315	47.6605
chr11	43588826	0.04568296025579926	47.665
chr11	43676386	2.90084388185665	47.669
chr11	43693450	1.2945690488816546	47.7185
chr11	43725507	0.24125109982133394	47.76
chr11	43760740	0.13010245568377893	47.7685
chr11	43791485	0.5312640865477695	47.7725
chr11	43822543	0.11451255821055475	47.789
chr11	43861840	0.7636981226704378	47.7935
chr11	43949571	0.38739044114065013	47.8605
chr11	43970222	0.12664283905102777	47.8685
chr11	44005755	0.12988278079049545	47.873
chr11	44036552	0.2772793997715855	47.877
chr11	44067207	0.5838393274171169	47.8855
chr11	44144283	2.0246193715582237	47.9305
chr11	44162805	1.7330176474895154	47.968
chr11	44203774	0.0	48.039
chr11	44228750	0.4688165932661067	48.039
chr11	44263945	0.07652800925138892	48.0555
chr11	44322747	0.5537996055865794	48.06
chr11	44359764	0.6540351989852793	48.0805
chr11	44410220	1.211364804346276	48.1135
chr11	44423841	0.1663155560483487	48.13
chr11	44450898	3.092366981601163	48.1345
chr11	44483074	2.0376292109764327	48.234
chr11	44550309	0.7476324970925686	48.371
chr11	44556328	0.7191945021575076	48.3755
chr11	44625155	1.5556855653654456	48.425
chr11	44662759	1.7165277096618299	48.4835
chr11	44677032	1.184886119278425	48.508
chr11	44722606	0.9321653189577539	48.562
chr11	44767126	4.746366063482726	48.6035
chr11	44790723	0.8040620021144157	48.7155
chr11	44925041	0.7168253240048019	48.8235
chr11	44942479	0.0	48.836
chr11	44959810	5.31293787949604	48.836
chr11	44968374	2.5042984226655105	48.8815
chr11	44981751	0.19893834852056255	48.915
chr11	45084798	0.8931884670815081	48.9355
chr11	45200675	1.0158847432582578	49.039
chr11	45233159	1.1119243328454091	49.072
chr11	45304207	0.7311277645764547	49.151
chr11	45309678	0.0	49.155
chr11	45327213	5.261452531206139	49.155
chr11	45392024	12.376003778932473	49.496
chr11	45413194	1.8335641138787844	49.758
chr11	45544632	0.7613159230379101	49.999
chr11	45566305	0.8263768278334571	50.0155
chr11	45602003	0.0	50.045
chr11	45625493	2.269265915321366	50.045
chr11	45658323	0.0	50.1195
chr11	45708936	0.0	50.1195
chr11	45716383	0.0	50.1195
chr11	45875104	1.4653323802715088	50.1195
chr11	45889094	39.1027584116403	50.14
chr11	45895692	0.0	50.398
chr11	45922931	0.0	50.398
chr11	45930464	0.0	50.398
chr11	45966737	0.933044711502257	50.398
chr11	45980134	13.045375218150065	50.4105
chr11	46003054	18.2721182721182	50.7095
chr11	46024699	1.267263228676527	51.105
chr11	46044032	0.3203340965985386	51.1295
chr11	46212606	0.17562346329459885	51.1835
chr11	46235382	1.0700680563283218	51.1875
chr11	46258745	0.6576849489796168	51.2125
chr11	46283833	1.163323580216493	51.229
chr11	46312200	1.30297446696504	51.262
chr11	46350190	0.0	51.3115
chr11	46362108	5.628775398132457	51.3115
chr11	46365750	0.9159186664223696	51.332
chr11	46393045	0.47501425042762085	51.357
chr11	46419360	0.6713867187500254	51.3695
chr11	46443936	0.29837386244948405	51.386
chr11	46470748	1.9121921370660049	51.394
chr11	46490359	0.6710283509480516	51.4315
chr11	46502281	1.3535182854285261	51.4395
chr11	46560278	0.5594629156010442	51.518
chr11	46597814	0.5698395331872601	51.539
chr11	46619750	6.24375624375648	51.5515
chr11	46625756	7.425742574257442	51.589
chr11	46652622	9.024192516107048	51.7885
chr11	46676059	0.3442774372323186	52.0
chr11	46735604	0.258099778337991	52.0205
chr11	46768537	1.4120787039909686	52.029
chr11	46800759	0.316193035848491	52.0745
chr11	46826060	1.7743490838958291	52.0825
chr11	46851985	0.37993920972645817	52.1285
chr11	46907257	0.09523582771833489	52.1495
chr11	46949258	0.2991189587034666	52.1535
chr11	47004420	1.920584968530137	52.17
chr11	47026028	0.8696269477867529	52.2115
chr11	47054201	4.683468240783298	52.236
chr11	47082492	0.0	52.3685
chr11	47131648	0.3837247767119215	52.3685
chr11	47207223	1.1218547999359365	52.3975
chr11	47225942	3.086419753086301	52.4185
chr11	47266118	0.0	52.5425
chr11	47299754	0.2564658998994896	52.5425
chr11	47350443	0.0	52.5555
chr11	47372842	1.9666972597349155	52.5555
chr11	47395723	1.9962470555357634	52.6005
chr11	47420770	0.4576240161082093	52.6505
chr11	47448085	3.512171490856663	52.663
chr11	47456342	0.6599091964945248	52.692
chr11	47494226	2.6212434688081374	52.717
chr11	47551260	0.05798361962742311	52.8665
chr11	47620245	0.325508367479721	52.8705
chr11	47646358	2.8273244781783853	52.879
chr11	47672708	0.26752972189957075	52.9535
chr11	47749335	0.7043631383291208	52.974
chr11	47826000	3.3661425710512005	53.028
chr11	47849469	0.14124223787175738	53.107
chr11	48051250	0.3416330057676295	53.1355
chr11	48101011	1.3312522952624108	53.1525
chr11	48122795	2.931828145550179	53.1815
chr11	48141043	5.983871796188918	53.235
chr11	48160512	0.791931871758617	53.3515
chr11	48296256	0.6339458930999069	53.459
chr11	48361719	3.080700453997859	53.5005
chr11	48383305	1.7954070981211139	53.567
chr11	48443180	0.4711233855901213	53.6745
chr11	48566290	0.0	53.7325
chr11	48592208	0.08710801393723396	53.7325
chr11	48638128	0.9984535231145412	53.7365
chr11	48704731	0.38066235249340585	53.803
chr11	48749390	0.0	53.82
chr11	48770437	2.759357336775006	53.82
chr11	48792906	3.2803574458458136	53.882
chr11	48810587	0.45735611576608404	53.94
chr11	48837918	4.7267408675799185	53.9525
chr11	48865950	0.2964719833974046	54.085
chr11	48879442	0.9945065353286984	54.089
chr11	48921674	2.284567426765721	54.131
chr11	48945092	5.353802489840573	54.1845
chr11	48976098	0.7258931930293084	54.3505
chr11	49164831	2.033871478315962	54.4875
chr11	49228011	0.09417969485779222	54.616
chr11	49275792	0.0	54.6205
chr11	49300306	0.2507876299001276	54.6205
chr11	49364105	0.0	54.6365
chr11	49483917	0.0	54.6365
chr11	49536492	0.0	54.6365
chr11	49562496	0.2594407610262422	54.6365
chr11	49579841	1.2260032294718264	54.641
chr11	49596562	2.4404098205458684	54.6615
chr11	49644095	2.3553640753716274	54.7775
chr11	49686339	0.8392485186757913	54.877
chr11	49735788	0.33911237336253514	54.9185
chr11	49759379	0.6198388419011529	54.9265
chr11	49859405	1.8528359881073466	54.9885
chr11	49929028	1.2249817240629406	55.1175
chr11	49979641	1.0156762967827042	55.1795
chr11	50028377	0.20342403332903988	55.229
chr11	50089825	0.0	55.2415
chr11	50151845	0.0	55.2415
chr11	50163572	0.0	55.2415
chr11	50200941	0.0	55.2415
chr11	50219091	0.0	55.2415
chr11	50308340	0.09727626459144337	55.2415
chr11	50354600	0.0	55.246
chr11	50390968	0.2790632775982059	55.246
chr11	50433969	0.10185143271015731	55.258
chr11	50478151	0.19999529422832293	55.2625
chr11	50520652	0.14220199793799224	55.271
chr11	50548781	0.0	55.275
chr11	50653355	0.30104613532033836	55.275
chr11	50679929	0.0	55.283
chr11	50724651	0.3039291966542437	55.283
chr11	50765779	0.26851244107644673	55.2955
chr11	50782538	2.4611964590530238	55.3
chr11	50807729	1.1561874852114975	55.362
chr11	50900707	0.0	55.4695
chr11	50929577	0.4185357687107111	55.4695
chr11	51069350	1.040538830378082	55.528
chr11	51140467	2.4113281116394525	55.602
chr11	51169704	16.29680998613099	55.6725
chr11	51174030	0.0	55.743
chr11	51223517	0.7062387257070761	55.743
chr11	51282279	2.7693856998991015	55.7845
chr11	51306111	3.479017177647373	55.8505
chr11	51338304	0.0	55.9625
chr11	51373803	0.613043018708455	55.9625
chr11	51421108	1.464163142914036	55.9915
chr11	51506481	0.0	56.1165
chr11	51531756	1.9147675544444325	56.1165
chr11	51600955	2.6400168961080532	56.249
chr11	51653038	0.5808223035764793	56.3865
chr11	51681446	2.1804630510625627	56.403
chr11	51719282	2.5814568961777034	56.4855
chr11	51788429	0.790738866396791	56.664
chr11	51835853	1.0731599008250885	56.7015
chr11	51862876	3.8880581072420886	56.7305
chr11	51886281	0.2837098937377596	56.8215
chr11	51944439	1.21394181309406	56.838
chr11	51968740	1.5672332547963743	56.8675
chr11	52016276	7.6072449952335734	56.942
chr11	52042501	2.7623694000757943	57.1415
chr11	52087390	0.2810157031574765	57.2655
chr11	52354279	0.46812388430476015	57.3405
chr11	52434386	0.8662211814875586	57.378
chr11	52486913	1.0274950052326524	57.4235
chr11	52539468	0.8448540706605543	57.4775
chr11	52558998	0.35265850255771963	57.494
chr11	52688018	0.08350033400133916	57.5395
chr11	52741910	0.18254837531946658	57.544
chr11	52807646	0.28491327239994624	57.556
chr11	52851519	0.0	57.5685
chr11	52921698	0.31093941392632857	57.5685
chr11	52974763	1.9982096041946418	57.585
chr11	53006041	0.0	57.6475
chr11	53052609	1.4568158168574954	57.6475
chr11	53067024	0.4734666717852129	57.6685
chr11	53145171	0.4799258597291954	57.7055
chr11	53205597	0.0	57.7345
chr11	53244271	0.0	57.7345
chr11	53291211	0.10479391872832765	57.7345
chr11	53415264	0.08624035186058779	57.7475
chr11	53461646	0.20599078013683092	57.7515
chr11	53602429	0.0	57.7805
chr11	53748624	0.0	57.7805
chr11	53837834	0.17110835436530705	57.7805
chr11	53861211	0.24939728988279272	57.7845
chr11	53945414	0.037940225175215385	57.8055
chr11	54156272	0.0	57.8135
chr11	54220823	0.0	57.8135
chr11	54294605	0.0	57.8135
chr11	54364191	0.30628246594145947	57.8135
chr11	54445815	0.5388560669999247	57.8385
chr11	54522830	0.049777246820450774	57.88
chr11	54603188	0.0	57.884
chr11	54643265	0.08421761832575694	57.884
chr11	54696698	1.2186502230129215	57.8885
chr11	54737727	0.27380061972440317	57.9385
chr11	54812599	0.12749410339764722	57.959
chr11	54843973	0.4785227720541549	57.963
chr11	54879499	0.257446443338388	57.98
chr11	54943590	0.32887154895689935	57.9965
chr11	55121471	0.6567145053818044	58.055
chr11	55152687	0.1442377037359328	58.0755
chr11	55180419	2.155395385729558	58.0795
chr11	55209416	0.08207247482304164	58.142
chr11	55312983	0.0	58.1505
chr11	55387464	0.07895386133723727	58.1505
chr11	55488789	0.6081278806057949	58.1585
chr11	55598141	0.0	58.225
chr11	55627813	0.0	58.225
chr11	55630574	0.06915151096047617	58.225
chr11	55688418	0.024727720323989025	58.229
chr11	55870400	0.0	58.2335
chr11	56021210	0.19112236609478633	58.2335
chr11	56042139	0.8183306055647217	58.2375
chr11	56097740	0.0	58.283
chr11	56156057	0.24928613515841944	58.283
chr11	56222246	0.1944980394596959	58.2995
chr11	56286514	0.30428055698819856	58.312
chr11	56383464	0.12832777246314286	58.3415
chr11	56512041	0.0	58.358
chr11	56526561	0.0	58.358
chr11	56578987	6.394480091412742	58.358
chr11	56601741	0.5032235060012915	58.5035
chr11	56775620	0.1655914263382534	58.591
chr11	56851107	1.7738074884596837	58.6035
chr11	56897899	0.0	58.6865
chr11	56918190	2.810304449648516	58.6865
chr11	56941675	2.1251648834825936	58.7525
chr11	56955321	0.14608534872969645	58.7815
chr11	57184639	0.5189062358992801	58.815
chr11	57273287	0.6833268254588554	58.861
chr11	57370605	0.39536658111952666	58.9275
chr11	57442690	0.09346912527850612	58.956
chr11	57576424	0.1748947616003683	58.9685
chr11	57742238	0.0	58.9975
chr11	57746426	0.7445942457755558	58.9975
chr11	57796789	1.4046130449477208	59.035
chr11	57844133	9.948681011974275	59.1015
chr11	57866347	0.17346655564811048	59.3225
chr11	57938407	0.33193478145402666	59.335
chr11	57976065	1.6551176236925198	59.3475
chr11	57998722	0.37543174650857014	59.385
chr11	58032017	0.049887752556719664	59.3975
chr11	58112197	0.7323324789454313	59.4015
chr11	58175010	0.24443695212410207	59.4475
chr11	58293650	0.6344959200436661	59.4765
chr11	58496961	0.0	59.6055
chr11	58502045	0.0	59.6055
chr11	58502326	0.22529626458792032	59.6055
chr11	58613291	0.1092358949152026	59.6305
chr11	58649909	0.19426906265166502	59.6345
chr11	58670499	0.3593704317317848	59.6385
chr11	58752587	0.939043147413581	59.668
chr11	58814352	1.290612863502994	59.726
chr11	58856580	0.34151945108503984	59.7805
chr11	58953207	0.578575682804372	59.8135
chr11	59011972	0.14473721370276987	59.8475
chr11	59153608	0.42902987764065453	59.868
chr11	59211879	0.0	59.893
chr11	59306063	0.27930207340708946	59.893
chr11	59336496	0.09790596420094858	59.9015
chr11	59423314	0.0	59.91
chr11	59520925	1.8483330454312235	59.91
chr11	59549870	4.456479502622768	59.9635
chr11	59591046	1.458287475236618	60.147
chr11	59700078	0.995083118707739	60.306
chr11	59717162	6.683375104429968	60.323
chr11	59718359	0.1912931031184493	60.331
chr11	59979738	0.4798370512544957	60.381
chr11	60030797	0.08501955449751396	60.4055
chr11	60230751	0.19619063189733435	60.4225
chr11	60291916	2.298850574712731	60.4345
chr11	60310186	0.15417823003383377	60.4765
chr11	60336130	0.587718801336872	60.4805
chr11	60406742	1.9630167641633334	60.522
chr11	60432213	1.3273866411808215	60.572
chr11	60498132	0.0	60.6595
chr11	60542819	1.0919891674675	60.6595
chr11	60577160	0.27448962086105905	60.697
chr11	60606305	1.4196124925900626	60.705
chr11	60638356	0.12650754828371905	60.7505
chr11	60673927	0.8284796143802508	60.755
chr11	60713759	0.0	60.788
chr11	60758219	0.0	60.788
chr11	60779835	0.3076686408737906	60.788
chr11	60818838	0.6514657980458647	60.8
chr11	60838793	0.9160782911787653	60.813
chr11	60861171	0.6129044240555933	60.8335
chr11	60888092	0.14586014586011076	60.85
chr11	60946367	0.38361944950621807	60.8585
chr11	60967221	0.0	60.8665
chr11	61002194	0.5947383151411947	60.8665
chr11	61016486	0.5885627932871874	60.875
chr11	61079351	0.0	60.912
chr11	61087031	0.0	60.912
chr11	61121022	1.0477996207963676	60.912
chr11	61141064	0.2947787317146052	60.933
chr11	61168203	0.7381724639300782	60.941
chr11	61212908	1.9832897290911378	60.974
chr11	61248455	4.605722260991103	61.0445
chr11	61255620	0.5947492140814182	61.0775
chr11	61290929	1.6877863208935966	61.0985
chr11	61328256	1.7154144718603366	61.1615
chr11	61357112	1.9437648714769202	61.211
chr11	61386951	0.18139766904017451	61.269
chr11	61409002	0.6157080642738672	61.273
chr11	61442297	1.8725718725718699	61.2935
chr11	61506647	0.8057859360873554	61.414
chr11	61532088	0.5809900069720122	61.4345
chr11	61553603	0.8518819557333583	61.447
chr11	61617579	1.416323601616551	61.5015
chr11	61644056	0.0	61.539
chr11	61678666	0.19704918840363356	61.539
chr11	61759864	0.9902857681788549	61.555
chr11	61802276	0.2724517249598326	61.597
chr11	61831639	1.8731339079489857	61.605
chr11	61867141	0.8844057749306586	61.6715
chr11	61908977	0.0	61.7085
chr11	61964047	0.0	61.7085
chr11	61979334	0.0	61.7085
chr11	61993161	0.0	61.7085
chr11	62044633	2.221341860267643	61.7085
chr11	62079972	1.0866471760110112	61.787
chr11	62118623	0.0	61.829
chr11	62199647	1.0269953051641596	61.829
chr11	62223503	1.3816102906147436	61.8535
chr11	62244493	0.8018148394414053	61.8825
chr11	62270060	3.9132609527172937	61.903
chr11	62304047	4.901077979881142	62.036
chr11	62342916	1.5719315895372827	62.2265
chr11	62366772	5.981374454230997	62.264
chr11	62406395	0.0	62.501
chr11	62406801	3.315428054227449	62.501
chr11	62508447	5.552308591466912	62.838
chr11	62534112	5.259431576818003	62.9805
chr11	62573660	1.65128553350411	63.1885
chr11	62606059	1.1311600523331662	63.242
chr11	62642747	13.443989198249385	63.2835
chr11	62685703	1.4262853962294242	63.861
chr11	62700076	2.1857048039730427	63.8815
chr11	62743769	5.1939348244956625	63.977
chr11	62755706	4.308552584414647	64.039
chr11	62825451	0.9562339095255535	64.3395
chr11	62934211	1.0707033413327067	64.4435
chr11	62961296	8.001656813646333	64.4725
chr11	62987853	1.0738691832086318	64.685
chr11	63018583	0.12933264355903504	64.718
chr11	63053377	0.0	64.7225
chr11	63070465	3.9650614871852587	64.7225
chr11	63096568	0.0	64.826
chr11	63137016	0.0	64.826
chr11	63145325	0.0	64.826
chr11	63145700	3.574950690336609	64.826
chr11	63153812	1.370013152126572	64.855
chr11	63162936	5.412686749938512	64.8675
chr11	63203766	2.6531736596401707	65.0885
chr11	63238253	0.0	65.18
chr11	63272580	13.300698239222704	65.18
chr11	63298932	0.45668572148464376	65.5305
chr11	63362433	0.0	65.5595
chr11	63398888	1.731721677691863	65.5595
chr11	63427761	2.6902426315669916	65.6095
chr11	63516043	6.045797263334559	65.847
chr11	63551853	2.5700479958488365	66.0635
chr11	63613525	0.0	66.222
chr11	63626203	0.4838959430165237	66.222
chr11	63652035	1.5219773529773337	66.2345
chr11	63668461	19.24860853432245	66.2595
chr11	63670617	4.203021070932854	66.301
chr11	63733310	3.7463755099946314	66.5645
chr11	63772281	0.22673166307702575	66.7105
chr11	63789923	11.924207775236916	66.7145
chr11	63802167	0.8284945475144472	66.8605
chr11	63872777	2.843365480545502	66.919
chr11	63932917	12.011250838089271	67.09
chr11	63994068	42.087542087539696	67.8245
chr11	63995256	0.0684661862623434	67.8745
chr11	64053679	1.019908616187835	67.8785
chr11	64090447	0.9163270330152258	67.916
chr11	64127006	31.898402098735783	67.9495
chr11	64135392	2.3420610136918536	68.217
chr11	64160370	3.382187147688967	68.2755
chr11	64163918	0.0	68.2875
chr11	64212090	0.0	68.2875
chr11	64232974	0.0	68.2875
chr11	64275371	1.3372389200204278	68.2875
chr11	64291075	0.6778039153147849	68.3085
chr11	64316156	0.35577980464440395	68.3255
chr11	64362533	1.9119913246962865	68.342
chr11	64380054	0.7235963759032007	68.3755
chr11	64478175	0.009014775216590993	68.4465
chr11	64921891	2.459814905017026	68.4505
chr11	64942421	0.7364929963684494	68.501
chr11	65050365	0.11518083390937828	68.5805
chr11	65085093	0.17288326057789158	68.5845
chr11	65108230	0.1062416998673277	68.5885
chr11	65145880	0.1868925990527895	68.5925
chr11	65169958	0.37682524729202904	68.597
chr11	65191188	0.0	68.605
chr11	65208286	0.3980891719735945	68.605
chr11	65218334	0.0	68.609
chr11	65236122	0.4801446082591744	68.609
chr11	65253825	0.0	68.6175
chr11	65276882	0.0	68.6175
chr11	65289957	0.0	68.6175
chr11	65303928	0.26959022286083545	68.6175
chr11	65320620	0.0	68.622
chr11	65339356	0.0	68.622
chr11	65356020	0.0	68.622
chr11	65377464	0.0	68.622
chr11	65399099	0.0	68.622
chr11	65411073	0.7412252016566779	68.622
chr11	65434008	0.42323891320502127	68.639
chr11	65482444	0.09132211593353778	68.6595
chr11	65526245	1.2935016938713146	68.6635
chr11	65542480	5.197141572135286	68.6845
chr11	65562491	2.688557499282644	68.7885
chr11	65576439	4.006333365320065	68.826
chr11	65597281	0.8379888268160351	68.9095
chr11	65616971	0.8061402911188087	68.926
chr11	65705045	88.90071865850497	68.997
chr11	65708802	9.973206311401984	69.331
chr11	65752469	0.0	69.7665
chr11	65773309	0.16957775139922368	69.7665
chr11	65796897	1.4139376680904987	69.7705
chr11	65847465	0.0	69.842
chr11	65864407	6.058840664142103	69.842
chr11	65881572	0.0	69.946
chr11	65900029	0.0	69.946
chr11	65923493	0.838926174496835	69.946
chr11	65938393	2.0310051573838517	69.9585
chr11	66004124	1.5374978645863575	70.092
chr11	66039246	1.313287727620069	70.146
chr11	66090263	5.063291139240571	70.213
chr11	66127393	3.3002048403005575	70.401
chr11	66153755	3.4585607310575224	70.488
chr11	66169513	4.789531898908562	70.5425
chr11	66217430	0.9034863945576056	70.772
chr11	66226838	41.039895356442905	70.7805
chr11	66229896	0.03323667001795343	70.906
chr11	66350245	0.0	70.91
chr11	66350264	0.9700366458304108	70.91
chr11	66354903	10.86820737039214	70.9145
chr11	66362908	0.9925848076143001	71.0015
chr11	66380035	28.48802093819076	71.0185
chr11	66385002	0.1433075379766727	71.16
chr11	66412914	0.9880028228652457	71.164
chr11	66434169	0.0	71.185
chr11	66459094	0.26178010471143176	71.185
chr11	66474374	5.165546427683135	71.189
chr11	66490442	0.0	71.272
chr11	66516780	0.0	71.272
chr11	66558116	8.071532141131057	71.272
chr11	66568461	0.16966067864267373	71.3555
chr11	66618561	6.995724834823428	71.364
chr11	66626280	5.798211051147327	71.418
chr11	66679831	0.15476282596939134	71.7285
chr11	66705677	0.0	71.7325
chr11	66709863	0.0	71.7325
chr11	66725201	5.0937717064131665	71.7325
chr11	66742477	7.623888182973605	71.8205
chr11	66766087	1.5768228071648438	72.0005
chr11	66789869	6.094487467351408	72.038
chr11	66811692	6.542347233966415	72.171
chr11	66834161	7.326279498305817	72.318
chr11	66867807	10.108433734939743	72.5645
chr11	66909307	6.621887079399378	72.984
chr11	66925088	21.502521900717568	73.0885
chr11	66936389	8.14307065917648	73.3315
chr11	66955792	3.8999126419568206	73.4895
chr11	66971818	5.091902632886237	73.552
chr11	67044286	0.5761540025756087	73.921
chr11	67088545	0.22135172117723592	73.9465
chr11	67163087	0.21762259406167309	73.963
chr11	67183765	4.200259344872326	73.9675
chr11	67201502	1.3958682300394016	74.042
chr11	67210457	3.594318378659207	74.0545
chr11	67222003	3.679725542274827	74.096
chr11	67240075	1.4847809948033226	74.1625
chr11	67268362	0.4297704520172896	74.2045
chr11	67288140	0.4372062520499386	74.213
chr11	67297289	3.4708831469341845	74.217
chr11	67312847	0.0	74.271
chr11	67333709	1.3166969715970152	74.271
chr11	67349658	4.6995766497065725	74.292
chr11	67375405	1.1993283761096516	74.413
chr11	67396250	0.0	74.438
chr11	67396474	2.5512807429320823	74.438
chr11	67406273	1.2564419268287814	74.463
chr11	67429752	1.0099887891243833	74.4925
chr11	67528763	1.0447241430774983	74.5925
chr11	67568965	8.41215692355344	74.6345
chr11	67581863	0.7167887862388144	74.743
chr11	67588141	0.0	74.7475
chr11	67588280	0.0	74.7475
chr11	67588689	15.230312035660036	74.7475
chr11	67590035	8.789767136766175	74.768
chr11	67605280	0.23023999133208606	74.902
chr11	67642198	5.803357314148787	74.9105
chr11	67683898	0.0	75.1525
chr11	67697288	0.7209181613704851	75.1525
chr11	67714627	5.4883927909217585	75.165
chr11	67741593	36.17139677239717	75.313
chr11	67745187	3.339474896361173	75.443
chr11	67775581	1.1788222028600912	75.5445
chr11	67814603	15.234594055703655	75.5905
chr11	67830652	11.700648748842237	75.835
chr11	67847916	0.34920590577015925	76.037
chr11	67919507	3.175073207646696	76.062
chr11	67949900	0.2200946406949861	76.1585
chr11	67968074	0.0	76.1625
chr11	67991896	0.45152722443623716	76.1625
chr11	68010721	1.0488143065381574	76.171
chr11	68038848	0.15590287251006266	76.2005
chr11	68064505	2.026342451874949	76.2045
chr11	68083258	6.498155184756595	76.2425
chr11	68119576	14.201914171042446	76.4785
chr11	68122815	0.0	76.5245
chr11	68142325	0.0	76.5245
chr11	68158919	0.0	76.5245
chr11	68174672	0.0	76.5245
chr11	68176422	0.0	76.5245
chr11	68196507	0.0	76.5245
chr11	68200259	0.0	76.5245
chr11	68202575	0.0	76.5245
chr11	68227594	7.895959126797913	76.5245
chr11	68229747	0.0	76.5415
chr11	68243121	1.6647896978899293	76.5415
chr11	68263544	3.209600893105796	76.5755
chr11	68277876	0.553481303589162	76.6215
chr11	68331175	2.884219200659359	76.651
chr11	68345737	6.643467257197341	76.693
chr11	68361542	0.41565487519411853	76.798
chr11	68452964	1.2854471798073956	76.836
chr11	68465800	3.4875183553594624	76.8525
chr11	68487592	0.23215797667489563	76.9285
chr11	68597431	0.0	76.954
chr11	68624216	2.028495532480154	76.954
chr11	68644921	3.40555957600776	76.996
chr11	68668412	0.0	77.076
chr11	68684501	0.36382313915217074	77.076
chr11	68707864	0.495206402027915	77.0845
chr11	68733106	1.8510315149983967	77.097
chr11	68764710	2.435347326916479	77.1555
chr11	68781956	4.572995139032775	77.1975
chr11	68825363	0.1549465124639327	77.396
chr11	68906036	0.0	77.4085
chr11	68928233	0.20816949622949832	77.4085
chr11	68949850	0.0	77.413
chr11	68971415	0.0	77.413
chr11	69005137	0.9487666034157756	77.413
chr11	69018312	0.3353172939898473	77.4255
chr11	69030241	0.3039296313511622	77.4295
chr11	69086175	3.064420937939595	77.4465
chr11	69108202	1.1001964636542656	77.514
chr11	69146377	1.729249011857773	77.556
chr11	69158521	0.0	77.577
chr11	69180750	2.3464055603470433	77.577
chr11	69220172	1.8977904297140478	77.6695
chr11	69242303	5.161184614754629	77.7115
chr11	69266716	0.29299736302304996	77.8375
chr11	69280368	0.4632657510354237	77.8415
chr11	69298716	0.4323866044935663	77.85
chr11	69357691	1.2833675564677347	77.8755
chr11	69377171	2.761007215432294	77.9005
chr11	69404335	3.2117509657712846	77.9755
chr11	69426597	1.744544024082101	78.047
chr11	69441214	1.0959172991362385	78.0725
chr11	69502350	0.0	78.1395
chr11	69512839	0.0	78.1395
chr11	69533865	2.8354479046519367	78.1395
chr11	69544269	0.0	78.169
chr11	69572903	0.0	78.169
chr11	69585652	0.156252872295409	78.169
chr11	69640051	0.6176041898269642	78.1775
chr11	69680530	1.7620406108408118	78.2025
chr11	69704366	1.660470879801915	78.2445
chr11	69724541	17.572652309662676	78.278
chr11	69737032	9.452670544685397	78.4975
chr11	69752160	6.977640709329121	78.6405
chr11	69778100	0.4924966684047717	78.8215
chr11	69795359	1.9453969928777863	78.83
chr11	69825687	3.9011277209546216	78.889
chr11	69840939	3.7202380952385563	78.9485
chr11	69855723	4.6371908539428315	79.0035
chr11	69872867	0.0	79.083
chr11	69885933	1.3019836103236506	79.083
chr11	69898990	2.2392549185626636	79.1
chr11	69943871	0.91878648122771	79.2005
chr11	69971625	11.698300821805798	79.226
chr11	70005818	0.48071485126105384	79.626
chr11	70023500	1.054611064521847	79.6345
chr11	70062851	0.6874952257276251	79.676
chr11	70075942	4.892225720513397	79.685
chr11	70096587	0.0	79.786
chr11	70113195	2.876030219780532	79.786
chr11	70124843	1.4342595367551239	79.8195
chr11	70148200	1.59199454173306	79.853
chr11	70187773	28.3069492889728	79.916
chr11	70198954	0.06553724153758378	80.2325
chr11	70259988	0.32157990314762236	80.2365
chr11	70286420	0.5010020040078954	80.245
chr11	70303386	1.5701003632777453	80.2535
chr11	70319627	0.0	80.279
chr11	70342617	0.7402325413446381	80.279
chr11	70370311	0.4258197029283901	80.2995
chr11	70410234	1.9271131463461	80.3165
chr11	70436439	0.71432653294409	80.367
chr11	70453938	8.96481732070388	80.3795
chr11	70474630	1.574593007739458	80.565
chr11	70493365	0.0	80.5945
chr11	70535351	0.5142787996126545	80.5945
chr11	70551879	0.4041652798255986	80.603
chr11	70572910	0.08984725965837102	80.6115
chr11	70617430	1.1745820445558568	80.6155
chr11	70642971	0.0	80.6455
chr11	70667870	0.6048909756027536	80.6455
chr11	70702587	0.6579734417995666	80.6665
chr11	70727664	3.8515139997462766	80.683
chr11	70767129	0.8779067277638053	80.835
chr11	70790480	1.0116094224185455	80.8555
chr11	70811239	0.851764162384159	80.8765
chr11	70845873	1.8446124372184318	80.906
chr11	70923125	0.30526126773201484	81.0485
chr11	70950970	0.0	81.057
chr11	70965415	0.1852709587774381	81.057
chr11	70987005	2.5063721325402506	81.061
chr11	70998775	0.0	81.0905
chr11	71012876	0.34977754148329826	81.0905
chr11	71048613	0.0	81.103
chr11	71060568	0.6566118826856513	81.103
chr11	71085697	0.0	81.1195
chr11	71100400	0.5399225052402944	81.1195
chr11	71116143	6.592058868618838	81.128
chr11	71148758	0.052817133878107	81.343
chr11	71224491	0.8222361247655103	81.347
chr11	71280436	0.5118837321341309	81.393
chr11	71330252	6.38001935171742	81.4185
chr11	71363324	2.5725593667550273	81.6295
chr11	71386064	0.0856237691581188	81.688
chr11	71432780	4.340318290008098	81.692
chr11	71454207	1.422987895116629	81.785
chr11	71480560	0.704709810567199	81.8225
chr11	71599758	0.6526759714833431	81.9065
chr11	71619676	0.09953467539266152	81.9195
chr11	71659863	1.0654490106545305	81.9235
chr11	71679573	1.1155502516468103	81.9445
chr11	71698846	0.06218905472644416	81.966
chr11	71763166	0.5027503400956973	81.97
chr11	71780073	2.002402883460228	81.9785
chr11	71795055	1.1534603811435928	82.0085
chr11	71834935	0.0	82.0545
chr11	71857773	0.3541814242259242	82.0545
chr11	71905771	0.0	82.0715
chr11	71945922	0.12306556317893391	82.0715
chr11	71978425	0.2770083102492408	82.0755
chr11	72009110	1.4540038300587566	82.084
chr11	72023209	1.8593423799583169	82.1045
chr11	72084521	1.4389572911133468	82.2185
chr11	72210654	2.618621307072297	82.4
chr11	72232994	2.9875469577306206	82.4585
chr11	72266801	0.950109914676175	82.5595
chr11	72293640	14.857189892172952	82.585
chr11	72305789	0.1692687589612465	82.7655
chr11	72356005	1.548083472660758	82.774
chr11	72388303	3.0475815965401014	82.824
chr11	72403561	1.4063441748328722	82.8705
chr11	72448358	4.706233598893901	82.9335
chr11	72511997	3.6930892985082973	83.233
chr11	72588762	1.6114798756858992	83.5165
chr11	72614825	0.9441816077485606	83.5585
chr11	72664074	12.876746663324813	83.605
chr11	72680033	84.51146716933435	83.8105
chr11	72683216	0.33062819356793366	84.0795
chr11	72733121	0.0	84.096
chr11	72740308	0.7909064155386692	84.096
chr11	72767492	0.0	84.1175
chr11	72807937	0.7791896427709794	84.1175
chr11	72824621	0.26685643124042435	84.1305
chr11	72841484	0.5758287417576068	84.135
chr11	72885768	23.51816443594735	84.1605
chr11	72890998	1.1557610241812784	84.2835
chr11	72902246	0.33861319086498143	84.2965
chr11	72928825	0.0	84.3055
chr11	72945875	0.34337884786288897	84.3055
chr11	72970629	0.0	84.314
chr11	72994336	0.34970789105620687	84.314
chr11	73018642	1.1693492915116184	84.3225
chr11	73033180	3.175196115054462	84.3395
chr11	73046565	0.167343011337099	84.382
chr11	73070468	5.483127029698406	84.386
chr11	73091715	3.180565990483585	84.5025
chr11	73111680	4.708641194096519	84.566
chr11	73165411	0.5747952291992791	84.819
chr11	73179329	3.164749558761287	84.827
chr11	73195760	4.79174345742651	84.879
chr11	73212038	2.32254597105473	84.957
chr11	73238087	8.643707290582546	85.0175
chr11	73260184	6.769591399587923	85.2085
chr11	73284927	1.3255974794434104	85.376
chr11	73310953	0.5904417893857984	85.4105
chr11	73325349	19.543650793651064	85.419
chr11	73340469	1.3421484316747538	85.7145
chr11	73360586	7.894915946368996	85.7415
chr11	73375279	1.2513904338153978	85.8575
chr11	73389663	2.4824846913444976	85.8755
chr11	73407790	2.433826237962457	85.9205
chr11	73445796	0.38592111531198076	86.013
chr11	73611633	3.4972022382090917	86.077
chr11	73616637	2.8726827026199957	86.0945
chr11	73642745	0.04497211728733684	86.1695
chr11	73731689	0.285986653955708	86.1735
chr11	73747424	2.688172043010942	86.178
chr11	73774394	0.0	86.2505
chr11	73794644	0.8887265644023314	86.2505
chr11	73835714	0.20541324311256534	86.287
chr11	73877094	1.1334552102373565	86.2955
chr11	73904444	2.9647569734423733	86.3265
chr11	73916418	1.0450160771708383	86.362
chr11	73941298	0.12013455069659526	86.388
chr11	73978756	0.7897111913356631	86.3925
chr11	74000916	3.6508869940213886	86.41
chr11	74021322	9.002549394518766	86.4845
chr11	74027598	4.366608652411828	86.541
chr11	74059774	1.7090343444267222	86.6815
chr11	74108632	4.785209352908856	86.765
chr11	74127022	4.640103421211086	86.853
chr11	74148681	2.9972308193516453	86.9535
chr11	74179376	1.2220374079229221	87.0455
chr11	74208835	0.4625518058018292	87.0815
chr11	74235859	0.0	87.094
chr11	74329312	0.4202238244792643	87.094
chr11	74351919	1.127890218685424	87.1035
chr11	74383837	3.267306514192728	87.1395
chr11	74403425	0.41860465116280654	87.2035
chr11	74424925	0.5487804878048989	87.2125
chr11	74441325	1.6551216820940982	87.2215
chr11	74457638	0.16195789094810384	87.2485
chr11	74485423	1.127681119396267	87.253
chr11	74528875	0.2545392838957557	87.302
chr11	74546554	0.4720840939131312	87.3065
chr11	74594215	3.2507110930517285	87.329
chr11	74608981	1.205073358840908	87.377
chr11	74642174	2.7877007311454878	87.417
chr11	74672127	2.101529197841702	87.5005
chr11	74705674	2.5446731508717435	87.571
chr11	74714516	0.37914691943039597	87.5935
chr11	74725066	5.140109434587764	87.5975
chr11	74737128	0.33246645782859446	87.6595
chr11	74804804	0.9313636716425986	87.682
chr11	74843457	0.11645058613443741	87.718
chr11	74882100	0.5998246666361478	87.7225
chr11	74903773	3.471390950442466	87.7355
chr11	74916304	0.0	87.779
chr11	74974895	0.18226002430163127	87.779
chr11	74999585	0.7342887527218402	87.7835
chr11	75078573	0.7191112562290671	87.8415
chr11	75207204	1.4950384438458335	87.934
chr11	75237638	0.0	87.9795
chr11	75301901	0.6278676648155146	87.9795
chr11	75322606	0.0	87.9925
chr11	75359557	0.1160377873641396	87.9925
chr11	75432809	0.9668766764391399	88.001
chr11	75464871	1.431682529440191	88.032
chr11	75489667	0.7202689003898851	88.0675
chr11	75508410	4.48908929865498	88.081
chr11	75533248	7.6641454779530145	88.1925
chr11	75558104	0.0	88.383
chr11	75596612	0.0	88.383
chr11	75610257	11.173850803245026	88.383
chr11	75635405	0.34000755572293656	88.664
chr11	75648640	1.6027108709593736	88.6685
chr11	75670478	1.9878935491957088	88.7035
chr11	75726316	0.7387247278384703	88.8145
chr11	75739176	15.263291783261835	88.824
chr11	75750969	3.4018542373496383	89.004
chr11	75806086	1.370301689790489	89.1915
chr11	75940363	0.19893899204213372	89.3755
chr11	75962983	2.5603806298135066	89.38
chr11	75987784	2.1427497368551984	89.4435
chr11	76027686	11.273933490090824	89.529
chr11	76051502	5.5059853009857616	89.7975
chr11	76092185	1.533885245314114	90.0215
chr11	76231700	7.792559362672898	90.2355
chr11	76257558	1.3863451363452493	90.437
chr11	76296870	0.0	90.4915
chr11	76306365	1.900038644853713	90.4915
chr11	76337417	0.0	90.5505
chr11	76352923	0.1812907904281394	90.5505
chr11	76377745	0.8320260701501063	90.555
chr11	76493126	0.0	90.651
chr11	76520152	0.7276198225547885	90.651
chr11	76584059	1.452696568004198	90.6975
chr11	76606087	1.1470133195809462	90.7295
chr11	76662320	4.2731072921510895	90.794
chr11	76673085	0.618909665525376	90.84
chr11	76711055	1.6902410817535134	90.8635
chr11	76722296	8.403592880366089	90.8825
chr11	76740443	3.0312699425662823	91.035
chr11	76743577	0.0	91.0445
chr11	76778540	0.9264369628636175	91.0445
chr11	76803906	2.7415060851927264	91.068
chr11	76835458	0.20799149545886025	91.1545
chr11	76878729	5.47690176213392	91.1635
chr11	76901826	0.4059009601656686	91.29
chr11	76937549	0.638037448891614	91.3045
chr11	76975948	1.3203897939452944	91.329
chr11	77002834	1.7343825277015523	91.3645
chr11	77033969	0.5805739941555771	91.4185
chr11	77085642	1.708689664552951	91.4485
chr11	77144459	0.1734244389717822	91.549
chr11	77173290	0.0	91.554
chr11	77179635	0.15719810104679638	91.554
chr11	77211442	0.3465575285499869	91.559
chr11	77241740	0.4743032164189102	91.5695
chr11	77366133	0.0	91.6285
chr11	77425534	0.7489664263315488	91.6285
chr11	77475603	0.8639889409418616	91.666
chr11	77501645	0.0	91.6885
chr11	77558382	0.5880466160587875	91.6885
chr11	77586441	1.13209159261785	91.705
chr11	77609849	0.0	91.7315
chr11	77641337	0.40498947027455556	91.7315
chr11	77653683	0.0	91.7365
chr11	77661681	0.0	91.7365
chr11	77675894	0.0	91.7365
chr11	77700867	0.10485477613495758	91.7365
chr11	77748552	0.8663842895646418	91.7415
chr11	77774522	2.233915806195713	91.764
chr11	77804738	1.0103764053050883	91.8315
chr11	77867091	0.0	91.8945
chr11	77869055	0.7402143660804169	91.8945
chr11	77953490	0.3145784648571338	91.957
chr11	78031372	0.971471131116257	91.9815
chr11	78062253	0.47692547822624326	92.0115
chr11	78119914	0.45889978775886553	92.039
chr11	78172213	0.7776740878993155	92.063
chr11	78194716	0.5382272631799624	92.0805
chr11	78232804	1.75189393939423	92.101
chr11	78243364	5.565862708720063	92.1195
chr11	78247676	2.998264162852825	92.1435
chr11	78260350	0.1817143450497119	92.1815
chr11	78298872	1.2195830187583945	92.1885
chr11	78316091	0.11168480828865385	92.2095
chr11	78432490	0.11598237067966108	92.2225
chr11	78484222	0.0	92.2285
chr11	78514805	0.0	92.2285
chr11	78538288	0.0	92.2285
chr11	78559900	0.06553344221969445	92.2285
chr11	78659086	0.0	92.235
chr11	78666920	0.0	92.235
chr11	78692292	0.0	92.235
chr11	78751362	0.0	92.235
chr11	78780051	0.0	92.235
chr11	78818687	0.0	92.235
chr11	78818925	0.0	92.235
chr11	78901652	0.1395364107951598	92.235
chr11	78962568	0.0	92.2435
chr11	79005903	0.0	92.2435
chr11	79036959	0.0	92.2435
chr11	79072520	0.0	92.2435
