Chromosome	Position(bp)	Rate(cM/Mb)	Map(cM)
chr18	0	0.0	0.0
chr18	143715	1.6913493667752981	0.0
chr18	240679	0.9078102989513225	0.164
chr18	304569	0.08623198559925849	0.222
chr18	397342	0.0	0.23
chr18	427622	4.034134988363071	0.23
chr18	446957	0.0	0.308
chr18	489133	0.23928351678402973	0.308
chr18	576895	2.9900154840087563	0.329
chr18	595624	0.48301810046776533	0.385
chr18	634960	4.508318164500696	0.404
chr18	658583	0.28672979573776897	0.5105
chr18	1002112	1.5486725663716814	0.609
chr18	1040532	0.0	0.6685
chr18	1050054	0.21918121521689535	0.6685
chr18	1102522	9.043425710092372	0.68
chr18	1125688	1.2560128273650495	0.8895
chr18	1144398	8.626382697705138	0.913
chr18	1156512	2.1095774817672184	1.0175
chr18	1173103	1.7267380485597956	1.0525
chr18	1239413	0.0	1.167
chr18	1248770	10.80029516334608	1.167
chr18	1263677	2.5527069712774555	1.328
chr18	1318129	6.202981642089578	1.467
chr18	1441618	0.7372267453041761	2.233
chr18	1472816	0.0	2.256
chr18	1547552	0.0	2.256
chr18	1609733	0.2672497570456783	2.256
chr18	1630313	0.46052827049351014	2.2615
chr18	1697627	0.0	2.2925
chr18	1714023	0.24805278563277738	2.2925
chr18	1734180	1.2352880623134213	2.2975
chr18	1763323	0.32716089772949636	2.3335
chr18	1778606	0.7882640787035656	2.3385
chr18	1876289	0.0	2.4155
chr18	1916195	0.8056208563353489	2.4155
chr18	1954054	0.0	2.446
chr18	1971006	0.0	2.446
chr18	1990189	17.441860465116257	2.446
chr18	1994747	0.23327423719323942	2.5255
chr18	2016181	0.0	2.5305
chr18	2031086	0.14710208884965853	2.5305
chr18	2065076	7.071041873826103	2.5355
chr18	2083178	1.473879578579612	2.6635
chr18	2119816	2.7721203892283333	2.7175
chr18	2164006	0.0	2.84
chr18	2164283	0.5931198102016833	2.84
chr18	2171870	2.6323645146408308	2.8445
chr18	2208719	13.678409761857896	2.9415
chr18	2223962	1.1429659967615975	3.15
chr18	2244960	3.332716163673391	3.174
chr18	2282767	2.2302105494827984	3.3
chr18	2350922	12.188659247482768	3.452
chr18	2362244	0.5318851128156353	3.59
chr18	2380105	1.9949140652402708	3.5995
chr18	2425721	3.796687390251998	3.6905
chr18	2467863	16.335016335016384	3.8505
chr18	2474597	2.176669161562308	3.9605
chr18	2540064	2.0960259348275967	4.103
chr18	2557955	2.5790047221213124	4.1405
chr18	2585485	0.0	4.2115
chr18	2607156	0.5095936544511828	4.2115
chr18	2652290	0.7229465780528687	4.2345
chr18	2691712	12.94864715626724	4.263
chr18	2709822	12.919533773346451	4.4975
chr18	2724064	3.8989055356542064	4.6815
chr18	2774591	3.074298223023433	4.8785
chr18	2836719	1.238390092879258	5.0695
chr18	2862559	1.9786042456152175	5.1015
chr18	2892378	1.8413641568408965	5.1605
chr18	2924691	0.0	5.22
chr18	2927518	2.801914116610012	5.22
chr18	2975164	1.6634894423060524	5.3535
chr18	3057521	0.5289139633286519	5.4905
chr18	3066029	0.9495046560047611	5.495
chr18	3109736	1.4789010122255792	5.5365
chr18	3124950	7.03521451637705	5.559
chr18	3137956	3.6143482807219627	5.6505
chr18	3203943	2.1992588798842982	5.889
chr18	3237136	1.7169972319923508	5.962
chr18	3285185	1.9585055096418773	6.0445
chr18	3331649	9.206106870229004	6.1355
chr18	3364399	6.685552407931979	6.437
chr18	3382049	6.415191172696946	6.555
chr18	3421019	0.0	6.805
chr18	3434071	1.4236820155886019	6.805
chr18	3468840	2.92287706823467	6.8545
chr18	3498092	0.7769806531817346	6.94
chr18	3613925	7.699398145637906	7.03
chr18	3650811	1.7948233515964391	7.314
chr18	3693155	10.233008366175799	7.39
chr18	3707618	2.9328327965360557	7.538
chr18	3848267	4.404739748123316	7.9505
chr18	3864386	16.01911673599442	8.0215
chr18	3875685	2.7491729183169133	8.2025
chr18	3918607	9.087327417862925	8.3205
chr18	3976985	1.0839656466271907	8.851
chr18	3988978	10.352228254008313	8.864
chr18	4020662	19.483861480773513	9.192
chr18	4034263	1.8202584053108612	9.457
chr18	4146335	0.5613681110369776	9.661
chr18	4207792	2.8566327441528325	9.6955
chr18	4224595	5.401755570560477	9.7435
chr18	4246810	1.2148700089090207	9.8635
chr18	4271504	12.965166372625477	9.8935
chr18	4295877	3.1337453358208935	10.2095
chr18	4330181	2.5055976116857126	10.317
chr18	4348939	4.431197218082444	10.364
chr18	4399264	1.7610337875585946	10.587
chr18	4440433	0.0	10.6595
chr18	4467974	1.9482007792803009	10.6595
chr18	4502878	1.4556448226633087	10.7275
chr18	4538601	0.13979659595287316	10.7795
chr18	4567214	0.0	10.7835
chr18	4570817	2.4498052142642956	10.7835
chr18	4637557	5.6459960478028135	10.947
chr18	4658811	0.0	11.067
chr18	4689021	10.583077155671978	11.067
chr18	4708864	0.7555815540606413	11.277
chr18	4770406	0.0	11.3235
chr18	4788645	0.857976957190312	11.3235
chr18	4833518	1.0380040397995123	11.362
chr18	4886986	0.2650488867946855	11.4175
chr18	4903964	0.7263405255287101	11.422
chr18	4927369	0.0	11.439
chr18	4976534	2.156302814849363	11.439
chr18	5028011	0.4269854824935919	11.55
chr18	5058457	0.2129507226496551	11.563
chr18	5239250	0.0	11.6015
chr18	5256049	0.1028833046117328	11.6015
chr18	5294928	4.219409282700457	11.6055
chr18	5309148	3.9902379499695146	11.6655
chr18	5350123	13.694581280788157	11.829
chr18	5390723	6.160071942446064	12.385
chr18	5412963	0.6667697421823573	12.522
chr18	5464705	3.03920101743098	12.5565
chr18	5518173	0.0	12.719
chr18	5523609	0.43911501435567984	12.719
chr18	5553214	2.425452989014174	12.732
chr18	5581250	3.73122677740652	12.8
chr18	5613277	4.216357349516632	12.9195
chr18	5641619	2.9786131873011423	13.039
chr18	5668645	0.0	13.1195
chr18	5676654	3.118786260997456	13.1195
chr18	5713367	13.276040894947412	13.234
chr18	5747112	0.0	13.682
chr18	5777282	0.42745955788467577	13.682
chr18	5867349	0.9047540713933167	13.7205
chr18	5928139	1.1828452307524178	13.7755
chr18	6056220	0.0	13.927
chr18	6131828	4.94945240101094	13.927
chr18	6155568	7.217626202937824	14.0445
chr18	6167414	0.06797281087564758	14.13
chr18	6292464	2.3356645234036204	14.1385
chr18	6366961	0.9215418348215678	14.3125
chr18	6398430	0.0	14.3415
chr18	6400610	6.51689941307426	14.3415
chr18	6425315	1.0042814102225344	14.5025
chr18	6463153	3.4865362687483317	14.5405
chr18	6485955	7.049986822454571	14.62
chr18	6508721	11.923879877950883	14.7805
chr18	6533629	4.682253642608485	15.0775
chr18	6566092	6.704854226334731	15.2295
chr18	6634177	0.44267129995960663	15.686
chr18	6814898	0.302663438256649	15.766
chr18	6842982	0.6262740378711832	15.7745
chr18	6883699	0.6542615715584456	15.8
chr18	6928788	3.872557648301398	15.8295
chr18	6951512	1.4673514306676405	15.9175
chr18	6991039	3.684106418751833	15.9755
chr18	7071927	3.137860082304524	16.2735
chr18	7101087	4.024036913832108	16.365
chr18	7110406	2.3605278050814658	16.4025
chr18	7177552	0.9053777379960386	16.561
chr18	7274749	0.3321999452846349	16.649
chr18	7300336	23.300351101181104	16.6575
chr18	7306602	2.7770431102883886	16.8035
chr18	7314164	1.1783281879669292	16.8245
chr18	7356597	0.0	16.8745
chr18	7391548	5.7572733553388575	16.8745
chr18	7404575	3.0277516919788865	16.9495
chr18	7497218	3.6624007242500234	17.23
chr18	7570121	1.407919182535981	17.497
chr18	7673465	3.347722667606401	17.6425
chr18	7775624	0.0	17.9845
chr18	7777684	9.616389672833568	17.9845
chr18	7787251	0.9155286902424321	18.0765
chr18	7832580	2.160844841592245	18.118
chr18	7863355	1.444715551560302	18.1845
chr18	7941225	2.2854863944534913	18.297
chr18	7973822	1.8128854318385654	18.3715
chr18	8006091	0.6491925667450392	18.43
chr18	8018414	0.3701327542812162	18.438
chr18	8119729	0.0	18.4755
chr18	8124231	2.563914731521511	18.4755
chr18	8165184	0.0	18.5805
chr18	8190335	0.09552631176730775	18.5805
chr18	8321189	3.772489843296547	18.593
chr18	8348757	1.5606467320057282	18.697
chr18	8396814	1.3754474347077672	18.772
chr18	8426986	0.10774120562403122	18.8135
chr18	8464112	29.874755831322506	18.8175
chr18	8481518	1.5561279244473016	19.3375
chr18	8500154	5.453350854139419	19.3665
chr18	8515374	5.826693227091618	19.4495
chr18	8575614	0.0	19.8005
chr18	8587607	0.0	19.8005
chr18	8602668	49.64572960551508	19.8005
chr18	8613112	0.0	20.319
chr18	8625274	21.97631888909563	20.319
chr18	8641405	0.037991034115950076	20.6735
chr18	8759854	11.431912577120048	20.678
chr18	8784653	0.0	20.9615
chr18	8828659	0.0	20.9615
chr18	8875707	0.0	20.9615
chr18	8938736	0.0	20.9615
chr18	9010256	0.0	20.9615
chr18	9018883	0.0	20.9615
chr18	9041612	0.08506294658047277	20.9615
chr18	9094514	0.0	20.966
chr18	9106216	0.0	20.966
chr18	9130782	0.37524314224012106	20.966
chr18	9196073	5.046979865771781	20.9905
chr18	9233323	0.0	21.1785
chr18	9263112	0.0	21.1785
chr18	9294608	0.5686433793663629	21.1785
chr18	9337693	0.6817256817256835	21.203
chr18	9386833	3.0596669119851585	21.2365
chr18	9460207	21.619087309856546	21.461
chr18	9469805	15.255431793179305	21.6685
chr18	9527981	4.670497223381325	22.556
chr18	9559134	32.48141569633579	22.7015
chr18	9589536	0.0	23.689
chr18	9618722	0.017806338265030214	23.689
chr18	9871441	0.0	23.6935
chr18	9887742	0.0	23.6935
chr18	9935902	4.299787731998075	23.6935
chr18	9954275	2.7283591512773384	23.7725
chr18	9998624	0.0	23.8935
chr18	10028923	0.0	23.8935
chr18	10036305	0.0	23.8935
chr18	10083199	0.1319130692873837	23.8935
chr18	10113522	1.9869491102159567	23.8975
chr18	10205623	0.22900866191585226	24.0805
chr18	10279856	12.785995356492716	24.0975
chr18	10371597	0.0	25.2705
chr18	10481931	0.9539972903971943	25.2705
chr18	10960968	0.0	25.7275
chr18	10966526	0.5519136761956195	25.7275
chr18	11010917	0.24669538642807234	25.752
chr18	11146712	0.0	25.7855
chr18	11247265	0.0	25.7855
chr18	11312591	0.0	25.7855
chr18	11384835	0.4158840890796966	25.7855
chr18	11533915	0.11620435561269098	25.8475
chr18	11607062	0.6201749321015357	25.856
chr18	11653823	0.2612288839984971	25.885
chr18	11716986	0.3556187766714217	25.9015
chr18	11763384	0.0	25.918
chr18	11778405	0.37532414357855937	25.918
chr18	11910291	2.731948481221847	25.9675
chr18	12050667	0.3516619543965077	26.351
chr18	12121758	0.6653982234668991	26.376
chr18	12308864	0.0	26.5005
chr18	12337145	0.0	26.5005
chr18	12359001	0.06739452756438429	26.5005
chr18	12418353	0.09012076182084335	26.5045
chr18	12468286	0.07572411181927466	26.509
chr18	12626756	0.0	26.521
chr18	12706008	0.0	26.521
chr18	12817911	0.14522218995061983	26.521
chr18	12934973	0.6817130475007811	26.538
chr18	13099265	3.9010871882327827	26.65
chr18	13122720	0.5978298327574803	26.7415
chr18	13456427	0.3961666163598097	26.941
chr18	13509435	0.18945673281870581	26.962
chr18	13530548	0.9015692456698771	26.966
chr18	13627601	0.0	27.0535
chr18	13703706	6.8786580582876224	27.0535
chr18	13736852	0.09398778910643395	27.2815
chr18	14002844	1.8497058299161706	27.3065
chr18	14025280	0.0	27.348
chr18	14036121	0.0	27.348
chr18	14043402	0.6732127023743707	27.348
chr18	14073853	4.7989592027099786	27.3685
chr18	14114591	0.32829940906117333	27.564
chr18	14126775	0.0	27.568
chr18	14271222	0.03677788913303282	27.568
chr18	14379983	0.1023986892968112	27.572
chr18	14419046	0.6574737229668659	27.576
chr18	14533119	2.652607845087704	27.651
chr18	14653755	3.5823160927672086	27.971
chr18	14731498	0.3777270047169518	28.2495
chr18	14785770	2.24510335217155	28.27
chr18	14798687	0.24765456558480003	28.299
chr18	14833009	0.5497163463652444	28.3075
chr18	14855748	1.4303671275627954	28.32
chr18	14878819	0.6072172102706052	28.353
chr18	14953751	0.6594298468093819	28.3985
chr18	15022750	1.140456182472997	28.444
chr18	15056070	2.6908861861667286	28.482
chr18	15164027	3.798205041810849	28.7725
chr18	15196674	4.481357552581326	28.8965
chr18	15230146	2.635413583479394	29.0465
chr18	15317988	0.8554759012438742	29.278
chr18	15376435	6.953292802795841	29.328
chr18	15403904	1.168224299065431	29.519
chr18	15439000	3.689444979146679	29.56
chr18	15454585	0.0	29.6175
chr18	15490406	3.01570869154252	29.6175
chr18	15512623	3.5480271252396	29.6845
chr18	15547572	1.784581644610245	29.8085
chr18	15733610	0.12955232474449893	30.1405
chr18	15768345	0.8222454776499041	30.145
chr18	15808479	0.7722730570311829	30.178
chr18	15893941	0.08404773911584586	30.244
chr18	15941533	0.8293402137855087	30.248
chr18	15946959	1.7391021681890473	30.2525
chr18	15977722	0.0	30.306
chr18	16037862	10.805322341102674	30.306
chr18	16070855	0.07552400330526761	30.6625
chr18	16183402	0.0	30.671
chr18	16226679	0.04832733716372411	30.671
chr18	16319794	0.6177224572999219	30.6755
chr18	16352171	0.7659944208167578	30.6955
chr18	16395905	1.259253606044465	30.729
chr18	16422111	0.0	30.762
chr18	16442424	0.668035324404419	30.762
chr18	16473111	1.5539404786378834	30.7825
chr18	16555804	0.9949870879538223	30.911
chr18	16621634	0.0	30.9765
chr18	16639301	0.663563434683571	30.9765
chr18	16689786	0.34722952924087364	31.01
chr18	16737305	0.28113895011476864	31.0265
chr18	16781767	0.8823172746013829	31.039
chr18	17020910	0.12489530834449808	31.25
chr18	17088967	1.3835459269756638	31.2585
chr18	17103784	0.31961646024773854	31.279
chr18	17153844	1.9637998343782899	31.295
chr18	17196109	0.0	31.378
chr18	17214800	0.39487131840571893	31.378
chr18	17236326	0.0	31.3865
chr18	17275732	0.0	31.3865
chr18	17279591	0.2601372223847794	31.3865
chr18	17310344	0.6038113752172303	31.3945
chr18	17378246	1.1245545815437346	31.4355
chr18	17452053	2.0560529615911554	31.5185
chr18	17486342	0.0	31.589
chr18	17489964	0.0	31.589
chr18	17506375	0.0	31.589
chr18	17552506	0.0	31.589
chr18	17598772	0.0	31.589
chr18	17646389	0.0	31.589
chr18	17672603	0.0	31.589
chr18	17706614	0.3178706902032374	31.589
chr18	17848181	2.673255295880714	31.634
chr18	17872870	1.1487122935189817	31.7
chr18	17916397	1.2356247577206252	31.75
chr18	18040221	0.3949759064697203	31.903
chr18	18154152	0.3327115995362328	31.948
chr18	18253337	0.14750158347287673	31.981
chr18	18368590	2.1165551421772624	31.998
chr18	18444657	1.984556541820094	32.159
chr18	18486228	0.0	32.2415
chr18	18547361	1.9821737395237582	32.2415
chr18	18584946	0.04073693108327426	32.316
chr18	18683137	0.040959266009930405	32.32
chr18	18780795	0.0	32.324
chr18	18799473	0.6657871700346708	32.324
chr18	18880580	2.555720319942473	32.378
chr18	18969596	0.6101636710389894	32.6055
chr18	19132667	0.12357120790859859	32.705
chr18	19197407	0.0	32.713
chr18	19224368	0.09314672938541284	32.713
chr18	19267311	0.6582238487664511	32.717
chr18	19305292	0.7350811930590794	32.742
chr18	19395078	0.0	32.808
chr18	19476023	0.39733185638260954	32.808
chr18	19517550	1.0577384142386095	32.8245
chr18	19553003	0.16386973359460763	32.862
chr18	19702512	0.5679744996661213	32.8865
chr18	19847765	0.0	32.969
chr18	19864695	0.6567425569177132	32.969
chr18	19889819	2.576196935943557	32.9855
chr18	19970170	0.6503463950272383	33.1925
chr18	20116246	2.6302646911936285	33.2875
chr18	20146281	0.22346368715071413	33.3665
chr18	20164181	0.0	33.3705
chr18	20168004	1.4307302808470534	33.3705
chr18	20422769	0.5809731299924158	33.735
chr18	20429654	0.686530275985327	33.739
chr18	20466069	0.0	33.764
chr18	20484601	0.07812652590866585	33.764
chr18	20535800	0.301990722844977	33.768
chr18	20618584	3.4402858355737562	33.793
chr18	20675120	1.8641010222490895	33.9875
chr18	20708380	0.23869455776409199	34.0495
chr18	20777506	0.1486255112717081	34.066
chr18	20861610	13.455893712343725	34.0785
chr18	20893975	2.0690351231326614	34.514
chr18	20903883	1.1761770681113894	34.5345
chr18	20931940	1.9854854169519316	34.5675
chr18	20961152	3.011008400138017	34.6255
chr18	21039365	0.33990482664895383	34.861
chr18	21051133	0.08292790800531052	34.865
chr18	21105397	2.850939491091998	34.8695
chr18	21154679	0.0	35.01
chr18	21188642	1.1384489906886304	35.01
chr18	21218068	0.15132599402253938	35.0435
chr18	21244501	0.0	35.0475
chr18	21271757	7.48180313017399	35.0475
chr18	21303768	3.3414402030242414	35.287
chr18	21351053	0.5158790074991388	35.445
chr18	21470267	1.8304614025121453	35.5065
chr18	21501953	0.6045072057256861	35.5645
chr18	21522631	0.1874502085385861	35.577
chr18	21543970	1.1726199680428067	35.581
chr18	21582772	9.24302788844619	35.6265
chr18	21607872	1.2013243868850645	35.8585
chr18	21676130	2.047100815341086	35.9405
chr18	21704707	2.9166531134458613	35.999
chr18	21796936	0.09687934532355369	36.268
chr18	21884674	0.0	36.2765
chr18	21893929	0.0	36.2765
chr18	21908254	0.0	36.2765
chr18	21924921	0.38444123602130403	36.2765
chr18	22041974	9.074360105913522	36.3215
chr18	22114486	0.5487744038314639	36.9795
chr18	22174620	0.2911849095195933	37.0125
chr18	22245022	0.1275031875796588	37.033
chr18	22311687	0.37671232876713756	37.0415
chr18	22355487	0.6723337581702868	37.058
chr18	22441010	0.5354162073636425	37.1155
chr18	22472761	0.3481095950890805	37.1325
chr18	22590540	0.32881757201112305	37.1735
chr18	22628555	0.7043209667017277	37.186
chr18	22687477	0.3462028471722939	37.2275
chr18	22723583	0.2497970399049387	37.24
chr18	22739596	0.3282464727901075	37.244
chr18	22826421	0.6156652605176383	37.2725
chr18	22914131	0.22877431871000084	37.3265
chr18	22968770	0.0	37.339
chr18	23028297	0.4063238770685733	37.339
chr18	23068905	0.2010544187293437	37.3555
chr18	23091287	0.3375242595561184	37.36
chr18	23138691	0.20436895408511604	37.376
chr18	23160710	1.1276750677616356	37.3805
chr18	23259586	0.0	37.492
chr18	23280743	1.0710307600035185	37.492
chr18	23327427	0.40873883632045166	37.542
chr18	23376358	0.5432880900201819	37.562
chr18	23430657	0.0	37.5915
chr18	23493144	0.4563431700636351	37.5915
chr18	23519440	0.0	37.6035
chr18	23538748	0.0	37.6035
chr18	23582102	0.1295714424542415	37.6035
chr18	23612973	0.15087507543754344	37.6075
chr18	23642799	0.3488519599137516	37.612
chr18	23690097	1.6712092152046492	37.6285
chr18	23779254	0.0	37.7775
chr18	23809560	0.0	37.7775
chr18	23838485	0.33866734400116694	37.7775
chr18	23850296	0.0	37.7815
chr18	23886194	0.7547397657285193	37.7815
chr18	23902756	0.0	37.794
chr18	23920930	0.0	37.794
chr18	23933284	0.0	37.794
chr18	23980983	0.0	37.794
chr18	24002130	0.0	37.794
chr18	24031741	0.25090096254733857	37.794
chr18	24097504	0.0	37.8105
chr18	24134624	0.0	37.8105
chr18	24151663	0.0	37.8105
chr18	24173138	0.0	37.8105
chr18	24201685	0.9078333045132628	37.8105
chr18	24224817	0.1598609209987135	37.8315
chr18	24324904	0.0	37.8475
chr18	24350044	4.240148145584267	37.8475
chr18	24407825	0.0	38.0925
chr18	24456149	1.0487495678229928	38.0925
chr18	24629689	0.23076923076914016	38.2745
chr18	24701189	0.0	38.291
chr18	24719794	1.5209896572703883	38.291
chr18	24774035	3.2890729686928784	38.3735
chr18	24823289	7.548383903380855	38.5355
chr18	24843492	0.0	38.688
chr18	24887185	0.22505527092677638	38.688
chr18	24962722	1.4632405424698045	38.705
chr18	24990742	0.3614254152020054	38.746
chr18	25162285	1.5156266332183503	38.808
chr18	25200553	1.0413567390657936	38.866
chr18	25220719	4.79086051225351	38.887
chr18	25329259	2.6304543244080634	39.407
chr18	25397118	1.0488043630260244	39.5855
chr18	25440024	1.428156837587291	39.6305
chr18	25570962	0.0	39.8175
chr18	25592368	0.0	39.8175
chr18	25615123	7.047660834749926	39.8175
chr18	25633356	3.534363428121729	39.946
chr18	25775673	1.5521995580796708	40.449
chr18	25885195	1.6926825122525024	40.619
chr18	25955793	3.3196631562182795	40.7385
chr18	26156717	0.5757087277443057	41.4055
chr18	26321731	0.38694698826253937	41.5005
chr18	26407014	10.677723553370415	41.5335
chr18	26434267	0.0	41.8245
chr18	26640610	0.9481401215651243	41.8245
chr18	26758736	0.8356732183445718	41.9365
chr18	26803610	0.4290394716314063	41.974
chr18	26918984	0.8995577174556184	42.0235
chr18	27039043	0.17941286646555465	42.1315
chr18	27292648	0.05151157865818256	42.177
chr18	27380007	0.1402032947774741	42.1815
chr18	27437067	0.0	42.1895
chr18	27462019	0.0	42.1895
chr18	27579446	3.5652859395155163	42.1895
chr18	27607354	0.0	42.289
chr18	27632406	0.1231808823270675	42.289
chr18	27802887	0.7005660855605869	42.31
chr18	27944915	0.03700619853823465	42.4095
chr18	28053005	0.5574396301636202	42.4135
chr18	28224324	0.2336006060988638	42.509
chr18	28382714	4.0886156701271625	42.546
chr18	28399957	1.1836379460400384	42.6165
chr18	28572307	0.0	42.8205
chr18	28590940	3.6960308865764975	42.8205
chr18	28612179	0.3183401370735299	42.899
chr18	28692282	0.0	42.9245
chr18	28715294	0.0	42.9245
chr18	28748097	0.2146637227070076	42.9245
chr18	28862229	0.0	42.949
chr18	28930670	1.220949814752588	42.949
chr18	28954422	0.2741791760914239	42.978
chr18	28969011	1.504227397686782	42.982
chr18	28988290	1.2180621211680198	43.011
chr18	29022771	0.0	43.053
chr18	29106998	0.2635914332787406	43.053
chr18	29122173	0.0	43.057
chr18	29152879	1.0197248264944763	43.057
chr18	29185731	0.17872880676952901	43.0905
chr18	29347988	0.09985780248924962	43.1195
chr18	29598344	0.0	43.1445
chr18	29626448	0.0	43.1445
chr18	29671567	2.828440456451762	43.1445
chr18	29692073	0.0	43.2025
chr18	29738684	0.0	43.2025
chr18	29838622	0.0	43.2025
chr18	29866706	0.0	43.2025
chr18	29899436	0.0	43.2025
chr18	29977560	0.0	43.2025
chr18	30074920	0.0	43.2025
chr18	30120120	0.021787758184935314	43.2025
chr18	30326658	0.0	43.207
chr18	30336456	0.7801455573590288	43.207
chr18	30431951	0.1995902388349663	43.2815
chr18	30639877	0.4195581213865318	43.323
chr18	30759050	4.4104105074395905	43.373
chr18	30779683	0.04395264366362107	43.464
chr18	31064080	0.15647003598802156	43.4765
chr18	31089644	0.8491367110105048	43.4805
chr18	31114375	0.1473703601363668	43.5015
chr18	31168660	0.6949077162552812	43.5095
chr18	31258600	3.573299408815167	43.572
chr18	31285326	0.0	43.6675
chr18	31336186	0.5091108037872318	43.6675
chr18	31401987	1.0918957074161089	43.701
chr18	31447321	0.0	43.7505
chr18	31466303	0.48369989626675997	43.7505
chr18	31552100	0.12158350355019683	43.792
chr18	31654910	0.9499610859314014	43.8045
chr18	31698596	1.6328788635877556	43.846
chr18	31754632	0.0	43.9375
chr18	31767975	4.427800937374935	43.9375
chr18	31810434	2.3893215705194293	44.1255
chr18	31853961	4.2369041145549575	44.2295
chr18	31898097	0.09535194169111742	44.4165
chr18	32113090	0.09978269546321723	44.437
chr18	32158188	0.05232218152722329	44.4415
chr18	32320643	0.18626203888786486	44.45
chr18	32430703	0.0	44.4705
chr18	32452202	0.9469088103435118	44.4705
chr18	32623285	0.7414803903153057	44.6325
chr18	32724434	0.0	44.7075
chr18	32753058	0.12323126884710557	44.7075
chr18	32822034	0.19826845548873925	44.716
chr18	32927951	0.0	44.737
chr18	32938625	0.0	44.737
chr18	32957869	0.9003507453337943	44.737
chr18	33021733	0.10760144425050024	44.7945
chr18	33063554	0.0	44.799
chr18	33110416	0.0	44.799
chr18	33160662	0.6324019776934815	44.799
chr18	33186753	0.0	44.8155
chr18	33188214	0.0	44.8155
chr18	33211320	0.0	44.8155
chr18	33259881	0.0	44.8155
chr18	33262737	0.8917742740959437	44.8155
chr18	33276754	0.8991794987069311	44.828
chr18	33285651	0.1532940179263459	44.836
chr18	33341100	0.10234798314274604	44.8445
chr18	33424150	3.1637090624291737	44.853
chr18	33472669	0.0	45.0065
chr18	33516159	0.0	45.0065
chr18	33536485	0.5193781789525819	45.0065
chr18	33592321	8.839779005527813	45.0355
chr18	33593226	0.12925091911765194	45.0435
chr18	33628042	24.29428942245253	45.048
chr18	33640370	0.0	45.3475
chr18	33698832	1.0182055146012987	45.3475
chr18	33723385	6.9912434325744135	45.3725
chr18	33866135	0.3899480069324238	46.3705
chr18	33877675	24.681015594792857	46.375
chr18	33885434	0.8677853551788747	46.5665
chr18	33991451	2.1480232747838555	46.6585
chr18	34028229	0.0	46.7375
chr18	34096867	0.801710315339421	46.7375
chr18	34164223	0.0	46.7915
chr18	34177184	0.5913660555880815	46.7915
chr18	34183948	2.6931825361724284	46.7955
chr18	34247256	0.2574625118978986	46.966
chr18	34311343	8.484354849657231	46.9825
chr18	34326076	4.797896812356254	47.1075
chr18	34356506	0.46106127923549406	47.2535
chr18	34392293	1.2009978947758926	47.27
chr18	34500120	0.0	47.3995
chr18	34530460	1.3942315768254927	47.3995
chr18	34589991	5.051167672526776	47.4825
chr18	34620479	14.311873554356406	47.6365
chr18	34641231	0.025831338579966192	47.9335
chr18	34815438	0.0	47.938
chr18	34821461	0.16201277041833514	47.938
chr18	34873926	0.25449715087333996	47.9465
chr18	34954477	0.0	47.967
chr18	35025369	0.2629330178135662	47.967
chr18	35040582	0.5904666475808984	47.971
chr18	35068526	0.0	47.9875
chr18	35117454	0.5502222608343659	47.9875
chr18	35186517	0.0	48.0255
chr18	35242055	0.0	48.0255
chr18	35298480	0.0	48.0255
chr18	35353892	0.0	48.0255
chr18	35436180	0.09081196581194394	48.0255
chr18	35529780	0.0	48.034
chr18	35567563	0.0	48.034
chr18	35639228	0.0	48.034
chr18	35679810	0.0	48.034
chr18	35689441	0.0	48.034
chr18	35787815	0.7401094464878724	48.034
chr18	35832403	0.15620728706985523	48.067
chr18	35858010	0.0	48.071
chr18	35896904	0.0	48.071
chr18	35910720	0.0	48.071
chr18	35922902	0.0576760400912585	48.071
chr18	36000924	0.0	48.0755
chr18	36020049	0.141894288754925	48.0755
chr18	36076429	0.0	48.0835
chr18	36102434	0.0	48.0835
chr18	36127500	0.2232494615747742	48.0835
chr18	36165574	0.03907623773980875	48.092
chr18	36267938	0.0	48.096
chr18	36278842	0.7977750128083794	48.096
chr18	36347157	0.0	48.1505
chr18	36347399	0.1247816321436793	48.1505
chr18	36379455	0.28662164795985157	48.1545
chr18	36553901	0.23833641184518758	48.2045
chr18	36570684	0.0	48.2085
chr18	36589778	6.459812888178346	48.2085
chr18	36627937	4.549336003062299	48.455
chr18	36661898	0.0	48.6095
chr18	36693540	0.4824019759186031	48.6095
chr18	36745364	0.0	48.6345
chr18	36749904	1.0194347281195137	48.6345
chr18	36803365	0.0	48.689
chr18	36850290	2.1061552862600146	48.689
chr18	36929344	2.5126469898490016	48.8555
chr18	36959193	1.0131757882507375	48.9305
chr18	37070230	3.0808829264488193	49.043
chr18	37095872	0.24045686804916042	49.122
chr18	37112507	0.8663169607376321	49.126
chr18	37175417	1.1053935582236083	49.1805
chr18	37201652	0.0	49.2095
chr18	37233436	0.4462851226392532	49.2095
chr18	37261445	0.6483293513104903	49.222
chr18	37344736	1.2406839105654845	49.276
chr18	37458786	0.0	49.4175
chr18	37474325	0.5506607929518696	49.4175
chr18	37489761	0.5774472213239382	49.426
chr18	37533055	17.614461010687467	49.451
chr18	37555792	2.8065798705854057	49.8515
chr18	37594273	0.0	49.9595
chr18	37609288	0.0	49.9595
chr18	37747327	0.0	49.9595
chr18	37767780	0.0	49.9595
chr18	37793156	0.0	49.9595
chr18	37827170	0.08627602237088039	49.9595
chr18	38024212	1.5426634970410593	49.9765
chr18	38083525	0.0	50.068
chr18	38145281	0.0	50.068
chr18	38197564	3.327525035164773	50.068
chr18	38245197	0.0	50.2265
chr18	38495013	0.0	50.2265
chr18	38506660	0.0	50.2265
chr18	38668504	0.16621649698723387	50.2265
chr18	38692569	0.05305145327826596	50.2305
chr18	38843366	0.0	50.2385
chr18	38872241	0.0	50.2385
chr18	38965589	0.0	50.2385
chr18	38986024	0.5964478218608613	50.2385
chr18	39076560	2.0494416410107714	50.2925
chr18	39131453	0.5438582860694792	50.405
chr18	39170066	0.2473469099303989	50.426
chr18	39254967	1.8599451163735412	50.447
chr18	39304162	0.0	50.5385
chr18	39314004	0.0	50.5385
chr18	39328872	0.37017294479989465	50.5385
chr18	39362640	1.9543135327435472	50.551
chr18	39405366	0.7548797584385059	50.6345
chr18	39433185	0.0	50.6555
chr18	39452252	0.0	50.6555
chr18	39488728	1.722158438576229	50.6555
chr18	39527052	0.0	50.7215
chr18	39558182	0.20956249798494575	50.7215
chr18	39620216	1.006696721670383	50.7345
chr18	39665910	0.07714263673528085	50.7805
chr18	39717762	0.0	50.7845
chr18	39740226	0.6858122588937476	50.7845
chr18	39751891	0.2684194676129721	50.7925
chr18	39828264	0.0872679545089309	50.813
chr18	39971501	0.9879253567508608	50.8255
chr18	39976056	0.0	50.83
chr18	40001356	1.8298150796152597	50.83
chr18	40042617	0.17331022530319684	50.9055
chr18	40065697	0.0	50.9095
chr18	40080402	0.17231723603143856	50.9095
chr18	40103615	0.2489023406775976	50.9135
chr18	40204056	0.2625998957439227	50.9385
chr18	40459197	0.2275442289095703	51.0055
chr18	40494355	0.1454386794167103	51.0135
chr18	40521858	0.0	51.0175
chr18	40549983	0.6847791733486547	51.0175
chr18	40635412	1.1052410530736125	51.076
chr18	40680651	0.0	51.126
chr18	40687252	9.44960212201588	51.126
chr18	40705348	0.05306541196448356	51.297
chr18	40790149	2.260094068780535	51.3015
chr18	40806520	0.45825733899125787	51.3385
chr18	40915629	0.4076884607858214	51.3885
chr18	41007611	0.5150610969024645	51.426
chr18	41063915	0.0	51.455
chr18	41089500	0.1261909268725121	51.455
chr18	41121198	2.97229493891783	51.459
chr18	41139534	2.3579780066936014	51.5135
chr18	41185548	1.4019287140490782	51.622
chr18	41209087	0.6903435082757914	51.655
chr18	41269202	0.25526121731239265	51.6965
chr18	41286831	0.9068752479736008	51.701
chr18	41304474	2.2239187439838073	51.717
chr18	41334601	4.2484493159997205	51.784
chr18	41358139	0.1004621257785258	51.884
chr18	41397955	3.4062559969298145	51.888
chr18	41418799	21.62894860914605	51.959
chr18	41427283	0.33901009053583775	52.1425
chr18	41452356	0.0	52.151
chr18	41463888	0.38530696121228125	52.151
chr18	41506711	3.7954093620099036	52.1675
chr18	41523310	1.229881888928939	52.2305
chr18	41570469	0.0	52.2885
chr18	41575079	0.13738150844888664	52.2885
chr18	41604195	0.0	52.2925
chr18	41615200	3.35173142430378	52.2925
chr18	41670097	6.0547560547559724	52.4765
chr18	41692889	1.293001628684734	52.6145
chr18	41773322	3.4792085848423207	52.7185
chr18	41785250	0.05574524423391943	52.76
chr18	41857005	0.612354871895152	52.764
chr18	41877418	0.0	52.7765
chr18	41907508	1.1555884256263727	52.7765
chr18	41939959	1.4426811674617828	52.814
chr18	41948970	0.0	52.827
chr18	41952890	2.092765012386034	52.827
chr18	41964597	0.9838940816631955	52.8515
chr18	42011350	4.509960570058943	52.8975
chr18	42050153	0.0	53.0725
chr18	42102044	2.732495679387277	53.0725
chr18	42123453	27.487417731319375	53.131
chr18	42126036	0.536408743463174	53.202
chr18	42133493	0.0	53.206
chr18	42180105	1.476529093529259	53.206
chr18	42222434	0.9841906589093363	53.2685
chr18	42302703	1.2653742977173725	53.3475
chr18	42342217	0.0	53.3975
chr18	42360323	0.40209087253732767	53.3975
chr18	42380219	1.1514236476490844	53.4055
chr18	42445790	8.459309156418657	53.481
chr18	42458557	1.6130062603807187	53.589
chr18	42489865	3.882039320226659	53.6395
chr18	42519875	0.749269005847895	53.756
chr18	42547235	0.0	53.7765
chr18	42614564	0.0	53.7765
chr18	42618832	0.05978179644305617	53.7765
chr18	42685742	0.7262681211014742	53.7805
chr18	42720853	0.8602262655753415	53.806
chr18	42740034	1.5141242937853145	53.8225
chr18	42784284	4.874378434964698	53.8895
chr18	42799568	1.2089960962535455	53.964
chr18	42833894	0.16824945786286435	54.0055
chr18	42860640	0.4566309334841113	54.01
chr18	42906629	9.480901077375297	54.031
chr18	42932154	1.6268000241005887	54.273
chr18	42965348	1.5309470000729604	54.327
chr18	42992782	2.041359723085088	54.369
chr18	43082918	0.0	54.553
chr18	43120671	0.0	54.553
chr18	43143180	0.08998875140618422	54.553
chr18	43187630	1.157762588924514	54.557
chr18	43223475	4.573011393331169	54.5985
chr18	43242609	4.151365160466199	54.686
chr18	43267661	1.0653409090909494	54.79
chr18	43302861	1.4170297364746218	54.8275
chr18	43326502	1.5388202378177314	54.861
chr18	43347947	3.849542268357292	54.894
chr18	43374054	3.220027116017712	54.9945
chr18	43394706	4.643162006259793	55.061
chr18	43433365	2.895417519206379	55.2405
chr18	43459268	6.150194216659502	55.3155
chr18	43528778	0.4262024073978567	55.743
chr18	43567492	0.9909647333136641	55.7595
chr18	43584647	0.6093381064820377	55.7765
chr18	43597776	1.7335605570898953	55.7845
chr18	43614793	2.1274414312810377	55.814
chr18	43634300	1.3744570894497194	55.8555
chr18	43688867	0.6415849715134084	55.9305
chr18	43708350	0.0	55.943
chr18	43749995	1.9369894982496711	55.943
chr18	43771420	4.2721058755090064	55.9845
chr18	43798924	3.772517212109834	56.102
chr18	43851939	1.9272495213783822	56.302
chr18	43891114	0.09484066767841637	56.3775
chr18	43933290	0.6671404330611503	56.3815
chr18	44002241	1.6879346431705204	56.4275
chr18	44017052	1.1591246290800528	56.4525
chr18	44038620	0.477500625298456	56.4775
chr18	44082599	2.318740725037062	56.4985
chr18	44120335	4.355400696865102	56.586
chr18	44123205	3.593756092488837	56.5985
chr18	44200144	1.8423476773260337	56.875
chr18	44222941	5.094910911843401	56.917
chr18	44240115	3.489531405782784	57.0045
chr18	44264187	1.96497223408797	57.0885
chr18	44311007	0.6652740263714246	57.1805
chr18	44386164	4.270937604270942	57.2305
chr18	44446104	3.6114741693609558	57.4865
chr18	44504252	0.0	57.6965
chr18	44514319	0.0	57.6965
chr18	44538663	0.0	57.6965
chr18	44596509	0.821715969624741	57.6965
chr18	44631801	0.0	57.7255
chr18	44640143	0.0	57.7255
chr18	44663148	1.4242288969666086	57.7255
chr18	44710191	1.5244227448137717	57.7925
chr18	44757094	3.755083709673419	57.864
chr18	44797173	0.0	58.0145
chr18	44824395	0.06143127646968951	58.0145
chr18	44962761	4.784688995214977	58.023
chr18	44981153	4.785440831952574	58.111
chr18	45016155	6.11775270808788	58.2785
chr18	45033972	3.4844499918274723	58.3875
chr18	45101271	0.0	58.622
chr18	45132778	0.0	58.622
chr18	45154972	0.0	58.622
chr18	45252760	13.093652907235294	58.622
chr18	45259519	2.8085322498730183	58.7105
chr18	45357969	4.223936138287035	58.987
chr18	45424613	0.0	59.2685
chr18	45439155	0.3395246654682626	59.2685
chr18	45464190	0.32218937154112476	59.277
chr18	45490572	0.0	59.2855
chr18	45566393	7.330246913580333	59.2855
chr18	45591017	0.0	59.466
chr18	45613435	0.16977208098118854	59.466
chr18	45636996	0.34516084495382693	59.47
chr18	45673211	0.09601536245794007	59.4825
chr18	45714871	0.5199435489861298	59.4865
chr18	45755260	0.9404388714733899	59.5075
chr18	45760045	0.09534933613019435	59.512
chr18	45801996	2.6220842423225377	59.516
chr18	45825832	1.9779429393431582	59.5785
chr18	45834174	8.81020305420406	59.595
chr18	45846092	1.6472526179548372	59.7
chr18	45871589	0.7773495664360719	59.742
chr18	45962925	4.095309009679976	59.813
chr18	45966954	4.056550726965985	59.8295
chr18	45991852	8.708833670193561	59.9305
chr18	46008674	2.7097773189794734	60.077
chr18	46062922	2.7571735311342636	60.224
chr18	46103906	0.6807452680804371	60.337
chr18	46171479	0.0	60.383
chr18	46189858	0.38420753354129583	60.383
chr18	46254927	0.0	60.408
chr18	46302095	0.0	60.408
chr18	46341565	0.9149312807048825	60.408
chr18	46391842	0.390835830340042	60.454
chr18	46445573	0.0	60.475
chr18	46471074	9.197108558151433	60.475
chr18	46486568	5.116443189837622	60.6175
chr18	46523410	0.0	60.806
chr18	46586249	5.21550465223015	60.806
chr18	46658150	0.7537799849245339	61.181
chr18	46680703	0.6164076509265027	61.198
chr18	46707471	7.4918566775243285	61.2145
chr18	46713611	2.9401387745499914	61.2605
chr18	46730617	11.555687003549334	61.3105
chr18	46754285	0.6167241066568442	61.584
chr18	46781850	10.881956679449061	61.601
chr18	46791499	0.4334587896984482	61.706
chr18	46838793	0.0	61.7265
chr18	46854709	0.5870134561545256	61.7265
chr18	46876855	4.677349501949073	61.7395
chr18	46888400	1.9499090042463374	61.7935
chr18	46923017	0.7191945021576108	61.861
chr18	46929274	3.078507186685786	61.8655
chr18	46976862	1.0730670026973819	62.012
chr18	47027651	0.0	62.0665
chr18	47081764	10.480887792848003	62.0665
chr18	47085008	0.0	62.1005
chr18	47112664	0.08095527221220175	62.1005
chr18	47162074	1.4584564776027593	62.1045
chr18	47239896	9.6153846153823	62.218
chr18	47240780	6.3473744950952415	62.2265
chr18	47263309	0.0	62.3695
chr18	47268728	2.597173144876298	62.3695
chr18	47325328	3.1482996908528937	62.5165
chr18	47369320	1.1331995078675319	62.655
chr18	47384763	6.982156710628383	62.6725
chr18	47410543	6.648572210564712	62.8525
chr18	47454387	7.1064712911137375	63.144
chr18	47470288	4.012016285228724	63.257
chr18	47495587	0.0	63.3585
chr18	47516663	0.09335324869303205	63.3585
chr18	47607715	0.0	63.367
chr18	47623652	1.9403184798608266	63.367
chr18	47653544	0.0	63.425
chr18	47671441	3.6197275149566503	63.425
chr18	47691332	26.804123711340193	63.497
chr18	47709762	0.0	63.991
chr18	47734450	1.2341325811001387	63.991
chr18	47782662	0.09504799923973216	64.0505
chr18	47824746	6.9017956366611095	64.0545
chr18	47841843	6.1228725612284665	64.1725
chr18	47846661	0.23037292489853442	64.202
chr18	47918284	1.6361099080887258	64.2185
chr18	47939065	1.4240470277290436	64.2525
chr18	47982954	0.17389960196341445	64.315
chr18	48008831	0.0	64.3195
chr18	48024551	0.0	64.3195
chr18	48043432	2.6372622310819236	64.3195
chr18	48067510	0.3749362608357432	64.383
chr18	48100849	0.7740226797970606	64.3955
chr18	48154465	2.58371751355195	64.437
chr18	48174204	9.3194500373928	64.488
chr18	48208970	7.108565653162588	64.812
chr18	48268335	9.360174381331294	65.234
chr18	48291732	5.77852790571268	65.453
chr18	48326689	0.0	65.655
chr18	48348274	0.12931034482757134	65.655
chr18	48707874	3.19512931468274	65.7015
chr18	48727748	0.4030520771079813	65.765
chr18	48799699	0.39239867705590364	65.794
chr18	48853216	1.4090807425632383	65.815
chr18	48897926	9.448515233320654	65.878
chr18	48910891	4.102612468169206	66.0005
chr18	48953303	3.7528393192219216	66.1745
chr18	48983680	0.2985414119587273	66.2885
chr18	49054022	3.5121835066273612	66.3095
chr18	49079220	4.173304314658329	66.398
chr18	49123789	2.589026162790473	66.584
chr18	49167821	1.9278887567173082	66.698
chr18	49192200	4.148021519432652	66.745
chr18	49231978	31.014049507789395	66.91
chr18	49242441	4.701513176089438	67.2345
chr18	49267752	0.3298636563559065	67.3535
chr18	49281394	3.0280030991570714	67.358
chr18	49344637	5.245705588171411	67.5495
chr18	49399825	0.8144785540609882	67.839
chr18	49483314	0.402757705702815	67.907
chr18	49525523	3.4847792049437163	67.924
chr18	49597694	5.029761427265074	68.1755
chr18	49660023	0.0	68.489
chr18	49684688	9.885748200904871	68.489
chr18	49711646	0.20263182988457026	68.7555
chr18	49795542	1.1260415884693766	68.7725
chr18	49822184	10.254044848140841	68.8025
chr18	49850368	0.3700962250184157	69.0915
chr18	49873335	5.232268423675914	69.1
chr18	49891396	0.5230335948497694	69.1945
chr18	49916251	3.2306352818977637	69.2075
chr18	49981718	10.279550957517344	69.419
chr18	50004433	0.6330623704056041	69.6525
chr18	50058930	1.7102219597422363	69.687
chr18	50099568	1.1167173955971474	69.7565
chr18	50246427	2.6776395708931866	69.9205
chr18	50304874	0.0	70.077
chr18	50353219	0.834119097700936	70.077
chr18	50394580	0.0	70.1115
chr18	50412558	0.1468581005200151	70.1115
chr18	50470437	0.2718868950510248	70.12
chr18	50485149	3.8974315287306975	70.124
chr18	50508626	0.1804366567092432	70.2155
chr18	50558505	2.6341984510425664	70.2245
chr18	50599694	0.0	70.333
chr18	50606438	3.3624806854896208	70.333
chr18	50663390	2.6569896855503545	70.5245
chr18	50790978	0.8686367831484794	70.8635
chr18	50846237	0.3139498377925957	70.9115
chr18	50874904	1.996260170819061	70.9205
chr18	50914478	0.3930677148473391	70.9995
chr18	50970448	0.9623742704579568	71.0215
chr18	51002660	5.348775528246833	71.0525
chr18	51036593	0.7272462819534972	71.234
chr18	51091595	5.98845391619039	71.274
chr18	51126412	0.6250370442213691	71.4825
chr18	51312001	2.3114847972737262	71.5985
chr18	51455199	0.9041795700624345	71.9295
chr18	51499438	0.8847427875767956	71.9695
chr18	51570080	0.0	72.032
chr18	51602598	0.0	72.032
chr18	51640937	0.07819966982374274	72.032
chr18	51698482	0.9828904259190494	72.0365
chr18	51739687	0.1991337681089704	72.077
chr18	51759774	0.0	72.081
chr18	51828097	0.0	72.081
chr18	51863287	0.0	72.081
chr18	51888898	0.09817396426452571	72.081
chr18	51934735	0.0	72.0855
chr18	51939085	0.0	72.0855
chr18	51947135	4.320950609134173	72.0855
chr18	51963798	1.3811206807809884	72.1575
chr18	52022084	1.9756338491933578	72.238
chr18	52040306	1.5834715729147986	72.274
chr18	52060199	0.9717123731375881	72.3055
chr18	52078723	0.46815682402416386	72.3235
chr18	52137464	1.0375809541184917	72.351
chr18	52181316	1.8192987430299163	72.3965
chr18	52223640	1.3876896509185734	72.4735
chr18	52239854	1.1610297829384324	72.496
chr18	52259664	6.422018348623701	72.519
chr18	52271654	0.8004735195467511	72.596
chr18	52449049	8.83652430044216	72.738
chr18	52451086	5.434782608695858	72.756
chr18	52465438	0.18829554869305765	72.834
chr18	52491992	0.5736256240117538	72.839
chr18	52524243	2.5945144551519594	72.8575
chr18	52547176	1.0722332310865323	72.917
chr18	52620854	1.5029786303767507	72.996
chr18	52639151	3.601321803826942	73.0235
chr18	52689688	2.2920241080462214	73.2055
chr18	52803343	2.0788056316735175	73.466
chr18	52898590	1.5464168305752433	73.664
chr18	53042471	0.0	73.8865
chr18	53059289	0.0	73.8865
chr18	53079674	0.22331542494665294	73.8865
chr18	53234164	0.26520676656113573	73.921
chr18	53286953	0.0	73.935
chr18	53366997	0.3247807729779443	73.935
chr18	53382392	1.0215200217924658	73.94
chr18	53397076	0.16249864584468332	73.955
chr18	53517077	0.26202559576314316	73.9745
chr18	53553333	0.32289860983660407	73.984
chr18	53582754	1.9838645681788873	73.9935
chr18	53597876	0.0	74.0235
chr18	53604797	0.594106463878631	74.0235
chr18	53621629	1.1077930835177794	74.0335
chr18	53652772	0.0	74.068
chr18	53672798	0.0	74.068
chr18	53697786	0.0	74.068
chr18	53724902	0.2702702702700244	74.068
chr18	53743402	0.6144770800052302	74.073
chr18	53775950	0.0	74.093
chr18	53797263	0.539228902669021	74.093
chr18	53823226	2.3741467909970013	74.107
chr18	53887249	0.9994802702596924	74.259
chr18	53912262	0.0	74.284
chr18	53981049	0.0	74.284
chr18	54049909	0.0	74.284
chr18	54078091	1.047135862190991	74.284
chr18	54111993	0.0	74.3195
chr18	54130164	0.0	74.3195
chr18	54185955	0.0	74.3195
chr18	54261733	0.0	74.3195
chr18	54309304	0.0	74.3195
chr18	54364060	0.0	74.3195
chr18	54426733	0.0	74.3195
chr18	54451929	0.0	74.3195
chr18	54465764	0.0	74.3195
chr18	54512026	0.0	74.3195
chr18	54523394	0.0	74.3195
chr18	54549627	0.0	74.3195
chr18	54625957	0.2834507291769444	74.3195
chr18	54696516	0.3165157941378396	74.3395
chr18	54712313	0.27993281612433024	74.3445
chr18	54749822	0.16867388590883017	74.355
chr18	54809108	0.19577900465964046	74.365
chr18	54860186	1.6977618752051793	74.375
chr18	54887575	0.940419851959893	74.4215
chr18	54904057	0.3964487129376177	74.437
chr18	54993602	0.3912011800167194	74.4725
chr18	55071567	0.0	74.503
chr18	55206676	2.036927524804909	74.503
chr18	55221895	6.690113923082152	74.534
chr18	55234974	0.5395683453241266	74.6215
chr18	55254434	0.0	74.632
chr18	55272841	0.4437760410246464	74.632
chr18	55353963	0.0	74.668
chr18	55370135	0.2299523371518455	74.668
chr18	55394053	1.0677618069813655	74.6735
chr18	55418403	0.436437698518553	74.6995
chr18	55542132	0.9807704675542968	74.7535
chr18	55573230	0.14376574234865644	74.784
chr18	55660177	12.502775927159725	74.7965
chr18	55705207	0.6453154875720658	75.3595
chr18	55726127	0.0	75.373
chr18	55730194	0.0	75.373
chr18	55752891	0.0	75.373
chr18	55765985	0.0	75.373
chr18	55767727	0.0	75.373
chr18	55807286	0.0	75.373
