Chromosome	Position(bp)	Rate(cM/Mb)	Map(cM)
chr16	0	0.0	0.0
chr16	112291	61.10501280643982	0.0
chr16	115024	0.0	0.167
chr16	115041	0.9670957194501366	0.167
chr16	158470	1.0758585773352458	0.209
chr16	182172	0.0	0.2345
chr16	194301	3.1985711966228294	0.2345
chr16	225096	3.2815046469629543	0.333
chr16	247799	3.1204018468719874	0.4075
chr16	267508	0.3383628252042712	0.469
chr16	307406	0.8243500317057711	0.4825
chr16	323176	0.8376648481463987	0.4955
chr16	346455	1.256913021618903	0.515
chr16	376290	1.3219109298464944	0.5525
chr16	425083	0.5056890012642229	0.617
chr16	436948	0.38030560271646896	0.623
chr16	510573	15.187190958323523	0.651
chr16	514820	0.0	0.7155
chr16	544370	1.7392896374954194	0.7155
chr16	566218	0.9474482061647319	0.7535
chr16	605798	1.254393021975695	0.791
chr16	700266	1.1895043731778436	0.9095
chr16	743141	0.8916743095893211	0.9605
chr16	782393	4.0655061841502365	0.9955
chr16	791125	2.7647221454243875	1.031
chr16	801976	2.7449903925336283	1.061
chr16	816548	5.162241887905582	1.101
chr16	818582	1.4665982254161487	1.1115
chr16	832219	6.176914371935119	1.1315
chr16	853427	4.465454069615286	1.2625
chr16	883995	7.537154989384307	1.399
chr16	888705	0.0	1.4345
chr16	911164	0.6359011627906881	1.4345
chr16	933180	5.1085365077344225	1.4485
chr16	964598	3.9971617786187337	1.609
chr16	985738	0.23868627076570048	1.6935
chr16	1006686	9.253903990746105	1.6985
chr16	1015331	2.981317079634287	1.7785
chr16	1030425	2.0397597846345006	1.8235
chr16	1078715	5.338541666666673	1.922
chr16	1105595	0.20823789096663584	2.0655
chr16	1129606	3.7895018746652434	2.0705
chr16	1166946	4.18824357827101	2.212
chr16	1235113	2.4533997110281387	2.4975
chr16	1305016	0.6727757800719154	2.669
chr16	1348121	0.0	2.698
chr16	1360023	0.39668009276211097	2.698
chr16	1409181	2.96139159949088	2.7175
chr16	1468106	2.91520192060364	2.892
chr16	1479769	6.1871906404679775	2.926
chr16	1493103	3.1606851549755217	3.0085
chr16	1512719	2.4842750673925766	3.0705
chr16	1531638	2.1354204853728245	3.1175
chr16	1586194	0.2182703795607036	3.234
chr16	1629718	1.7138733537795265	3.2435
chr16	1646347	3.650529204233634	3.272
chr16	1666755	2.153667054714806	3.3465
chr16	1683935	0.5627295344153311	3.3835
chr16	1700817	0.17137634244802233	3.393
chr16	1727075	2.0275950744275715	3.3975
chr16	1747296	5.824814760395465	3.4385
chr16	1794937	1.1660141982130465	3.716
chr16	1901711	2.0836885075107476	3.8405
chr16	1954502	6.773365379363067	3.9505
chr16	1972809	0.3006233979937364	4.0745
chr16	2004410	0.0	4.084
chr16	2019610	0.5300041222543043	4.084
chr16	2036591	0.5071180939735903	4.093
chr16	2090819	0.0	4.1205
chr16	2107129	0.9327713673737658	4.1205
chr16	2121602	1.1005234196751976	4.134
chr16	2158857	0.0	4.175
chr16	2173590	0.13160588424531836	4.175
chr16	2207783	0.06983923009232598	4.1795
chr16	2279376	0.48170845933577205	4.1845
chr16	2316743	0.3368045441305055	4.2025
chr16	2371671	2.705657283410773	4.221
chr16	2389966	2.7447392497712673	4.2705
chr16	2406361	0.2946568884232694	4.3155
chr16	2421633	3.6165389182770014	4.32
chr16	2458685	0.7156298868244623	4.454
chr16	2496414	0.24532519217140983	4.481
chr16	2514757	0.0	4.4855
chr16	2531894	0.32763014197307394	4.4855
chr16	2559364	1.3100934153565555	4.4945
chr16	2576920	1.4843537002817089	4.5175
chr16	2609931	0.23546032493525734	4.5665
chr16	2648154	0.0	4.5755
chr16	2685197	3.9856961931013677	4.5755
chr16	2698620	0.0	4.629
chr16	2743821	0.2152595072949137	4.629
chr16	2764726	1.191367690108249	4.6335
chr16	2779415	0.27622613713093075	4.651
chr16	2860870	6.947709345452646	4.6735
chr16	2880013	1.1854047045749223	4.8065
chr16	2907008	6.76994388875334	4.8385
chr16	2923404	0.0	4.9495
chr16	2939696	1.3044962450014763	4.9495
chr16	2980708	6.529806924413973	5.003
chr16	3001995	7.383396362326657	5.142
chr16	3024207	0.30471289274107327	5.306
chr16	3038975	4.880095736909999	5.3105
chr16	3103318	2.10461596670447	5.6245
chr16	3124462	0.0	5.669
chr16	3127842	16.967252017085983	5.669
chr16	3132056	3.6844648465812964	5.7405
chr16	3148612	2.0245152215412463	5.8015
chr16	3248142	4.895712630359226	6.003
chr16	3265402	0.28032143524570374	6.0875
chr16	3281455	4.410217376704204	6.092
chr16	3326124	4.745019005586876	6.289
chr16	3365323	2.317339149400225	6.475
chr16	3420343	3.219672414538207	6.6025
chr16	3443482	7.449324697716586	6.677
chr16	3488721	0.0	7.014
chr16	3496110	0.2883078798662263	7.014
chr16	3556809	0.1430205949656593	7.0315
chr16	3584777	0.0	7.0355
chr16	3602593	0.09090909090909435	7.0355
chr16	3652093	1.5409488202900001	7.04
chr16	3671886	2.7898781263766033	7.0705
chr16	3692317	0.8740548012033349	7.1275
chr16	3716915	0.3047335274598883	7.149
chr16	3731682	1.6375545851528384	7.1535
chr16	3803130	0.2627982760433129	7.2705
chr16	3850695	0.4171494785631264	7.283
chr16	3872270	2.7399091152098416	7.292
chr16	3917162	0.415120140652458	7.415
chr16	3937638	0.2636976267213695	7.4235
chr16	3954703	4.559315953121259	7.428
chr16	3988151	0.914526908195561	7.5805
chr16	4002366	4.4618834080717455	7.5935
chr16	4024666	1.1921683708561002	7.693
chr16	4046475	0.2882398155264721	7.719
chr16	4062087	19.741564967695606	7.7235
chr16	4082982	3.6426380368098408	8.136
chr16	4124710	5.823243808001933	8.288
chr16	4157252	6.13421160971597	8.4775
chr16	4181542	0.21042787000234606	8.6265
chr16	4202927	16.984103179364105	8.631
chr16	4216263	0.6849867031992691	8.8575
chr16	4241081	2.142287764049474	8.8745
chr16	4261153	0.5653099228518043	8.9175
chr16	4306261	0.6835629403722737	8.943
chr16	4344297	13.069550509968776	8.969
chr16	4363808	0.19326527364088425	9.224
chr16	4407789	0.49300937981947895	9.2325
chr16	4486895	2.612330198537106	9.2715
chr16	4506992	1.9226029085531031	9.324
chr16	4527277	0.2573711085488607	9.363
chr16	4575845	1.9768089792235701	9.3755
chr16	4613532	0.3935458480912996	9.45
chr16	4646565	0.4203497309761739	9.463
chr16	4688197	0.7500436071865134	9.4805
chr16	4716862	0.08689271645941474	9.502
chr16	4768650	0.14842300556584637	9.5065
chr16	4795600	3.2076650697771276	9.5105
chr16	4819605	0.4640285099116226	9.5875
chr16	4846543	3.4916470542845195	9.6
chr16	4872462	6.768783961026787	9.6905
chr16	4915158	2.550600625308559	9.9795
chr16	4945543	7.788352663953244	10.057
chr16	4978220	0.0	10.3115
chr16	4990122	1.401884393440461	10.3115
chr16	5020795	106.89366452693298	10.3545
chr16	5024378	2.1774033914707025	10.7375
chr16	5069845	1.2421452579280294	10.8365
chr16	5076688	10.661101083032495	10.845
chr16	5085552	1.3786615629155823	10.9395
chr16	5116379	0.9392317084625134	10.982
chr16	5148320	5.3564375987361466	11.012
chr16	5188832	2.8658627363406928	11.229
chr16	5202266	0.9962994591517074	11.2675
chr16	5258474	2.802144249512777	11.3235
chr16	5270786	2.6402311447643685	11.358
chr16	5310934	16.037288671196034	11.464
chr16	5329921	0.16491811181447855	11.7685
chr16	5408748	5.112157640352048	11.7815
chr16	5424886	0.44108728014551024	11.864
chr16	5443023	0.8088852938431322	11.872
chr16	5475166	3.2855173223033853	11.898
chr16	5509255	5.408906315642085	12.01
chr16	5537819	0.0	12.1645
chr16	5579629	1.1972463334329722	12.1645
chr16	5582970	0.0	12.1685
chr16	5599228	0.0	12.1685
chr16	5606170	0.0	12.1685
chr16	5632752	0.2096022489088287	12.1685
chr16	5673305	6.439420452159343	12.177
chr16	5701879	12.353247139248014	12.361
chr16	5728795	3.366413699163228	12.6935
chr16	5754490	0.9157708828467351	12.78
chr16	5800353	2.390302202492784	12.822
chr16	5823781	1.4920156997688137	12.878
chr16	5898177	7.543932311697503	12.989
chr16	5915078	1.4993368317859292	13.1165
chr16	5932419	1.9129205306274952	13.1425
chr16	5956466	10.349606580829779	13.1885
chr16	5978834	5.972897176253985	13.42
chr16	6025545	1.2193301149654203	13.699
chr16	6105917	7.4077965745508045	13.797
chr16	6124951	2.178587596197323	13.938
chr16	6142623	1.4310831254855518	13.9765
chr16	6167080	9.474463360473731	14.0115
chr16	6180590	2.8727458899823395	14.1395
chr16	6198169	4.960103515203805	14.19
chr16	6221354	4.0461258345134565	14.305
chr16	6260898	0.8400454612837605	14.465
chr16	6281135	5.076543879881528	14.482
chr16	6325358	4.129689833933724	14.7065
chr16	6348120	6.165262511856277	14.8005
chr16	6366043	4.018641091449404	14.911
chr16	6410461	2.870393300164373	15.0895
chr16	6454880	1.4784244896668217	15.217
chr16	6518123	0.32223822882710995	15.3105
chr16	6544501	0.9115197234009088	15.319
chr16	6576316	0.5327213867147441	15.348
chr16	6600719	0.6642626684380365	15.361
chr16	6627064	1.386653460443213	15.3785
chr16	6667449	0.2722352112224876	15.4345
chr16	6698672	1.219730941704061	15.443
chr16	6726547	1.7289776656767235	15.477
chr16	6775709	0.45150891365984375	15.562
chr16	6878697	0.8976276982261507	15.6085
chr16	6902092	1.2973798015771656	15.6295
chr16	6921747	7.4316157048842895	15.655
chr16	6944084	0.8420557024374341	15.821
chr16	6999306	1.7826889523857914	15.8675
chr16	7078400	8.730158730158644	16.0085
chr16	7095410	0.0	16.157
chr16	7136914	0.680163239177381	16.157
chr16	7161908	2.610774284874858	16.174
chr16	7236790	2.9542097488922088	16.3695
chr16	7268609	3.1552579604027224	16.4635
chr16	7310127	1.3260131205508858	16.5945
chr16	7396099	1.7989655947829792	16.7085
chr16	7476145	0.7160678921870286	16.8525
chr16	7565522	1.4123916201067543	16.9165
chr16	7677743	0.0	17.075
chr16	7678936	0.0	17.075
chr16	7684897	0.6472491909385025	17.075
chr16	7755967	0.9854590049054331	17.121
chr16	7824463	1.269131686619188	17.1885
chr16	7850859	25.322428436614384	17.222
chr16	7854038	3.6010197578076197	17.3025
chr16	7885418	2.4665257223396027	17.4155
chr16	7927988	1.2252058925878961	17.5205
chr16	7996956	2.500114684159783	17.605
chr16	8040554	1.1112005437504469	17.714
chr16	8264186	0.0	17.9625
chr16	8271650	1.3883595579028132	17.9625
chr16	8290017	0.13347989949751107	17.988
chr16	8353697	5.037215246973925	17.9965
chr16	8366998	1.7761454633030067	18.0635
chr16	8433434	1.9053155073306547	18.1815
chr16	8464400	1.3743513061834813	18.2405
chr16	8509876	0.08638189435489532	18.303
chr16	8556182	3.852851545494114	18.307
chr16	8579152	1.0512998699239333	18.3955
chr16	8635273	2.769717752571869	18.4545
chr16	8665601	5.953629267156038	18.5385
chr16	8708516	0.4975078962262509	18.794
chr16	8818062	1.4111204717775943	18.8485
chr16	8841802	0.5863792477591662	18.882
chr16	8913428	0.0	18.924
chr16	8936372	0.0	18.924
chr16	8952161	0.2645852626009615	18.924
chr16	8967279	0.0	18.928
chr16	9009965	3.1237669341049212	18.928
chr16	9055583	0.6133464180569709	19.0705
chr16	9096343	0.5145167217933908	19.0955
chr16	9137158	0.0	19.1165
chr16	9161757	0.05072408633241188	19.1165
chr16	9240615	0.0	19.1205
chr16	9287982	0.0	19.1205
chr16	9311240	1.1816944782640282	19.1205
chr16	9325203	0.17378495353322018	19.137
chr16	9446042	0.3869683791552525	19.158
chr16	9500310	0.30141544693889327	19.179
chr16	9541781	0.41699761715641864	19.1915
chr16	9592141	0.4197495731360601	19.2125
chr16	9662421	0.08433658731994735	19.242
chr16	9709850	0.11417089098965925	19.246
chr16	9819335	0.0	19.2585
chr16	9848893	2.4233565411393174	19.2585
chr16	9874890	1.0664896246803797	19.3215
chr16	9945683	0.1639670078505478	19.397
chr16	10046313	0.0	19.4135
chr16	10095123	0.42417542867427505	19.4135
chr16	10134022	0.31649818732857543	19.43
chr16	10186155	1.0595261028703926	19.4465
chr16	10201728	2.283105022831008	19.463
chr16	10229322	0.29693415485112906	19.526
chr16	10256264	1.3136224609834557	19.534
chr16	10281766	3.4596715893834644	19.5675
chr16	10330181	1.686217008797631	19.735
chr16	10357461	0.8882546524157606	19.781
chr16	10460472	0.2773648123904514	19.8725
chr16	10595673	0.9070952994321712	19.91
chr16	10650794	1.9851851851851903	19.96
chr16	10667669	1.4463729417000115	19.9935
chr16	10708115	1.21413446782058	20.052
chr16	10759592	0.8927296100557824	20.1145
chr16	10787596	0.393294043062722	20.1395
chr16	10872774	3.5868331441543986	20.173
chr16	10894799	0.2312738282126125	20.252
chr16	10966143	2.0082196898935307	20.2685
chr16	11041085	0.6358001818977845	20.419
chr16	11159833	0.0	20.4945
chr16	11166001	3.4697048161574404	20.4945
chr16	11175656	5.745135400427426	20.528
chr16	11192975	1.2273376112274543	20.6275
chr16	11267934	0.16465350316793073	20.7195
chr16	11799353	0.17732442770652634	20.807
chr16	12036207	26.260504201681048	20.849
chr16	12038111	0.6449048461151538	20.899
chr16	12161385	0.2948240403836798	20.9785
chr16	12230918	0.0	20.999
chr16	12268643	0.3866448326055998	20.999
chr16	12290627	0.0	21.0075
chr16	12343709	0.17718683997901102	21.0075
chr16	12414256	0.12931173827302747	21.02
chr16	12476122	2.4463680843059237	21.028
chr16	12481436	0.5314706552274137	21.041
chr16	12520949	0.33819431292441465	21.062
chr16	12594871	0.19719290105559695	21.087
chr16	12637976	0.0	21.0955
chr16	12724062	0.04954879627392506	21.0955
chr16	12885519	0.031534798650321154	21.1035
chr16	13012363	0.029385836027012883	21.1075
chr16	13165498	0.6082504176047658	21.112
chr16	13220574	0.10378130227221843	21.1455
chr16	13302477	0.612276136537511	21.154
chr16	13315543	1.2391874817767017	21.162
chr16	13336121	1.942547680715873	21.1875
chr16	13344615	0.46770550523598386	21.204
chr16	13388446	1.1307702540909281	21.2245
chr16	13395963	0.7418507692992583	21.233
chr16	13463362	0.6864615814212954	21.283
chr16	13506336	0.7082323001944337	21.3125
chr16	13547989	0.0	21.342
chr16	13576668	0.061271694009180575	21.342
chr16	13641951	0.100598561440605	21.346
chr16	13681713	1.2410335327259836	21.35
chr16	13722002	1.9787053613493635	21.4
chr16	13764454	0.9829175704989125	21.484
chr16	13793958	0.17184256471590012	21.513
chr16	13866699	0.0	21.5255
chr16	13875767	0.06719827972404162	21.5255
chr16	13942733	0.18497417760479584	21.53
chr16	14077887	0.040197369082206995	21.555
chr16	14177396	0.1857915882858199	21.559
chr16	14220455	1.3548387096773944	21.567
chr16	14266955	0.7766962618820402	21.63
chr16	14337124	0.038783365814415154	21.6845
chr16	14440261	5.1822401985567925	21.6885
chr16	14483775	0.12938776752820583	21.914
chr16	14549469	0.08100810081008407	21.9225
chr16	14605019	0.09591215769281623	21.927
chr16	14907379	0.0	21.956
chr16	14938502	0.3124783001180592	21.956
chr16	14952903	0.20207123010859102	21.9605
chr16	14992493	1.1829652996845437	21.9685
chr16	15073645	5.083774881856044	22.0645
chr16	15087611	0.04657033789212932	22.1355
chr16	15806953	0.9136677232891942	22.169
chr16	15833768	0.5118529075252608	22.1935
chr16	15883587	0.08094708084585213	22.219
chr16	15933002	1.1784278386249143	22.223
chr16	15940215	0.0	22.2315
chr16	15946281	0.0	22.2315
chr16	15956970	0.0746798103132404	22.2315
chr16	16010532	0.0	22.2355
chr16	16124193	0.04660918200887131	22.2355
chr16	16210013	0.0	22.2395
chr16	16286185	0.0	22.2395
chr16	16391445	2.554854223024198	22.2395
chr16	16394772	0.0	22.248
chr16	16420455	0.6050778130067183	22.248
chr16	16461772	0.2430515841244855	22.273
chr16	16496744	0.4252604720391182	22.2815
chr16	16604913	1.6382841129553893	22.3275
chr16	16628108	0.0	22.3655
chr16	16650412	0.0	22.3655
chr16	16760707	0.25309385418302977	22.3655
chr16	16875289	0.0	22.3945
chr16	16896473	0.22301516503109853	22.3945
chr16	16914409	8.651984511132664	22.3985
chr16	16922673	0.7521624670929763	22.47
chr16	16943945	0.0	22.486
chr16	16966716	0.0	22.486
chr16	16980263	0.8598804356727866	22.486
chr16	17004685	2.8152260111022183	22.507
chr16	17029905	0.12153991066820624	22.578
chr16	17062816	0.7714620749243529	22.582
chr16	17111425	0.0	22.6195
chr16	17132912	0.15684393106250705	22.6195
chr16	17187106	2.4793388429753005	22.628
chr16	17188921	0.0	22.6325
chr16	17220510	0.0	22.6325
chr16	17229002	0.583972922724883	22.6325
chr16	17270956	8.583922690708789	22.657
chr16	17289479	0.1670122893209622	22.816
chr16	17361330	0.0	22.828
chr16	17389075	0.0	22.828
chr16	17416207	0.0	22.828
chr16	17470641	0.15879177105755923	22.828
chr16	17498980	0.0	22.8325
chr16	17527967	0.6132092486382952	22.8325
chr16	17555690	1.1929743869836715	22.8495
chr16	17625264	1.7918932278793818	22.9325
chr16	17641448	2.422008687639825	22.9615
chr16	17679433	1.7433520909191356	23.0535
chr16	17724748	1.198721363878575	23.1325
chr16	17728502	2.156585349021773	23.137
chr16	17757483	0.18708198868151907	23.1995
chr16	17800245	2.440389975535263	23.2075
chr16	17882404	2.634768403857151	23.408
chr16	17901381	11.894041722947627	23.458
chr16	17914707	2.3665177621782867	23.6165
chr16	17971119	11.635349517670196	23.75
chr16	17992992	7.342042673468717	24.0045
chr16	18022003	0.519274237888567	24.2175
chr16	18038372	2.419782551047481	24.226
chr16	18098708	8.718980549966398	24.372
chr16	18110636	1.3240403355647825	24.476
chr16	18157840	4.584513465508197	24.5385
chr16	18178671	2.6630159593421125	24.634
chr16	18231994	1.2149487291636467	24.776
chr16	18273148	0.5008012820512535	24.826
chr16	18298108	3.1186410687427726	24.8385
chr16	18320714	0.18651496782623034	24.909
chr16	18363606	0.6872663294479486	24.917
chr16	18381794	0.7067692790953621	24.9295
chr16	18388161	0.13857171363323162	24.934
chr16	18478367	0.39335234536349056	24.9465
chr16	18488536	5.795235028974107	24.9505
chr16	18490089	3.8143382352941533	24.9595
chr16	18522729	0.17093367773304607	25.084
chr16	18549055	2.5957508913120773	25.0885
chr16	18597018	0.2503972970446418	25.213
chr16	18896542	0.2706975334040602	25.288
chr16	18942719	0.0	25.3005
chr16	18982385	0.8668619597058622	25.3005
chr16	19015839	0.0	25.3295
chr16	19065197	0.0	25.3295
chr16	19088028	0.0	25.3295
chr16	19137958	0.0	25.3295
chr16	19189082	0.0	25.3295
chr16	19220545	0.0	25.3295
chr16	19235198	0.0	25.3295
chr16	19252486	0.0	25.3295
chr16	19287857	0.0	25.3295
chr16	19319755	0.0	25.3295
chr16	19329235	0.0	25.3295
chr16	19331832	0.0	25.3295
chr16	19357237	0.7080849135428421	25.3295
chr16	19427850	0.1520545249638022	25.3795
chr16	19483751	1.9583546972027472	25.388
chr16	19553963	1.7553971913644981	25.5255
chr16	19573047	15.99594672843081	25.559
chr16	19586863	5.989817310572007	25.78
chr16	19620253	14.00407391241081	25.98
chr16	19633999	2.001817252541289	26.1725
chr16	19669217	4.946444510562432	26.243
chr16	19682661	6.323110970597623	26.3095
chr16	19698476	4.14005883619142	26.4095
chr16	19768161	2.11923614345601	26.698
chr16	19789631	3.645833333333212	26.7435
chr16	19807871	0.8703642829393812	26.81
chr16	19941723	3.278258589037317	26.9265
chr16	19953162	0.7501455506292285	26.964
chr16	19997820	4.088378566458053	26.9975
chr16	20015064	0.9914115434294747	27.068
chr16	20103322	37.772210445172774	27.1555
chr16	20108511	2.8062280157252064	27.3515
chr16	20147175	0.09288309114927697	27.46
chr16	20195623	13.045569315859009	27.4645
chr16	20220574	3.641110195108603	27.79
chr16	20264242	0.39611091105502516	27.949
chr16	20305897	0.0	27.9655
chr16	20326494	0.5963740458016623	27.9655
chr16	20347454	0.0	27.978
chr16	20364783	1.2865445188767097	27.978
chr16	20387324	13.46475969591545	28.007
chr16	20402846	4.919548733123696	28.216
chr16	20429881	0.21970893796885152	28.349
chr16	20525462	0.2390343014221216	28.37
chr16	20542196	1.936733376371926	28.374
chr16	20559235	0.3090408495814019	28.407
chr16	20612626	0.37382618577664006	28.4235
chr16	20646064	2.0255379828882547	28.436
chr16	20676920	0.2313074654485246	28.4985
chr16	20694213	2.1717990275526797	28.5025
chr16	20709638	0.5273816555564631	28.536
chr16	20733340	42.07053000618697	28.5485
chr16	20738189	3.8963448574431836	28.7525
chr16	20754358	2.1156155297615094	28.8155
chr16	20771847	0.6253752251350455	28.8525
chr16	20791835	2.1524509241190115	28.865
chr16	20826679	0.46501328609382736	28.94
chr16	20871839	8.59080633006797	28.961
chr16	20891744	0.0	29.132
chr16	20986306	1.1646324420012382	29.132
chr16	20997039	0.08321717602508547	29.1445
chr16	21045106	4.347608815151654	29.1485
chr16	21065117	7.8059268953913055	29.2355
chr16	21086511	0.0	29.4025
chr16	21114783	2.37301542460035	29.4025
chr16	21132482	0.0	29.4445
chr16	21165260	0.486665368892322	29.4445
chr16	21190945	0.08373280860768632	29.457
chr16	21238716	2.824745572562011	29.461
chr16	21263674	2.637626658309806	29.5315
chr16	21282820	0.487614589428488	29.582
chr16	21308455	6.270776669688607	29.5945
chr16	21321691	1.1442776254266347	29.6775
chr16	21372378	1.2554155179204887	29.7355
chr16	21392690	0.5916298035789492	29.761
chr16	21447623	1.7171030261815554	29.7935
chr16	21477033	0.16355570093838281	29.844
chr16	21525946	0.0	29.852
chr16	21544004	4.15144470275652	29.852
chr16	21562070	3.569607343192291	29.927
chr16	21587563	1.3561313385078726	30.018
chr16	21667570	21.39037433155091	30.1265
chr16	21672619	4.956136863587002	30.2345
chr16	21710350	5.298060981763082	30.4215
chr16	21751969	10.105513449249548	30.642
chr16	21772156	7.360345240949464	30.846
chr16	21793011	1.6394611162591552	30.9995
chr16	21821069	4.52051151884355	31.0455
chr16	21862436	0.0	31.2325
chr16	21884753	2.510432240644392	31.2325
chr16	21929566	2.6902887139107854	31.345
chr16	21944806	1.3362603798797872	31.386
chr16	21976237	13.237257700630686	31.428
chr16	21997956	0.7989635068020424	31.7155
chr16	22044266	0.37975249072953304	31.7525
chr16	22111415	2.1782178217822605	31.778
chr16	22118990	2.6534441168588514	31.7945
chr16	22137645	0.0	31.844
chr16	22166324	3.062224399803844	31.844
chr16	22170406	0.3833253473883836	31.8565
chr16	22180841	0.0	31.8605
chr16	22204967	0.25906340957929647	31.8605
chr16	22270588	0.8650708482074098	31.8775
chr16	22361910	0.205494806585805	31.9565
chr16	22442204	5.659895596913313	31.973
chr16	22477452	2.5432465838473957	32.1725
chr16	22653015	0.0	32.619
chr16	22672765	0.1497955731002036	32.619
chr16	22729509	0.20414162529401036	32.6275
chr16	22790741	2.073607396999419	32.64
chr16	22834867	4.781130471738387	32.7315
chr16	22867809	3.268817709127971	32.889
chr16	22953008	1.1336095692284993	33.1675
chr16	22978590	3.5721524118363734	33.1965
chr16	22998326	1.3222688309318058	33.267
chr16	23020258	0.0	33.296
chr16	23028857	39.49652777777824	33.296
chr16	23031161	0.0	33.387
chr16	23042788	0.0	33.387
chr16	23046287	22.863318922514605	33.387
chr16	23052301	10.558560907254058	33.5245
chr16	23067644	38.594623369709765	33.6865
chr16	23082672	0.28274243021403817	34.2665
chr16	23141029	0.6342280176566917	34.283
chr16	23160738	2.050751303281189	34.2955
chr16	23186826	111.23697326687804	34.349
chr16	23189033	77.80741869918754	34.5945
chr16	23196905	1.0195921631347848	35.207
chr16	23221915	11.664295874821285	35.2325
chr16	23225430	0.2608090877477785	35.2735
chr16	23242684	2.4245374878287187	35.278
chr16	23294034	11.12522344529116	35.4025
chr16	23315292	2.3047847331057967	35.639
chr16	23336986	6.1940298507461495	35.689
chr16	23357086	1.3670256835128936	35.8135
chr16	23393296	0.2980803624657885	35.863
chr16	23435231	0.23216507865744945	35.8755
chr16	23489072	19.497928345113262	35.888
chr16	23509587	0.6134066149770754	36.288
chr16	23550343	1.213035210805817	36.313
chr16	23580845	0.13134522528833903	36.35
chr16	23740729	0.593848548142613	36.371
chr16	23789563	18.761863045700466	36.4
chr16	23796412	0.32418693915657687	36.5285
chr16	23873528	0.3783188884303349	36.5535
chr16	23917142	3.987288643722278	36.57
chr16	23967176	0.7557397128188761	36.7695
chr16	24082295	0.3482335063948467	36.8565
chr16	24177059	0.026410484962562403	36.8895
chr16	24328514	7.740733603134825	36.8935
chr16	24344081	0.6014820517754839	37.014
chr16	24406427	8.270286307669448	37.0515
chr16	24419909	6.039729370694265	37.163
chr16	24452278	0.6937642833821379	37.3585
chr16	24464530	1.9014298752666325	37.367
chr16	24477678	0.3552784909663984	37.392
chr16	24583229	0.714056716505007	37.4295
chr16	24617540	0.27124160846282874	37.454
chr16	24647034	0.0	37.462
chr16	24683776	0.8127966707845593	37.462
chr16	24699155	0.9219588914801786	37.4745
chr16	24717594	10.947298932775777	37.4915
chr16	24726683	0.23533564746706967	37.591
chr16	24743680	0.07334470176206581	37.595
chr16	24798217	0.14478589785372603	37.599
chr16	24825844	0.0	37.603
chr16	24873352	0.21452066549078375	37.603
chr16	24894329	0.0	37.6075
chr16	24916861	0.1589856714162755	37.6075
chr16	24967180	1.5934706568212602	37.6155
chr16	24980045	1.0963875919169737	37.636
chr16	25032946	0.8174068740026	37.694
chr16	25058637	0.4622496147918061	37.715
chr16	25094332	0.0	37.7315
chr16	25135596	0.0	37.7315
chr16	25190382	0.04570645032285766	37.7315
chr16	25277897	1.9339666429433426	37.7355
chr16	25310214	0.11732957878674713	37.798
chr16	25344306	0.0	37.802
chr16	25379670	0.0	37.802
chr16	25480673	0.0	37.802
chr16	25512806	0.1398726599304312	37.802
chr16	25602173	0.6205163907133944	37.8145
chr16	25635210	0.18092998009770903	37.835
chr16	25751277	0.046447357725911624	37.856
chr16	25837396	0.43970274161911205	37.86
chr16	25940875	0.8044793409702494	37.9055
chr16	25956413	0.054232875969382595	37.918
chr16	26030169	0.4076892666535043	37.922
chr16	26070641	0.023542706469536632	37.9385
chr16	26261783	0.0	37.943
chr16	26274572	0.0	37.943
chr16	26287447	0.0	37.943
chr16	26323304	0.420703722590531	37.943
chr16	26362524	0.16636981072997317	37.9595
chr16	26413615	0.0	37.968
chr16	26426527	0.0	37.968
chr16	26452596	0.20091617777056556	37.968
chr16	26514811	0.0	37.9805
chr16	26542432	0.0	37.9805
chr16	26576664	0.0	37.9805
chr16	26584583	0.15376335819179426	37.9805
chr16	26636611	0.23091133004926984	37.9885
chr16	26708067	0.0	38.005
chr16	26741736	0.0	38.005
chr16	26877366	0.0	38.005
chr16	27006631	0.0	38.005
chr16	27084055	0.0	38.005
chr16	27154088	2.8195488721805577	38.005
chr16	27155684	0.17173278378833004	38.0095
chr16	27202268	0.5350454788657238	38.0175
chr16	27263945	0.0	38.0505
chr16	27280635	0.0	38.0505
chr16	27301718	1.190809750630142	38.0505
chr16	27308856	12.292051756008298	38.059
chr16	27314266	0.2884694634467531	38.1255
chr16	27399197	0.19578360429788622	38.15
chr16	27463043	0.04122521334045619	38.1625
chr16	27560071	0.0	38.1665
chr16	27608333	0.0	38.1665
chr16	27618317	0.0	38.1665
chr16	27623103	0.13162547640565653	38.1665
chr16	27877613	0.0	38.2
chr16	27910605	0.20024271844660954	38.2
chr16	27993005	0.8206097379019008	38.2165
chr16	28013112	0.084245998315183	38.233
chr16	28060592	0.0	38.237
chr16	28082909	0.0	38.237
chr16	28118637	0.0	38.237
chr16	28148818	0.0	38.237
chr16	28188550	0.4484879548949427	38.237
chr16	28235374	0.0	38.258
chr16	28306264	0.0	38.258
chr16	28326740	0.0	38.258
chr16	28370917	0.0	38.258
chr16	28441773	0.06424980323494199	38.258
chr16	28504030	0.0	38.262
chr16	28631918	0.35067261542620837	38.262
chr16	28750262	0.0	38.3035
chr16	28752544	0.0	38.3035
chr16	28795212	0.0	38.3035
chr16	28837625	0.0	38.3035
chr16	28862813	0.8224427453319051	38.3035
chr16	28918136	0.0693649637568912	38.349
chr16	28975802	0.0	38.353
chr16	29007626	0.0	38.353
chr16	29030967	0.024318326899095865	38.353
chr16	29195452	0.14053826154175167	38.357
chr16	29252376	0.11199601791936711	38.365
chr16	29292556	0.0	38.3695
chr16	29338808	1.1845789360327823	38.3695
chr16	29352737	0.04063842973105267	38.386
chr16	29451166	0.0	38.39
chr16	29471609	0.0	38.39
chr16	29510912	0.0	38.39
chr16	29555245	0.20329092126657308	38.39
chr16	29597057	0.421000495294599	38.3985
chr16	29617247	0.0	38.407
chr16	29640477	0.0	38.407
chr16	29698356	0.0	38.407
chr16	29723700	0.32722513089016164	38.407
chr16	29748148	0.16687568267325364	38.415
chr16	29847024	0.0	38.4315
chr16	29891001	6.519007225887402	38.4315
chr16	29897367	1.9411444987963802	38.473
chr16	29910246	0.16299918500427418	38.498
chr16	29934786	0.2409756837684801	38.502
chr16	30158875	0.2874182654311194	38.556
chr16	30172792	0.22665046871315642	38.56
chr16	30283094	1.7745302713983202	38.585
chr16	30287884	0.0	38.5935
chr16	30307199	0.09945300845353894	38.5935
chr16	30387639	0.0	38.6015
chr16	30409708	0.06170649306569864	38.6015
chr16	30474531	0.16575806689259506	38.6055
chr16	30501679	0.142834187362793	38.61
chr16	30557688	1.8420300441451973	38.618
chr16	30589175	0.5287713841367312	38.676
chr16	30605250	0.14854794384888287	38.6845
chr16	30686032	0.0	38.6965
chr16	30711805	0.10156637927143435	38.6965
chr16	30756111	1.11781044644676	38.701
chr16	30770872	0.0	38.7175
chr16	30787876	0.0	38.7175
chr16	30827132	0.0	38.7175
chr16	30879330	0.0	38.7175
chr16	30879504	7.146941109202823	38.7175
chr16	30881253	0.13162224415930687	38.73
chr16	30942033	0.8322404922828924	38.738
chr16	30961859	0.8338781337140265	38.7545
chr16	31036810	0.24978427721514188	38.817
chr16	31102867	0.054271138608457926	38.8335
chr16	31176571	0.7493528316454255	38.8375
chr16	31198590	0.1810938065917142	38.854
chr16	31220678	0.22353584024639464	38.858
chr16	31240809	0.76392425575261	38.8625
chr16	31262408	0.5366188718126059	38.879
chr16	31285702	0.0	38.8915
chr16	31327918	0.0	38.8915
chr16	31350378	0.0	38.8915
chr16	31371853	0.0	38.8915
chr16	31386726	0.06096074128258021	38.8915
chr16	31452342	0.2423654871549254	38.8955
chr16	31468846	0.0	38.8995
chr16	31483713	0.0	38.8995
chr16	31507374	0.0	38.8995
chr16	31521752	0.9022013713457767	38.8995
chr16	31535607	0.0	38.912
chr16	31566933	0.0	38.912
chr16	31577484	0.0402792696025794	38.912
chr16	31689204	0.24113817217273548	38.9165
chr16	31722380	0.2070012420074599	38.9245
chr16	31744119	1.3286093888397315	38.929
chr16	31768957	0.653517110265903	38.962
chr16	31794205	0.10600238505379325	38.9785
chr16	31831940	0.0	38.9825
chr16	31864108	0.13616557734201515	38.9825
chr16	31926532	0.0	38.991
chr16	31945969	0.5088922219841633	38.991
chr16	32001973	0.0	39.0195
chr16	32017249	0.11793379982703489	39.0195
chr16	32055406	0.42622613501074913	39.024
chr16	32123445	0.42382955849368825	39.053
chr16	32220182	0.6581749196637852	39.094
chr16	32246011	0.5293612982130126	39.111
chr16	32300794	0.861625514403203	39.14
chr16	32339674	2.224096939949376	39.1735
chr16	32365752	3.2092426187420986	39.2315
chr16	32391459	0.39633926641206374	39.314
chr16	32433090	0.2685284640172755	39.3305
chr16	32462882	0.0	39.3385
chr16	32475205	0.09563133557595889	39.3385
chr16	32564088	0.2560688313017666	39.347
chr16	32612903	1.646131400242954	39.3595
chr16	32743816	1.440032915037869	39.575
chr16	32772982	0.7768238618860724	39.617
chr16	32922308	0.38142462095974905	39.733
chr16	32932795	0.05278158978145497	39.737
chr16	33008579	0.0	39.741
chr16	33030270	0.0	39.741
chr16	33056410	0.32820363212020787	39.741
chr16	33070121	0.0	39.7455
chr16	33106514	0.6199909269619963	39.7455
chr16	33139579	0.4534695954166038	39.766
chr16	33184786	1.1317338162066855	39.7865
chr16	33206876	0.6241817129981551	39.8115
chr16	33239719	2.942585369191765	39.832
chr16	33283558	0.0	39.961
chr16	33327090	0.17798740739098654	39.961
chr16	33372037	0.2069643503905305	39.969
chr16	33391364	2.1782490027294235	39.973
chr16	33467572	0.15299292407717663	40.139
chr16	33493717	1.161980013943694	40.143
chr16	33515232	0.0894854586129258	40.168
chr16	33559932	1.663948883490441	40.172
chr16	33589981	1.6802226027396883	40.222
chr16	33636701	11.616467383078636	40.3005
chr16	33649915	0.0	40.454
chr16	33703673	0.544581871884784	40.454
chr16	33757843	0.5133147562279389	40.4835
chr16	33805572	0.0990122076227513	40.508
chr16	33891420	2.353815659068432	40.5165
chr16	33947924	0.0	40.6495
chr16	33990829	0.0	40.6495
chr16	34002360	0.13554267900097533	40.6495
chr16	34031871	0.0	40.6535
chr16	34053896	0.0	40.6535
chr16	34100483	0.03189207721070125	40.6535
chr16	34225906	0.0	40.6575
chr16	34240625	0.18156646467403534	40.6575
chr16	34284686	0.0	40.6655
chr16	34334857	0.0	40.6655
chr16	34364518	2.199606040708899	40.6655
chr16	34379748	2.4524831391814157	40.699
chr16	34381379	1.5041212923409288	40.703
chr16	34398000	0.23856384564905966	40.728
chr16	34431534	0.0	40.736
chr16	34431535	0.0	40.736
chr16	34491392	0.0	40.736
chr16	34545054	0.1709862278365644	40.736
chr16	34641553	0.0	40.7525
chr16	34691841	0.0	40.7525
chr16	34707200	0.3365020610755353	40.7525
chr16	34719087	0.0	40.7565
chr16	34735905	0.0	40.7565
chr16	34769471	0.5167958656330456	40.7565
chr16	34817846	0.0	40.7815
chr16	34893592	0.19921747376304738	40.7815
chr16	35019083	0.0	40.8065
chr16	35043617	0.5492730210014833	40.8065
chr16	35059092	0.9675078610014072	40.815
chr16	35071495	0.10203300767801791	40.827
chr16	35149901	0.42305395182151867	40.835
chr16	35169993	0.404244567963394	40.8435
chr16	35179888	1.683706588770136	40.8475
chr16	35204536	0.22145753125955034	40.889
chr16	35263238	0.6325787803880893	40.902
chr16	35314615	2.6483245668885997	40.9345
chr16	35396176	0.0	41.1505
chr16	35406413	0.0	41.1505
chr16	35444989	0.0	41.1505
chr16	35517388	10.078878177037549	41.1505
chr16	35521952	0.6218269787726438	41.1965
chr16	35580650	0.0	41.233
chr16	35614961	0.14526100497376984	41.233
chr16	35701013	1.2954374692332864	41.2455
chr16	35739610	0.34840292101016895	41.2955
chr16	35775488	1.454092230993133	41.308
chr16	35792337	2.6737329609204035	41.3325
chr16	35834226	0.0	41.4445
chr16	35878389	0.0	41.4445
chr16	35917452	0.069169236778545	41.4445
chr16	36040339	0.939062978462782	41.453
chr16	36089324	0.20617493943599727	41.499
chr16	36108725	0.1388750013887816	41.503
chr16	36198734	0.11547788598483828	41.5155
chr16	36302650	0.9768677711784377	41.5275
chr16	36353834	1.666179479684366	41.5775
chr16	36370939	0.5886286365477166	41.606
chr16	36477118	7.966210436270365	41.6685
chr16	36486470	0.12614083252946431	41.743
chr16	36553855	1.7994111018211612	41.7515
chr16	36608873	0.0	41.8505
chr16	36644208	0.21921354530936038	41.8505
chr16	36740005	0.0	41.8715
chr16	36741306	0.0	41.8715
chr16	36838295	0.7496251874063253	41.8715
chr16	36860306	0.3143303995829128	41.888
chr16	36925524	0.0	41.9085
chr16	36960643	0.04349669968796434	41.9085
chr16	37052604	0.14419841702182748	41.9125
chr16	37083811	0.14707918050937768	41.917
chr16	37141603	0.04755790174534864	41.9255
chr16	37225711	0.0	41.9295
chr16	37285934	0.6127725717019223	41.9295
chr16	37352843	0.06245749420533485	41.9705
chr16	37424892	1.231113598209336	41.975
chr16	37451697	0.8166289857921452	42.008
chr16	37583948	0.0	42.116
chr16	37616091	0.5163892951459438	42.116
chr16	37760362	0.0	42.1905
chr16	37895942	0.1677272450037675	42.1905
chr16	37994316	0.17049484423585215	42.207
chr16	38067632	0.37871528823433176	42.2195
chr16	38177213	0.5908618355609121	42.261
chr16	38310916	0.11008063406439121	42.34
chr16	38383590	0.760386884847039	42.348
chr16	38432907	0.0	42.3855
chr16	38508758	0.03905525341975398	42.3855
chr16	38611177	0.7556726507770977	42.3895
chr16	38660140	2.0644751468953717	42.4265
chr16	38704219	0.817044811765774	42.5175
chr16	38720130	0.15066841989912996	42.5305
chr16	38829642	1.2804594133168263	42.547
chr16	38842528	0.5957252202378313	42.5635
chr16	38925620	0.0	42.613
chr16	39005495	0.21868248178373684	42.613
chr16	39119816	1.0486621613033467	42.638
chr16	39167019	0.0	42.6875
chr16	39179598	0.5339287447820802	42.6875
chr16	39210501	0.4660700969425537	42.704
chr16	39264141	0.3960754580329777	42.729
chr16	39440875	0.1296867344880305	42.799
chr16	39475574	0.8417589860190925	42.8035
chr16	39578929	0.9485569743698962	42.8905
chr16	39710181	0.18476555691127808	43.015
chr16	40427306	2.23871315451275	43.1475
chr16	40451427	0.42239309152628574	43.2015
chr16	40579270	0.3428037580333167	43.2555
chr16	40711999	0.0	43.301
chr16	40823764	1.9375854128834793	43.301
chr16	40877181	0.06142389050450929	43.4045
chr16	41349310	0.0	43.4335
chr16	41369736	0.0	43.4335
chr16	41391449	0.585041654965634	43.4335
chr16	41412815	0.6126392829242256	43.446
chr16	41534420	0.0	43.5205
chr16	41558188	0.0	43.5205
chr16	41621704	0.348795788723767	43.5205
chr16	41823828	0.0	43.591
chr16	41947440	0.0875159782960407	43.591
chr16	42324514	0.3840213363942252	43.624
chr16	42442997	0.0	43.6695
chr16	42479709	0.0	43.6695
chr16	42509938	0.10222597050775085	43.6695
chr16	42549067	0.0	43.6735
chr16	42634214	0.0	43.6735
chr16	42677246	0.0	43.6735
chr16	42794903	0.0	43.6735
chr16	42971478	0.0	43.6735
chr16	42980554	0.0	43.6735
chr16	43045220	0.05153232895816823	43.6735
chr16	43210165	0.10156161133586618	43.682
chr16	43333243	0.0	43.6945
chr16	43376624	0.0	43.6945
chr16	43386172	0.10303701604814118	43.6945
chr16	43424993	0.23557742644750132	43.6985
chr16	43444095	0.07333394444949644	43.703
chr16	43498640	0.0	43.707
chr16	43542843	0.0	43.707
chr16	43585529	0.0	43.707
chr16	43609682	1.3712861001454912	43.707
chr16	43633747	0.0	43.74
chr16	43712399	0.0	43.74
chr16	43963808	0.0	43.74
chr16	43976694	0.0	43.74
chr16	44056584	0.0	43.74
chr16	44083199	0.0	43.74
chr16	44108580	0.0	43.74
chr16	44187538	0.0	43.74
chr16	44226165	0.44812504481235166	43.74
chr16	44254059	0.4841020874483111	43.7525
chr16	44279880	0.6390949827370616	43.765
chr16	44416010	0.18202410808187727	43.852
chr16	44440732	0.0	43.8565
chr16	44459650	0.5228841864883161	43.8565
chr16	44553361	0.22710068130169392	43.9055
chr16	44573176	0.4434943809262315	43.91
chr16	44685917	0.0	43.96
chr16	44719034	8.290816326530322	43.96
chr16	44722954	2.5886362146929884	43.9925
chr16	44753472	0.7600474566216228	44.0715
chr16	44780444	3.1909235951073716	44.092
chr16	44797367	0.0	44.146
chr16	44864545	1.3289950048117116	44.146
chr16	44886366	2.2284662338920342	44.175
chr16	44907008	0.08224276006705532	44.221
chr16	45004281	0.0	44.229
chr16	45025315	0.0	44.229
chr16	45050194	0.0	44.229
chr16	45053506	0.0	44.229
chr16	45054172	0.0	44.229
chr16	45062313	1.3982754602657255	44.229
chr16	45100932	3.5466666666665483	44.283
chr16	45119682	1.7111138934102885	44.3495
chr16	45143643	0.0	44.3905
chr16	45164365	0.25643217368998195	44.3905
chr16	45246258	0.7388941963219768	44.4115
chr16	45313250	0.1961393243000352	44.461
chr16	45374431	1.483660630141897	44.473
chr16	45452953	2.297993374841747	44.5895
chr16	45510612	0.0	44.722
chr16	45528985	0.2661875291141135	44.722
chr16	45544012	0.5228329743734376	44.726
chr16	45608086	0.27728182654328853	44.7595
chr16	45682018	4.356595401371495	44.78
chr16	45719203	3.334259516532496	44.942
chr16	45722802	0.5454262116253908	44.954
chr16	45761304	0.0	44.975
chr16	45790345	1.2154286216355823	44.975
chr16	45892778	0.0	45.0995
chr16	45944534	0.025675588933806937	45.0995
chr16	46100324	0.8250462025873762	45.1035
chr16	46145776	4.522493002935363	45.141
chr16	46175074	0.0	45.2735
chr16	46251941	0.049264117248659256	45.2735
chr16	46333136	0.5004526386923092	45.2775
chr16	46489994	1.978429166942317	45.356
chr16	46565559	0.28964718214671037	45.5055
chr16	46638061	0.2291869592622981	45.5265
chr16	46655514	0.08876067901914529	45.5305
chr16	46700579	0.3165205086670001	45.5345
chr16	46754288	1.7039086979393099	45.5515
chr16	46841734	0.15899783184775357	45.7005
chr16	46945509	0.41449310526099736	45.717
chr16	46994967	0.869565217391502	45.7375
chr16	47023717	0.07434529673062437	45.7625
chr16	47077520	0.588768115941944	45.7665
chr16	47099600	3.584779333816953	45.7795
chr16	47135446	0.06799598823665635	45.908
chr16	47253100	0.0	45.916
chr16	47263760	0.016722827495693406	45.916
chr16	47502954	0.0	45.92
chr16	47529006	0.2563890984534026	45.92
chr16	47868334	0.0	46.007
chr16	47919044	0.0	46.007
chr16	48030455	0.0	46.007
chr16	48044288	0.0	46.007
chr16	48064702	0.0	46.007
chr16	48077508	1.4138754814489745	46.007
chr16	48118530	2.5632438559430946	46.065
chr16	48157348	0.7311916834894769	46.1645
chr16	48220259	1.7777232881749974	46.2105
chr16	48269198	0.0	46.2975
chr16	48320430	0.4526748971193587	46.2975
chr16	48356880	0.6256873080277814	46.314
chr16	48383251	0.45399180600151495	46.3305
chr16	48428406	0.15429857682250134	46.351
chr16	48483494	0.17304981302183392	46.3595
chr16	48601957	0.6872852233675985	46.38
chr16	48620872	0.2585567934361147	46.393
chr16	48794915	0.03443318670532753	46.438
chr16	48911082	0.02756423999265058	46.442
chr16	49074337	0.0	46.4465
chr16	49171493	0.2656529107314282	46.4465
chr16	49280658	0.0	46.4755
chr16	49283729	0.0	46.4755
chr16	49303751	0.0	46.4755
chr16	49307589	0.36129540826382506	46.4755
chr16	49353258	0.5258655747360353	46.492
chr16	49424569	1.7237208177090289	46.5295
chr16	49441103	0.6199952193139596	46.558
chr16	49508039	0.4675606426153206	46.5995
chr16	49561508	0.14573973603619564	46.6245
chr16	49818816	0.6491483174075244	46.662
chr16	49857328	0.7118173155303007	46.687
chr16	49944429	0.7648378543747566	46.749
chr16	49993459	0.0	46.7865
chr16	50050006	0.0	46.7865
chr16	50100518	0.35979066724816017	46.7865
chr16	50146378	0.0	46.803
chr16	50267357	0.46587203290651796	46.803
chr16	50355364	0.0	46.844
chr16	50435124	0.0	46.844
chr16	50551410	0.0	46.844
chr16	50597104	0.34668293765242225	46.844
chr16	50633160	0.10546298249320768	46.8565
chr16	50713757	0.0	46.865
chr16	50869228	0.0	46.865
chr16	50899695	0.0	46.865
chr16	50948249	0.4183172558387937	46.865
chr16	51047456	0.5743744921688495	46.9065
chr16	51083147	0.5435345273838077	46.927
chr16	51121783	0.30707977720828866	46.948
chr16	51216221	0.4870235286478247	46.977
chr16	51308619	1.94496172149801	47.022
chr16	51381114	0.4806536890176506	47.163
chr16	51389436	0.0	47.167
chr16	51392170	3.013409673045093	47.167
chr16	51425355	0.7699318060399167	47.267
chr16	51457176	0.0	47.2915
chr16	51516388	1.5048369759943243	47.2915
chr16	51530343	0.9736130980767483	47.3125
chr16	51555507	0.0	47.337
chr16	51588442	1.1953715214686913	47.337
chr16	51619813	0.6769930675911419	47.3745
chr16	51656741	0.8337649540797054	47.3995
chr16	51735900	0.8836836648129281	47.4655
chr16	51778336	0.0	47.503
chr16	51858202	1.0326899793460709	47.503
chr16	51886284	0.3369547459565558	47.532
chr16	51935252	1.0410301672437452	47.5485
chr16	51979439	1.6421645292462306	47.5945
chr16	52036985	0.6794216762691855	47.689
chr16	52092179	2.282688093498867	47.7265
chr16	52130511	2.489843021325685	47.814
chr16	52193768	0.34493166041489554	47.9715
chr16	52216961	3.3637110337543916	47.9795
chr16	52293662	1.2884585350617386	48.2375
chr16	52306468	0.8465020149574888	48.254
chr16	52624837	1.0012056402998506	48.5235
chr16	52720222	2.276213568212152	48.619
chr16	52740431	1.4501980758346356	48.665
chr16	52754567	0.07670035090419912	48.6855
chr16	52806718	0.7367324644970241	48.6895
chr16	52846081	0.6581693260987707	48.7185
chr16	52877228	0.11938416870418363	48.739
chr16	52981932	0.0	48.7515
chr16	53003271	0.0	48.7515
chr16	53028310	0.40178714923991005	48.7515
chr16	53059421	0.0	48.764
chr16	53094469	0.0	48.764
chr16	53124185	0.0	48.764
chr16	53216673	0.39365851912815547	48.764
chr16	53300502	0.0	48.797
chr16	53314019	0.31393478004954956	48.797
chr16	53339502	0.4660797514241502	48.805
chr16	53349157	4.170261719873442	48.8095
chr16	53363065	2.4727176815799954	48.8675
chr16	53393396	0.5757161656037679	48.9425
chr16	53472428	0.9642786949685318	48.988
chr16	53553836	1.6904443453709352	49.0665
chr16	53580752	0.0	49.112
chr16	53595631	1.9549712125116863	49.112
chr16	53618905	1.6196612795323888	49.1575
chr16	53647306	2.64786918094984	49.2035
chr16	53675253	0.5772691772214984	49.2775
chr16	53704702	1.6841248103047743	49.2945
chr16	53731719	0.7070931922638105	49.34
chr16	53808088	1.3369769628586063	49.394
chr16	53842120	1.5562565720294022	49.4395
chr16	53865895	0.0	49.4765
chr16	53929822	0.0	49.4765
chr16	53941121	0.0220845617870705	49.4765
chr16	54122243	0.07447248655358163	49.4805
chr16	54182668	0.5844820028250185	49.485
chr16	54203199	0.0	49.497
chr16	54281231	1.2437810945274101	49.497
chr16	54341531	0.0	49.572
chr16	54347500	0.0	49.572
chr16	54359854	0.0	49.572
chr16	54401898	0.0	49.572
chr16	54445430	0.0	49.572
chr16	54497224	0.0	49.572
chr16	54577207	2.6374425901505085	49.572
chr16	54643180	2.801720838372856	49.746
chr16	54708497	0.8838417655409179	49.929
chr16	54745834	6.676587700599156	49.962
chr16	54770697	0.7686942162878055	50.128
chr16	54840946	4.964988898919127	50.182
chr16	54881933	0.6759497093415865	50.3855
chr16	54918918	7.853888045048839	50.4105
chr16	54945911	3.2084031552702923	50.6225
chr16	54970378	3.5182345854781105	50.701
chr16	55006902	3.2773965361474153	50.8295
chr16	55058925	2.693915466790517	51.0
chr16	55080455	8.783141124717542	51.058
chr16	55114099	0.13903854843772423	51.3535
chr16	55142868	2.1863437605111233	51.3575
chr16	55163679	4.142766093052949	51.403
chr16	55185645	3.318067109075519	51.494
chr16	55207043	1.5369938520247757	51.565
chr16	55225911	1.4281678646535356	51.594
chr16	55257770	2.0321520101479544	51.6395
chr16	55296399	1.5580887444733156	51.718
chr16	55333945	7.75207741285653	51.7765
chr16	55361744	0.585542111953334	51.992
chr16	55531672	2.7555110220437973	52.0915
chr16	55549636	1.0604453870625814	52.141
chr16	55643936	9.104258443465142	52.241
chr16	55650746	26.997840172786177	52.303
chr16	55653061	0.0	52.3655
chr16	55655093	0.0	52.3655
chr16	55669110	1.0293873484974458	52.3655
chr16	55789570	2.6673017385092135	52.4895
chr16	55831560	0.4208962614507528	52.6015
chr16	55851755	0.0	52.61
chr16	55870979	4.841343910405881	52.61
chr16	55879551	11.161654452025969	52.6515
chr16	55891422	0.0	52.784
chr16	55899222	3.952279879967773	52.784
chr16	55940211	1.5762087432108778	52.946
chr16	55966540	1.3627495983475724	52.9875
chr16	56036252	0.0	53.0825
chr16	56071280	0.0	53.0825
chr16	56108857	0.2906333038085929	53.0825
chr16	56181113	2.3590880303990014	53.1035
chr16	56212693	0.33805837918497	53.178
chr16	56298477	0.0	53.207
chr16	56316482	1.149818204419001	53.207
chr16	56348661	0.7064791801436656	53.244
chr16	56466145	0.3022755301913487	53.327
chr16	56507498	0.8466104979701586	53.3395
chr16	56556517	0.149583037283622	53.381
chr16	56609999	0.439460363851994	53.389
chr16	56704433	2.374911775365729	53.4305
chr16	56756856	2.6530225506917255	53.555
chr16	56799072	0.7050279113788925	53.667
chr16	56850843	0.2480448231586759	53.7035
chr16	56919379	3.9258348311417275	53.7205
chr16	56929950	1.4122994863171396	53.762
chr16	57006067	33.29718004338418	53.8695
chr16	57010677	0.04502577725745495	54.023
chr16	57099515	0.375529154718026	54.027
chr16	57231329	3.804569563443395	54.0765
chr16	57280349	1.040197461212932	54.263
chr16	57308709	0.447499196479372	54.2925
chr16	57510944	4.764709959109978	54.383
chr16	57539802	0.15516505682939172	54.5205
chr16	57565581	0.46868592184636276	54.5245
chr16	57582650	0.1633719980394455	54.5325
chr16	57607134	1.6186228944469794	54.5365
chr16	57681580	0.04255907731925573	54.657
chr16	57775567	0.025511993826083355	54.661
chr16	57932356	0.0	54.665
chr16	57946317	0.0	54.665
chr16	57973281	0.33319117176669394	54.665
chr16	58048313	0.5403974678519377	54.69
chr16	58093650	0.25403388286406875	54.7145
chr16	58207808	0.1462745009789728	54.7435
chr16	58296682	0.0	54.7565
chr16	58355610	0.26829431886764926	54.7565
chr16	58370519	0.5588110916450044	54.7605
chr16	58436731	0.0	54.7975
chr16	58458331	1.3203123221562028	54.7975
chr16	58502260	0.5560438377786731	54.8555
chr16	58613762	0.6177398777950243	54.9175
chr16	58688227	0.7264897416147189	54.9635
chr16	58745351	0.733385986686175	55.005
chr16	58869433	0.5504833512353791	55.096
chr16	58906673	2.6690391459075746	55.1165
chr16	58920723	0.0	55.154
chr16	58943714	0.4397265980589384	55.154
chr16	59008527	0.17715883444891808	55.1825
chr16	59268181	0.3998400639744254	55.2285
chr16	59350714	0.4029205636004157	55.2615
chr16	59391665	0.0	55.278
chr16	59459409	0.0	55.278
chr16	59495949	0.0	55.278
chr16	59550449	0.0	55.278
chr16	59608261	0.0	55.278
chr16	59624532	0.4189108318372391	55.278
chr16	59674662	0.7483516038994991	55.299
chr16	59724104	0.19292604501608449	55.336
chr16	59747429	0.42049042462157454	55.3405
chr16	59815207	1.5783492571236761	55.369
chr16	59862725	0.0	55.444
chr16	59922837	0.939903161492488	55.444
chr16	59940392	0.0	55.4605
chr16	59953593	0.6510099780968563	55.4605
chr16	60035773	0.48704918609972425	55.514
chr16	60120980	1.2669962917180724	55.5555
chr16	60153340	0.984044422576828	55.5965
chr16	60196021	2.027508356622228	55.6385
chr16	60214270	4.696319710995675	55.6755
chr16	60236415	0.3833286869250215	55.7795
chr16	60279459	0.0	55.796
chr16	60317803	0.03528145782981797	55.796
chr16	60431177	0.44506198302263333	55.8
chr16	60477238	0.23569913362708217	55.8205
chr16	60617247	0.4735988697844861	55.8535
chr16	60679536	0.3931783555313101	55.883
chr16	60699883	0.05391780231044373	55.891
chr16	60774070	0.10985389432049278	55.895
chr16	60810482	0.32233941050557613	55.899
chr16	60849261	0.0	55.9115
chr16	60867483	0.0	55.9115
chr16	61028626	0.07862030794004	55.9115
chr16	61187618	1.4225448837437416	55.924
chr16	61228390	0.9177186856477038	55.982
chr16	61250728	0.7103685391982976	56.0025
chr16	61285921	0.0	56.0275
chr16	61380018	2.47229326513183	56.0275
chr16	61391748	0.4660603526378115	56.0565
chr16	61506540	0.8453286661665887	56.11
chr16	61590531	0.1455980845763151	56.181
chr16	61621438	23.376623376624263	56.1855
chr16	61626058	0.7442621673226143	56.2935
chr16	61754373	0.9425558800985434	56.389
chr16	61802646	0.23974427277571497	56.4345
chr16	61821416	1.3804298061848672	56.439
chr16	61893495	1.0651130559761621	56.5385
chr16	61932458	3.5293010415360855	56.58
chr16	61964334	1.9318743818001978	56.6925
chr16	61996686	0.0	56.755
chr16	62026614	11.463609704078715	56.755
chr16	62049120	0.726617450444855	57.013
chr16	62066323	0.20216178333648574	57.0255
chr16	62251818	0.9721574117277756	57.063
chr16	62264676	0.331696370930043	57.0755
chr16	62489279	1.1330551970465246	57.15
chr16	62555913	33.96388650043019	57.2255
chr16	62558239	3.665689149560193	57.3045
chr16	62595749	0.5344686183986198	57.442
chr16	62704268	0.0	57.5
chr16	62785979	0.14748174913346299	57.5
chr16	62813101	2.7785105073419722	57.504
chr16	62869966	2.9457272078077765	57.662
chr16	62886770	6.647168306301452	57.7115
chr16	62909336	0.7089940965390467	57.8615
chr16	62943892	0.3362075785142771	57.886
chr16	62994456	0.4744272159222034	57.903
chr16	63037666	14.669926650367303	57.9235
chr16	63044210	1.0063737001006754	58.0195
chr16	63056134	0.643298710264487	58.0315
chr16	63088001	0.13221100877000191	58.052
chr16	63156074	0.8008317410363347	58.061
chr16	63191662	0.0	58.0895
chr16	63207557	3.3095048980670607	58.0895
chr16	63230219	0.8192423646613476	58.1645
chr16	63245477	4.010450087083994	58.177
chr16	63267295	17.730048431248658	58.2645
chr16	63291040	1.2732174955063251	58.6855
chr16	63457940	0.11755485893417374	58.898
chr16	63496220	0.0	58.9025
chr16	63527620	2.374932965601686	58.9025
chr16	63553726	0.4841833440929815	58.9645
chr16	63606392	0.0	58.99
chr16	63639922	0.29596744358104204	58.99
chr16	63653437	1.1940544324125444	58.994
chr16	63677724	0.0	59.023
chr16	63683623	4.6745877603869115	59.023
chr16	63736141	0.0	59.2685
chr16	63755341	0.0	59.2685
chr16	63765655	0.5843396961433802	59.2685
chr16	63773356	0.0	59.273
chr16	63780227	0.17530020159513468	59.273
chr16	63825863	0.41334611950672406	59.281
chr16	63856104	0.22296544035662114	59.2935
chr16	63874044	1.2523234932736753	59.2975
chr16	64001008	0.0	59.4565
chr16	64003958	8.476012883540305	59.4565
chr16	64009857	0.0	59.5065
chr16	64043274	3.1470532138086686	59.5065
chr16	64064246	4.528790166055811	59.5725
chr16	64068883	0.884389731603524	59.5935
chr16	64195524	0.0	59.7055
chr16	64244676	0.0	59.7055
chr16	64269019	0.0	59.7055
chr16	64295495	0.0	59.7055
chr16	64323971	0.0	59.7055
chr16	64339220	0.0	59.7055
chr16	64355818	2.4263431542461924	59.7055
chr16	64373128	0.4327716318194866	59.7475
chr16	64410099	0.3215103269117735	59.7635
chr16	64448978	0.4879448909298481	59.776
chr16	64466398	0.0	59.7845
chr16	64484679	0.6290704558909083	59.7845
chr16	64498191	0.28435345133985807	59.793
chr16	64512258	0.2381519409386097	59.797
chr16	64529054	3.5705177250702707	59.801
chr16	64540817	2.724283701268193	59.843
chr16	64562107	0.29991752268109645	59.901
chr16	64575444	2.010531354715251	59.905
chr16	64596334	0.6924248719013594	59.947
chr16	64632439	0.5395797625847746	59.972
chr16	64648192	9.919322840893967	59.9805
chr16	64663314	12.166111601984777	60.1305
chr16	64678027	0.6819731757217808	60.3095
chr16	64695623	1.9361084220717093	60.3215
chr16	64717316	3.3596692018014465	60.3635
chr16	64730859	7.339988256019068	60.409
chr16	64746186	0.1586546089163011	60.5215
chr16	64771398	0.5248131665125424	60.5255
chr16	64795216	0.47929447852771634	60.538
chr16	64821296	1.7161489617297805	60.5505
chr16	64850431	0.652741514360338	60.6005
chr16	64875709	0.5761173184357761	60.617
chr16	64904349	0.5671902268763189	60.6335
chr16	64927269	1.9728535353528625	60.6465
chr16	64933605	3.887412656234653	60.659
chr16	64953927	0.7593436307737308	60.738
chr16	64980924	7.04621487994788	60.7585
chr16	65014701	0.7901291416372441	60.9965
chr16	65110255	3.661840657014385	61.072
chr16	65133877	0.5049554098698389	61.1585
chr16	65192298	0.4273504273503942	61.188
chr16	65240268	3.6521784018170713	61.2085
chr16	65279012	0.22644927536228618	61.35
chr16	65336420	4.863157147421123	61.363
chr16	65364591	2.6423843633019524	61.5
chr16	65441794	1.0587202396322062	61.704
chr16	65461157	0.7344732357954545	61.7245
chr16	65478176	0.0	61.737
chr16	65495812	0.19549917455904817	61.737
chr16	65518830	0.15388462500231917	61.7415
chr16	65570817	0.0	61.7495
chr16	65577622	0.07196574430573452	61.7495
chr16	65688786	0.3246133282412814	61.7575
chr16	65714971	2.3389989084672647	61.766
chr16	65747036	0.2648831203230106	61.841
chr16	65762137	0.9006412565747153	61.845
chr16	65803774	4.779866033686702	61.8825
chr16	65849905	28.524427338754638	62.103
chr16	65866014	8.990414888407088	62.5625
chr16	65880307	6.594750889679596	62.691
chr16	65925267	0.7750976623054504	62.9875
chr16	66005902	0.0	63.05
chr16	66037653	0.18358729575935784	63.05
chr16	66059441	0.5376344086021402	63.054
chr16	66136631	0.2649146974673251	63.0955
chr16	66183816	0.33067416194778126	63.108
chr16	66208009	0.6205863471004379	63.116
chr16	66254739	2.0199872421857323	63.145
chr16	66306472	3.098528756130195	63.2495
chr16	66373762	1.0997067448680768	63.458
chr16	66384674	0.0	63.47
chr16	66419826	0.6470984107264504	63.47
chr16	66439143	0.5699678745380021	63.4825
chr16	66468092	1.167751377946449	63.499
chr16	66500205	2.9056569508763475	63.5365
chr16	66533244	3.5851839711545757	63.6325
chr16	66557650	1.033450035854528	63.72
chr16	66581357	0.6240995135589976	63.7445
chr16	66861761	3.1549722362441415	63.9195
chr16	66877609	1.111572207730867	63.9695
chr16	66911345	3.1964091403697665	64.007
chr16	66933401	0.0	64.0775
chr16	66956813	0.45427013930952664	64.0775
chr16	67003041	0.0	64.0985
chr16	67010586	1.5653344256539194	64.0985
chr16	67044764	1.9165085388994134	64.152
chr16	67071114	1.2150668286770623	64.2025
chr16	67074406	2.584976272232457	64.2065
chr16	67100325	1.8079800498755279	64.2735
chr16	67132405	1.221920513453339	64.3315
chr16	67172915	2.2489488608588286	64.381
chr16	67193369	5.387045813585779	64.427
chr16	67225019	1.5972399693333557	64.5975
chr16	67248497	2.6279564510074827	64.635
chr16	67264479	9.665773844182882	64.677
chr16	67281653	1.4771891562904427	64.843
chr16	67360519	2.281979662997243	64.9595
chr16	67415296	0.7109617373316753	65.0845
chr16	67438504	0.9473099663540444	65.101
chr16	67469117	1.6549339261456657	65.13
chr16	67509602	1.2475898831802672	65.197
chr16	67536053	1.3108337641237344	65.23
chr16	67590217	1.4022846979956503	65.301
chr16	67604836	0.27105559892451303	65.3215
chr16	67650952	0.23101357204722975	65.334
chr16	67685582	0.0	65.342
chr16	67706296	0.11730052394252993	65.342
chr16	67744659	0.0	65.3465
chr16	67749118	0.1317327800555841	65.3465
chr16	67809847	1.2315993196880415	65.3545
chr16	67826898	0.18820577164358981	65.3755
chr16	67914568	1.9134088692134816	65.392
chr16	67927895	1.8089130077290605	65.4175
chr16	67946138	0.3659357709531494	65.4505
chr16	67980297	1.0898158587001343	65.463
chr16	68006907	0.6911491644313891	65.492
chr16	68055377	0.6769861309328894	65.5255
chr16	68110031	2.3339471542976504	65.5625
chr16	68133382	2.734431217746984	65.617
chr16	68182021	1.4603941116907204	65.75
chr16	68207699	1.0785079400502278	65.7875
chr16	68234588	0.8469378814869999	65.8165
chr16	68268829	2.788000446080705	65.8455
chr16	68277796	0.12223623864414225	65.8705
chr16	68380057	0.5928525694231707	65.883
chr16	68422226	1.9112897910760143	65.908
chr16	68452572	1.0775309148750984	65.966
chr16	68472061	0.5286183011303421	65.987
chr16	68526921	2.0955041910084615	66.016
chr16	68542669	0.4910172722545175	66.049
chr16	68577291	2.430031841796243	66.066
chr16	68589225	2.8602482695496345	66.095
chr16	68624187	0.8945598961918112	66.195
chr16	68675050	1.5707981150423214	66.2405
chr16	68701788	0.4652729868920785	66.2825
chr16	68764117	1.140595903165889	66.3115
chr16	68785597	1.138744647900414	66.336
chr16	68818528	0.3290826820230915	66.3735
chr16	68830683	1.2502976899262204	66.3775
chr16	68881071	1.2725742856547286	66.4405
chr16	69024874	6.636164259245238	66.6235
chr16	69051320	0.8633521881511271	66.799
chr16	69084910	0.0	66.828
chr16	69106053	3.533744774039317	66.828
chr16	69126145	1.8654421712928577	66.899
chr16	69150536	3.4133000258417914	66.9445
chr16	69196972	3.4317580610568252	67.103
chr16	69224946	43.10344827586487	67.199
chr16	69226976	2.3710392559748596	67.2865
chr16	69411916	6.0628641105541945	67.725
chr16	69441440	0.0	67.904
chr16	69445153	4.002951484966112	67.904
chr16	69472258	1.4024196413546035	68.0125
chr16	69525737	2.2558951221587327	68.0875
chr16	69560978	0.0	68.167
chr16	69565478	0.0	68.167
chr16	69596265	1.5581663498394203	68.167
chr16	69628354	0.4478487815423968	68.217
chr16	69693108	1.084926389804545	68.246
chr16	69765924	1.399478814786042	68.325
chr16	69786646	0.0	68.354
chr16	69837906	1.6073478760046533	68.354
chr16	69864036	1.7780502759041301	68.396
chr16	69880346	0.7523596735215278	68.425
chr16	69924208	0.0	68.458
chr16	69943664	0.7731009939870216	68.458
chr16	70025154	4.719779923405021	68.521
chr16	70043693	0.0	68.6085
chr16	70049837	0.4010569028969498	68.6085
chr16	70071031	0.3827329451878528	68.617
chr16	70114142	0.0	68.6335
chr16	70139504	0.0	68.6335
chr16	70152279	0.0	68.6335
chr16	70172659	0.0	68.6335
chr16	70184835	0.0	68.6335
chr16	70224171	7.925113421007186	68.6335
chr16	70258997	1.2240227774675096	68.9095
chr16	70296578	0.360624207719402	68.9555
chr16	70342332	2.785515320334739	68.972
chr16	70367821	0.9018857611365684	69.043
chr16	70386116	1.77871205077402	69.0595
chr16	70435590	1.4033380734975458	69.1475
chr16	70489034	0.0	69.2225
chr16	70515291	0.0	69.2225
chr16	70551772	0.4703802953420301	69.2225
chr16	70586850	0.0	69.239
chr16	70588209	0.0	69.239
chr16	70601601	0.0	69.239
chr16	70616812	0.3233783526725491	69.239
chr16	70643097	0.0	69.2475
chr16	70645904	0.0	69.2475
chr16	70669574	0.38374717832947874	69.2475
chr16	70691724	0.27911754197934174	69.256
chr16	70736508	0.293298137556143	69.2685
chr16	70750146	1.7272061132629148	69.2725
chr16	70769252	0.0	69.3055
chr16	70782333	0.0	69.3055
chr16	70792118	809.5238095242914	69.3055
chr16	70792139	7.700770077007576	69.3225
chr16	70814864	0.25314661239194663	69.4975
chr16	70913621	0.0	69.5225
chr16	70930427	2.709419817470864	69.5225
chr16	70954971	0.2012739456796655	69.589
chr16	70997202	0.17464876193461445	69.5975
chr16	71022968	0.10183040146612046	69.602
chr16	71062249	0.659141468238426	69.606
chr16	71074386	2.8212362144140593	69.614
chr16	71086083	7.278020378455957	69.647
chr16	71096388	1.8853851572537228	69.722
chr16	71120521	3.2483112472779916	69.7675
chr16	71147612	4.24389398925846	69.8555
chr16	71153385	0.0	69.88
chr16	71168094	0.0	69.88
chr16	71192690	0.0	69.88
chr16	71205049	0.9491525423729174	69.88
chr16	71227174	1.9522006625651473	69.901
chr16	71244078	0.33562678301769494	69.934
chr16	71255996	0.0	69.938
chr16	71272173	0.681690592669657	69.938
chr16	71309580	0.3923299494879985	69.9635
chr16	71329971	0.33594624859970623	69.9715
chr16	71343366	0.25477707006400563	69.976
chr16	71359066	0.5011024253358526	69.98
chr16	71384011	1.4043981640061938	69.9925
chr16	71398608	8.209374122929429	70.013
chr16	71412860	6.7547615532268255	70.13
chr16	71426406	5.466584539574835	70.2215
chr16	71439394	3.2009925558310344	70.2925
chr16	71479694	2.10008615738115	70.4215
chr16	71507550	1.1125827814569957	70.48
chr16	71545300	1.8873622225571096	70.522
chr16	71558546	2.8737161407057656	70.547
chr16	71596128	5.829381824509521	70.655
chr16	71619115	0.3380376912029822	70.789
chr16	71630948	0.4815225907547458	70.793
chr16	71692212	0.0	70.8225
chr16	71742729	1.0798851634313171	70.8225
chr16	71780696	6.04120267260536	70.8635
chr16	71798656	8.169752397947981	70.972
chr16	71816588	7.281553398058193	71.1185
chr16	71837806	17.561634582911385	71.273
chr16	71858533	11.492880384489242	71.637
chr16	71892032	5.136182202394428	72.022
chr16	71909068	4.845788126295009	72.1095
chr16	71925474	3.9919759277835967	72.189
chr16	71950399	1.5959872321022037	72.2885
chr16	71963557	0.9756550826984202	72.3095
chr16	71985081	2.789466972711224	72.3305
chr16	72016449	1.8702023726446075	72.418
chr16	72052274	0.0	72.485
chr16	72072529	0.20882276168127845	72.485
chr16	72091684	0.43678669914048535	72.489
chr16	72340089	0.0	72.5975
chr16	72348368	1.2238237693791885	72.5975
chr16	72352045	2.276443617942158	72.602
chr16	72383234	2.219706224115855	72.673
chr16	72416797	1.6155385434450233	72.7475
chr16	72471268	1.671514057433128	72.8355
chr16	72501181	4.981628038440488	72.8855
chr16	72515333	3.3513861333047346	72.956
chr16	72533982	0.9783681895698809	73.0185
chr16	72589687	0.3986034471995112	73.073
chr16	72797914	0.0	73.156
chr16	72802055	2.5317712470208362	73.156
chr16	72812127	1.2251298637658379	73.1815
chr16	72822330	3.6377708978325884	73.194
chr16	72841710	1.552941176471316	73.2645
chr16	72852335	0.0	73.281
chr16	72868184	3.544101769703376	73.281
chr16	72889487	1.1364126760361888	73.3565
chr16	72959004	9.096437439821123	73.4355
chr16	72978737	0.8465292301568628	73.615
chr16	72998819	7.586954379741667	73.632
chr16	73019117	1.217285453438838	73.786
chr16	73139056	0.0	73.932
chr16	73153510	3.1028667790888544	73.932
chr16	73168335	2.5035205758098273	73.978
chr16	73206681	7.928872375012584	74.074
chr16	73236824	10.504760385085415	74.313
chr16	73255625	4.0885628905191	74.5105
chr16	73292435	13.38708072061339	74.661
chr16	73312529	0.3882247419643685	74.93
chr16	73387228	10.49201461004105	74.959
chr16	73401191	5.330889229733204	75.1055
chr16	73427922	7.115206368245888	75.248
chr16	73446263	5.492341356674065	75.3785
chr16	73469113	1.7781796262808167	75.504
chr16	73485703	0.5467996140236702	75.5335
chr16	73501248	1.7686225551389834	75.542
chr16	73515666	1.5202283445025624	75.5675
chr16	73531782	4.045723092730695	75.592
chr16	73547354	1.7876738999610446	75.655
chr16	73575603	1.4514145141450798	75.7055
chr16	73595928	2.638730881051725	75.735
chr16	73627572	7.7860528097494655	75.8185
chr16	73649727	2.5752995185313226	75.991
chr16	73667589	0.7011465808791515	76.037
chr16	73679712	4.8815086782372425	76.0455
chr16	73691696	1.717369970559437	76.104
chr16	73703924	4.454618573284831	76.125
chr16	73720087	4.507936507936378	76.197
chr16	73735837	5.996145335141922	76.268
chr16	73749846	1.8968476199079394	76.352
chr16	73783059	0.0	76.415
chr16	73795707	5.281690140843484	76.415
chr16	73803659	1.8574805808857064	76.457
chr16	73812542	1.539224126685907	76.4735
chr16	73850873	3.407387215483942	76.5325
chr16	73858210	1.6355140186916508	76.5575
chr16	73871050	3.647586980920187	76.5785
chr16	73906690	2.633578784622958	76.7085
chr16	73944851	7.495699188989916	76.809
chr16	73961127	0.23175918857012634	76.931
chr16	73997803	3.708073487274906	76.9395
chr16	74021535	3.0200075500186645	77.0275
chr16	74050674	3.989010408411541	77.1155
chr16	74069601	2.2749431264219258	77.191
chr16	74078832	6.80582888201655	77.212
chr16	74121516	2.956175298804855	77.5025
chr16	74184266	4.9591027085272215	77.688
chr16	74265934	9.346244640362412	78.093
chr16	74286691	11.955737310560155	78.287
chr16	74307476	1.1812352345596129	78.5355
chr16	74343032	0.7575757575759298	78.5775
chr16	74359532	0.6703910614525393	78.59
chr16	74372957	0.20350020349972922	78.599
chr16	74392613	2.0490303695573404	78.603
chr16	74433608	0.8319467554089991	78.687
chr16	74439017	3.769109119662643	78.6915
chr16	74457987	4.733644199519415	78.763
chr16	74479218	3.9555006180468877	78.8635
chr16	74499443	6.092724781888065	78.9435
chr16	74513312	6.384704927863325	79.028
chr16	74541661	2.587719298245504	79.209
chr16	74598661	1.1721982164203397	79.3565
chr16	74620415	1.5839493136216667	79.382
chr16	74660189	2.258265474124538	79.445
chr16	74705135	1.6048607738864578	79.5465
chr16	74789566	3.387096774193677	79.682
chr16	74801966	3.7497035807443964	79.724
chr16	74835702	3.3954824262486167	79.8505
chr16	74876786	4.279421019509884	79.99
chr16	74892676	14.720314033365334	80.058
chr16	74903885	5.985915492956305	80.223
chr16	74906725	53.742038216568204	80.24
chr16	74907981	5.225125069482718	80.3075
chr16	74916976	2.2681766987862946	80.3545
chr16	74948940	1.399560300083779	80.427
chr16	75037182	0.0	80.5505
chr16	75047828	3.3477747144544034	80.5505
chr16	75068140	1.435306443163965	80.6185
chr16	75115865	1.6200738452266734	80.687
chr16	75142407	3.575337468077307	80.73
chr16	75169817	2.120465356180679	80.828
chr16	75222164	0.15238224238959994	80.939
chr16	75251695	7.144050802138715	80.9435
chr16	75263663	1.8919130502858776	81.029
chr16	75340305	4.705488940906088	81.174
chr16	75361238	2.3645985812409407	81.2725
chr16	75370119	2.4796571813762975	81.2935
chr16	75390888	0.10535187526350843	81.345
chr16	75428856	1.7619120576065677	81.349
chr16	75448437	1.6836667974370447	81.3835
chr16	75479025	0.7996417604910271	81.435
chr16	75510289	1.4477139586560057	81.46
chr16	75584544	2.3786516018734543	81.5675
chr16	75611450	9.516096375783972	81.6315
chr16	75621328	4.418844566712603	81.7255
chr16	75650408	2.4004237989605377	81.854
chr16	75680611	1.529469601791593	81.9265
chr16	75717225	4.040504813687987	81.9825
chr16	75737272	4.588597649129002	82.0635
chr16	75753181	0.7053607416363682	82.1365
chr16	75777991	2.661281971626851	82.154
chr16	75826276	2.0016948657257307	82.2825
chr16	75860497	5.678728931311188	82.351
chr16	75877050	5.523283496810488	82.445
chr16	75898052	4.166666666666331	82.561
chr16	75926852	0.4741542310265902	82.681
chr16	76098737	0.7246982746605415	82.7625
chr16	76134614	0.3929787791465615	82.7885
chr16	76146065	2.29265003371489	82.793
chr16	76153480	0.35027213450425765	82.81
chr16	76190594	0.25943836782139934	82.823
chr16	76238775	2.4933510638298815	82.8355
chr16	76250807	22.4719101123585	82.8655
chr16	76253299	2.051159990479302	82.9215
chr16	76324722	0.6278449223042611	83.068
chr16	76426658	0.46154263839480647	83.132
chr16	76463491	1.8950161076369867	83.149
chr16	76479322	1.4860381531658269	83.179
chr16	76493790	2.849772018238507	83.2005
chr16	76510458	1.265822784810073	83.248
chr16	76533763	0.8524526279895901	83.2775
chr16	76554292	0.14166430559487264	83.295
chr16	76614293	0.5922833935018275	83.3035
chr16	76649749	0.20686801820406678	83.3245
chr16	76671502	1.2728983341635327	83.329
chr16	76725709	1.0702593805088776	83.398
chr16	76757477	8.338748104829778	83.432
chr16	76762094	1.0536120569867093	83.4705
chr16	76827583	1.0799136069112656	83.5395
chr16	76859530	0.751879699249336	83.574
chr16	76865515	0.8688677984220705	83.5785
chr16	76880477	3.6390101892286677	83.5915
chr16	76896965	1.059582309582568	83.6515
chr16	76929525	0.0	83.686
chr16	76976570	1.5749235474003092	83.686
chr16	77009270	1.5078180365194815	83.7375
chr16	77075591	1.1533242876523682	83.8375
chr16	77082961	11.15956900974719	83.846
chr16	77086859	0.782393619706373	83.8895
chr16	77126481	1.188828906082377	83.9205
chr16	77177792	4.79527849502012	83.9815
chr16	77191347	4.936265933517104	84.0465
chr16	77199349	52.121771217711974	84.086
chr16	77200433	1.9513925847086722	84.1425
chr16	77211707	1.316704760011857	84.1645
chr16	77272085	3.485459100316002	84.244
chr16	77299628	0.5865159032345588	84.34
chr16	77351630	0.9272381871361943	84.3705
chr16	77417956	2.7195027195028225	84.432
chr16	77448844	2.7622481722849184	84.516
chr16	77479073	0.13442667025138297	84.5995
chr16	77546024	3.4645935440254196	84.6085
chr16	77575609	2.9317070877984306	84.711
chr16	77660713	7.800608828006083	84.9605
chr16	77684365	3.4767882048218564	85.145
chr16	77734555	2.9696109809611375	85.3195
chr16	77764862	0.5465808332321354	85.4095
chr16	77781328	1.6130766749113419	85.4185
chr16	77809225	0.723258469737354	85.4635
chr16	77953710	8.087385778804556	85.568
chr16	77963231	1.900093997583023	85.645
chr16	78037701	13.634592910010358	85.7865
chr16	78045402	0.15858471948134123	85.8915
chr16	78130530	0.0	85.905
chr16	78168921	0.9507697040029899	85.905
chr16	78240442	0.8972742264042618	85.973
chr16	78261060	4.001455074572035	85.9915
chr16	78274805	0.9127804348154774	86.0465
chr16	78341086	0.3731962182783356	86.107
chr16	78365202	0.7749866381613139	86.116
chr16	78383912	3.4577552510631278	86.1305
chr16	78407193	2.5858158173293857	86.211
chr16	78440258	1.2786568229670958	86.2965
chr16	78550921	0.30048076923065126	86.438
chr16	78569225	0.517448358653924	86.4435
chr16	78617539	0.3232331658081007	86.4685
chr16	78713445	1.3324873096447205	86.4995
chr16	78729205	0.7738511994693885	86.5205
chr16	78756342	0.3493616210377844	86.5415
chr16	78787828	0.0	86.5525
chr16	78811324	0.44113940005073116	86.5525
chr16	78835126	2.9556100825338656	86.563
chr16	78853058	0.9963940026564141	86.616
chr16	78863596	1.5943783400750553	86.6265
chr16	78897465	1.9355619178193404	86.6805
chr16	78922264	0.5594817432272777	86.7285
chr16	78990184	0.0	86.7665
chr16	79013651	0.3277218159239247	86.7665
chr16	79100615	0.6533812479582084	86.795
chr16	79118981	0.5311644119843385	86.807
chr16	79179226	0.0	86.839
chr16	79194132	0.47772391096668726	86.839
chr16	79222391	0.24112814713802808	86.8525
chr16	79282525	0.0	86.867
chr16	79348703	0.7720631904021272	86.867
chr16	79365541	0.0	86.88
