Chromosome	Position(bp)	Rate(cM/Mb)	Map(cM)
chr12	0	0.0	0.0
chr12	94344	0.0	0.0
chr12	146372	0.0	0.0
chr12	178274	2.2918471729226644	0.0
chr12	214053	0.0	0.082
chr12	235097	0.0	0.082
chr12	248446	0.5815692399720848	0.082
chr12	278537	0.0	0.0995
chr12	324003	0.0	0.0995
chr12	353285	0.1407481546353058	0.0995
chr12	417229	0.6448492664839599	0.1085
chr12	429635	0.45239510896259344	0.1165
chr12	468318	2.4987980465092745	0.134
chr12	547356	0.33910566532531566	0.3315
chr12	569473	0.5062436719540999	0.339
chr12	622807	0.1830057998761193	0.366
chr12	658325	0.11518491609221893	0.3725
chr12	714756	1.5376123639804462	0.379
chr12	727438	1.7515250347285134	0.3985
chr12	760552	5.23349436392914	0.4565
chr12	765520	65.6170367673826	0.4825
chr12	771014	0.0	0.843
chr12	808414	0.0	0.843
chr12	905110	0.19383890495929568	0.843
chr12	938643	0.20170168474796527	0.8495
chr12	1263380	0.0	0.915
chr12	1280065	0.13911777925218738	0.915
chr12	1326788	0.9360341599882204	0.9215
chr12	1374329	5.339204623641119	0.966
chr12	1446999	0.0	1.354
chr12	1490572	0.0	1.354
chr12	1543546	19.64136614846328	1.354
chr12	1568697	0.0	1.848
chr12	1584934	0.9420540623678227	1.848
chr12	1610941	0.0	1.8725
chr12	1635961	24.138839491536576	1.8725
chr12	1651144	0.0	2.239
chr12	1702150	0.0	2.239
chr12	1724919	0.0	2.239
chr12	1768874	0.0	2.239
chr12	1794100	0.0	2.239
chr12	1829467	0.0	2.239
chr12	1893068	0.0	2.239
chr12	1945208	1.7545116012603867	2.239
chr12	1987100	0.1959862025713348	2.3125
chr12	2012612	0.0	2.3175
chr12	2065095	0.0	2.3175
chr12	2096737	0.3231166912850798	2.3175
chr12	2129233	0.0	2.328
chr12	2145857	0.3962488442742108	2.328
chr12	2198854	0.29377760087943455	2.349
chr12	2251615	0.0	2.3645
chr12	2259639	3.459027574783189	2.3645
chr12	2269902	6.077322946819639	2.4
chr12	2335885	0.0	2.801
chr12	2354755	1.1710973181871422	2.801
chr12	2371833	0.0	2.821
chr12	2407423	8.089639232237968	2.821
chr12	2427325	0.44622936189201096	2.982
chr12	2483350	2.399321571141955	3.007
chr12	2531697	0.19797798484808066	3.123
chr12	2607463	0.0	3.138
chr12	2639412	0.0	3.138
chr12	2676462	0.0	3.138
chr12	2724240	0.0	3.138
chr12	2738570	0.0	3.138
chr12	2785332	1.6013332367219772	3.138
chr12	2854337	0.0	3.2485
chr12	2902490	18.159108378170647	3.2485
chr12	2907694	0.0	3.343
chr12	2960696	0.0	3.343
chr12	2978848	0.0	3.343
chr12	2999681	0.21180457497882757	3.343
chr12	3020927	0.20027237042377208	3.3475
chr12	3045893	0.8753185256526019	3.3525
chr12	3245249	18.030627367034366	3.527
chr12	3251322	0.9260946134693621	3.6365
chr12	3284256	0.0	3.667
chr12	3289919	3.2967290816087167	3.667
chr12	3332537	5.969366344943339	3.8075
chr12	3380197	6.862675134993696	4.092
chr12	3422236	1.4606628387226712	4.3805
chr12	3432163	1.031101384621886	4.395
chr12	3455924	1.6144842299486755	4.4195
chr12	3507953	1.4883288452017256	4.5035
chr12	3673575	0.6284451527573527	4.75
chr12	3917033	0.8914311183746247	4.903
chr12	3943956	11.55912150676551	4.927
chr12	3973370	4.527102654301241	5.267
chr12	4023402	3.211639579349902	5.4935
chr12	4056874	15.899122807017537	5.601
chr12	4121626	2.163729645326819	6.6305
chr12	4144041	24.400746375771483	6.679
chr12	4199777	1.1522276401041858	8.039
chr12	4229719	1.4456897579587653	8.0735
chr12	4263267	0.8058150243388943	8.122
chr12	4324075	0.37418147801683016	8.171
chr12	4350800	3.6633325551744687	8.181
chr12	4406487	0.5858791175943024	8.385
chr12	4490122	0.0	8.434
chr12	4510198	0.9054435893033018	8.434
chr12	4574255	0.9081964731703297	8.492
chr12	4600681	0.19113636942838208	8.516
chr12	4679159	0.8796885528187579	8.531
chr12	4705873	26.334026334026323	8.5545
chr12	4724632	1.5278168024726	9.0485
chr12	4753104	1.25671198446245	9.092
chr12	4779363	0.8135406981658538	9.125
chr12	4826687	3.1647126342543186	9.1635
chr12	4887672	0.6473214285714267	9.3565
chr12	4910072	0.8121002943863573	9.371
chr12	4949476	0.47667405856872785	9.403
chr12	4997727	0.22004136777709832	9.426
chr12	5020450	0.0	9.431
chr12	5062508	3.410218253968457	9.431
chr12	5070572	2.1504838588682307	9.4585
chr12	5150554	1.1501944874315053	9.6305
chr12	5174463	0.32701111837803726	9.658
chr12	5229507	1.0772821709800655	9.676
chr12	5268494	0.15807777426494432	9.718
chr12	5296961	1.4422970244302817	9.7225
chr12	5387095	0.6564551422319723	9.8525
chr12	5393950	2.88530521850342	9.857
chr12	5426009	1.3600066162484004	9.9495
chr12	5534832	1.1279737489745747	10.0975
chr12	5661608	3.118082176988258	10.2405
chr12	5698650	0.08586721112839382	10.356
chr12	5908276	1.1377314623971353	10.374
chr12	5968923	0.0	10.443
chr12	5991039	0.36139165087612113	10.443
chr12	6042230	0.0	10.4615
chr12	6071892	0.06901205410545302	10.4615
chr12	6137098	0.21797397229309443	10.466
chr12	6199032	0.6645760212664332	10.4795
chr12	6247183	1.1002995996500513	10.5115
chr12	6284900	0.0	10.553
chr12	6296818	0.17509046340603068	10.553
chr12	6322519	0.709605925695515	10.5575
chr12	6373956	0.8851574002664467	10.594
chr12	6431008	5.186187346991354	10.6445
chr12	6462052	9.62553191489362	10.8055
chr12	6520802	0.3286270691333675	11.371
chr12	6561882	2.333333333333422	11.3845
chr12	6575382	1.304147062861134	11.416
chr12	6655511	3.590495525979377	11.5205
chr12	6682109	1.6349977905434836	11.616
chr12	6693424	0.4250335304229717	11.6345
chr12	6746361	1.5004725897920475	11.657
chr12	6788681	0.6100101172409743	11.7205
chr12	6855893	3.1420192710515655	11.7615
chr12	6877376	0.3346815540617312	11.829
chr12	6947592	3.158677071720596	11.8525
chr12	6971811	2.6505822932754284	11.929
chr12	6995768	3.650713260741117	11.9925
chr12	7043156	2.379607969670124	12.1655
chr12	7067950	15.011082006850668	12.2245
chr12	7097728	1.2200081333875419	12.6715
chr12	7127236	17.603113536727264	12.7075
chr12	7149590	0.0	13.101
chr12	7159209	2.906581452270862	13.101
chr12	7188625	0.0	13.1865
chr12	7233172	4.890346880505425	13.1865
chr12	7266094	0.11942199753194992	13.3475
chr12	7341457	1.0848601735776688	13.3565
chr12	7345605	2.6801667659319923	13.361
chr12	7354000	80.10335917312811	13.3835
chr12	7354387	0.0	13.4145
chr12	7365148	13.700838168923127	13.4145
chr12	7371352	0.27624309392264984	13.4995
chr12	7418412	0.5023659817203698	13.5125
chr12	7480120	2.341205211726425	13.5435
chr12	7504680	3.681272038657413	13.601
chr12	7565936	1.8673696764272005	13.8265
chr12	7629662	1.8077657542966648	13.9455
chr12	7668937	1.228102226823363	14.0165
chr12	7718200	0.9259072885006393	14.077
chr12	7817562	0.9380198931011123	14.169
chr12	7874064	1.8614923489509438	14.222
chr12	7937454	0.3734646453469213	14.34
chr12	7973602	0.43404760816922766	14.3535
chr12	8083037	7.62613403208663	14.401
chr12	8123490	3.9451761969130366	14.7095
chr12	8155301	3.0415806327971247	14.835
chr12	8236180	5.362686988427922	15.081
chr12	8253895	1.323037968908604	15.176
chr12	8341572	3.394616678682995	15.292
chr12	8358216	26.631853785900866	15.3485
chr12	8367791	14.043109079033302	15.6035
chr12	8375446	156.63992869875247	15.711
chr12	8379934	5.617836631304397	16.414
chr12	8419807	1.2986544496951407	16.638
chr12	8502970	0.22344312715232265	16.746
chr12	8541011	1.8232351306281434	16.7545
chr12	8585986	1.9701684367178263	16.8365
chr12	8645118	1.5630280500169567	16.953
chr12	8680626	1.7859332842776319	17.0085
chr12	8745858	2.5708311998634543	17.125
chr12	8792730	0.20209164856269063	17.2455
chr12	8812523	0.2823558939178556	17.2495
chr12	8860335	3.1368448568814395	17.263
chr12	8913892	1.1498770676880303	17.431
chr12	9033470	0.0	17.5685
chr12	9094058	1.5937231825425893	17.5685
chr12	9110372	1.6909819015409673	17.5945
chr12	9181041	0.32447666549240445	17.714
chr12	9234974	16.028037383177402	17.7315
chr12	9245674	3.1123919308357504	17.903
chr12	9280374	3.1998291587445995	18.011
chr12	9425538	0.7020679091141013	18.4755
chr12	9535214	0.5014271387796682	18.5525
chr12	9561140	2.3093447905477587	18.5655
chr12	9570450	2.7462921413794286	18.587
chr12	9639088	15.255215634534403	18.7755
chr12	9651215	8.635117762631324	18.9605
chr12	9692442	2.3178210678210487	19.3165
chr12	9747882	4.314886357934801	19.445
chr12	9767813	10.082567740434985	19.531
chr12	9810808	4.262071715795405	19.9645
chr12	9870990	10.400210637177544	20.221
chr12	9886182	0.07011147724878677	20.379
chr12	9943234	1.239076561888609	20.383
chr12	10012237	0.11158223610804886	20.4685
chr12	10048085	4.3988269794721555	20.4725
chr12	10094802	4.831210834849419	20.678
chr12	10144272	5.070553124909424	20.917
chr12	10213298	1.2139348427530705	21.267
chr12	10231009	13.755980861244035	21.2885
chr12	10266121	1.6020252763987959	21.7715
chr12	10316682	0.2854715378079972	21.8525
chr12	10463807	3.5296186504546903	21.8945
chr12	10503613	0.0	22.035
chr12	10568231	0.48898958452186825	22.035
chr12	10629582	0.0	22.065
chr12	10643841	0.0	22.065
chr12	10705913	1.3855683547053583	22.065
chr12	10724317	0.6300576896572099	22.0905
chr12	10825895	6.678356900346986	22.1545
chr12	10879501	0.0	22.5125
chr12	10898321	0.0	22.5125
chr12	10974663	1.4428204002258131	22.5125
chr12	11022486	2.3063485998144553	22.5815
chr12	11059124	0.0	22.666
chr12	11070622	3.440366972476955	22.666
chr12	11085446	0.08317564617082897	22.717
chr12	11133537	1.2636339451981864	22.721
chr12	11201199	3.8682526082354998	22.8065
chr12	11240881	0.2243601249237048	22.96
chr12	11296595	1.6980737747744634	22.9725
chr12	11354013	1.832868895966001	23.07
chr12	11414301	3.5773119286799067	23.1805
chr12	11476219	2.7916041189328196	23.402
chr12	11514190	1.568096914538723	23.508
chr12	11579237	0.5900776179021232	23.61
chr12	11601268	0.9682053844711976	23.623
chr12	11649295	5.529337183912095	23.6695
chr12	11677689	13.519738357363382	23.8265
chr12	11699398	2.1123184726312423	24.12
chr12	11797868	4.2786368413151274	24.328
chr12	11844495	4.438710805964992	24.5275
chr12	11867362	2.2576786346098823	24.629
chr12	11926715	6.333949476278445	24.763
chr12	11967290	15.30215939102069	25.02
chr12	11986601	23.088714313086765	25.3155
chr12	12017915	2.0383861389742526	26.0385
chr12	12210224	0.2566812622678999	26.4305
chr12	12243339	3.4146478556573845	26.439
chr12	12278921	2.6028136874382186	26.5605
chr12	12377084	0.12616704516780694	26.816
chr12	12412751	0.6726216099871112	26.8205
chr12	12468503	0.7044852225838101	26.858
chr12	12498312	0.06219969211148957	26.879
chr12	12562621	1.0112334850183422	26.883
chr12	12608110	1.776920005324125	26.929
chr12	12683240	0.238382365313956	27.0625
chr12	12754554	5.4477579545947314	27.0795
chr12	12777591	0.7672030530747428	27.205
chr12	12853842	1.455726110086448	27.2635
chr12	12919445	0.0	27.359
chr12	12946279	0.6269130066010052	27.359
chr12	12973396	0.0	27.376
chr12	12986786	2.3350111856822493	27.376
chr12	13022546	6.042702822567913	27.4595
chr12	13085680	0.7054081289888224	27.841
chr12	13115450	1.6239038648912214	27.862
chr12	13177030	0.594851827817457	27.962
chr12	13204768	0.0	27.9785
chr12	13244103	11.531909317258677	27.9785
chr12	13251734	0.7279947054930002	28.0665
chr12	13297064	1.4533289459251848	28.0995
chr12	13351766	3.3553293815009986	28.179
chr12	13396471	1.18868010789557	28.329
chr12	13483963	0.8265363585169674	28.433
chr12	13539012	0.10224716548136081	28.4785
chr12	13583023	0.39777247414480427	28.483
chr12	13613191	0.6166041013867734	28.495
chr12	13742123	1.6040729504480726	28.5745
chr12	13799477	1.0520722635494553	28.6665
chr12	13846527	0.9853381680592219	28.716
chr12	13859213	3.1023647209202836	28.7285
chr12	13896765	0.9766419793277406	28.845
chr12	13982774	0.03140013188056438	28.929
chr12	14110162	2.645055699276689	28.933
chr12	14204867	0.3058777467821777	29.1835
chr12	14327465	0.39293688337085425	29.221
chr12	14655762	0.6013622161504893	29.35
chr12	14732255	3.3907500339075485	29.396
chr12	14747001	3.060003681207334	29.446
chr12	14768733	1.1612243950021892	29.5125
chr12	14790262	0.0	29.5375
chr12	14815656	3.974990683615589	29.5375
chr12	14839807	8.524203887868557	29.6335
chr12	14868666	2.5896267998824243	29.8795
chr12	14895890	0.4746975183255239	29.95
chr12	14941182	1.8297823421214219	29.9715
chr12	14993374	0.6037258509659842	30.067
chr12	15028158	0.49926936190936216	30.088
chr12	15069218	0.0	30.1085
chr12	15089609	0.35845316914771347	30.1085
chr12	15137035	0.18349465571815918	30.1255
chr12	15202432	0.13676148796499424	30.1375
chr12	15235336	2.5507713337239206	30.142
chr12	15276304	0.0	30.2465
chr12	15276311	0.14890076202151095	30.2465
chr12	15333396	0.0	30.255
chr12	15362590	4.821571156562975	30.255
chr12	15378871	1.4672480395245089	30.3335
chr12	15439188	1.6226240148353932	30.422
chr12	15493113	4.5898751757194045	30.5095
chr12	15552156	0.0	30.7805
chr12	15565926	0.8775008775008899	30.7805
chr12	15622906	0.1865062712732682	30.8305
chr12	15644353	3.2012710231618047	30.8345
chr12	15813036	5.002084201750658	31.3745
chr12	15853819	3.2314354036063277	31.5785
chr12	15884765	4.637627509049035	31.6785
chr12	15933389	0.0	31.904
chr12	15933794	0.0	31.904
chr12	16010787	3.2782844466355106	31.904
chr12	16031072	1.3712661908537933	31.9705
chr12	16061336	0.7018923016452355	32.012
chr12	16150381	1.3235294117646652	32.0745
chr12	16228581	0.0	32.178
chr12	16271773	0.24402147388971154	32.178
chr12	16290214	0.7660203919912163	32.1825
chr12	16328072	0.0	32.2115
chr12	16401453	3.284889508261884	32.2115
chr12	16431591	0.39970307771371355	32.3105
chr12	16484130	0.0	32.3315
chr12	16490369	0.5695539253657831	32.3315
chr12	16512316	0.6885615323624181	32.344
chr12	16536279	0.0	32.3605
chr12	16552711	0.07534375588618918	32.3605
chr12	16605801	0.0	32.3645
chr12	16647299	0.0	32.3645
chr12	16662475	0.11861899578550829	32.3645
chr12	16734133	0.0	32.373
chr12	16761023	0.0	32.373
chr12	16777198	0.28917780965166434	32.373
chr12	16820424	0.0	32.3855
chr12	16900640	0.0	32.3855
chr12	16950391	0.0	32.3855
chr12	16973697	0.0	32.3855
chr12	16995968	0.0	32.3855
chr12	17032401	0.0	32.3855
chr12	17116573	0.20387879405700124	32.3855
chr12	17155812	0.1978337207575935	32.3935
chr12	17196250	1.2437997332573827	32.4015
chr12	17262981	0.0	32.4845
chr12	17276347	2.9930188024909574	32.4845
chr12	17342668	3.7895287045911354	32.683
chr12	17365626	0.8510586928703683	32.77
chr12	17448464	0.0	32.8405
chr12	17455904	0.5592841163310527	32.8405
chr12	17492558	0.0	32.861
chr12	17585122	0.18654976214928123	32.861
chr12	17606564	0.0	32.865
chr12	17641882	1.0872010197195738	32.865
chr12	17695230	0.5760206805473155	32.923
chr12	17730819	1.4883637019665006	32.9435
chr12	17775163	0.46030542618856024	33.0095
chr12	17793629	0.0	33.018
chr12	17804694	0.0	33.018
chr12	17831990	0.057258721850588105	33.018
chr12	17980439	0.7239819004527305	33.0265
chr12	17991489	3999.999999997783	33.0345
chr12	17991490	1.0292301358586118	33.0385
chr12	18003635	0.6950690980454619	33.051
chr12	18015864	1.2628758428322997	33.0595
chr12	18061395	0.0	33.117
chr12	18064349	0.4769854519437338	33.117
chr12	18089507	0.27219188703212893	33.129
chr12	18150126	0.9438414346390611	33.1455
chr12	18203101	0.1773271581757824	33.1955
chr12	18251035	0.28269233421126644	33.204
chr12	18323552	0.7555290993177629	33.2245
chr12	18367230	0.29692280007199257	33.2575
chr12	18422800	1.4176353841792428	33.274
chr12	18454543	0.8084272415481752	33.319
chr12	18515773	2.019509221155316	33.3685
chr12	18581383	2.331002331002554	33.501
chr12	18598972	0.40767386091117286	33.542
chr12	18619822	0.24362019611423105	33.5505
chr12	18685498	3.39396574631019	33.5665
chr12	18726895	1.656377051648911	33.707
chr12	18746818	1.1873515810524133	33.74
chr12	18770821	1.1036286184256525	33.7685
chr12	18841950	1.7780938833564348	33.847
chr12	18848980	5.18195736662368	33.8595
chr12	18874453	4.146737977993977	33.9915
chr12	18959339	3.219727417251682	34.3435
chr12	19071305	6.710534888266436	34.704
chr12	19086654	1.6111087028768691	34.807
chr12	19155861	15.184593193247755	34.9185
chr12	19181512	6.329113924050549	35.308
chr12	19210821	1.667254763585102	35.4935
chr12	19267501	1.0636171549311928	35.588
chr12	19337545	2.5694481330004812	35.6625
chr12	19412853	3.6220038887071966	35.856
chr12	19470970	1.9808268061813927	36.0665
chr12	19504037	24.06832298136691	36.132
chr12	19509189	2.8282272365927086	36.256
chr12	19574601	21.208170360712714	36.441
chr12	19586106	3.246966757636504	36.685
chr12	19646932	0.0	36.8825
chr12	19654146	1.2007430011940916	36.8825
chr12	19729516	0.3527114479571836	36.973
chr12	20022957	3.2327586206897774	37.0765
chr12	20026669	0.28116966580968417	37.0885
chr12	20101357	0.6523938861373834	37.1095
chr12	20138911	0.41412154467349993	37.134
chr12	20158229	0.1703613790752692	37.142
chr12	20205188	0.8707401291098474	37.15
chr12	20238493	0.26700757330572567	37.179
chr12	20300289	0.8646245059287965	37.1955
chr12	20352913	0.0	37.241
chr12	20361393	0.6131207847948092	37.241
chr12	20374441	8.56519933554813	37.249
chr12	20393705	0.29570861882435495	37.414
chr12	20463030	0.7035607035606489	37.4345
chr12	20521305	0.12658227848116735	37.4755
chr12	20552905	0.26561669947807737	37.4795
chr12	20584906	0.9475939353987713	37.488
chr12	20645586	3.5437430786268025	37.5455
chr12	20681706	1.6950313323974207	37.6735
chr12	20740112	0.3940026408825556	37.7725
chr12	20834020	4.729011689691745	37.8095
chr12	20881070	3.154547309706902	38.032
chr12	20939874	4.5039269113639815	38.2175
chr12	21002264	4.509720275458472	38.4985
chr12	21018673	9.95415057915067	38.5725
chr12	21043537	0.0	38.82
chr12	21056182	6.098707718760828	38.82
chr12	21093403	6.645160331217428	39.047
chr12	21160670	12.225673915221954	39.494
chr12	21180628	1.4407021760759902	39.738
chr12	21383654	0.725857964113541	40.0305
chr12	21418096	1.8680888246104919	40.0555
chr12	21451285	0.6380374488919841	40.1175
chr12	21489684	3.630779486691022	40.142
chr12	21531686	3.132725979611919	40.2945
chr12	21590740	4.909253198452605	40.4795
chr12	21607545	0.9126863401278107	40.562
chr12	21643702	3.2369034075519303	40.595
chr12	21680620	8.405289882096424	40.7145
chr12	21715479	2.6897248898837627	41.0075
chr12	21743177	14.254038644281962	41.082
chr12	21749491	2.3966382580846894	41.172
chr12	21842538	3.786328284895521	41.395
chr12	21852310	7.290991574853305	41.432
chr12	21858482	4.555494202098297	41.477
chr12	21901946	6.546096699549489	41.675
chr12	21951212	1.3749161636484513	41.9975
chr12	21995942	5.2567860328787805	42.059
chr12	22027330	37.109561562709	42.224
chr12	22037799	8.207182614244708	42.6125
chr12	22094213	8.38316958564773	43.0755
chr12	22103577	0.7406988578535905	43.154
chr12	22192007	0.0	43.2195
chr12	22221415	0.6787888760902018	43.2195
chr12	22245723	2.5736944486010964	43.236
chr12	22279138	9.210159084565364	43.322
chr12	22286304	1.5671312985660617	43.388
chr12	22386168	0.23535926900174314	43.5445
chr12	22422283	1.020347979946929	43.553
chr12	22507058	8.065135571088442	43.6395
chr12	22533096	2.5986827366817433	43.8495
chr12	22555415	17.107526381851244	43.9075
chr12	22576926	4.930057686282429	44.2755
chr12	22631185	2.3447262982955923	44.543
chr12	22708806	0.3615989827544861	44.725
chr12	22834636	0.3566863834973235	44.7705
chr12	22868279	0.0	44.7825
chr12	22897546	0.0	44.7825
chr12	22942054	7.348362187071848	44.7825
chr12	22966141	2.977683049147518	44.9595
chr12	23029949	3.0009137730518693	45.1495
chr12	23078101	0.9925694798636044	45.294
chr12	23478073	4.006063230835755	45.691
chr12	23505781	10.536247837710357	45.802
chr12	23537576	0.09211283822677681	46.137
chr12	23581001	3.0309236125334906	46.141
chr12	23605416	0.8731783692640118	46.215
chr12	23638628	2.6967474594665943	46.244
chr12	23669035	0.8768886833178574	46.326
chr12	23720923	0.37735849056605203	46.3715
chr12	23776573	1.1165387299375678	46.3925
chr12	23783738	1.0504381095530486	46.4005
chr12	23842285	0.0	46.462
chr12	23890635	2.2477682872003464	46.462
chr12	23921777	0.7077074054503174	46.532
chr12	23974765	4.963863848305971	46.5695
chr12	24026237	1.932385276349751	46.825
chr12	24079539	0.3490553689080096	46.928
chr12	24102458	0.845594452900341	46.936
chr12	24132023	0.20081833471402644	46.961
chr12	24171860	1.1993022241605338	46.969
chr12	24199376	0.7036179581460531	47.002
chr12	24287492	0.07468538780383478	47.064
chr12	24341050	0.1589279357168647	47.068
chr12	24419702	0.0	47.0805
chr12	24489638	0.15479277117750023	47.0805
chr12	24515479	0.493287762939972	47.0845
chr12	24572241	0.3108756746002846	47.1125
chr12	24612450	0.0	47.125
chr12	24626976	0.0	47.125
chr12	24637545	0.6997019269790671	47.125
chr12	24709004	1.4500954940939035	47.175
chr12	24723141	8.804646896973301	47.1955
chr12	24739496	0.3875968992248209	47.3395
chr12	24824636	0.5573759416275589	47.3725
chr12	24854239	0.0	47.389
chr12	24880434	0.4002801961373113	47.389
chr12	24910413	0.5920996983109282	47.401
chr12	24945880	0.48411056289463306	47.422
chr12	25021276	4.193581115357379	47.4585
chr12	25050845	4.000329924117434	47.5825
chr12	25147837	1.3848431307005356	47.9705
chr12	25189719	1.3012211459985288	48.0285
chr12	25319597	0.5700069282609983	48.1975
chr12	25478367	5.449641960383267	48.288
chr12	25532132	0.15525539512498648	48.581
chr12	25590101	0.0	48.59
chr12	25592934	0.5754077762250841	48.59
chr12	25678091	3.0195446892612554	48.639
chr12	25705413	4.939853370346663	48.7215
chr12	25775658	1.0044760864202262	49.0685
chr12	25804031	1.1004034812765098	49.097
chr12	25834020	1.896140046222385	49.13
chr12	25912337	2.020316453306131	49.2785
chr12	25938818	3.5270776691894667	49.332
chr12	25979645	0.21909475203623965	49.476
chr12	26018441	17.467726642841487	49.4845
chr12	26032152	0.4951332029080492	49.724
chr12	26114958	2.9788342867971913	49.765
chr12	26199387	2.3816355810616474	50.0165
chr12	26216812	3.543890865954987	50.058
chr12	26250532	0.1558360604643051	50.1775
chr12	26276200	0.8733855600254407	50.1815
chr12	26295092	2.2808174027686463	50.198
chr12	26333017	4.192337981192324	50.2845
chr12	26376191	1.4068209500609545	50.4655
chr12	26458291	1.3535129814198636	50.581
chr12	26507053	0.31348513435914066	50.647
chr12	26677715	0.0	50.7005
chr12	26722990	0.32063372312354055	50.7005
chr12	26749500	4.678240981390805	50.709
chr12	26768738	0.19038754442376757	50.799
chr12	26792374	0.0	50.8035
chr12	26810951	3.365253077975504	50.8035
chr12	26829226	2.1400425743918765	50.865
chr12	26873384	2.139152981849692	50.9595
chr12	26896524	0.699394981209013	51.009
chr12	26955861	0.4519062226117612	51.0505
chr12	26992373	0.8408285983642381	51.067
chr12	27031620	2.493789232140401	51.1
chr12	27084351	6.811769447803468	51.2315
chr12	27109161	1.0541161683516658	51.4005
chr12	27382850	0.0	51.689
chr12	27389643	0.0	51.689
chr12	27543701	0.0	51.689
chr12	27584665	0.19343191196699494	51.689
chr12	27607929	0.29539915811223566	51.6935
chr12	27621470	0.1728379999594351	51.6975
chr12	27670649	0.4679457182964183	51.706
chr12	27687745	0.0	51.714
chr12	27842260	0.0	51.714
chr12	27863623	0.0	51.714
chr12	27939155	0.14032625855130287	51.714
chr12	27967660	0.1009625092547411	51.718
chr12	28012231	0.15825288811526095	51.7225
chr12	28062783	0.0	51.7305
chr12	28135339	0.0	51.7305
chr12	28183749	0.0	51.7305
chr12	28183969	0.778103258879344	51.7305
chr12	28194893	0.0	51.739
chr12	28244735	0.0	51.739
chr12	28303727	0.0	51.739
chr12	28320307	0.0	51.739
chr12	28371695	0.0	51.739
chr12	28458478	0.0	51.739
chr12	28551478	0.20580366330524097	51.739
chr12	28731261	0.0	51.776
chr12	28768444	0.2876869965475966	51.776
chr12	28810156	0.18620240201121352	51.788
chr12	28831638	0.0	51.792
chr12	28923143	0.1538288372790936	51.792
chr12	29056408	0.0	51.8125
chr12	29115569	0.0	51.8125
chr12	29158086	0.035405749893784096	51.8125
chr12	29285184	0.0	51.817
chr12	29310933	0.04184684056353904	51.817
chr12	29705228	0.0	51.8335
chr12	29769128	0.0	51.8335
chr12	29844037	0.0	51.8335
chr12	29943402	0.0	51.8335
chr12	29986237	0.0	51.8335
chr12	30058170	0.0	51.8335
chr12	30178510	0.0	51.8335
chr12	30195994	0.0	51.8335
chr12	30231309	0.0	51.8335
chr12	30259733	0.16375322389165006	51.8335
chr12	30308587	0.309667673715988	51.8415
chr12	30374787	0.05308669647386566	51.862
chr12	30459554	0.0	51.8665
chr12	30465749	0.029087312841305314	51.8665
chr12	30603266	1.1270394046370047	51.8705
chr12	30687114	0.0	51.965
chr12	30715475	0.0	51.965
chr12	30793549	0.05325168075614436	51.965
chr12	31018894	0.11531697754215955	51.977
chr12	31053581	0.0	51.981
chr12	31085692	0.3547608911592376	51.981
chr12	31120927	0.1194172438501579	51.9935
chr12	31154423	1.2575031018407938	51.9975
chr12	31184244	5.297850058523109	52.035
chr12	31200477	0.0	52.121
chr12	31202632	0.06862358249408607	52.121
chr12	31260921	0.0	52.125
chr12	31264166	0.0	52.125
chr12	31298019	0.10817287689925048	52.125
chr12	31418197	0.2258638423261812	52.138
chr12	31562089	0.3486055776892562	52.1705
chr12	31622329	1.07288059027259	52.1915
chr12	31648893	0.0	52.22
chr12	31676131	1.2274241627213798	52.22
chr12	31733161	1.531872323131256	52.29
chr12	31765148	0.21806226516368296	52.339
chr12	31824764	0.1105583195136785	52.352
chr12	31860944	0.44154389592483867	52.356
chr12	31907372	0.8762132183022067	52.3765
chr12	31959300	0.0	52.422
chr12	32002955	0.0	52.422
chr12	32062910	1.7189350242561483	52.422
chr12	32089089	0.07870142646331103	52.467
chr12	32139914	0.6564411284384871	52.471
chr12	32171143	0.0	52.4915
chr12	32228894	0.741575700047208	52.4915
chr12	32245750	0.04230163178549782	52.504
chr12	32340309	1.1530241103902514	52.508
chr12	32393647	1.5830206378987466	52.5695
chr12	32427759	6.805404872275455	52.6235
chr12	32468315	1.256377065407258	52.8995
chr12	32481448	2.5439520375922156	52.916
chr12	32543163	0.709404679175243	53.073
chr12	32577699	1.6172506738545087	53.0975
chr12	32625929	0.0	53.1755
chr12	32659352	2.057406663990384	53.1755
chr12	32699208	0.20440554059248636	53.2575
chr12	32740792	0.5543728933831312	53.266
chr12	32763340	0.9515444298052363	53.2785
chr12	32811157	0.0	53.324
chr12	32830734	1.2790136335639772	53.324
chr12	33010951	0.24153216640159864	53.5545
chr12	33046143	1.0632794988217436	53.563
chr12	33080941	0.6138643509506935	53.6
chr12	33114336	0.3191899180012489	53.6205
chr12	33205191	0.2705627705626206	53.6495
chr12	33219975	1.4066016504126566	53.6535
chr12	33251967	3.5446205170974685	53.6985
chr12	33290335	17.986947524804936	53.8345
chr12	33309182	0.08005710740328403	54.1735
chr12	33459075	1.3223889901670987	54.1855
chr12	33564944	0.0	54.3255
chr12	33577228	4.091585386014176	54.3255
chr12	33613522	0.6626162126897319	54.474
chr12	33662570	7.238747038694044	54.5065
chr12	33673967	5.163094128611389	54.589
chr12	33727617	2.505655971002543	54.866
chr12	33768724	1.3502412978744789	54.969
chr12	33866114	0.6428856879746693	55.1005
chr12	33923667	2.398658743069513	55.1375
chr12	33983909	1.889668420613167	55.282
chr12	34031801	1.9571136827773126	55.3725
chr12	34061181	2.1206337665485258	55.43
chr12	34094190	2.398003823843873	55.5
chr12	34125049	0.34994945174587216	55.574
chr12	34137908	2.2372979214780764	55.5785
chr12	34172548	0.20232903196799473	55.656
chr12	34194789	0.19616390584133264	55.6605
chr12	34217729	0.9724703910438217	55.665
chr12	34280970	0.4293918737587418	55.7265
chr12	34318232	7.5540505339932045	55.7425
chr12	34325910	0.0875675912344356	55.8005
chr12	34371589	1.3718088418431402	55.8045
chr12	34422981	2.927035569603406	55.875
chr12	34467907	1.8260637192314269	56.0065
chr12	34501586	1.2739005167035657	56.068
chr12	34543583	2.346167925721411	56.1215
chr12	34573632	2.736220472440862	56.192
chr12	34599032	0.21552467326464433	56.2615
chr12	34657030	0.6780670128666824	56.274
chr12	34687263	0.35023202871914333	56.2945
chr12	34710105	0.05177524366721182	56.3025
chr12	34787362	0.2133801932973002	56.3065
chr12	34827197	0.2808367232311648	56.315
chr12	34885950	0.09354099434088416	56.3315
chr12	34928712	1.256222410068556	56.3355
chr12	34971300	0.0	56.389
chr12	35082334	0.0	56.389
chr12	35199129	0.0	56.389
chr12	35239680	0.0	56.389
chr12	35278409	0.0	56.389
chr12	35325829	0.503909451347786	56.389
chr12	35416123	2.5272509126182996	56.4345
chr12	35455296	0.8424653736067548	56.5335
chr12	35689727	1.5303075544937599	56.731
chr12	35716519	0.35809436502715336	56.772
chr12	35751426	0.5505277009425681	56.7845
chr12	35788663	4.180522565320598	56.805
chr12	35820238	0.0	56.937
chr12	35880187	0.27731558513597726	56.937
chr12	35909035	0.05683675064293424	56.945
chr12	35979412	0.0	56.949
chr12	35993481	1.072842292183046	56.949
chr12	36047543	2.3067579247355123	57.007
chr12	36133161	0.10833649314765677	57.2045
chr12	36207005	1.2615826336626559	57.2125
chr12	36229992	0.0	57.2415
chr12	36269245	1.5698960538520823	57.2415
chr12	36311286	0.0	57.3075
chr12	36357954	0.0	57.3075
chr12	36455948	0.0	57.3075
chr12	36495340	0.2117559865182102	57.3075
chr12	36552009	0.12833481799110805	57.3195
chr12	36618242	0.1489129355703422	57.328
chr12	36648461	0.1298996525183575	57.3325
chr12	36679254	1.1156292357418343	57.3365
chr12	36727209	1.8848700967905774	57.39
chr12	36746839	3.3035699042220856	57.427
chr12	36805412	0.8926098063961176	57.6205
chr12	36837901	1.3188338732065699	57.6495
chr12	36859511	3.0386740331492867	57.678
chr12	36881231	1.5460030165911318	57.744
chr12	36907751	0.0	57.785
chr12	36908365	0.4039874654700573	57.785
chr12	36999952	0.2665600426494591	57.822
chr12	37029964	0.0	57.83
chr12	37063375	0.3326838078038242	57.83
chr12	37126498	0.597414823129028	57.851
chr12	37154117	0.3608024245923497	57.8675
chr12	37209549	0.09079147468047717	57.8875
chr12	37253606	0.0	57.8915
chr12	37291317	0.11476664116297298	57.8915
chr12	37330527	0.2525716385011117	57.896
chr12	37526511	0.17037710131758937	57.9455
chr12	37552923	1.0602767322269004	57.95
chr12	37571786	0.7942811755356995	57.97
chr12	37576822	0.36830716817838366	57.974
chr12	37598543	0.12334511964477073	57.982
chr12	37635026	4.181449569184142	57.9865
chr12	37650810	0.0	58.0525
chr12	37665713	0.700993196676546	58.0525
chr12	37801235	0.0	58.1475
chr12	37823957	0.2834165869558462	58.1475
chr12	37852184	0.0	58.1555
chr12	37872428	0.11220677728932126	58.1555
chr12	37948181	3.0633990410227723	58.164
chr12	37966951	1.9210945553369116	58.2215
chr12	38009635	3.6525810227226336	58.3035
chr12	38034412	2.8786536758193075	58.394
chr12	38077314	0.9569916685436906	58.5175
chr12	38086196	5.897991555148361	58.526
chr12	38130957	1.1054078474344435	58.79
chr12	38182974	1.3450721447787255	58.8475
chr12	38244309	1.4817950889079046	58.93
chr12	38260843	0.8995116936519579	58.9545
chr12	38311426	3.4030544488713113	59.0
chr12	38329498	0.8215646557219121	59.0615
chr12	38400095	0.7383802269547926	59.1195
chr12	38438693	0.8384146341460122	59.148
chr12	38458373	0.0	59.1645
chr12	38498772	0.33510022543107343	59.1645
chr12	38548011	0.0	59.181
chr12	38566409	1.3552865332137722	59.181
chr12	38621010	0.13457340231466763	59.255
chr12	38654449	0.24999479177518083	59.2595
chr12	38702450	0.19912709185038804	59.2715
chr12	38825487	1.66870998501589	59.296
chr12	38840169	2.1271164808983727	59.3205
chr12	38851922	1.2158502661974355	59.3455
chr12	38906205	0.0	59.4115
chr12	38911105	0.0	59.4115
chr12	38953582	1.5305081286987858	59.4115
chr12	38982984	0.0	59.4565
chr12	38997595	1.5123619147818133	59.4565
chr12	39035615	1.6635426429240383	59.514
chr12	39142315	0.5333587726677681	59.6915
chr12	39257622	0.5075195757551332	59.753
chr12	39305896	0.0	59.7775
chr12	39323096	0.0	59.7775
chr12	39453311	0.9516921085689817	59.7775
chr12	39479580	2.655431242033807	59.8025
chr12	39493702	1.9234481427349943	59.84
chr12	39566228	0.8281691749720526	59.9795
chr12	39601245	8.112695179905103	60.0085
chr12	39615975	1.369572784091749	60.128
chr12	39682054	0.6176262982757713	60.2185
chr12	39721722	0.6656897260396416	60.243
chr12	39833636	0.16023715098336672	60.3175
chr12	39858599	1.806932048403945	60.3215
chr12	39895125	1.8767714424327984	60.3875
chr12	39934288	1.2822948328267965	60.461
chr12	39976400	0.9446575979536933	60.515
chr12	40010804	0.12908777969019422	60.5475
chr12	40045664	0.6118307168865864	60.552
chr12	40112676	3.734687780101371	60.593
chr12	40119370	5.334204223818026	60.618
chr12	40123963	0.8042369556689202	60.6425
chr12	40200433	0.0	60.704
chr12	40243033	0.0	60.704
chr12	40276383	1.3525644136057	60.704
chr12	40358819	1.1428427900434666	60.8155
chr12	40438445	8.258861331458819	60.9065
chr12	40458363	3.104118675358278	61.071
chr12	40519572	19.728414040481216	61.261
chr12	40531281	31.62393162393687	61.492
chr12	40532451	3.157285984463624	61.529
chr12	40596430	2.838406577272816	61.731
chr12	40606647	5.416968567781114	61.76
chr12	40664613	4.0672521437269396	62.074
chr12	40703214	1.1182680264802054	62.231
chr12	40714392	5.680251475211026	62.2435
chr12	40732525	5.498238550578733	62.3465
chr12	40772265	8.443983773254528	62.565
chr12	40828222	2.607129996398954	63.0375
chr12	40897647	3.08330232310881	63.2185
chr12	40916458	1.084906616916425	63.2765
chr12	40965771	8.819268381021532	63.33
chr12	40993381	2.5295663600525335	63.5735
chr12	41221681	1.9172391755872271	64.151
chr12	41290530	6.806735914384712	64.283
chr12	41315946	3.171116754753168	64.456
chr12	41388791	3.564380361673984	64.687
chr12	41438449	1.785745095671023	64.864
chr12	41496408	3.0562347188266474	64.9675
chr12	41515222	3.0975641049138902	65.025
chr12	41569781	2.310694769711103	65.194
chr12	41601806	1.1644248142941722	65.268
chr12	41626711	3.27077577720646	65.297
chr12	41658202	1.5169424743892472	65.4
chr12	41734342	5.729000896964593	65.5155
chr12	41768903	3.7408447746306512	65.7135
chr12	41845089	1.8172947920474753	65.9985
chr12	41886084	4.614051187927286	66.073
chr12	41905698	1.5558331958228826	66.1635
chr12	41948119	3.8231605605677874	66.2295
chr12	42030250	4.247650920324527	66.5435
chr12	42069095	1.6328711813081402	66.7085
chr12	42170144	2.209197475202542	66.8735
chr12	42192324	4.103678223348592	66.9225
chr12	42225465	1.333670583366068	67.0585
chr12	42268954	2.8762263909751495	67.1165
chr12	42300245	2.733262364415768	67.2065
chr12	42335002	1.530374152460847	67.3015
chr12	42407860	1.5335743235843442	67.413
chr12	42453505	0.9910238301361131	67.483
chr12	42541293	4.880371384359472	67.57
chr12	42558095	0.0	67.652
chr12	42585363	1.45699356913165	67.652
chr12	42605267	1.8157363819770675	67.681
chr12	42657312	1.1653917749933589	67.7755
chr12	42721239	4.6544755847082415	67.85
chr12	42751425	1.7599463635393553	67.9905
chr12	42817052	8.120419885126545	68.106
chr12	42827150	4.137680170963215	68.188
chr12	42849143	2.962667729507283	68.279
chr12	42886778	8.260257659413286	68.3905
chr12	42932963	10.371540696192644	68.772
chr12	42991826	2.272216864604993	69.3825
chr12	43143220	3.5224860065623447	69.7265
chr12	43205392	0.5581678562974097	69.9455
chr12	43234953	7.733063824574229	69.962
chr12	43267605	2.2210904563847254	70.2145
chr12	43302948	2.646733289488331	70.293
chr12	43365289	0.7239242485667946	70.458
chr12	43399823	1.19621496161362	70.483
chr12	43427828	1.2852782091790773	70.5165
chr12	43446501	1.5635395874919	70.5405
chr12	43491591	0.0	70.611
chr12	43563508	0.0	70.611
chr12	43599142	0.0	70.611
chr12	43619006	0.2790308329070468	70.611
chr12	43662012	0.16976487564683293	70.623
chr12	43685574	0.0	70.627
chr12	43702557	0.0	70.627
chr12	43757123	0.4070302260646801	70.627
chr12	43879964	1.0623890912484795	70.677
chr12	43922792	3.9375873997202957	70.7225
chr12	43936379	1.0118354081074221	70.776
chr12	43952686	24.233200655583428	70.7925
chr12	43956957	3.3290617338979875	70.896
chr12	43992853	3.661289434564261	71.0155
chr12	44011016	2.193668063111052	71.082
chr12	44106974	4.795777141201871	71.2925
chr12	44138043	3.218863683979905	71.4415
chr12	44190546	0.0	71.6105
chr12	44213727	0.0	71.6105
chr12	44249824	0.57462392150815	71.6105
chr12	44308123	3.6730695978669092	71.644
chr12	44363254	2.224944376390556	71.8465
chr12	44443256	5.904071314528835	72.0245
chr12	44473320	0.0	72.202
chr12	44491252	0.3785412534258844	72.202
chr12	44557295	8.48276395115151	72.227
chr12	44609047	0.0	72.666
chr12	44614053	0.2377555872562433	72.666
chr12	44649804	0.6538461538470897	72.6745
chr12	44662804	0.8992315657525489	72.683
chr12	44699502	0.3476755406709896	72.716
chr12	44769970	7.317073170735135	72.7405
chr12	44772225	0.9555879140881323	72.757
chr12	44794201	3.5319829840374504	72.778
chr12	44819824	1.2858478802993007	72.8685
chr12	44871152	13.338201812792846	72.9345
chr12	44894431	0.0	73.245
chr12	44953027	0.15110305228161972	73.245
chr12	45009280	0.0	73.2535
chr12	45036585	0.6200770906651907	73.2535
chr12	45096255	0.20282000941089456	73.2905
chr12	45157886	8.011653313911447	73.303
chr12	45178481	0.07013852358391509	73.468
chr12	45235511	0.5131529195700696	73.472
chr12	45365102	0.0	73.5385
chr12	45372119	0.1937807769468802	73.5385
chr12	45415983	0.14123176697891512	73.547
chr12	45504490	0.3741661115014722	73.5595
chr12	45614067	0.0	73.6005
chr12	45636199	0.0	73.6005
chr12	45675656	0.0	73.6005
chr12	45726397	2.832508481962467	73.6005
chr12	45758524	0.12789768185421832	73.6915
chr12	45789799	0.47294740824831033	73.6955
chr12	45816229	0.0	73.708
chr12	45827404	0.0	73.708
chr12	45883185	0.05148734055020516	73.708
chr12	45960874	2.7437737441956815	73.712
chr12	45994040	0.0	73.803
chr12	46014519	0.0	73.803
chr12	46079416	0.07717769736064753	73.803
chr12	46137723	2.9417944946414445	73.8075
chr12	46161518	0.18148820326700946	73.8775
chr12	46183558	10.806414129676554	73.8815
chr12	46200770	0.0	74.0675
chr12	46225900	0.3328408371352699	74.0675
chr12	46287491	0.0	74.088
chr12	46301132	0.14371581465740788	74.088
chr12	46419421	0.7465123874395153	74.105
chr12	46440854	0.9599877121575027	74.121
chr12	46453875	0.8464187729845415	74.1335
chr12	46488137	0.34156814633062815	74.1625
chr12	46559865	2.5046048789255266	74.187
chr12	46604383	10.224306294112004	74.2985
chr12	46625069	3.9905409399940996	74.51
chr12	46675814	1.43006067734088	74.7125
chr12	46713225	0.5609955120359249	74.766
chr12	46772049	5.323505323504971	74.799
chr12	46806237	0.0	74.981
chr12	46871772	0.0	74.981
chr12	46905184	0.0	74.981
chr12	46926581	0.13886960144441357	74.981
chr12	46955385	0.24051776916115447	74.985
chr12	47023987	29.613642796490854	75.0015
chr12	47038119	1.4609527182575373	75.42
chr12	47083295	28.929885986174416	75.486
chr12	47105573	0.050834964288499714	76.1305
chr12	47184259	0.31315763102522404	76.1345
chr12	47224175	0.41261346870384996	76.147
chr12	47344142	13.31828442437947	76.1965
chr12	47361862	3.2355055886002204	76.4325
chr12	47377161	1.0797446649264082	76.482
chr12	47703164	0.7364787111618473	76.834
chr12	47724889	1.6738995660261018	76.85
chr12	47789409	0.3549088327933794	76.958
chr12	47811950	0.0	76.966
chr12	47843442	5.275511864091749	76.966
chr12	47886471	1.3669205233353023	77.193
chr12	48019617	0.0	77.375
chr12	48066818	0.26107254745371195	77.375
chr12	48099376	0.14882059677077494	77.3835
chr12	48126254	0.6022557214293764	77.3875
chr12	48181048	2.1227768215715392	77.4205
chr12	48198478	0.0	77.4575
chr12	48288022	6.058435550780522	77.4575
chr12	48321529	0.06501781488129224	77.6605
chr12	48513784	0.0	77.673
chr12	48591843	0.0	77.673
chr12	48736426	0.46730037156074694	77.673
chr12	48780295	0.1428480731379933	77.6935
chr12	48811797	3.438211140793757	77.698
chr12	48832011	0.0	77.7675
chr12	48853727	0.0	77.7675
chr12	48874240	1.0796723752790902	77.7675
chr12	48901100	161.98704103672318	77.7965
chr12	48901563	0.19425491100686124	77.8715
chr12	48942746	0.0	77.8795
chr12	48953298	0.0	77.8795
chr12	48962941	1.2903225806454548	77.8795
chr12	48982316	1.1486922894541298	77.9045
chr12	49104629	0.045283018867926246	78.045
chr12	49369629	0.0	78.057
chr12	49390320	0.2004784298801122	78.057
chr12	49537468	0.0	78.0865
chr12	49599204	2.6209197045509693	78.0865
chr12	49611795	1.878348360120363	78.1195
chr12	49642407	0.0	78.177
chr12	49662063	1.761849512268352	78.177
chr12	49685334	1.490559788009331	78.218
chr12	49721562	1.9326407011667521	78.272
chr12	49762180	2.9837407749076577	78.3505
chr12	49796868	0.5262305699483982	78.454
chr12	49858628	1.4773085408128865	78.4865
chr12	49909396	14.54623684384754	78.5615
chr12	49939610	0.11945468934308232	79.001
chr12	50006581	0.2587489488327116	79.009
chr12	50022040	6.927083333332362	79.013
chr12	50031640	0.0349363285412763	79.0795
chr12	50146134	0.25011368803991996	79.0835
chr12	50212104	0.0	79.1
chr12	50287673	0.21647364433406693	79.1
chr12	50306151	2.5430092845439805	79.104
chr12	50364743	3.674291809884889	79.253
chr12	50398491	0.07746683451156945	79.377
chr12	50450126	7.975490871728019	79.381
chr12	50529933	0.12601203414941525	80.0175
chr12	50561676	0.5658436213989547	80.0215
chr12	50590836	0.2898499806768038	80.038
chr12	50647762	0.251722727415612	80.0545
chr12	50679543	0.0	80.0625
chr12	50693289	0.2979842243645207	80.0625
chr12	50750339	0.0	80.0795
chr12	50774380	0.27904380987816146	80.0795
chr12	50817384	1.2891914191419143	80.0915
chr12	50865864	0.0	80.154
chr12	50913655	0.0	80.154
chr12	50976968	0.13676304662480715	80.154
chr12	51064711	0.0	80.166
chr12	51084540	0.0	80.166
chr12	51161671	0.31240533171780765	80.166
chr12	51214487	0.13061650992665347	80.1825
chr12	51248939	0.18512908546240456	80.187
chr12	51338066	0.0	80.2035
chr12	51361602	0.05140595280921552	80.2035
chr12	51439414	1.098060093834268	80.2075
chr12	51469467	0.020586827518437503	80.2405
chr12	51663766	0.13181308903990274	80.2445
chr12	51694112	0.5939653124256643	80.2485
chr12	51757247	0.7571933366986657	80.286
chr12	51773095	0.14255844896385558	80.298
chr12	51804661	0.8746417130331986	80.3025
chr12	51852109	0.20932710849497274	80.344
chr12	51930933	2.311010682005018	80.3605
chr12	51950405	0.0	80.4055
chr12	51971505	0.48206710374095035	80.4055
chr12	51997435	0.8331019161340799	80.418
chr12	52037046	1.2924572196663229	80.451
chr12	52056389	3.099780877559026	80.476
chr12	52075100	1.7142327650107454	80.534
chr12	52096684	0.26186579378100744	80.571
chr12	52111959	0.7007342021043704	80.575
chr12	52159766	0.0	80.6085
chr12	52230059	1.8495962466728386	80.6085
chr12	52252226	1.1160462651905119	80.6495
chr12	52296579	1.5368585569157984	80.699
chr12	52315774	0.0	80.7285
chr12	52325965	1.931043074718834	80.7285
chr12	52358072	0.5729838132079772	80.7905
chr12	52372034	0.0	80.7985
chr12	52402984	3.465346534652695	80.7985
chr12	52416114	1.043577676743577	80.844
chr12	52491336	0.6623020706455792	80.9225
chr12	52622696	1.2097749818532575	81.0095
chr12	52680558	0.9433013030137477	81.0795
chr12	52720312	2.7245206861756834	81.117
chr12	52740132	1.0150098425192864	81.171
chr12	52772644	0.23882498109303135	81.204
chr12	52822890	0.42846768336983243	81.216
chr12	52891740	0.7593436307737308	81.2455
chr12	52918737	1.7503607162286368	81.266
chr12	52961014	13.023816701838648	81.34
chr12	52977599	0.5583472920154993	81.556
chr12	53008046	0.6704166394143704	81.573
chr12	53038624	0.0	81.5935
chr12	53051227	0.0	81.5935
chr12	53055436	0.0	81.5935
chr12	53085197	1.893146618973171	81.5935
chr12	53137755	0.12609942940023608	81.693
chr12	53169476	0.0	81.697
chr12	53188414	0.4045307443364722	81.697
chr12	53209426	0.4755202191198251	81.7055
chr12	53235713	0.1065927623511879	81.718
chr12	53273239	1.6021837170662843	81.722
chr12	53340647	4.224335569330311	81.83
chr12	53364201	2.1094112192855765	81.9295
chr12	53385771	0.0	81.975
chr12	53431595	0.6863571355603337	81.975
chr12	53588219	3.7739629951238913	82.0825
chr12	53618161	4.297827854571511	82.1955
chr12	53626770	0.0	82.2325
chr12	53635859	0.23163746630718665	82.2325
chr12	53707091	0.9266581002275509	82.249
chr12	53747559	1.7247687241938665	82.2865
chr12	53766692	4.059918801623458	82.3195
chr12	53773835	5.033319154969371	82.3485
chr12	53787941	6.883436897364608	82.4195
chr12	53806609	5.371210312723664	82.548
chr12	53869444	0.0	82.8855
chr12	53870190	7.483962936564625	82.8855
chr12	53913683	5.163043478260808	83.211
chr12	53959683	11.584117887842867	83.4485
chr12	53984113	11.75434802755546	83.7315
chr12	54016484	0.7727975270482244	84.112
chr12	54033306	1.1647593467163508	84.125
chr12	54111863	0.0	84.2165
chr12	54126945	2.1492482243335864	84.2165
chr12	54181150	2.425876010781763	84.333
chr12	54203410	9.241005421389612	84.387
chr12	54215584	1.4797389588710812	84.4995
chr12	54255118	0.8677011024906036	84.558
chr12	54264914	0.09381083046015802	84.5665
chr12	54307553	1.1042349229463437	84.5705
chr12	54348758	1.2104485922482182	84.616
chr12	54390065	0.0	84.666
chr12	54406033	0.0	84.666
chr12	54434348	1.4292612264607012	84.666
chr12	54589673	3.2250543985078646	84.888
chr12	54602541	4.587702573879778	84.9295
chr12	54636109	1.9450734482960947	85.0835
chr12	54653332	3.7325999101925613	85.117
chr12	54671148	10.183986187547532	85.1835
chr12	54708216	10.21309771309736	85.561
chr12	54746696	19.603880355699648	85.954
chr12	54778858	1.7905770880738134	86.5845
chr12	54832472	1.7665476201874732	86.6805
chr12	54936913	12.314939434725515	86.865
chr12	54944343	3.2992845111340614	86.9565
chr12	55009054	0.2552648372689782	87.17
chr12	55024724	1.3841545294906117	87.174
chr12	55073129	1.410025769436299	87.241
chr12	55093696	0.14935404376091735	87.27
chr12	55120478	0.0	87.274
chr12	55252915	0.36769477008253465	87.274
chr12	55276032	2.411467869423572	87.2825
chr12	55298425	2.7059619400570236	87.3365
chr12	55332424	1.7477125526887027	87.4285
chr12	55351878	0.576303887545475	87.4625
chr12	55431697	1.9044795182921448	87.5085
chr12	55475541	1.3830200449629448	87.592
chr12	55560500	0.0	87.7095
chr12	55575042	1.6343630587909845	87.7095
chr12	55618484	6.4535618168832105	87.7805
chr12	55636691	2.3686342953319772	87.898
chr12	55652734	3.996589576893778	87.936
chr12	55662117	13.142030383410763	87.9735
chr12	55666264	2.2089211913920788	88.028
chr12	55687315	5.167673443175524	88.0745
chr12	55737144	3.8355494285587097	88.332
chr12	55782118	2.2303610837213528	88.5045
chr12	55803415	0.47171591380790734	88.552
chr12	55856413	1.223902087833088	88.577
chr12	55891138	0.32039433148468316	88.6195
chr12	55931713	1.7151767151775188	88.6325
chr12	55941333	3.324026060364439	88.649
chr12	55986459	0.8166010183493086	88.799
chr12	56028095	1.2193372543395202	88.833
chr12	56062950	0.4861921431349854	88.8755
chr12	56124654	1.159111983853973	88.9055
chr12	56161320	0.11012912640083941	88.948
chr12	56197641	0.20890395060582936	88.952
chr12	56240723	0.0	88.961
chr12	56285162	1.290583799377532	88.961
chr12	56324679	0.9851157958838748	89.012
chr12	56380510	3.1746031746032948	89.067
chr12	56469340	2.0386742561866518	89.349
chr12	56494111	21.815178311145566	89.3995
chr12	56514693	27.088772845953148	89.8485
chr12	56536141	7.238648258971817	90.4295
chr12	56586772	0.9602175558608347	90.796
chr12	56658110	9.693542022885634	90.8645
chr12	56696125	9.806168971752907	91.233
chr12	56735386	5.485873558849701	91.618
chr12	56814316	4.263786242182853	92.051
chr12	56853014	16.032656924806297	92.216
chr12	56869917	0.42440583183603775	92.487
chr12	56889945	3.017087295345657	92.4955
chr12	56959880	2.896327502518384	92.7065
chr12	57003556	6.25515414173665	92.833
chr12	57060549	5.6133834148775605	93.1895
chr12	57132698	0.5745775549114778	93.5945
chr12	57170987	0.45664706889653567	93.6165
chr12	57258582	3.0018948838138644	93.6565
chr12	57308717	0.5999290992880303	93.807
chr12	57345388	0.0	93.829
chr12	57350683	0.9426057813159906	93.829
chr12	57365005	2.9149036201221254	93.8425
chr12	57386275	1.8590789753778503	93.9045
chr12	57456740	2.876398354608997	94.0355
chr12	57522621	0.8275101140138426	94.225
chr12	57528059	5.919285312675559	94.2295
chr12	57560073	4.45353875782392	94.419
chr12	57630691	0.052891163208783606	94.7335
chr12	57706318	0.31087545983662945	94.7375
chr12	57764219	0.21183947275509807	94.7555
chr12	57806704	0.33466356839763883	94.7645
chr12	57885888	0.0	94.791
chr12	57908987	0.2777336930647914	94.791
chr12	57959395	2.387834611034102	94.805
chr12	57991223	0.25385005923169013	94.881
chr12	58026677	1.7424242424239496	94.89
chr12	58039877	0.1844337882703093	94.913
chr12	58064276	0.41281563195194554	94.9175
chr12	58107879	2.7076222980659788	94.9355
chr12	58129854	2.4794645573468586	94.995
chr12	58162724	3.096284458650211	95.0765
chr12	58172736	1.3049240493424417	95.1075
chr12	58270826	8.086158192089865	95.2355
chr12	58284986	0.11400168722519126	95.35
chr12	58328845	13.129973474799675	95.355
chr12	58332615	0.2940407736541126	95.4045
chr12	58378527	0.6468821168109004	95.418
chr12	58491376	0.4316282486913127	95.491
chr12	58545821	0.2847898298919229	95.5145
chr12	58754747	0.4676393565284108	95.574
chr12	58802861	1.2102673227820158	95.5965
chr12	58840456	18.050541516280372	95.642
chr12	58840733	1.3605042674808314	95.647
chr12	58891817	8.051677687974689	95.7165
chr12	58908149	0.5791591140191884	95.848
chr12	59021244	1.7516363971603532	95.9135
chr12	59042938	0.06103184506058802	95.9515
chr12	59116670	0.9767131033769211	95.956
chr12	59136123	0.8950744244862412	95.975
chr12	59267397	1.592684891978372	96.0925
chr12	59320766	0.48698866190519563	96.1775
chr12	59360808	0.0	96.197
chr12	59392738	0.9982736357511586	96.197
chr12	59677730	0.37874845320288264	96.4815
chr12	59850668	0.8461191335740393	96.547
chr12	59868396	0.772717906449648	96.562
chr12	59907220	3.4845496383959866	96.592
chr12	59945245	1.167501648437525	96.7245
chr12	60239463	13.083584337350338	97.068
chr12	60244775	0.6375190227449603	97.1375
chr12	60317714	1.9749270135669648	97.184
chr12	60352652	0.302255386066335	97.253
chr12	60834033	0.2876869965480395	97.3985
chr12	60860103	1.2434955616773364	97.406
chr12	60886239	0.0	97.4385
chr12	60925990	0.14253522656304526	97.4385
chr12	60999656	0.0	97.449
chr12	61028474	0.0	97.449
