Chromosome	Position(bp)	Rate(cM/Mb)	Map(cM)
chr5	0	0.0	0.0
chr5	222124	0.0	0.0
chr5	299792	0.0	0.0
chr5	450997	0.7661243199023516	0.0
chr5	528008	0.8619433788180451	0.059
chr5	569194	2.2673075259782784	0.0945
chr5	650127	2.9153250369854646	0.278
chr5	661618	1.3447941217246635	0.3115
chr5	697683	0.733953115964593	0.36
chr5	720164	0.45064912650775735	0.3765
chr5	772311	2.146867153778881	0.4
chr5	949546	2.1324710876594404	0.7805
chr5	999957	9.761734002709378	0.888
chr5	1025055	0.0	1.133
chr5	1041403	0.0	1.133
chr5	1063346	8.341123175379305	1.133
chr5	1118974	26.54998516760606	1.597
chr5	1125716	4.912732958627396	1.776
chr5	1173042	0.6521455588887302	2.0085
chr5	1196043	4.819778101196445	2.0235
chr5	1248950	9.109794305952862	2.2785
chr5	1307678	5.127818167502167	2.8135
chr5	1460082	0.8014748149517463	3.595
chr5	2249876	3.9728338068181874	4.228
chr5	2272404	0.0	4.3175
chr5	2274193	15.378937007874015	4.3175
chr5	2278257	459.7457627118655	4.38
chr5	2278729	41.64305949008455	4.597
chr5	2280494	48.13773717498259	4.6705
chr5	2281917	9.049303099646343	4.739
chr5	2325180	0.0	5.1305
chr5	2329171	10.811153894977384	5.1305
chr5	2352804	2.5231618371772147	5.386
chr5	2378169	5.960264900662253	5.45
chr5	2413654	2.1180765682199207	5.6615
chr5	2514453	0.0	5.875
chr5	2514796	0.0	5.875
chr5	2516479	1.953953953953952	5.875
chr5	2641354	1.594613749114119	6.119
chr5	2680862	0.7608718948925106	6.182
chr5	2727519	0.0	6.2175
chr5	2741950	10.088623822529405	6.2175
chr5	2759891	1.3591933524841429	6.3985
chr5	2811760	8.959693652118398	6.469
chr5	2852498	1.9823636999535597	6.834
chr5	3201324	4.539153862673512	7.5255
chr5	3303766	0.0	7.9905
chr5	3308398	0.46342066238261764	7.9905
chr5	3324582	4.165522292410519	7.998
chr5	3346428	15.123399517535663	8.089
chr5	3367984	5.065254028757276	8.415
chr5	3583373	0.522401819187495	9.506
chr5	3648457	0.38564966333829387	9.54
chr5	3696428	0.25996337907181416	9.5585
chr5	3740665	0.0	9.57
chr5	3758059	0.0	9.57
chr5	3771621	2.8964984552008195	9.57
chr5	3787157	3.026548672566361	9.615
chr5	3815407	0.43389677029881696	9.7005
chr5	3841911	1.7711287750605615	9.712
chr5	3924062	1.5778526859356121	9.8575
chr5	3938005	3.7380317404800283	9.8795
chr5	3960878	0.0	9.965
chr5	3976233	0.27582724799207603	9.965
chr5	4083184	0.0	9.9945
chr5	4100365	3.5723238906994106	9.9945
chr5	4124299	1.5723270440250476	10.08
chr5	4131295	6.570542069720784	10.091
chr5	4147732	0.0	10.199
chr5	4161313	0.42680324370460515	10.199
chr5	4170685	1.4512617915021109	10.203
chr5	4183088	0.8526057764040412	10.221
chr5	4192471	2.0773225620312386	10.229
chr5	4201136	7.911015940994475	10.247
chr5	4209542	3.8178441218958743	10.3135
chr5	4224079	4.454657945907705	10.369
chr5	4252364	0.5099349393353246	10.495
chr5	4280799	0.7895567954521828	10.5095
chr5	4290298	1.9864341085271495	10.517
chr5	4310938	2.4820267031838337	10.558
chr5	4322622	0.33738191632924763	10.587
chr5	4334478	0.0	10.591
chr5	4349366	0.8825305402015945	10.591
chr5	4370895	2.132319041032781	10.61
chr5	4388247	1.2716354645000993	10.647
chr5	4402402	1.2279765082756668	10.665
chr5	4411767	5.209800056322126	10.6765
chr5	4429522	0.0	10.769
chr5	4441997	4.113527670234592	10.769
chr5	4477125	2.2886786695147965	10.9135
chr5	4496787	0.34728799646395253	10.9585
chr5	4528461	71.86700767263396	10.9695
chr5	4530416	5.745750538664118	11.11
chr5	4538770	0.8481642275955413	11.158
chr5	4573551	0.1180438448566855	11.1875
chr5	4603201	0.25914408411068773	11.191
chr5	4616707	0.5250721974270884	11.1945
chr5	4624325	1.5022330491271858	11.1985
chr5	4636640	2.699640047993585	11.217
chr5	4651642	11.366538952745902	11.2575
chr5	4659472	1.0673117973528545	11.3465
chr5	4666499	2.722470540430726	11.354
chr5	4678804	1.7361111111111769	11.3875
chr5	4697812	3.8782237735116487	11.4205
chr5	4708126	38.63094145714804	11.4605
chr5	4713575	12.478248923894169	11.671
chr5	4735413	0.5167068549776289	11.9435
chr5	4749928	7.3286125112093785	11.951
chr5	4782267	1.5676028739386034	12.188
chr5	4812887	0.32063330606107415	12.236
chr5	4858110	0.0	12.2505
chr5	4868227	0.0	12.2505
chr5	4870185	3.2885845571673307	12.2505
chr5	4881284	8.125325013000522	12.287
chr5	4888976	6.028579934504281	12.3495
chr5	4902412	10.013768932281897	12.4305
chr5	4910401	5.486323379575224	12.5105
chr5	4923160	5.781148829895477	12.5805
chr5	4944782	18.439716312056596	12.7055
chr5	4952537	0.0	12.8485
chr5	4960033	0.44505005439501377	12.8485
chr5	5142035	5.242039865389563	12.9295
chr5	5149761	0.0	12.97
chr5	5153862	0.0	12.97
chr5	5166516	1.21572901819401	12.97
chr5	5178443	1.2650948821161725	12.9845
chr5	5195833	0.0	13.0065
chr5	5200719	0.0	13.0065
chr5	5210030	0.0	13.0065
chr5	5210138	4.333050127442513	13.0065
chr5	5216023	4.94923857868024	13.032
chr5	5227843	0.0	13.0905
chr5	5251759	7.706645637680116	13.0905
chr5	5279657	0.9846619958341148	13.3055
chr5	5306062	3.037205770690967	13.3315
chr5	5374546	5.8622652248149105	13.5395
chr5	5383331	0.0	13.591
chr5	5397671	0.5561735261402709	13.591
chr5	5410257	4.445522146783036	13.598
chr5	5422629	5.149185300134048	13.653
chr5	5436806	4.339616895575062	13.726
chr5	5469643	5.046837557185494	13.8685
chr5	5483414	2.8189226590128498	13.938
chr5	5502925	6.18952948972828	13.993
chr5	5540650	0.8639674741657112	14.2265
chr5	5570165	1.5777750278430662	14.252
chr5	5634813	5.175755880178261	14.354
chr5	5684854	0.43535045711795967	14.613
chr5	5700933	8.330797321972048	14.62
chr5	5714077	0.0	14.7295
chr5	5730893	1.0522817899866954	14.7295
chr5	5776033	1.625406351587929	14.777
chr5	5816023	5.156353958749117	14.842
chr5	5828047	1.2747229154925646	14.904
chr5	5865310	0.20334650244020014	14.9515
chr5	5882522	0.6945087508102865	14.955
chr5	5893321	0.6934481109516958	14.9625
chr5	5914231	0.6113242548168117	14.977
chr5	5937950	0.6797466398887763	14.9915
chr5	5970315	6.9544364508393075	15.0135
chr5	5984910	0.336502061075087	15.115
chr5	5996797	3.5310051272129437	15.119
chr5	6007134	0.6651884700665148	15.1555
chr5	6068019	0.308322505340611	15.196
chr5	6113426	5.20089285714279	15.21
chr5	6135826	0.14976747964177917	15.3265
chr5	6332798	0.4862461794944047	15.356
chr5	6339996	0.6732564188879102	15.3595
chr5	6372673	2.7507676560900243	15.3815
chr5	6380489	1.4006662628709505	15.403
chr5	6393697	3.498585678130162	15.4215
chr5	6407131	0.8080445322319654	15.4685
chr5	6434976	0.3119846681820062	15.491
chr5	6457413	0.834036352481016	15.498
chr5	6509569	0.0	15.5415
chr5	6516328	0.0	15.5415
chr5	6524134	0.517368810051844	15.5415
chr5	6530899	16.83700914470139	15.545
chr5	6540194	2.8012223515715933	15.7015
chr5	6567682	3.562945368171044	15.7785
chr5	6599257	0.07562008469451051	15.891
chr5	6645541	4.967550677029036	15.8945
chr5	6658022	0.645725012362398	15.9565
chr5	6866315	0.6515043828476209	16.091
chr5	6883199	7.065966022141754	16.102
chr5	6902800	1.881976291425028	16.2405
chr5	6925914	0.0	16.284
chr5	6937521	0.0	16.284
chr5	6952725	0.0	16.284
chr5	6962647	2.4487812172872783	16.284
chr5	6989395	0.4400855023264807	16.3495
chr5	6997348	9.103379473749673	16.353
chr5	7013386	2.5728651111634893	16.499
chr5	7038844	0.0	16.5645
chr5	7051648	0.0	16.5645
chr5	7068539	1.047900474286718	16.5645
chr5	7269894	2.670983407527131	16.7755
chr5	7282249	1.0609051827524676	16.8085
chr5	7336448	0.0	16.866
chr5	7350465	1.1271261698203856	16.866
chr5	7379743	0.24240735580940706	16.899
chr5	7559193	0.2342725057787307	16.9425
chr5	7591207	0.25610068415473786	16.95
chr5	7618540	0.2975600079349448	16.957
chr5	7643745	2.070393374741279	16.9645
chr5	7652439	1.8922528940336458	16.9825
chr5	7665915	7.22399911767951	17.008
chr5	7674982	0.448028673835179	17.0735
chr5	7707346	0.8448664306405212	17.088
chr5	7719774	0.0	17.0985
chr5	7728827	0.0	17.0985
chr5	7736032	0.0	17.0985
chr5	7746570	0.8619698885185937	17.0985
chr5	7755271	1.4816810344826552	17.106
chr5	7762695	0.754658061829821	17.117
chr5	7781909	0.0	17.1315
chr5	7791519	0.0	17.1315
chr5	7816568	0.0	17.1315
chr5	7827566	0.0	17.1315
chr5	7835394	0.9806613580199322	17.1315
chr5	7860887	0.0	17.1565
chr5	7870725	4.06921618204782	17.1565
chr5	7883381	0.0	17.208
chr5	7895525	0.0	17.208
chr5	7929500	0.36763773737992783	17.208
chr5	7968941	0.0	17.2225
chr5	7985447	0.0	17.2225
chr5	8011472	0.2654129066504094	17.2225
chr5	8024659	3.69534350311288	17.226
chr5	8052126	2.8185855825074904	17.3275
chr5	8063834	8.685250676097441	17.3605
chr5	8073448	1.6709471795031112	17.444
chr5	8105765	4.137037722382237	17.498
chr5	8143594	0.45882083046585637	17.6545
chr5	8152312	0.0	17.6585
chr5	8161442	0.8514514276662164	17.6585
chr5	8186693	0.0	17.68
chr5	8195730	11.259791122715253	17.68
chr5	8201858	1.695176452458435	17.749
chr5	8208347	1.5534604671094876	17.76
chr5	8245683	0.0	17.818
chr5	8255050	0.0	17.818
chr5	8283860	0.3276808388627659	17.818
chr5	8296067	0.25902901124944505	17.822
chr5	8309579	0.9933176810546535	17.8255
chr5	8320653	3.6698518210773883	17.8365
chr5	8342316	7.895878524945863	17.916
chr5	8353841	0.5440812494665318	18.007
chr5	8400709	1.5496419792670444	18.0325
chr5	8410066	0.1340662287169459	18.047
chr5	8462279	0.0	18.054
chr5	8477444	0.0	18.054
chr5	8491698	2.304867567778913	18.054
chr5	8504497	7.210776545166207	18.0835
chr5	8517117	0.27626489857151326	18.1745
chr5	8529786	0.0	18.178
chr5	8558149	6.14429979316213	18.178
chr5	8566368	6.62288512911842	18.2285
chr5	8593320	2.861230329041427	18.407
chr5	8607300	4.73551637279603	18.447
chr5	8617225	0.0	18.494
chr5	8632143	0.7743933918430855	18.494
chr5	8641828	2.9900876546244124	18.5015
chr5	8654035	1.2779552715655438	18.538
chr5	8668120	1.3570566948130791	18.556
chr5	8681384	5.883139457146267	18.574
chr5	8688863	10.78823734122171	18.618
chr5	8694610	4.284559417946616	18.68
chr5	8713165	10.588532777040296	18.7595
chr5	8728984	9.448398576512433	18.927
chr5	8757084	25.642661223448428	19.1925
chr5	8772761	0.04830117854874208	19.5945
chr5	8845223	0.0	19.598
chr5	8854689	0.0	19.598
chr5	8869293	0.0	19.598
chr5	8888619	47.042173789980154	19.598
chr5	8906284	0.0	20.429
chr5	8918197	0.19348775498926002	20.429
chr5	8954375	0.15270506108197854	20.436
chr5	8977295	0.0	20.4395
chr5	8989419	6.896551724138193	20.4395
chr5	8996814	3.1934306569342925	20.4905
chr5	9023118	1.3680105667022484	20.5745
chr5	9054916	4.815853568529094	20.618
chr5	9082014	1.7240269262960581	20.7485
chr5	9221803	5.4972693302672715	20.9895
chr5	9235719	0.5625502276989229	21.066
chr5	9254384	0.0	21.0765
chr5	9259250	0.3678160919541458	21.0765
chr5	9270125	1.9289935049079607	21.0805
chr5	9290602	0.10141165017037541	21.12
chr5	9364558	1.5426688170533949	21.1275
chr5	9378819	0.45641259698777137	21.1495
chr5	9394156	0.18773802499592063	21.1565
chr5	9431442	0.4346566212692138	21.1635
chr5	9448697	0.12261341741106845	21.171
chr5	9477242	0.0	21.1745
chr5	9491167	0.0	21.1745
chr5	9503105	0.0	21.1745
chr5	9511921	0.0	21.1745
chr5	9518870	1.311901013616234	21.1745
chr5	9555077	0.24114204874285528	21.222
chr5	9586179	0.0	21.2295
chr5	9598314	10.38905968408767	21.2295
chr5	9607747	2.5666312648560643	21.3275
chr5	9647293	0.2756122529334988	21.429
chr5	9659992	2.59620618902046	21.4325
chr5	9683873	17.49435665914229	21.4945
chr5	9698049	0.9102447404520421	21.7425
chr5	9854051	0.0	21.8845
chr5	9863426	12.01703681168248	21.8845
chr5	9883148	0.0	22.1215
chr5	9890847	0.0	22.1215
chr5	9915817	10.84801119794704	22.1215
chr5	9932963	0.9175714941122843	22.3075
chr5	9952580	0.0	22.3255
chr5	9957896	99.51060358890692	22.3255
chr5	9962187	2.3734177215190773	22.7525
chr5	9966611	0.5685048322910348	22.763
chr5	9985960	0.0	22.774
chr5	9995639	1.809259442847239	22.774
chr5	10015813	3.333731390812842	22.8105
chr5	10066057	6.814173480840026	22.978
chr5	10084768	1.3980539089588486	23.1055
chr5	10102650	2.2676441351888794	23.1305
chr5	10118746	0.18860807242544314	23.167
chr5	10137303	2.7718198317109266	23.1705
chr5	10167608	0.0	23.2545
chr5	10169851	0.949831620758072	23.2545
chr5	10181432	11.306420378370332	23.2655
chr5	10214997	0.0	23.645
chr5	10243016	0.7439712673166615	23.645
chr5	10262506	8.17236255572059	23.6595
chr5	10294137	1.0406875251779437	23.918
chr5	10353713	0.0	23.98
chr5	10359465	1.8676975198714008	23.98
chr5	10382488	2.4546404838348215	24.023
chr5	10436060	4.575936883629177	24.1545
chr5	10448735	18.584199786220985	24.2125
chr5	10469317	2.5423728813560285	24.595
chr5	10495277	1.7771232204221639	24.661
chr5	10546202	6.646216768915923	24.7515
chr5	10551092	0.0	24.784
chr5	10562805	0.0	24.784
chr5	10576167	15.530072904009678	24.784
chr5	10589335	0.0	24.9885
chr5	10597986	76.53061224489859	24.9885
chr5	10599554	6.6044451475125205	25.1085
chr5	10612197	7.941285423226439	25.192
chr5	10633793	0.0	25.3635
chr5	10644696	0.6370779358675119	25.3635
chr5	10672950	7.249862561847118	25.3815
chr5	10687502	0.4944620253164745	25.487
chr5	10702670	4.085546337599638	25.4945
chr5	10726657	0.07457121551079042	25.5925
chr5	10773592	20.083039985558276	25.596
chr5	10784671	3.903921802360241	25.8185
chr5	10818227	0.2729044834307172	25.9495
chr5	10831052	23.284833074351468	25.953
chr5	10852289	38.590070019096075	26.4475
chr5	10864857	1.496010638297693	26.9325
chr5	10879897	2.0911079655129594	26.955
chr5	10895439	5.827142920688591	26.9875
chr5	10917920	21.22566690699353	27.1185
chr5	10952595	2.080642846893379	27.8545
chr5	10966533	7.833703429558284	27.8835
chr5	10982745	1.5013460343756426	28.0105
chr5	11002061	34.02782537180461	28.0395
chr5	11016652	0.0	28.536
chr5	11081291	0.37447573397245276	28.536
chr5	11101319	0.685060312172512	28.5435
chr5	11138542	0.0	28.569
chr5	11157248	0.2934628617689078	28.569
chr5	11206658	0.0	28.5835
chr5	11219012	1.3959599277385977	28.5835
chr5	11237279	10.163411717815844	28.609
chr5	11254842	313.45392877331676	28.7875
chr5	11256611	1.7285088730122802	29.342
chr5	11260950	5.770252828183168	29.3495
chr5	11274121	1.4046491131431622	29.4255
chr5	11292275	7.294481651196466	29.451
chr5	11343341	0.0	29.8235
chr5	11384956	1.374999999999904	29.8235
chr5	11392956	7.191628621065848	29.8345
chr5	11417707	51.61612241503581	30.0125
chr5	11435744	13.311000541898606	30.9435
chr5	11537239	0.12149824695395221	32.2945
chr5	11566046	1.8401682439531801	32.298
chr5	11569850	3.828667145249978	32.305
chr5	11590745	1.039501039501212	32.385
chr5	11608542	5.6572874795295895	32.4035
chr5	11621976	14.970853206147265	32.4795
chr5	11637072	0.0	32.7055
chr5	11671176	0.37436613007530833	32.7055
chr5	11700559	0.0	32.7165
chr5	11713766	0.0	32.7165
chr5	11733582	1.120822622107914	32.7165
chr5	11830832	28.081510934393528	32.8255
chr5	11834856	0.0	32.9385
chr5	11855573	56.91347011596785	32.9385
chr5	11883598	1.4609349983991256	34.5335
chr5	11908582	21.295669935177095	34.57
chr5	12060843	2.50828115725583	37.8125
chr5	12113070	0.0	37.9435
chr5	12138940	0.0	37.9435
chr5	12157754	6.7698259187669265	37.9435
chr5	12158271	0.3857348248411712	37.947
chr5	12186788	1.1297694243310463	37.958
chr5	12206261	1.0921616399227898	37.98
chr5	12265776	0.0	38.045
chr5	12267942	1.4645913502958456	38.045
chr5	12285353	0.5318120286209476	38.0705
chr5	12306037	0.07755545214834145	38.0815
chr5	12351166	0.16595542911344244	38.085
chr5	12372256	1.6433698526631864	38.0885
chr5	12398726	0.0	38.132
chr5	12473395	0.2047837483617378	38.132
chr5	12510019	0.0	38.1395
chr5	12544916	0.0	38.1395
chr5	12596917	0.0	38.1395
chr5	12616821	2.2765275903056095	38.1395
chr5	12666458	0.14372536136672556	38.2525
chr5	12690810	0.0	38.256
chr5	12750387	1.1154923731453348	38.256
chr5	12769661	0.7923930269412635	38.2775
chr5	12787960	0.3946329913178555	38.292
chr5	12798096	6.563883376583615	38.296
chr5	12804647	0.2447902254198273	38.339
chr5	12851626	0.0	38.3505
chr5	12863531	0.4674977738201424	38.3505
chr5	12885991	0.7493864398524881	38.361
chr5	12939368	1.529381831054464	38.401
chr5	13120160	0.6694651516246639	38.6775
chr5	13147794	1.2982376424004138	38.696
chr5	13178605	0.6425588119801765	38.736
chr5	13206618	0.0	38.754
chr5	13224149	0.30570355489584256	38.754
chr5	13247047	25.32510246420054	38.761
chr5	13266810	0.0	39.2615
chr5	13310593	0.0	39.2615
chr5	13327962	0.0	39.2615
chr5	13377210	0.0	39.2615
chr5	13400849	0.0	39.2615
chr5	13450807	0.0	39.2615
chr5	13468400	0.0	39.2615
chr5	13513189	0.0	39.2615
chr5	13567207	0.17729598297971233	39.2615
chr5	13586948	0.6258092360810609	39.265
chr5	13633288	0.0	39.294
chr5	13654096	0.754883515666875	39.294
chr5	13697149	0.6031363088055532	39.3265
chr5	13715387	0.3339057431790213	39.3375
chr5	13725869	7.0334261838439485	39.341
chr5	13733049	0.0	39.3915
chr5	13735213	2.4339415535864637	39.3915
chr5	13798074	0.0	39.5445
chr5	13814578	0.0	39.5445
chr5	13838774	0.0	39.5445
chr5	13867044	0.0	39.5445
chr5	13886411	0.0	39.5445
chr5	13904888	0.0	39.5445
chr5	13913760	0.0	39.5445
chr5	13940314	0.8264462809917669	39.5445
chr5	13980244	0.7462995978274672	39.5775
chr5	14004363	12.57185586764492	39.5955
chr5	14025760	0.0	39.8645
chr5	14039894	0.0	39.8645
chr5	14061654	0.17073587160652992	39.8645
chr5	14085082	6.852382658545585	39.8685
chr5	14096246	1.7801239948435554	39.945
chr5	14112537	0.07135139542948446	39.974
chr5	14161590	6.858122588941435	39.9775
chr5	14184920	0.4372085276482511	40.1375
chr5	14208936	0.12531328320785518	40.148
chr5	14236866	5.880487353648642	40.1515
chr5	14274703	0.44224845213036207	40.374
chr5	14307490	4.512781711073923	40.3885
chr5	14325993	15.781922525101406	40.472
chr5	14326690	3.6975771139437827	40.483
chr5	14347244	1.6403757134512496	40.559
chr5	14369495	3.5341717851222585	40.5955
chr5	14390009	0.0	40.668
chr5	14413182	6.431667969582738	40.668
chr5	14427253	90.26727181038814	40.7585
chr5	14433202	0.0	41.2955
chr5	14454348	0.0	41.2955
chr5	14469288	0.0	41.2955
chr5	14489791	0.0	41.2955
chr5	14533005	0.679984993434709	41.2955
chr5	14575653	0.9825307829598033	41.3245
chr5	14631122	0.20383204239721048	41.379
chr5	14648293	0.15313281244437849	41.3825
chr5	14788694	2.0279893491854915	41.404
chr5	14820992	1.7203628401627178	41.4695
chr5	14840174	0.41998749804663194	41.5025
chr5	14891366	0.9971433191395443	41.524
chr5	14909919	3.151219127900319	41.5425
chr5	14935306	0.0	41.6225
chr5	14976532	1.019932393052704	41.6225
chr5	14993690	1.3715878940504018	41.64
chr5	15060401	1.027866605756092	41.7315
chr5	15095425	0.37792894935753507	41.7675
chr5	15143053	0.19993257176011986	41.7855
chr5	15270596	1.043777245656084	41.811
chr5	15319457	0.0	41.862
chr5	15334876	0.3886774245429202	41.862
chr5	15372182	0.5911718339464228	41.8765
chr5	15402630	0.14931248388107649	41.8945
chr5	15476301	0.5751144590539674	41.9055
chr5	15520640	0.44536589111577163	41.931
chr5	15585755	0.29445012285678657	41.96
chr5	15733488	2.029858564693479	42.0035
chr5	15764032	0.574112734864446	42.0655
chr5	15783192	0.9369070208727884	42.0765
chr5	15825352	9.662904772442298	42.116
chr5	15838909	4.675363848879995	42.247
chr5	15852170	14.237165954379577	42.309
chr5	15871591	1.348654043264745	42.5855
chr5	15890128	3.6294347155429767	42.6105
chr5	15923191	0.31418876460978945	42.7305
chr5	15947062	2.453112915699958	42.738
chr5	15988438	2.130600023033049	42.8395
chr5	15997121	0.09035872413487979	42.858
chr5	16074590	6.654466810846639	42.865
chr5	16092623	2.609992542878434	42.985
chr5	16134194	3.2730895118828625	43.0935
chr5	16155275	1.385461072470271	43.1625
chr5	16244415	0.0	43.286
chr5	16292819	2.736970150650094	43.286
chr5	16314193	0.0	43.3445
chr5	16328791	0.0	43.3445
chr5	16390313	0.0	43.3445
chr5	16450825	1.25588243785552	43.3445
chr5	16485462	1.4929458309488235	43.388
chr5	16565840	0.0	43.508
chr5	16650383	0.47308662741798635	43.508
chr5	16888183	0.0	43.6205
chr5	16910716	0.8419533317302144	43.6205
chr5	16914873	0.8700466661390239	43.624
chr5	16927516	1.6771858586750343	43.635
chr5	16972830	0.0	43.711
chr5	17004201	0.7210935540505435	43.711
chr5	17020149	0.3352142577797769	43.7225
chr5	17073846	0.0	43.7405
chr5	17093455	3.6498516320476164	43.7405
chr5	17110305	0.43379370178448823	43.802
chr5	17152952	6.623536660504029	43.8205
chr5	17156198	0.9898539965355485	43.842
chr5	17192567	0.0	43.878
chr5	17215057	0.42800253079750145	43.878
chr5	17241926	1.553084425669291	43.8895
chr5	17258023	1.8608113137330784	43.9145
chr5	17279519	0.2520342766612944	43.9545
chr5	17293406	14.021349199405138	43.958
chr5	17316264	0.135748361323174	44.2785
chr5	17342047	42.555331991951896	44.282
chr5	17361927	2.043921943068575	45.128
chr5	17395441	1.7042178479414316	45.1965
chr5	17669467	0.0	45.6635
chr5	17689525	0.0	45.6635
chr5	17702757	0.0	45.6635
chr5	17712420	0.3130870381966305	45.6635
chr5	17736375	0.4840883870919524	45.671
chr5	17870648	4.388179099840765	45.736
chr5	17896399	1.6178573940772965	45.849
chr5	17939048	3.4694810321187015	45.918
chr5	17963115	3.3060109289617445	46.0015
chr5	18018015	0.5449996284093063	46.183
chr5	18058382	0.9905076351630586	46.205
chr5	18094727	1.9313304721030775	46.241
chr5	18115697	1.65549036043574	46.2815
chr5	18139557	0.47613894600163553	46.321
chr5	18185762	0.8309482042283065	46.343
chr5	18207424	0.0	46.361
chr5	18220297	1.7396454084466872	46.361
chr5	18247314	0.22373435788236481	46.408
chr5	18312123	2.717055699641653	46.4225
chr5	18320220	1.7505724620848042	46.4445
chr5	18440752	0.4253767622745984	46.6555
chr5	18448980	2.5929927457942026	46.659
chr5	18481375	0.0	46.743
chr5	18502094	2.2119404196597805	46.743
chr5	18526733	0.0	46.7975
chr5	18557151	0.23286372482165799	46.7975
chr5	18617272	0.0	46.8115
chr5	18652891	0.1470263912371456	46.8115
chr5	18680097	5.978183878736323	46.8155
chr5	18715392	0.0	47.0265
chr5	18772041	0.27396009314644204	47.0265
chr5	18837744	11.86487145120014	47.0445
chr5	18870572	0.40606388738496396	47.434
chr5	18933370	0.9783555585338122	47.4595
chr5	19007985	4.816398155580911	47.5325
chr5	19061552	0.0	47.7905
chr5	19069911	4.688119823534368	47.7905
chr5	19153100	0.0	48.1805
chr5	19158114	1.3217660547108718	48.1805
chr5	19226583	0.0	48.271
chr5	19235686	0.7318560683065941	48.271
chr5	19260281	0.13165318788773353	48.289
chr5	19286866	4.763616753550317	48.2925
chr5	19309118	2.790071194920138	48.3985
chr5	19329906	0.4534716949296208	48.4565
chr5	19377318	0.0	48.478
chr5	19385337	0.0	48.478
chr5	19388005	1.179629027009289	48.478
chr5	19400297	35.4349371889081	48.4925
chr5	19404516	3.5478886120658855	48.642
chr5	19436225	0.8622362096096041	48.7545
chr5	19529007	0.1972442165179352	48.8345
chr5	19564496	1.2862073943800478	48.8415
chr5	19640689	1.846203242896011	48.9395
chr5	19678063	42.52694455265557	49.0085
chr5	19685764	0.0	49.336
chr5	19697603	0.4534960422164737	49.336
chr5	19721859	3.7657138057506403	49.347
chr5	19757576	2.594464009255064	49.4815
chr5	19816355	2.4126654968894616	49.634
chr5	20092191	0.03574875773064905	50.2995
chr5	20204083	0.16213753176358062	50.3035
chr5	20561804	0.02341568657215048	50.3615
chr5	21181047	0.06091299883399469	50.376
chr5	21238506	0.0	50.3795
chr5	21293187	0.34403985357661876	50.3795
chr5	21365853	0.566926028477784	50.4045
chr5	21487562	1.5470362599868692	50.4735
chr5	21534749	2.300889940295145	50.5465
chr5	21889829	0.0	51.3635
chr5	21970938	0.08595495960105591	51.3635
chr5	22011657	2.3063369825589857	51.367
chr5	22112683	0.11076480017722788	51.6
chr5	22437696	0.44069612705863614	51.636
chr5	22495559	4.908424908424921	51.6615
chr5	22604759	0.0	52.1975
chr5	22719112	0.2229225141606305	52.1975
chr5	22817801	0.32157003198370504	52.2195
chr5	23337128	0.0	52.3865
chr5	23377211	0.1481105327748509	52.3865
chr5	23400842	0.0	52.39
chr5	23422738	0.0	52.39
chr5	23443289	0.0	52.39
chr5	23482502	0.0	52.39
chr5	23500279	0.23918867202450197	52.39
chr5	23531635	0.0	52.3975
chr5	23597376	0.0	52.3975
chr5	23651962	0.3154723409624994	52.3975
chr5	23778756	0.09182495539937299	52.4375
chr5	23816872	0.0	52.441
chr5	23933097	0.0	52.441
chr5	24000572	0.050478099715814004	52.441
chr5	24069909	0.8257450644687874	52.4445
chr5	24135910	1.6566645302880119	52.499
chr5	24393355	0.03560446674220031	52.9255
chr5	24702305	0.552752590292689	52.9365
chr5	24787334	0.9023049790831585	52.9835
chr5	24799525	0.5993228269913516	52.9945
chr5	25042299	0.12120372614892479	53.14
chr5	25071176	0.0	53.1435
chr5	25084232	0.08201728585002818	53.1435
chr5	25437816	0.0	53.1725
chr5	25523411	0.0	53.1725
chr5	25617017	0.0	53.1725
chr5	25639326	1.767068273092246	53.1725
chr5	25651776	0.6136475208639809	53.1945
chr5	25692516	0.0	53.2195
chr5	25721043	9.184187623104998	53.2195
chr5	25742874	0.09524457446081906	53.42
chr5	25816369	0.0	53.427
chr5	25833274	0.14431204387096447	53.427
chr5	25857527	0.08001163805641315	53.4305
chr5	25995007	0.01804160910535527	53.4415
chr5	26189003	0.19249439255461934	53.445
chr5	26248745	0.06903353057204145	53.4565
chr5	26350145	0.05271957703829544	53.4635
chr5	26416534	0.25527270166546484	53.467
chr5	26530138	0.08152462422834508	53.496
chr5	26793862	2.2296544035673995	53.5175
chr5	26811802	0.3032741948653737	53.5575
chr5	26897533	0.0	53.5835
chr5	26898670	0.0	53.5835
chr5	26928547	0.0	53.5835
chr5	26938485	0.07909366196122451	53.5835
chr5	27071239	0.0	53.594
chr5	27149903	0.0	53.594
chr5	27233651	0.12676681244843072	53.594
chr5	27265205	1.882173317889869	53.598
chr5	27379169	0.29112081513819493	53.8125
chr5	27403214	0.09899029895077358	53.8195
chr5	27438571	3.399999999999892	53.823
chr5	27468571	1.4870738961337997	53.925
chr5	27486055	0.0	53.951
chr5	27486105	0.24013722126946835	53.951
chr5	27500680	0.0	53.9545
chr5	27534334	0.15262848047441066	53.9545
chr5	27580197	0.4802151363811169	53.9615
chr5	27595815	0.1939111886755283	53.969
chr5	27631914	0.10436384836291399	53.976
chr5	27770851	0.0	53.9905
chr5	27832268	0.0	53.9905
chr5	27908860	0.0	53.9905
chr5	27965800	0.0	53.9905
chr5	27976981	0.1370380871373716	53.9905
chr5	28082791	1.8687975254540765	54.005
chr5	28098309	0.5260389268806521	54.034
chr5	28153438	0.2555420686129038	54.063
chr5	28169091	12.722994418299317	54.067
chr5	28187365	0.6168270416974949	54.2995
chr5	28381909	0.09734119479360742	54.4195
chr5	28453821	0.0	54.4265
chr5	28496008	1.4509234931963537	54.4265
chr5	28649014	0.0	54.6485
chr5	28674904	0.6121994657167873	54.6485
chr5	28710840	0.051746059907189765	54.6705
chr5	28846116	0.035007431122865515	54.6775
chr5	29160335	0.05345878327813079	54.6885
chr5	29291277	0.09264896630212552	54.6955
chr5	29329054	0.1494265755166382	54.699
chr5	29355823	0.03618655721089935	54.703
chr5	29452544	0.022275258552124113	54.7065
chr5	29609669	0.0	54.71
chr5	29740915	0.052442313455236755	54.71
chr5	29807655	0.0	54.7135
chr5	29828443	0.2575448947576896	54.7135
chr5	29871154	0.10719645537054648	54.7245
chr5	29941119	0.12782430853136442	54.732
chr5	30023263	0.0	54.7425
chr5	30079765	0.030744364997123214	54.7425
chr5	30193607	0.07737854932040147	54.746
chr5	30342227	0.0436713914953101	54.7575
chr5	30582659	0.0	54.768
chr5	30657420	0.0	54.768
chr5	30683245	0.0	54.768
chr5	30746164	0.0	54.768
chr5	30749236	0.9607266587091692	54.768
chr5	30783585	3.9202478782163115	54.801
chr5	30820700	0.017310450566311395	54.9465
chr5	31022890	0.0	54.95
chr5	31063326	0.09656770775839851	54.95
chr5	31099570	0.0	54.9535
chr5	31110521	0.0	54.9535
chr5	31141418	0.0	54.9535
chr5	31144178	0.06672131460057765	54.9535
chr5	31196635	3.8382106534699743	54.957
chr5	31324950	0.0	55.4495
chr5	31409844	0.0	55.4495
chr5	31554031	0.0	55.4495
chr5	31633118	0.013217323001172569	55.4495
chr5	31897922	0.0	55.453
chr5	31918420	0.0	55.453
chr5	31936348	0.0	55.453
chr5	31987748	0.1381269979081809	55.453
chr5	32013087	0.0	55.4565
chr5	32042069	0.0	55.4565
chr5	32147373	0.009918962079820091	55.4565
chr5	32550641	0.00617968947942993	55.4605
chr5	33683384	0.0	55.4675
chr5	33838343	0.0	55.4675
chr5	33842148	0.25568472369005163	55.4675
chr5	33871481	0.3972607922515379	55.475
chr5	33897912	0.0	55.4855
chr5	33912699	0.25126934340718077	55.4855
chr5	33970406	0.0	55.5
chr5	33991091	0.0	55.5
chr5	34022699	0.18486504851461502	55.5
chr5	34122772	0.14753764753762905	55.5185
chr5	34221052	0.0	55.533
chr5	34256404	0.07329243886698311	55.533
chr5	34747587	0.5272810637321443	55.569
chr5	34769397	0.948414749065257	55.5805
chr5	34933882	0.10278095909325173	55.7365
chr5	34967935	0.07257194990452426	55.74
chr5	35016163	0.0	55.7435
chr5	35036217	4.34639560858205	55.7435
chr5	35093966	2.1761040864943846	55.9945
chr5	35115794	1.721422883248618	56.042
chr5	35282807	0.02128276278638065	56.3295
chr5	35776164	0.0	56.34
chr5	36115441	0.0	56.34
chr5	36151065	0.16912184937656066	56.34
chr5	36236802	0.3641760062638196	56.3545
chr5	36346639	0.2849814762041189	56.3945
chr5	36385238	0.09486940962237826	56.4055
chr5	36764707	0.0	56.4415
chr5	36953855	0.20920899979084398	56.4415
chr5	37006434	0.0	56.4525
chr5	37071301	1.2150454321335953	56.4525
chr5	37128089	0.0	56.5215
chr5	37286966	0.09983481875438528	56.5215
chr5	37397148	1.4214641080313262	56.5325
chr5	37422474	0.05039543618930061	56.5685
chr5	37571297	0.05191225884397434	56.576
chr5	37783193	0.19225634178898346	56.587
chr5	37876818	0.0	56.605
chr5	37889694	0.0	56.605
chr5	37947709	0.0	56.605
chr5	37968620	0.0	56.605
chr5	37981588	0.0	56.605
chr5	37997337	0.0	56.605
chr5	38009940	0.0	56.605
chr5	38033696	0.0	56.605
chr5	38080701	0.0	56.605
chr5	38185707	0.028197012526557274	56.605
chr5	38327566	0.7405422179591846	56.609
chr5	38469354	0.5120467799684182	56.714
chr5	38853108	0.03258542035194583	56.9105
chr5	38960518	0.013806713376312622	56.914
chr5	39503732	0.30201052722369454	56.9215
chr5	39515321	0.014228452025735208	56.925
chr5	39761307	0.0	56.9285
chr5	40434313	0.029739133726077668	56.9285
chr5	40804196	0.0	56.9395
chr5	40871510	0.47617896594229897	56.9395
chr5	41078365	0.0	57.038
chr5	41296835	0.021304051421908485	57.038
chr5	41461123	0.0	57.0415
chr5	41526936	0.0	57.0415
chr5	41567246	0.0	57.0415
chr5	41602115	1.456047677096247	57.0415
chr5	41616881	1.9887663294870392	57.063
chr5	41695573	0.013326679184559147	57.2195
chr5	42783616	0.0	57.234
chr5	42796992	0.0	57.234
chr5	42816656	0.1738136674031984	57.234
chr5	43276919	0.022064246884213972	57.314
chr5	43752802	0.03202123881440719	57.3245
chr5	44096324	0.36575281470638216	57.3355
chr5	44127766	0.034912369951376004	57.347
chr5	44228017	0.0	57.3505
chr5	44319616	0.024180789399159207	57.3505
chr5	44464359	0.06602054559378648	57.354
chr5	44956630	0.030086128380242803	57.3865
chr5	45687864	0.6565347963442928	57.4085
chr5	45764783	0.0	57.459
chr5	45935648	0.0	57.459
chr5	46042284	0.0	57.459
chr5	46082139	0.12595648203538695	57.459
chr5	46113896	0.0820229195472921	57.463
chr5	46156567	0.0	57.4665
chr5	46195596	0.0	57.4665
chr5	46266347	0.0669709059249916	57.4665
chr5	46370870	0.06843021096047462	57.4735
chr5	46422017	0.0	57.477
chr5	46521753	0.14993402902723368	57.477
chr5	46621797	0.27248829903187544	57.492
chr5	46715379	0.0	57.5175
chr5	46820803	0.0	57.5175
chr5	46937761	0.0	57.5175
chr5	46984419	0.46221400508444976	57.5175
chr5	47014708	0.0	57.5315
chr5	47028838	0.0	57.5315
chr5	47046071	0.0	57.5315
chr5	47127879	0.3444712366517156	57.5315
chr5	47191745	0.0	57.5535
chr5	47205211	0.12138563798615518	57.5535
chr5	47324665	0.0	57.568
chr5	47374569	0.12497688783582403	57.568
chr5	47666623	0.06990632552377711	57.6045
chr5	47766757	0.15168588021160184	57.6115
chr5	47789831	0.1739998789565767	57.615
chr5	47855923	0.30002790957302794	57.6265
chr5	47927583	0.02209554111977296	57.648
chr5	48085986	0.0	57.6515
chr5	48253313	0.7792642140468364	57.6515
chr5	48402813	0.4524369683865567	57.768
chr5	48507800	1.0672978018824524	57.8155
chr5	48817929	0.0	58.1465
chr5	48896827	0.0	58.1465
chr5	48925763	0.2583385957861183	58.1465
chr5	48995439	0.0	58.1645
chr5	49014519	0.0	58.1645
chr5	49476316	1.034308392454951	58.1645
chr5	49606838	0.0	58.2995
chr5	49651466	0.0	58.2995
chr5	49701577	0.12393877424548548	58.2995
chr5	49814536	0.0	58.3135
chr5	49948926	0.05152337443753845	58.3135
chr5	50094491	0.012917393270053893	58.321
chr5	50404151	0.06560941776319491	58.325
chr5	50457497	0.0	58.3285
chr5	50478287	0.0	58.3285
chr5	50690744	0.17128546790466762	58.3285
chr5	50860052	0.25902570606833997	58.3575
chr5	51419842	0.021683625068465443	58.5025
chr5	51604313	1.4153070905329752	58.5065
chr5	51797204	0.0	58.7795
chr5	52123037	0.0	58.7795
chr5	52276103	0.0	58.7795
chr5	52542274	0.6140685215770204	58.7795
chr5	52565887	0.040825372385747294	58.794
chr5	52737349	0.1415203125327647	58.801
chr5	53023527	0.0	58.8415
chr5	53276943	2.6682955056901694	58.8415
chr5	53308049	3.1184312822137072	58.9245
chr5	53481694	0.0	59.466
chr5	53741302	0.0	59.466
chr5	53752814	0.0	59.466
chr5	53793721	0.0	59.466
chr5	53900653	0.04707063733643132	59.466
chr5	54059988	0.0	59.4735
chr5	54190833	0.4048469957560359	59.4735
chr5	54262465	0.0	59.5025
chr5	54285886	0.0	59.5025
chr5	54359182	0.0	59.5025
chr5	54508760	0.0	59.5025
chr5	54545071	0.0	59.5025
chr5	54606107	0.0	59.5025
chr5	54679733	0.489278856192969	59.5025
chr5	54923970	1.5504347297380048	59.622
chr5	54956864	0.0	59.673
chr5	56132040	0.11049557264329751	59.673
chr5	56331143	0.0	59.695
chr5	56376950	0.0	59.695
chr5	56398794	0.39715492652643913	59.695
chr5	56426491	0.0	59.706
chr5	56470450	0.033816098395140104	59.706
chr5	56573951	0.07860752386305449	59.7095
chr5	56618476	0.0503400239801371	59.713
chr5	56836990	0.1496364239321465	59.724
chr5	56960623	0.0	59.7425
chr5	57011950	0.0	59.7425
chr5	57038915	0.0	59.7425
chr5	57064469	0.0	59.7425
chr5	57081783	0.0	59.7425
chr5	57125713	0.0	59.7425
chr5	57125937	0.30223220068209045	59.7425
chr5	57149098	0.09008545248642286	59.7495
chr5	57187950	0.0	59.753
chr5	57206644	0.7916053019146975	59.753
chr5	57233804	0.03366809034587129	59.7745
chr5	57337760	1.3057997488298245	59.778
chr5	57407832	0.16657148296189775	59.8695
chr5	57428844	0.17707472553418213	59.873
chr5	57530496	1.5135177912532392	59.891
chr5	57631585	0.0	60.044
chr5	57657353	0.4497518610423476	60.044
chr5	57689593	0.508905852417103	60.0585
chr5	57711208	1.4043583535110638	60.0695
chr5	57731858	0.0	60.0985
chr5	57753963	1.0894159054722328	60.0985
chr5	57837494	1.3218695553366773	60.1895
chr5	57969504	0.39981722641106937	60.364
chr5	57987012	0.9637688261621989	60.371
chr5	58017621	2.2775478980493102	60.4005
chr5	58046380	5.889457416690453	60.466
chr5	58123382	0.27138883234954303	60.9195
chr5	58270772	0.40969527681884543	60.9595
chr5	58625914	0.1421046648224693	61.105
chr5	58678692	0.7885148730222028	61.1125
chr5	58697081	1.1286413534191757	61.127
chr5	58739167	0.3935768261964352	61.1745
chr5	58783631	0.759091850114056	61.192
chr5	58798122	1.0824807912719727	61.203
chr5	58821679	1.4461315979757818	61.2285
chr5	58836892	0.4315553253927317	61.2505
chr5	58854271	0.0	61.258
chr5	58872748	17.64095468695938	61.258
chr5	58890094	0.21658415841599635	61.564
chr5	58906254	1.4780319902812975	61.5675
chr5	58930949	0.12487512487521411	61.604
chr5	58958977	1.5630564678879648	61.6075
chr5	58984248	0.08302717064169393	61.647
chr5	59032425	0.13426938274442585	61.651
chr5	59084559	3.53528351587425	61.658
chr5	59098985	8.519403896037682	61.709
chr5	59118646	0.47854096019122866	61.8765
chr5	59324480	0.954859038934357	61.975
chr5	59366371	13.390804597700976	62.015
chr5	59383771	0.0	62.248
chr5	59400350	0.6300366300367233	62.248
chr5	59434475	3.6919605238727446	62.2695
chr5	59504492	0.16264696314896143	62.528
chr5	59526011	1.0978043912171338	62.5315
chr5	59536031	0.07421724246227271	62.5425
chr5	60176044	0.7142006903937459	62.59
chr5	60201247	0.0	62.608
chr5	60218808	0.2822327432317501	62.608
chr5	60360535	1.1050144794999377	62.648
chr5	60373657	3.2572173078241398	62.6625
chr5	60402823	1.2421296097998185	62.7575
chr5	60426170	0.0	62.7865
chr5	60442553	1.8092270579958472	62.7865
chr5	60462451	0.0	62.8225
chr5	60476859	0.19254467036353165	62.8225
chr5	60515811	1.0533197733545097	62.83
chr5	60529577	0.6999381450012431	62.8445
chr5	60560294	0.3363091598386567	62.866
chr5	60593002	0.49404895575996766	62.877
chr5	60615267	0.2774386860503934	62.888
chr5	60642300	2.72002585371106	62.8955
chr5	60660866	6.200331848746966	62.946
chr5	60683768	4.271222637479888	63.088
chr5	60693133	0.0	63.128
chr5	60707635	0.23252723890529503	63.128
chr5	60722687	0.1834814290581609	63.1315
chr5	60760838	0.3468007629614863	63.1385
chr5	60772372	1.7656834233486336	63.1425
chr5	60786814	0.0	63.168
chr5	60811410	0.9157899220515051	63.168
chr5	60834887	0.9479602510459062	63.1895
chr5	60850183	0.0	63.204
chr5	60867431	1.3878374968461753	63.204
chr5	60875357	0.10348039046598832	63.215
chr5	61194258	0.0	63.248
chr5	61217387	3.885730733251928	63.248
chr5	61231284	0.07581172699119504	63.302
chr5	61277451	0.0	63.3055
chr5	61298050	0.20756577240401552	63.3055
chr5	61317321	0.1155902326252791	63.3095
chr5	61351926	0.6804536357571972	63.3135
chr5	61389401	0.0	63.339
chr5	61407619	0.0	63.339
chr5	61426480	0.19140325932420985	63.339
chr5	61444766	0.0	63.3425
chr5	61477214	0.0	63.3425
chr5	61491527	0.0	63.3425
chr5	61507335	11.822427144292472	63.3425
chr5	61524252	0.0	63.5425
chr5	61540741	0.1852734106189456	63.5425
chr5	61559632	0.11589403973518216	63.546
chr5	61589832	0.0	63.5495
chr5	61624324	0.20871846860250437	63.5495
chr5	61641093	0.0	63.553
chr5	61654250	0.7167057597082869	63.553
chr5	61669598	0.9700083892619058	63.564
chr5	61688670	0.0	63.5825
chr5	61724446	0.0	63.5825
chr5	61745267	0.2519435646411889	63.5825
chr5	61759159	0.5657937277724107	63.586
chr5	61777717	0.0	63.5965
chr5	61800623	0.7028304900647105	63.5965
chr5	61816274	4.7280368544407265	63.6075
chr5	61828647	0.6602943026034711	63.666
chr5	61844549	0.9334788602942892	63.6765
chr5	61879365	0.4653728153331084	63.709
chr5	61966392	0.0	63.7495
chr5	61986314	0.08148251618015787	63.7495
chr5	62029268	0.0	63.753
chr5	62044523	0.11776581426657136	63.753
chr5	62074243	2.0262776213633407	63.7565
chr5	62097685	9.971998399908268	63.804
chr5	62115184	0.0	63.9785
chr5	62130699	7.4551427849377685	63.9785
chr5	62134656	1.3612764340890962	64.008
chr5	62150450	1.3786040649126465	64.0295
chr5	62213920	0.5940918588928661	64.117
chr5	62238327	0.0	64.1315
chr5	62254886	0.0	64.1315
chr5	62273891	0.0	64.1315
chr5	62294219	0.981943156401761	64.1315
chr5	62312550	1.266935567276851	64.1495
chr5	62389902	1.6658515710968465	64.2475
chr5	62422618	0.0	64.302
chr5	62439022	6.965081723625381	64.302
chr5	62455174	0.0	64.4145
chr5	62481417	0.4532904767789871	64.4145
chr5	62505684	6.281698544767307	64.4255
chr5	62535851	0.0	64.615
chr5	62575107	0.43549265106204554	64.615
chr5	62584292	0.2001715756364027	64.619
chr5	62601777	0.0	64.6225
chr5	62613134	0.0	64.6225
chr5	62639174	0.0	64.6225
chr5	62665045	0.8705434869953891	64.6225
chr5	62702378	4.275371364374	64.655
chr5	62718400	11.28361075544179	64.7235
chr5	62737144	0.0	64.935
chr5	62753753	16.002293268581948	64.935
chr5	62783405	0.194573414562309	65.4095
chr5	62857927	0.0	65.424
chr5	62913352	0.0	65.424
chr5	62936193	2.109022303079228	65.424
chr5	63010398	0.17965674992718805	65.5805
chr5	63436210	0.30409356725145137	65.657
chr5	63543085	1.264585848135056	65.6895
chr5	63560482	2.9076611574137785	65.7115
chr5	63602956	0.16657643776308204	65.835
chr5	63626969	2.0493728566730254	65.839
chr5	63712117	0.8691267598158263	66.0135
chr5	63787480	1.6731112433076183	66.079
chr5	63868168	0.7333469138317654	66.214
chr5	63892713	0.5700693912052734	66.232
chr5	63994455	1.1038739266197257	66.29
chr5	64076439	1.827326068734432	66.3805
chr5	64106264	2.3748430419825595	66.435
chr5	64124581	1.0735082868662054	66.4785
chr5	64189322	0.0	66.548
chr5	64231850	0.0	66.548
chr5	64245996	0.0	66.548
chr5	64272827	3.284814513455524	66.548
chr5	64306010	3.06974008308521	66.657
chr5	64333211	3.9979141317574958	66.7405
chr5	64350470	9.54362801377746	66.8095
chr5	64378342	8.238905692744812	67.0755
chr5	64400493	4.335325037063611	67.258
chr5	64445011	17.83659378596121	67.451
chr5	64458915	4.757952153677378	67.699
chr5	64593847	3.0216238978305765	68.341
chr5	64904938	18.916913946586494	69.281
chr5	64908982	1.2804662663368227	69.3575
chr5	64920306	13.379605378033864	69.372
chr5	64943214	0.24705221785504056	69.6785
chr5	64987739	9.490940465927428	69.6895
chr5	64988898	0.0	69.7005
chr5	65007221	4.3409460268583295	69.7005
chr5	65030603	61.99403493821833	69.802
chr5	65032950	37.03324459007371	69.9475
chr5	65047599	6.060244669432677	70.49
chr5	65206916	7.656437468304325	71.4555
chr5	65287763	0.1952466319956475	72.0745
chr5	65400441	0.18998163510861338	72.0965
chr5	65495187	0.2660387397688126	72.1145
chr5	65671853	0.134411886898454	72.1615
chr5	65753691	6.667277642853797	72.1725
chr5	65775514	15.317204703767201	72.318
chr5	65788865	0.4768910760490209	72.5225
chr5	65887420	0.0	72.5695
chr5	65943569	0.4064074828996094	72.5695
chr5	66023538	6.22365361419568	72.602
chr5	66103957	1.6861974428025037	73.1025
chr5	66145174	4.072790294627127	73.172
chr5	66156714	5.235982837612008	73.219
chr5	66211718	1.8617942500856401	73.507
chr5	66223266	1.550189670265542	73.5285
chr5	66524842	0.0	73.996
chr5	66527455	1.6381659228055927	73.996
chr5	66587278	3.4617307161456377	74.094
chr5	66721315	0.5354957160335673	74.558
chr5	66734387	1.4046860782530373	74.565
chr5	66822307	0.18267223381984815	74.6885
chr5	66841467	1.04572593042811	74.692
chr5	66897409	9.299660628498325	74.7505
chr5	66920098	0.0	74.9615
chr5	66945987	0.0	74.9615
chr5	66968445	0.0	74.9615
chr5	66998854	0.733861376116516	74.9615
chr5	67038371	0.20229140997104805	74.9905
chr5	67092748	0.8050449483429797	75.0015
chr5	67115107	0.3040852277496098	75.0195
chr5	67162791	1.178581951624486	75.034
chr5	67200124	0.2944310470526973	75.078
chr5	67235786	0.05650538415593066	75.0885
chr5	67297727	0.0	75.092
chr5	67311334	0.14491633496942052	75.092
chr5	67363088	0.1482946119623373	75.0995
chr5	67433893	0.15676438313234398	75.11
chr5	67459409	1.6970070965744646	75.114
chr5	67472373	2.489957629450443	75.136
chr5	67508719	1.3823811879747223	75.2265
chr5	67577441	2.1340228667559806	75.3215
chr5	67609540	0.0	75.39
chr5	67662548	0.4249711487477343	75.39
chr5	67790792	0.07076473085807594	75.4445
chr5	67896777	0.0	75.452
chr5	67918207	0.011524720525535492	75.452
chr5	68221902	0.0	75.4555
chr5	68282058	0.0	75.4555
chr5	68336860	0.4471651272878103	75.4555
chr5	68466566	0.0	75.5135
chr5	68508345	1.1129555572328138	75.5135
chr5	68534851	0.0	75.543
chr5	68563061	0.08032312847083789	75.543
chr5	68606635	0.38486789975324637	75.5465
chr5	68739148	2.818496227645869	75.5975
chr5	68820397	0.03471705599367655	75.8265
chr5	68921212	0.0	75.83
chr5	68986398	0.0	75.83
chr5	68997895	0.28437097141151857	75.83
chr5	69024269	0.34895314057780613	75.8375
chr5	69044329	1.3467640764520608	75.8445
chr5	69071431	0.0	75.881
chr5	69092358	0.09092089881809329	75.881
chr5	69130853	0.0	75.8845
chr5	69173070	0.12352505205690732	75.8845
chr5	69258073	0.09404051802897795	75.895
chr5	69295291	0.14028196675334534	75.8985
chr5	69323805	0.1548124557679804	75.9025
chr5	69346413	0.1903583495926654	75.906
chr5	69367426	2.214619543635798	75.91
chr5	69400163	3.448484481819676	75.9825
chr5	69449750	0.1492346394918561	76.1535
chr5	69473203	0.0	76.157
chr5	69601645	0.0	76.157
chr5	69617195	0.0	76.157
chr5	69687699	0.0	76.157
chr5	69699683	0.0	76.157
chr5	69770950	0.0	76.157
chr5	69872902	0.9875029795348894	76.157
chr5	69961003	0.0	76.244
chr5	69976622	0.09296395654605703	76.244
chr5	70014271	0.0	76.2475
chr5	70032356	0.0	76.2475
chr5	70055269	0.0	76.2475
chr5	70106806	0.9788038342107587	76.2475
chr5	70121620	0.0	76.262
chr5	70146754	0.26300101693702627	76.262
chr5	70175271	0.0	76.2695
chr5	70222705	0.0	76.2695
chr5	70225252	0.11915558409405799	76.2695
chr5	70376315	0.19274237353489324	76.2875
chr5	70433386	0.0	76.2985
chr5	70454749	0.18026370004133196	76.2985
chr5	70474165	0.4008929694377101	76.302
chr5	70537773	0.0	76.3275
chr5	70588229	2.5674622848645483	76.3275
chr5	70616467	0.28086301544735554	76.4
chr5	70655632	0.45813290018961644	76.411
chr5	70703653	0.11710973181862612	76.433
chr5	70857355	0.7655552915712514	76.451
chr5	70895236	0.0	76.48
chr5	70940092	0.0	76.48
chr5	70971295	0.5746313518865389	76.48
chr5	71027853	0.09427863376798032	76.5125
chr5	71064977	0.0	76.516
chr5	71103347	0.45825475439301067	76.516
chr5	71160084	0.0	76.542
chr5	71294197	0.6968252640965374	76.542
chr5	71330074	0.19476472421334243	76.567
chr5	71368582	0.38435410633206735	76.5745
chr5	71424520	0.0	76.596
chr5	71448544	0.0	76.596
chr5	71470060	1.67320801487273	76.596
chr5	71494265	0.21325209444036564	76.6365
chr5	71527090	0.0	76.6435
chr5	71555827	2.3711846781473453	76.6435
chr5	71643336	0.9982886480326586	76.851
chr5	71646842	0.13875123885044602	76.8545
chr5	71672067	0.1397064302211679	76.858
chr5	71725751	14.89570127924386	76.8655
chr5	71743105	1.1820330969275585	77.124
chr5	71749027	3.762291577597001	77.131
chr5	71760722	0.0	77.175
chr5	71799169	0.0790603117235713	77.175
chr5	71843439	0.4916812842184412	77.1785
chr5	71881065	0.14651094646081883	77.197
chr5	71904954	0.4499718767577197	77.2005
chr5	71984959	0.09725132394412185	77.2365
chr5	72098068	0.0	77.2475
chr5	72169604	0.0	77.2475
chr5	72192051	0.14944172840013645	77.2475
chr5	72238892	0.6583023543992171	77.2545
chr5	72277628	1.0473758214010087	77.28
chr5	72312477	0.0	77.3165
chr5	72342966	0.0	77.3165
chr5	72354871	2.1136895125021153	77.3165
chr5	72377107	0.0	77.3635
chr5	72393833	0.3968397128321974	77.3635
chr5	72421552	1.610091878637609	77.3745
chr5	72455401	2.398081534772273	77.429
chr5	72491680	0.688209716269633	77.516
chr5	72523647	0.09181291151865116	77.538
chr5	72561768	0.8155704846423585	77.5415
chr5	72597939	0.0	77.571
chr5	72610453	0.2607076350094973	77.571
chr5	72637303	2.7892517991738752	77.578
chr5	72660786	0.33796832753914596	77.6435
chr5	72681498	3.0000550468815774	77.6505
chr5	72735997	0.28848372951793944	77.814
chr5	72761995	1.7407817692677299	77.8215
chr5	72774633	2.5510204081619565	77.8435
chr5	72783061	1.2751176186083881	77.865
chr5	72805804	1.9794564519568647	77.894
chr5	72815150	0.5857277667502093	77.9125
chr5	72845881	0.7525484025456586	77.9305
chr5	72860498	2.2094781703556214	77.9415
chr5	72911415	0.14495904906881527	78.054
chr5	72939009	1.2189745052778236	78.058
chr5	72977566	4.9206116923975864	78.105
chr5	73032234	0.6948304613674527	78.374
chr5	73053822	1.1080440107308496	78.389
chr5	73079543	0.747128012502265	78.4175
chr5	73152489	6.190307746728047	78.472
chr5	73194894	0.0	78.7345
chr5	73241383	0.08730022547539898	78.7345
chr5	73573570	1.4728573432460637	78.7635
chr5	73637731	0.3439549910324987	78.858
chr5	73678434	3.313771860675657	78.872
chr5	73712685	0.383796544382792	78.9855
chr5	73919826	0.5400378026462057	79.065
chr5	73953157	8.36113427856569	79.083
chr5	73977137	0.3484602917342493	79.2835
chr5	74038837	1.5183776048027695	79.305
chr5	74096135	0.0	79.392
chr5	74114870	0.3471330613332168	79.392
chr5	74220017	0.0	79.4285
chr5	74266706	2.4911949145259307	79.4285
chr5	74278347	0.0	79.4575
chr5	74297293	1.0959687410655137	79.4575
chr5	74360251	0.0	79.5265
chr5	74383958	0.0	79.5265
chr5	74418116	1.0039656643744355	79.5265
chr5	74457958	0.9458654020573102	79.5665
chr5	74496547	2.6075307401561854	79.603
chr5	74517448	0.9665427509293343	79.6575
chr5	74551073	0.23225125362898463	79.69
chr5	74645798	1.2274540557128222	79.712
chr5	74704456	0.0	79.784
chr5	74761471	0.0	79.784
chr5	74806258	0.9016785092247893	79.784
chr5	74871137	0.0	79.8425
chr5	74891308	0.10446202059401585	79.8425
chr5	74924813	1.2885688060437988	79.846
chr5	74981465	0.0	79.919
chr5	75006050	0.0	79.919
chr5	75007419	0.0	79.919
chr5	75027564	0.0	79.919
chr5	75049120	0.5152402646709366	79.919
chr5	75104434	2.2644927536228843	79.9475
chr5	75128722	0.8311635441491936	80.0025
chr5	75246629	0.580543607007048	80.1005
chr5	75503285	0.0	80.2495
chr5	75512206	0.6060284681872802	80.2495
chr5	75644213	0.9017973754590015	80.3295
chr5	75676371	0.11169618637269157	80.3585
chr5	75707706	5.237111420747075	80.362
chr5	75728519	5.186344954846379	80.471
chr5	75764286	5.237196273065177	80.6565
chr5	75813549	1.244777656956291	80.9145
chr5	75848495	0.48266395075946006	80.958
chr5	75961410	0.7166133606903541	81.0125
chr5	76027694	0.0	81.06
chr5	76105009	1.321380453932732	81.06
chr5	76124307	4.08360128617394	81.0855
chr5	76155407	15.892519034765888	81.2125
chr5	76180230	0.025410008639421094	81.607
chr5	76317971	2.4875621890550943	81.6105
chr5	76326614	0.0	81.632
chr5	76365179	0.04717044704090743	81.632
chr5	76439378	0.0	81.6355
chr5	76469639	0.7190980455942676	81.6355
chr5	76586452	0.0	81.7195
chr5	76609707	0.0	81.7195
chr5	76646897	0.0	81.7195
chr5	76707156	0.0	81.7195
chr5	76755124	0.0	81.7195
chr5	76787291	0.04826454486537641	81.7195
chr5	76859808	0.7401882677334432	81.723
chr5	76948299	2.631053917901301	81.7885
chr5	76988397	1.0111640768484593	81.894
chr5	77085315	0.20607741016890252	81.992
chr5	77138693	0.8218768679016497	82.003
chr5	77152077	0.505772785935965	82.014
chr5	77180746	0.7084542203635047	82.0285
chr5	77195567	0.1295851547245569	82.039
chr5	77253444	0.1538240662880692	82.0465
chr5	77302201	0.0	82.054
chr5	77304776	1.1477553392417221	82.054
chr5	77339191	0.5556818468841747	82.0935
chr5	77378782	1.0719905586153506	82.1155
chr5	77480462	0.0	82.2245
chr5	77511187	0.0	82.2245
chr5	77538549	0.0	82.2245
chr5	77541675	0.3283680109852736	82.2245
chr5	77575174	15.711798358344694	82.2355
chr5	77587235	3.218377229242925	82.425
chr5	77638037	5.0478348439074825	82.5885
chr5	77677757	8.911753956874787	82.789
chr5	77713328	8.866269765059887	83.106
chr5	77744570	0.0	83.383
chr5	77748080	0.18761726078812657	83.383
chr5	77785390	1.3117262864482775	83.39
chr5	77821983	3.5006139136341163	83.438
chr5	77860262	0.5612402350249924	83.572
chr5	78190780	0.9663097414470132	83.7575
chr5	78209925	0.08959082589949192	83.776
chr5	78288058	0.0	83.783
chr5	78313497	0.0	83.783
chr5	78357326	0.9217803529108509	83.783
chr5	78361123	0.17168645148643683	83.7865
chr5	78381509	0.0	83.79
chr5	78420675	0.0	83.79
chr5	78484962	0.2139838442192627	83.79
chr5	78503655	0.024223632575970693	83.794
chr5	78668783	0.6889342899224679	83.798
chr5	78689830	0.19459038723500965	83.8125
chr5	78725803	0.17269168777327143	83.8195
chr5	78769233	0.12711710511988358	83.827
chr5	78851834	0.26723027961994217	83.8375
chr5	78934160	0.10533285181180031	83.8595
chr5	78967388	0.0	83.863
chr5	78975412	0.30574239813226933	83.863
chr5	79047368	0.07521220586630042	83.885
chr5	79093903	0.14511260738347245	83.8885
chr5	79145587	0.0	83.896
chr5	79147023	0.2090798028909904	83.896
chr5	79268986	0.31099942776112366	83.9215
chr5	79349372	0.0	83.9465
chr5	79359558	0.25991824389772644	83.9465
chr5	79401879	0.1638193306811374	83.9575
chr5	79444609	0.0	83.9645
chr5	79461125	0.0	83.9645
chr5	79487555	0.15616459748594083	83.9645
chr5	79513169	0.0	83.9685
chr5	79528033	5.8946425906565665	83.9685
chr5	79534734	5.046785652400019	84.008
chr5	79557818	0.0	84.1245
chr5	79575117	1.6021789633901766	84.1245
chr5	79625049	0.1439381477217676	84.2045
chr5	79649365	5.925698495547984	84.208
chr5	79681935	0.0	84.401
chr5	79697860	0.041329145313304456	84.401
chr5	79782546	0.4036315783653889	84.4045
chr5	79872975	2.184789859906608	84.441
chr5	79932935	6.208213944603413	84.572
chr5	79938170	6.071695916160134	84.6045
chr5	79950193	2.567644142229959	84.6775
chr5	79978429	1.410889501699382	84.75
chr5	80009615	0.9466437177289063	84.794
chr5	80021235	4.7318611987378025	84.805
chr5	80034232	1.7338284376761575	84.8665
chr5	80103443	2.189411458832176	84.9865
chr5	80176522	1.0590454083854273	85.1465
chr5	80210987	0.0	85.183
chr5	80220299	0.0	85.183
chr5	80233983	1.3486490257171726	85.183
chr5	80298492	0.34521446448648385	85.27
chr5	80310079	0.9157509157508362	85.274
chr5	80393071	0.35798933438685776	85.35
chr5	80474079	1.0417808970281226	85.379
chr5	80592626	0.20367944158807286	85.5025
chr5	80683455	4.416915847928201	85.521
chr5	80741980	0.0	85.7795
chr5	80770123	0.0	85.7795
chr5	80785987	0.2307641590296368	85.7795
chr5	80816321	0.0	85.7865
chr5	80818425	2.0072023141859936	85.7865
chr5	80869242	0.0	85.8885
chr5	80890101	1.7990152758490363	85.8885
chr5	81064363	0.0	86.202
chr5	81081173	0.0	86.202
chr5	81082944	0.0	86.202
chr5	81089527	0.0	86.202
chr5	81102038	0.7521932764347461	86.202
chr5	81169175	1.1300876729307112	86.2525
chr5	81224038	14.163457424048259	86.3145
chr5	81259093	0.0	86.811
chr5	81306047	0.2413550991749096	86.811
chr5	81397199	0.11484446777800568	86.833
chr5	81427675	0.0	86.8365
chr5	81433899	0.7769605304043488	86.8365
chr5	81443552	1.322778877200391	86.844
chr5	81539562	5.363904080772794	86.971
chr5	81544316	0.5417610957635118	86.9965
chr5	81665218	1.1241685462669582	87.062
chr5	81804432	0.0	87.2185
chr5	81817848	0.6754474839580376	87.2185
chr5	81903717	0.05405948087456658	87.2765
chr5	82033204	0.0	87.2835
chr5	82084272	0.0	87.2835
chr5	82148377	0.0	87.2835
chr5	82222439	41.497975708502395	87.2835
chr5	82226391	0.0	87.4475
chr5	82570864	1.8026521422932804	87.4475
chr5	82635491	0.8354355731745919	87.564
chr5	82666014	0.0	87.5895
chr5	82694567	0.09628522434451121	87.5895
chr5	82803618	0.0	87.6
chr5	82818485	0.0	87.6
chr5	82828264	0.08279859242402998	87.6
chr5	82876574	0.4386266685013393	87.604
chr5	82934710	0.10084575977205348	87.6295
chr5	83009081	1.172876547924455	87.637
chr5	83027412	0.8319841698148529	87.6585
chr5	83049648	2.005523408732104	87.677
chr5	83125688	1.1411599187120134	87.8295
chr5	83157673	0.0	87.866
chr5	83161082	0.6260794473228921	87.866
chr5	83207402	2.562021206432933	87.895
chr5	83227113	1.4906131657403168	87.9455
chr5	83239524	1.788163825201046	87.964
chr5	83259936	0.32720297867535103	88.0005
chr5	83304251	0.3633532312486375	88.015
chr5	83323516	1.0338345864657594	88.022
chr5	83334156	0.0	88.033
chr5	83387205	13.560075580749125	88.033
chr5	83405199	0.6642684392966048	88.277
chr5	83618968	1.1485803546818747	88.419
chr5	83640734	0.8441472457627438	88.444
chr5	83701150	0.0	88.495
chr5	83712092	0.11773940345358208	88.495
chr5	83775792	0.0	88.5025
chr5	83840718	0.16192931009242725	88.5025
chr5	84066125	0.7339064793462993	88.539
chr5	84075663	0.7526513855624823	88.546
chr5	84090278	0.23351235947529075	88.557
chr5	84120255	0.13567600569855803	88.564
chr5	84149737	0.0	88.568
chr5	84194144	3.497849945446662	88.568
chr5	84225306	0.0	88.677
chr5	84247743	0.1431990671601741	88.677
chr5	84296626	3.093787298197166	88.684
chr5	84328464	0.0	88.7825
chr5	84353881	0.8402807526282028	88.7825
chr5	84384228	1.4600014691837933	88.808
chr5	84438680	0.3025792839502637	88.8875
chr5	84499821	1.1167979170122333	88.906
chr5	84578170	0.9181909837249054	88.9935
chr5	84605942	1.7407691324897863	89.019
chr5	84637250	2.008892698344875	89.0735
chr5	84693251	0.5711809658866376	89.186
chr5	84718637	0.0	89.2005
chr5	84737785	4.819888381531999	89.2005
chr5	84773263	1.9360981802792288	89.3715
chr5	84820523	6.861941827120196	89.463
chr5	84869343	0.8722123409493043	89.798
chr5	84898579	0.0	89.8235
chr5	84914651	2.749162611389038	89.8235
chr5	84930474	4.27264646001207	89.867
chr5	84965347	5.427894417810181	90.016
chr5	84983494	0.4412708600768485	90.1145
chr5	85058278	0.10039008719603319	90.1475
chr5	85128006	0.14819833171031466	90.1545
chr5	85151623	0.22111500928662928	90.158
chr5	85185542	1.081309503095	90.1655
chr5	85225771	1.029095331648955	90.209
chr5	85236460	0.687001923606063	90.22
chr5	85247377	0.17228012748722668	90.2275
chr5	85375076	1.5808983863936894	90.2495
chr5	85402592	1.4038717304563308	90.293
chr5	85422893	1.6188373804268457	90.3215
chr5	85443278	2.401304194571926	90.3545
chr5	85465974	1.8873960332692736	90.409
chr5	85481604	0.0	90.4385
chr5	85498484	0.0	90.4385
chr5	85657204	0.05325704895076608	90.4385
chr5	85788642	0.0	90.4455
chr5	85809594	2.107358192355053	90.4455
chr5	85826677	0.539893772252468	90.4815
chr5	85860943	5.741593893969662	90.5
chr5	85875486	1.3320796113458633	90.5835
chr5	85894629	4.426129426129594	90.609
chr5	85914285	0.5045917852457987	90.696
chr5	86023284	0.0	90.751
chr5	86050904	14.588183934807262	90.751
chr5	86064648	5.711345510676831	90.9515
chr5	86103518	2.3427999141569535	91.1735
chr5	86131476	1.0184391080617374	91.239
chr5	86178116	0.9457200668603494	91.2865
chr5	86200850	0.19369834710726186	91.308
chr5	86239570	0.8556934172725257	91.3155
chr5	86255931	0.14158289678624128	91.3295
chr5	86284183	4.446411261431793	91.3335
chr5	86307910	0.12606948950273805	91.439
chr5	86367401	0.0	91.4465
chr5	86398529	0.0	91.4465
chr5	86406945	0.0	91.4465
chr5	86433274	0.6188911178453277	91.4465
chr5	86456703	0.23725596529301118	91.461
chr5	86486207	3.5372451102784592	91.468
chr5	86515043	3.3824233716479215	91.57
chr5	86548451	9.282128914030352	91.683
chr5	86573553	5.698487925976027	91.916
chr5	86582415	4.067255672751394	91.9665
chr5	86659494	2.3250285985944954	92.28
chr5	86726805	14.28186472648872	92.4365
chr5	86749071	21.679715302491452	92.7545
chr5	86784196	5.632902667953238	93.516
chr5	86863995	0.9184618910952592	93.9655
chr5	87173752	1.6142223752744351	94.25
chr5	87336369	0.0	94.5125
chr5	87337098	3.914745541539742	94.5125
chr5	87406068	0.0	94.7825
chr5	87457765	28.25523899222921	94.7825
chr5	87466259	35.3527723221033	95.0225
chr5	87479497	15.30374436791155	95.4905
chr5	87498806	9.302610614045669	95.786
chr5	87539601	2.6797734257920287	96.1655
chr5	87578970	12.908004020525832	96.271
chr5	87597873	8.25867638400467	96.515
chr5	87660716	0.6873340917708656	97.034
chr5	87702908	1.830470290059017	97.063
chr5	87752622	1.080983695162639	97.154
chr5	87830329	2.991026919242289	97.238
chr5	87976767	0.8161790360364864	97.676
chr5	88057019	0.6057920644700633	97.7415
chr5	88201458	7.802690582961212	97.829
chr5	88207033	0.3509757124803771	97.8725
chr5	88228402	0.6091846298031652	97.88
chr5	88281752	102.39978183801539	97.9125
chr5	88285419	0.12729124236268102	98.288
chr5	88316843	1.4838215584912313	98.292
chr5	88358627	2.4058403849347494	98.354
chr5	88382735	0.49607648597437	98.412
chr5	88404909	8.608797833750296	98.423
chr5	88424482	2.3173648534651945	98.5915
chr5	88525243	0.5505741702064655	98.825
chr5	88531600	2.1927301088053732	98.8285
chr5	88609813	0.323834196891204	99.0
chr5	88656133	1.4163844751235524	99.015
chr5	88686845	2.418216539355738	99.0585
chr5	88735021	0.2908293841764289	99.175
chr5	88898347	0.14503263234240743	99.2225
chr5	88974192	0.6322555717520004	99.2335
chr5	89031131	14.45958597732243	99.2695
chr5	89059970	0.15540705548042985	99.6865
chr5	89105013	4.199803413456978	99.6935
chr5	89116204	8.246728657381997	99.7405
chr5	89163738	2.9669398135069756	100.1325
chr5	89195589	0.10399643440803748	100.227
chr5	89229244	0.8300654895793402	100.2305
chr5	89480429	4.048421779181911	100.439
chr5	89518098	3.5641457576026334	100.5915
chr5	89630888	0.2904880198733509	100.9935
chr5	89680804	0.2170542635660466	101.008
chr5	89729179	0.10208495544596852	101.0185
chr5	90018154	17.620856805974416	101.048
chr5	90025787	0.16448811299221813	101.1825
chr5	90071383	10.81205429031448	101.19
chr5	90075730	5.910223823507628	101.237
chr5	90156776	0.0	101.716
chr5	90170385	0.0	101.716
chr5	90194558	0.0	101.716
chr5	90231309	0.2278971424230617	101.716
chr5	90310292	0.2897710808463921	101.734
chr5	90348253	0.28700287002890534	101.745
chr5	90360448	0.0	101.7485
chr5	90377320	0.0	101.7485
chr5	90444425	2.263916886338759	101.7485
chr5	90476670	0.0	101.8215
chr5	90525194	0.14559068219644347	101.8215
chr5	90549234	6.164999735407846	101.825
chr5	90587028	0.0	102.058
chr5	90627601	0.0	102.058
chr5	90647579	0.7918074324317123	102.058
chr5	90657051	5.21212290815473	102.0655
chr5	90728519	14.259173246632706	102.438
chr5	90750049	0.0	102.745
chr5	90779721	0.0	102.745
chr5	90798768	9.324609126108852	102.745
chr5	90839574	0.9815110705319873	103.1255
chr5	90861479	7.056898967134454	103.147
chr5	90976402	0.2322844400398721	103.958
chr5	91008690	0.1898974553736554	103.9655
chr5	91029754	23.658435646297264	103.9695
chr5	91037003	0.6539983264142262	104.141
chr5	91160092	0.0	104.2215
chr5	91183689	0.0	104.2215
chr5	91282792	0.0	104.2215
chr5	91359293	0.042698548249216664	104.2215
chr5	91441263	0.1568517156333823	104.225
chr5	91533707	0.0	104.2395
chr5	91603491	0.0	104.2395
chr5	91619555	0.0	104.2395
chr5	91673986	1.4934619554394197	104.2395
chr5	91764380	5.071056444403461	104.3745
chr5	91796819	0.0	104.539
chr5	91827320	0.0	104.539
chr5	91844008	1.4025960778313242	104.539
chr5	91922434	0.0	104.649
chr5	91936225	5.895857247208575	104.649
chr5	91974557	3.791403051730588	104.875
chr5	92039045	0.0	105.1195
chr5	92069859	0.0	105.1195
chr5	92090407	0.5703347787022406	105.1195
chr5	92218402	0.0	105.1925
chr5	92261585	0.0	105.1925
chr5	92270373	0.0	105.1925
chr5	92290841	0.30866843865215954	105.1925
chr5	92349156	0.04713927455803718	105.2105
chr5	92508259	1.3392673177565775	105.218
chr5	92532526	0.17331022530341675	105.2505
chr5	92552721	0.11497953364290697	105.254
chr5	92617950	0.0	105.2615
chr5	92647754	0.12511886291989704	105.2615
chr5	92707697	0.0	105.269
chr5	92722847	0.0	105.269
chr5	92786026	0.0	105.269
chr5	92831350	0.16199203924781497	105.269
chr5	92852956	0.2999914288165339	105.2725
chr5	92864623	4.487831960766231	105.276
chr5	92907851	8.625827009145715	105.47
chr5	93072299	0.0	106.8885
chr5	93077564	0.0	106.8885
chr5	93082634	2.027073455645775	106.8885
chr5	93097187	0.0	106.918
chr5	93111090	0.0	106.918
chr5	93114663	0.6501447631115232	106.918
chr5	93386141	0.6163393692084579	107.0945
chr5	93409667	0.0	107.109
chr5	93447264	0.0	107.109
chr5	93466485	0.0	107.109
chr5	93474690	0.0	107.109
chr5	93474735	2.828375570927271	107.109
chr5	93603254	0.46265697290185076	107.4725
chr5	93625949	1.393897693840664	107.483
chr5	93710245	0.5646825590276492	107.6005
chr5	93956401	0.0	107.7395
chr5	93982955	0.6040305309975114	107.7395
chr5	94001166	9.297091412742489	107.7505
chr5	94030046	0.0	108.019
chr5	94037660	0.0	108.019
chr5	94038357	0.0	108.019
chr5	94040631	0.0	108.019
chr5	94067345	9.056617866746064	108.019
chr5	94094121	0.0	108.2615
chr5	94095211	0.0	108.2615
chr5	94104859	0.0	108.2615
chr5	94216955	2.6657552973340217	108.2615
chr5	94238900	0.0	108.32
chr5	94264922	1.4898263229863364	108.32
chr5	94313921	0.0	108.393
chr5	94322495	1.0568472577597874	108.393
chr5	94340473	7.149022404022972	108.412
chr5	94367120	0.0	108.6025
chr5	94392031	6.477951011119328	108.6025
chr5	94442124	0.0	108.927
chr5	94457578	0.0	108.927
chr5	94478120	0.0	108.927
chr5	94490944	0.0	108.927
chr5	94515172	1.5503579221373667	108.927
chr5	94541295	6.258495695514376	108.9675
chr5	94558951	15.597164151972445	109.078
chr5	94586456	1.4492753623188954	109.507
chr5	94609226	1.9996981587683846	109.54
chr5	94662234	0.17927572606681869	109.646
chr5	94681757	1.0819808572616	109.6495
chr5	94705787	0.19177171495071185	109.6755
chr5	94744896	10.362341843907162	109.683
chr5	94766947	4.683778777454155	109.9115
chr5	94785842	0.0	110.0
chr5	94801309	0.0	110.0
chr5	94836377	0.06763154335186762	110.0
chr5	94888128	0.16285584001027464	110.0035
chr5	94934181	7.659491952685633	110.011
chr5	94970280	1.4539833905323207	110.2875
chr5	95008451	40.51383399209427	110.343
chr5	95014017	0.0	110.5685
chr5	95042108	0.38514866738526055	110.5685
chr5	95061581	0.0	110.576
chr5	95100859	0.22136837278449797	110.576
chr5	95164102	5.4450562998271215	110.59
chr5	95188436	0.0	110.7225
chr5	95215569	0.0	110.7225
chr5	95278245	0.0	110.7225
chr5	95427570	0.08175634429239764	110.7225
chr5	95519306	4.042703508908871	110.73
chr5	95532045	14.517569982132242	110.7815
chr5	95558909	0.0	111.1715
chr5	95621615	0.0	111.1715
chr5	95715234	0.1715579751585742	111.1715
chr5	95758951	0.0	111.179
chr5	95782143	0.11629452418934413	111.179
chr5	95812239	0.0	111.1825
chr5	95849350	0.0	111.1825
chr5	95873338	0.04233969134355143	111.1825
chr5	95967812	3.025522227103859	111.1865
chr5	96017886	0.7471656433749259	111.338
chr5	96048669	1.5590330491649884	111.361
chr5	96134299	1.1069993990573612	111.4945
chr5	96197533	11.480938416422514	111.5645
chr5	96231633	0.18159503055803755	111.956
chr5	96311481	0.7560968138108203	111.9705
chr5	96670562	14.207898320471548	112.242
chr5	96681577	9.873682149035313	112.3985
chr5	96712214	1.180155235804139	112.701
chr5	96778307	0.8716531807117504	112.779
chr5	96808709	2.142249125130062	112.8055
chr5	97020169	0.0	113.2585
chr5	97030903	3.026907940572809	113.2585
chr5	97137117	1.3408944883649976	113.58
chr5	97172914	0.3317154928594828	113.628
chr5	97230192	1.7145819211292022	113.647
chr5	97280350	2.557852090915349	113.733
chr5	97309476	1.27903761061919	113.8075
chr5	97338404	0.6832477512697027	113.8445
chr5	97480373	0.07108709946845826	113.9415
chr5	97536642	0.0	113.9455
chr5	97586867	2.597338346609068	113.9455
chr5	97607080	1.2317293480042562	113.998
chr5	97625347	0.0	114.0205
chr5	97647616	0.0	114.0205
chr5	97668853	0.565442533182523	114.0205
chr5	97820062	0.0	114.106
chr5	97849009	1.106064181217807	114.106
chr5	97882913	0.3432406519654881	114.1435
chr5	98143663	0.22134912290358463	114.233
chr5	98161734	0.0	114.237
chr5	98176208	1.6599772062833178	114.237
chr5	98196389	1.616262083113378	114.2705
chr5	98228562	0.8476062430582908	114.3225
chr5	98245669	0.18753809367484073	114.337
chr5	98266998	0.12919896640836107	114.341
chr5	98294088	3.948753948754099	114.3445
chr5	98328276	0.0	114.4795
chr5	98349599	2.6908511062386067	114.4795
chr5	98374684	0.0	114.547
chr5	98400216	1.7202623973580682	114.547
chr5	98422015	0.0	114.5845
chr5	98454329	0.5662799184555344	114.5845
chr5	98533795	0.6055776892432019	114.6295
chr5	98565170	1.4199134199133097	114.6485
chr5	98594045	1.1946517266542864	114.6895
chr5	98679007	4.5865821623649845	114.791
chr5	98702990	7.062942691564696	114.901
chr5	98727838	9.115745624712687	115.0765
chr5	98801776	1.58404224112649	115.7505
chr5	98818821	0.0	115.7775
chr5	98850776	0.7329587099926982	115.7775
chr5	98867148	7.279430880858234	115.7895
chr5	98909459	2.202738306051135	116.0975
chr5	98955765	2.2975008296531643	116.1995
chr5	98994938	3.2080608176035765	116.2895
chr5	99083465	1.7735187900025362	116.5735
chr5	99223300	0.2792280894593088	116.8215
chr5	99336111	2.2679410335335977	116.853
chr5	99348457	0.7230972957903402	116.881
chr5	99463241	0.26286582160179833	116.964
chr5	99583074	0.0	116.9955
chr5	99622539	0.26702269692909103	116.9955
chr5	99652499	0.9139932364498684	117.0035
chr5	99674381	0.0	117.0235
chr5	99706666	0.17870306252363496	117.0235
chr5	99751433	0.0	117.0315
chr5	99771340	1.501732768579734	117.0315
chr5	99784325	0.5357382025983506	117.051
chr5	99829123	0.07473701911381846	117.075
chr5	99882644	0.06758583400919424	117.079
chr5	100060196	0.0	117.091
chr5	100094235	0.9103322712790514	117.091
chr5	100107417	0.2815513479274223	117.103
chr5	100121624	0.0	117.107
chr5	100132159	0.304004169200252	117.107
chr5	100143672	677.2486772486778	117.1105
chr5	100143861	0.4264717765467407	117.2385
chr5	100255240	0.23271711779857376	117.286
chr5	100323993	0.5333688912591217	117.302
chr5	100353991	2.166456038996291	117.318
chr5	100376147	0.0	117.366
chr5	100389556	0.19672453646805138	117.366
chr5	100409889	2.019166387679775	117.37
chr5	100457681	1.7422108655884976	117.4665
chr5	100492120	3.545218354397635	117.5265
chr5	100588729	5.171753288213707	117.869
chr5	100604391	0.6538289296910658	117.95
chr5	100660216	1.977040816326364	117.9865
chr5	100738616	2.8537039913033815	118.1415
chr5	100764372	0.24030285553730876	118.215
chr5	101034864	0.6289072033342151	118.28
chr5	101088131	0.19076688286883994	118.3135
chr5	101111720	0.09380203081408177	118.318
chr5	101154363	0.1797196373654325	118.322
chr5	101179402	0.7103189978048013	118.3265
chr5	101202631	0.24930712047037512	118.343
chr5	101357059	3.7439161362786892	118.3815
chr5	101365072	0.318887719633929	118.4115
chr5	101553226	2.0802939428323923	118.4715
chr5	101571733	0.0	118.51
chr5	101651736	0.4903188115506285	118.51
chr5	101747592	0.0	118.557
chr5	101780359	2.5785278949836035	118.557
chr5	101835817	3.139137205428689	118.7
chr5	101937278	1.1021539236678608	119.0185
chr5	101969034	0.0	119.0535
chr5	101989299	0.0	119.0535
chr5	102012519	0.7844367743959073	119.0535
chr5	102034828	0.7293745269386537	119.071
chr5	102107493	0.7888923950772346	119.124
chr5	102129676	0.29554709050325356	119.1415
chr5	102175354	0.1694197373996141	119.155
chr5	102198964	2.491118620569723	119.159
chr5	102222046	0.22985863693856387	119.2165
chr5	102239448	0.0	119.2205
chr5	102263211	0.44533878735875854	119.2205
chr5	102293525	0.0	119.234
chr5	102318507	0.0	119.234
chr5	102341428	0.0	119.234
chr5	102362190	0.0	119.234
chr5	102388796	0.2695588748299294	119.234
chr5	102420329	0.08598780883941423	119.2425
chr5	102524995	0.7585501797437533	119.2515
chr5	102555316	0.0	119.2745
chr5	102582106	0.3685616880124905	119.2745
chr5	102668930	0.16628789978383202	119.3065
chr5	102723053	0.0	119.3155
chr5	102748017	0.0	119.3155
chr5	102776370	0.0	119.3155
chr5	102864660	1.8738756745949587	119.3155
chr5	102884672	0.1236229773909309	119.353
chr5	102921073	0.17327229284846388	119.3575
chr5	102975900	0.10036660222062183	119.367
chr5	103070553	0.0	119.3765
chr5	103099217	0.2304501459521317	119.3765
chr5	103118744	0.0	119.381
chr5	103162856	3.780342220454727	119.381
chr5	103167882	0.06567885666240349	119.4
chr5	103244010	0.5411450629532295	119.405
chr5	103271729	0.0	119.42
chr5	103299930	0.085050888781791	119.42
chr5	103370476	0.0	119.426
chr5	103399391	0.0	119.426
chr5	103414878	0.0	119.426
chr5	103438350	0.0	119.426
chr5	103467094	0.0	119.426
chr5	103507916	0.0	119.426
chr5	103626848	0.0	119.426
chr5	103670452	0.0	119.426
chr5	103693705	0.8193736343773071	119.426
chr5	103715673	0.2531325148715448	119.444
chr5	103739376	0.0	119.45
chr5	103822582	0.0	119.45
chr5	103849895	0.0	119.45
chr5	103894416	0.2520267148317817	119.45
chr5	103942030	0.0	119.462
chr5	103969692	0.0	119.462
chr5	103990567	0.0	119.462
chr5	104012040	0.0	119.462
chr5	104036600	0.0	119.462
chr5	104064832	0.0	119.462
chr5	104117967	0.0	119.462
chr5	104139207	0.0	119.462
chr5	104155444	0.0	119.462
chr5	104213761	0.0	119.462
chr5	104239160	0.0	119.462
chr5	104246978	0.0	119.462
chr5	104277718	0.0	119.462
chr5	104293530	0.0	119.462
chr5	104347515	0.0	119.462
chr5	104361304	0.0	119.462
chr5	104384359	0.0	119.462
chr5	104415535	0.0	119.462
chr5	104434460	0.0	119.462
chr5	104477605	0.0	119.462
