Chromosome	Position(bp)	Rate(cM/Mb)	Map(cM)
chr16	0	0.0	0.0
chr16	112291	25.795828759604827	0.0
chr16	115024	0.0	0.0705
chr16	158470	5.801198211121425	0.0705
chr16	182172	0.0	0.208
chr16	194301	0.3734372463062189	0.208
chr16	225096	1.4755759150773027	0.2195
chr16	247799	0.0	0.253
chr16	267508	0.6060606060606059	0.253
chr16	425083	5.689001264222504	0.3485
chr16	436948	0.2716468590831921	0.416
chr16	510573	6.710619260654586	0.436
chr16	514820	0.3214890016920458	0.4645
chr16	544370	1.190040278286343	0.474
chr16	566218	1.07377463365336	0.5
chr16	605798	1.5031545073464032	0.5425
chr16	700266	0.20991253644314886	0.6845
chr16	743141	0.7642922653622751	0.6935
chr16	782393	0.0	0.7235
chr16	791125	0.0	0.7235
chr16	801976	0.0	0.7235
chr16	816548	0.0	0.7235
chr16	832219	0.0	0.7235
chr16	853427	5.594085317979584	0.7235
chr16	883995	21.65605095541403	0.8945
chr16	888705	0.0	0.9965
chr16	911164	0.0	0.9965
chr16	933180	4.344643198166654	0.9965
chr16	964598	0.0	1.133
chr16	985738	0.0	1.133
chr16	1030425	4.928556636984883	1.133
chr16	1078715	1.0416666666666676	1.371
chr16	1105595	2.5613260588896707	1.399
chr16	1129606	2.343331547937872	1.4605
chr16	1166946	3.1760235891267024	1.548
chr16	1235113	0.3790967483512863	1.7645
chr16	1305016	7.214940262150562	1.791
chr16	1348121	0.37808771635020755	2.102
chr16	1360023	2.664876520607018	2.1065
chr16	1409181	4.556639796351293	2.2375
chr16	1468106	3.901226099631321	2.506
chr16	1479769	5.062246887655642	2.5515
chr16	1493103	6.219412724306682	2.619
chr16	1512719	3.7528410592525887	2.741
chr16	1531638	0.6321370309951089	2.812
chr16	1629718	5.9835227614408515	2.874
chr16	1646347	1.1838884750452208	2.9735
chr16	1683935	15.341784148797554	3.018
chr16	1700817	11.329880417396598	3.277
chr16	1727075	1.5330596904208564	3.5745
chr16	1747296	4.722822778699013	3.6055
chr16	1794937	0.042145091501678035	3.8305
chr16	1901711	0.1515409823644183	3.835
chr16	1954502	0.6827989293712884	3.843
chr16	1972809	0.14240055694439183	3.8555
chr16	2004410	0.0	3.86
chr16	2019610	0.0	3.86
chr16	2036591	0.46101644906690104	3.86
chr16	2090819	0.0	3.885
chr16	2107129	0.552753402888137	3.885
chr16	2121602	1.2347335928063419	3.893
chr16	2158857	0.0919756366757905	3.939
chr16	2207783	0.29332476638778027	3.9435
chr16	2279376	2.020499371102842	3.9645
chr16	2316743	0.21846781240896387	4.04
chr16	2371671	0.6832467887401026	4.052
chr16	2389966	0.2439768222019181	4.0645
chr16	2406361	0.8184913567312846	4.0685
chr16	2421633	1.1200475008096515	4.081
chr16	2458685	0.6626202655782119	4.1225
chr16	2496414	0.6542005124570929	4.1475
chr16	2514757	0.0	4.1595
chr16	2531894	0.0	4.1595
chr16	2559364	0.0	4.1595
chr16	2576920	1.7418436278815916	4.1595
chr16	2609931	5.376344086021523	4.217
chr16	2648154	5.979537294495581	4.4225
chr16	2685197	2.1604708336437395	4.644
chr16	2698620	0.08849361739783544	4.673
chr16	2743821	0.0	4.677
chr16	2764726	0.17161757363954722	4.677
chr16	2860870	1.6797433785599651	4.6935
chr16	2907008	0.975847767748232	4.771
chr16	2923404	3.0076110974711745	4.787
chr16	2939696	4.303618453135664	4.836
chr16	2980708	2.6776906092920325	5.0125
chr16	3001995	5.448891292590596	5.0695
chr16	3038975	4.134093840821846	5.271
chr16	3103318	0.18917896329930228	5.537
chr16	3124462	0.0	5.541
chr16	3127842	23.25581395348834	5.541
chr16	3132056	1.2382217927035628	5.639
chr16	3148612	0.8188485883653094	5.6595
chr16	3248142	2.1613184042265803	5.741
chr16	3281455	0.5372853656898525	5.813
chr16	3326124	1.8367815505497604	5.837
chr16	3365323	1.5267175572519178	5.909
chr16	3420343	3.6302346687410703	5.993
chr16	3443482	2.553106832600189	6.077
chr16	3488721	0.0	6.1925
chr16	3496110	0.9225852155719213	6.1925
chr16	3556809	0.6972254004576606	6.2485
chr16	3584777	0.22451728783118813	6.268
chr16	3602593	0.4747474747474628	6.272
chr16	3652093	0.6062749456878924	6.2955
chr16	3671886	2.3004258235034856	6.3075
chr16	3692317	0.16261484673552515	6.3545
chr16	3716915	1.591386198957094	6.3585
chr16	3731682	0.9867316090023514	6.382
chr16	3803130	0.672763586670872	6.4525
chr16	3850695	5.075318655851707	6.4845
chr16	3872270	0.8798895126080243	6.594
chr16	3917162	1.172103926548155	6.6335
chr16	3937638	2.519777322004111	6.6575
chr16	3954703	3.6325041856015354	6.7005
chr16	3988151	11.572282799859327	6.822
chr16	4002366	3.570699857172	6.9865
chr16	4046475	0.0	7.144
chr16	4062087	6.603005285597943	7.144
chr16	4124710	3.579988937373249	7.5575
chr16	4157252	12.577192260189355	7.674
chr16	4181542	0.0	7.9795
chr16	4202927	0.0	7.9795
chr16	4216263	3.4853735192199577	7.9795
chr16	4241081	3.0639697090473685	8.066
chr16	4261153	0.9421832047530466	8.1275
chr16	4306261	0.6046902934062386	8.17
chr16	4344297	5.9453641535543875	8.193
chr16	4363808	1.9094261518503977	8.309
chr16	4432415	0.29368575624082255	8.44
chr16	4486895	3.8811762949694573	8.456
chr16	4506992	0.36973132856783375	8.534
chr16	4527277	2.9957997035084865	8.5415
chr16	4575845	2.1492822458673095	8.687
chr16	4613532	0.12109103018192593	8.768
chr16	4646565	0.7205995388162798	8.772
chr16	4688197	1.0640153497296343	8.802
chr16	4716862	0.22205916428515957	8.8325
chr16	4768650	0.9833024118738557	8.844
chr16	4795600	0.0	8.8705
chr16	4819605	0.1299279827752886	8.8705
chr16	4846543	1.331069871522803	8.874
chr16	4872462	4.614015364436931	8.9085
chr16	4915158	0.37847622182003027	9.1055
chr16	4945543	0.4590384674235331	9.117
chr16	4978220	3.8228869097631106	9.132
chr16	4990122	7.368043556222055	9.1775
chr16	5020795	3.353720693170241	9.4035
chr16	5069845	7.16060207511344	9.568
chr16	5076688	9.589350180505312	9.617
chr16	5085552	4.8820838875011905	9.702
chr16	5116379	8.547008547008593	9.8525
chr16	5148320	11.453396524486537	10.1255
chr16	5188832	1.9353878219444378	10.5895
chr16	5202266	0.2045972103615116	10.6155
chr16	5258474	0.32488628979853473	10.627
chr16	5270786	10.660555943010836	10.631
chr16	5310934	20.566703533997007	11.059
chr16	5329921	0.4630393139406574	11.4495
chr16	5408748	1.1463626223819257	11.486
chr16	5424886	0.0	11.5045
chr16	5443023	0.24888778272093828	11.5045
chr16	5475166	0.0	11.5125
chr16	5509255	6.1090883629743775	11.5125
chr16	5537819	0.34680698397512455	11.687
chr16	5579629	17.659383418138596	11.7015
chr16	5582970	1.3531799729364156	11.7605
chr16	5599228	30.322673581100503	11.7825
chr16	5606170	3.489744956064734	11.993
chr16	5701879	0.6873235250408499	12.327
chr16	5728795	6.577155088538645	12.3455
chr16	5754490	7.827660641475698	12.5145
chr16	5800353	8.02458596551138	12.8735
chr16	5823781	2.2313027582127885	13.0615
chr16	5898177	0.20708833796821044	13.2275
chr16	5915078	0.0	13.231
chr16	5932419	7.963571339460206	13.231
chr16	5956466	0.15647353361948876	13.4225
chr16	5978834	4.260238487722375	13.426
chr16	6025545	5.455880157268694	13.625
chr16	6105917	21.855626773142816	14.0635
chr16	6124951	12.109551833408807	14.4795
chr16	6142623	4.74095925408907	14.6935
chr16	6180590	1.2514932590022323	14.8735
chr16	6198169	0.0	14.8955
chr16	6221354	5.854238316811665	14.8955
chr16	6260898	0.0	15.127
chr16	6281135	8.75110236754627	15.127
chr16	6325358	27.765574202618463	15.514
chr16	6348120	13.753277911063858	16.146
chr16	6366043	1.159426815403509	16.3925
chr16	6454880	10.831238239805176	16.4955
chr16	6518123	5.662193047273778	17.1805
chr16	6576316	4.515378622452901	17.51
chr16	6667449	0.0	17.9215
chr16	6698672	0.39461883408069	17.9215
chr16	6726547	0.7526138074122093	17.9325
chr16	6775709	0.3481480895373625	17.9695
chr16	6902092	0.17807173747132785	18.0135
chr16	6921747	0.49245646237181506	18.017
chr16	6944084	1.7293832168338932	18.028
chr16	6999306	5.0446304397299535	18.1235
chr16	7078400	1.2561096489728822	18.5225
chr16	7136914	0.0	18.596
chr16	7161908	0.14689778584972668	18.596
chr16	7236790	0.0	18.607
chr16	7268609	0.6984922202418208	18.607
chr16	7310127	1.3667240496905937	18.636
chr16	7396099	0.1811458411413654	18.7535
chr16	7476145	4.234870268637333	18.768
chr16	7565522	0.686146086739574	19.1465
chr16	7677743	0.0	19.2235
chr16	7678936	0.0	19.2235
chr16	7684897	0.3044796944560882	19.2235
chr16	7854038	0.5882352941176694	19.275
chr16	7927988	2.3344159610254227	19.3185
chr16	7996956	5.8030184870865655	19.4795
chr16	8040554	0.4262297919479256	19.7325
chr16	8271650	0.11744053800129743	19.831
chr16	8433434	0.9365110120777599	19.85
chr16	8464400	0.0	19.879
chr16	8509876	0.7361856920145271	19.879
chr16	8579152	0.0	19.93
chr16	8635273	0.0	19.93
chr16	8665601	0.721495989138202	19.93
chr16	8818062	5.223251895535061	20.04
chr16	8841802	0.4118616144975114	20.164
chr16	8913428	0.0	20.1935
chr16	8936372	0.4433466337324371	20.1935
chr16	8952161	0.0	20.2005
chr16	8967279	0.0	20.2005
chr16	9009965	0.0	20.2005
chr16	9055583	0.2698724239450253	20.2005
chr16	9096343	0.0	20.2115
chr16	9137158	0.0	20.2115
chr16	9161757	3.714162932039986	20.2115
chr16	9194335	0.0	20.3325
chr16	9240615	0.0	20.3325
chr16	9287982	0.0	20.3325
chr16	9311240	0.0	20.3325
chr16	9325203	0.11999437267770946	20.3325
chr16	9446042	2.1559666838652123	20.347
chr16	9500310	0.0	20.464
chr16	9541781	0.13899920571885324	20.464
chr16	9592141	0.20631758679564854	20.471
chr16	9662421	0.05098334119328213	20.4855
chr16	9819335	0.0	20.4935
chr16	9848893	0.13463091895214635	20.4935
chr16	9874890	2.690944019888974	20.497
chr16	9945683	0.14409221902019012	20.6875
chr16	10046313	0.2970702724851092	20.702
chr16	10095123	1.966631532944275	20.7165
chr16	10134022	4.987244163965273	20.793
chr16	10186155	0.0	21.053
chr16	10201728	0.0	21.053
chr16	10229322	0.25981738549468847	21.053
chr16	10256264	0.0	21.06
chr16	10281766	1.6909967633265093	21.06
chr16	10357461	0.8626769432270444	21.188
chr16	10595673	0.1360642949148289	21.3935
chr16	10650794	1.9555555555556297	21.401
chr16	10667669	7.0711566038668305	21.434
chr16	10708115	0.7090545292072227	21.72
chr16	10759592	0.0	21.7565
chr16	10787596	1.3325036981380396	21.7565
chr16	10872774	2.1566401816117793	21.87
chr16	10894799	1.2755102040816477	21.9175
chr16	10966143	0.053374609698137	22.0085
chr16	11041085	0.2041371801850921	22.0125
chr16	11166001	0.0	22.038
chr16	11175656	0.0	22.038
chr16	11192975	0.6336797449272193	22.038
chr16	11267934	0.0131722802534374	22.0855
chr16	11799353	0.0	22.0925
chr16	12036207	11.55462184873869	22.0925
chr16	12038111	0.11762415432290453	22.1145
chr16	12161385	1.8983791868608846	22.129
chr16	12230918	0.0	22.261
chr16	12268643	0.3184133915575623	22.261
chr16	12290627	0.0	22.268
chr16	12343709	0.1559244191815277	22.268
chr16	12414256	0.12122975463098122	22.279
chr16	12476122	0.0	22.2865
chr16	12481436	0.0	22.2865
chr16	12520949	0.0	22.2865
chr16	12594871	0.19738217058464572	22.2865
chr16	12724062	1.248010306149621	22.312
chr16	12885519	0.22468544038347169	22.5135
chr16	13012363	0.0	22.542
chr16	13165498	0.0	22.542
chr16	13220574	0.0789731386030887	22.542
chr16	13315543	0.0	22.5495
chr16	13336121	0.0	22.5495
chr16	13344615	0.0	22.5495
chr16	13388446	0.0	22.5495
chr16	13395963	0.0	22.5495
chr16	13463362	0.0	22.5495
chr16	13506336	0.18005905937148065	22.5495
chr16	13547989	0.0	22.557
chr16	13576668	0.053612732258053415	22.557
chr16	13641951	0.0	22.5605
chr16	13681713	0.0	22.5605
chr16	13722002	0.5182323565438252	22.5605
chr16	13764454	0.0	22.5825
chr16	13793958	0.0	22.5825
chr16	13866699	0.0	22.5825
chr16	13875767	0.0	22.5825
chr16	13942733	0.0	22.5825
chr16	14077887	0.0	22.5825
chr16	14136561	0.8938410677115268	22.5825
chr16	14177396	0.7663903016791205	22.619
chr16	14220455	0.4623655913978415	22.652
chr16	14266955	0.049879576451124404	22.6735
chr16	14337124	0.0	22.677
chr16	14440261	3.3552419910833478	22.677
chr16	14483775	0.0	22.823
chr16	14549469	0.26102610261022824	22.823
chr16	14605019	0.011575605238796471	22.8375
chr16	14907379	0.0	22.841
chr16	14938502	0.798555655857098	22.841
chr16	14952903	1.187168476888118	22.8525
chr16	14992493	0.0924191640378584	22.8995
chr16	15073645	12.530431046828062	22.907
chr16	15087611	0.04100970053187323	23.082
chr16	15806953	0.13052396046984702	23.1115
chr16	15833768	0.22079929344231689	23.115
chr16	15883587	0.0	23.126
chr16	15933002	0.0	23.126
chr16	15940215	0.0	23.126
chr16	15946281	0.0	23.126
chr16	15956970	0.0	23.126
chr16	16010532	0.030793324007345954	23.126
chr16	16124193	0.0	23.1295
chr16	16210013	0.04594864254580355	23.1295
chr16	16286185	0.03325099752994966	23.133
chr16	16391445	0.0	23.1365
chr16	16394772	0.15574504536065814	23.1365
chr16	16420455	0.43565602536487846	23.1405
chr16	16461772	0.0	23.1585
chr16	16496744	0.23574221819561025	23.1585
chr16	16604913	0.0	23.184
chr16	16628108	0.0	23.184
chr16	16650412	0.2674645269504397	23.184
chr16	16760707	0.1614564242202049	23.2135
chr16	16875289	0.0	23.232
chr16	16896473	0.0	23.232
chr16	16914409	1.6940948693126023	23.232
chr16	16922673	1.386799548702628	23.246
chr16	16943945	0.0	23.2755
chr16	17004685	0.5749405233940595	23.2755
chr16	17029905	0.0	23.29
chr16	17062816	0.2982986689708024	23.29
chr16	17111425	0.0	23.3045
chr16	17132912	0.0	23.3045
chr16	17187106	15.97796143250684	23.3045
chr16	17188921	0.0	23.3335
chr16	17220510	0.0	23.3335
chr16	17229002	0.0	23.3335
chr16	17253377	2.0478980601853243	23.3335
chr16	17270956	1.592614587270005	23.3695
chr16	17289479	0.2574772793698002	23.399
chr16	17361330	0.0	23.4175
chr16	17389075	0.0	23.4175
chr16	17416207	0.0	23.4175
chr16	17470641	0.24700942164500855	23.4175
chr16	17498980	0.12074378169532898	23.4245
chr16	17527967	0.2705334920463256	23.428
chr16	17555690	35.78947368420939	23.4355
chr16	17557115	0.11005297216393907	23.4865
chr16	17625264	3.3984181908057165	23.494
chr16	17641448	0.3685665394234394	23.549
chr16	17679433	0.2537791018426927	23.563
chr16	17724748	1.8646776771438192	23.5745
chr16	17728502	2.8984507090853726	23.5815
chr16	17757483	0.09354099434071801	23.6655
chr16	17800245	2.9333365790722827	23.6695
chr16	17882404	0.18443378827014287	23.9105
chr16	17901381	4.389914452949022	23.914
chr16	17914707	3.766929022193834	23.9725
chr16	17971119	42.17528459744904	24.185
chr16	17992992	0.0	25.1075
chr16	18022003	0.244364347241602	25.1075
chr16	18038372	0.24032086979583886	25.1115
chr16	18098708	0.6287726358149132	25.126
chr16	18110636	6.440132192187071	25.1335
chr16	18157840	0.33603763621532573	25.4375
chr16	18178671	0.5532321887365443	25.4445
chr16	18231994	5.418671332069762	25.474
chr16	18273148	0.0	25.697
chr16	18298108	0.0	25.697
chr16	18320714	0.09325748391311517	25.697
chr16	18363606	0.19243457224537874	25.701
chr16	18381794	1.17794879849227	25.7045
chr16	18388161	0.0	25.712
chr16	18478367	0.3441833021928359	25.712
chr16	18488536	0.1817610998199373	25.7155
chr16	18549055	0.7610032733565498	25.7265
chr16	18597018	0.37893457619422277	25.763
chr16	18896542	0.0	25.8765
chr16	18942719	0.08823677708866405	25.8765
chr16	18982385	2.3913433371196824	25.88
chr16	19015839	0.0	25.96
chr16	19065197	0.15330033726069592	25.96
chr16	19088028	0.0	25.9635
chr16	19137958	0.06846099679209273	25.9635
chr16	19189082	0.0	25.967
chr16	19220545	0.0	25.967
chr16	19235198	0.0	25.967
chr16	19252486	0.0	25.967
chr16	19287857	0.0	25.967
chr16	19319755	0.0	25.967
chr16	19329235	1.5402387370047501	25.967
chr16	19331832	0.1377681558747864	25.971
chr16	19357237	0.3044765128234126	25.9745
chr16	19427850	0.0	25.996
chr16	19483751	1.6663818150743588	25.996
chr16	19553963	2.698595682246949	26.113
chr16	19573047	15.887376954255938	26.1645
chr16	19586863	0.8685235100329414	26.384
chr16	19620253	7.929579514040318	26.413
chr16	19633999	1.050599125447288	26.522
chr16	19669217	0.0	26.559
chr16	19682661	0.44261776794169444	26.559
chr16	19698476	0.8897180167898567	26.566
chr16	19768161	0.0	26.628
chr16	19789631	2.2203947368421897	26.628
chr16	19807871	0.791919433404044	26.6685
chr16	19941723	0.6119416032871273	26.7745
chr16	19953162	1.7913923597115478	26.7815
chr16	19997820	0.0	26.8615
chr16	20015064	1.4502934578168563	26.8615
chr16	20103322	5.588745423010197	26.9895
chr16	20108511	3.5045520380716018	27.0185
chr16	20147175	0.15480515191546163	27.154
chr16	20195623	3.6471484108853782	27.1615
chr16	20220574	1.2480534945497235	27.2525
chr16	20264242	1.0682991237547201	27.307
chr16	20305897	1.0438413361168923	27.3515
chr16	20326494	0.35782442748092963	27.373
chr16	20347454	1.8754688672167386	27.3805
chr16	20364783	2.4399982254558235	27.413
chr16	20387324	20.487050637804494	27.468
chr16	20402846	5.659330497503189	27.786
chr16	20429881	0.8422175955472393	27.939
chr16	20525462	0.0	28.0195
chr16	20542196	0.0	28.0195
chr16	20559235	0.0	28.0195
chr16	20612626	2.7214546324540203	28.0195
chr16	20646064	0.12963443090489163	28.1105
chr16	20676920	0.20239403226733063	28.1145
chr16	20694213	0.7131280388980736	28.118
chr16	20709638	0.14766686355577371	28.129
chr16	20733340	2.268508970921681	28.1325
chr16	20738189	3.3706475354073153	28.1435
chr16	20754358	7.490422551317984	28.198
chr16	20771847	0.0	28.329
chr16	20791835	2.199890005499705	28.329
chr16	20871839	23.813112283345905	28.505
chr16	20891744	0.03701275353738818	28.979
chr16	20986306	0.32609708376026725	28.9825
chr16	20997039	0.7593567312293299	28.986
chr16	21045106	3.0982959372344014	29.0225
chr16	21065117	5.094886416752443	29.0845
chr16	21086511	0.4067628749291903	29.1935
chr16	21114783	22.76964800271214	29.205
chr16	21132482	0.0	29.608
chr16	21165260	0.3947941624918307	29.608
chr16	21238716	0.16026925234384898	29.637
chr16	21263674	0.4019561867756567	29.641
chr16	21308455	1.6504231653708807	29.659
chr16	21372378	4.873966128396842	29.7645
chr16	21392690	0.10881311160474376	29.8635
chr16	21525946	0.6091482999224296	29.878
chr16	21544004	1.8365894533851064	29.889
chr16	21587563	0.18123414201255114	29.969
chr16	21667570	68.23133293721529	29.9835
chr16	21672619	2.5973337573877973	30.328
chr16	21710350	5.706528268338997	30.426
chr16	21751969	20.458711051666928	30.6635
chr16	21772156	0.8631023735315599	31.0765
chr16	21793011	1.4434385914891132	31.0945
chr16	21821069	5.503737202436981	31.135
chr16	21884753	8.925449186551962	31.4855
chr16	21944806	0.34997295663503164	32.0215
chr16	21976237	0.0	32.0325
chr16	22044266	0.0	32.0325
chr16	22111415	4.818481848185314	32.0325
chr16	22118990	2.9893945155702166	32.069
chr16	22166324	0.9988289591512144	32.2105
chr16	22180841	0.0	32.225
chr16	22270588	0.0	32.225
chr16	22361910	0.0	32.225
chr16	22442204	0.052179440351763806	32.225
chr16	22653015	0.0	32.236
chr16	22672765	0.255533624700502	32.236
chr16	22729509	0.718578521034703	32.2505
chr16	22790741	5.699587544758193	32.2945
chr16	22834867	11.990771659280043	32.546
chr16	22867809	1.2186205215695654	32.941
chr16	22978590	0.5573571139036677	33.076
chr16	22998326	1.6642349078969838	33.087
chr16	23020258	10.674656014203164	33.1235
chr16	23042788	0.0	33.364
chr16	23046287	16.877286331892495	33.364
chr16	23052301	7.136805057681298	33.4655
chr16	23067644	5.130476255365539	33.575
chr16	23141029	0.9132883454256217	33.9515
chr16	23160738	3.2161159215409465	33.9695
chr16	23189033	2.7311991869922743	34.0605
chr16	23196905	6.857257097161206	34.082
chr16	23221915	22.901849217638883	34.2535
chr16	23225430	1.9022214448136818	34.334
chr16	23294034	8.232194938376008	34.4645
chr16	23315292	33.48852217202921	34.6395
chr16	23336986	3.4191181305314307	35.366
chr16	23489072	9.748964172556459	35.886
chr16	23509587	8.428206889783072	36.086
chr16	23550343	5.950429480034089	36.4295
chr16	23580845	3.2461034249831466	36.611
chr16	23740729	1.3535176001448452	37.13
chr16	23967176	5.426763837968286	37.4365
chr16	24056640	6.938218670824571	37.922
chr16	24082295	1.557556484268062	38.1
chr16	24328514	3.6708791509382706	38.4835
chr16	24419909	0.3398313200900763	38.819
chr16	24452278	0.0	38.83
chr16	24464530	0.26620018253745825	38.83
chr16	24477678	0.2747486996806886	38.8335
chr16	24583229	0.0	38.8625
chr16	24617540	0.0	38.8625
chr16	24647034	0.0	38.8625
chr16	24683776	0.22758306781991683	38.8625
chr16	24699155	0.0	38.866
chr16	24717594	1.2458790155638606	38.866
chr16	24743680	0.0733447017621961	38.8985
chr16	24798217	0.0	38.9025
chr16	24825844	0.07367180264366834	38.9025
chr16	24873352	0.0	38.906
chr16	24894329	0.15533463518562496	38.906
chr16	24916861	0.0	38.9095
chr16	24967180	0.0	38.9095
chr16	24980045	0.0	38.9095
chr16	25032946	5.955392939161523	38.9095
chr16	25058637	0.0	39.0625
chr16	25094332	0.0	39.0625
chr16	25135596	0.0	39.0625
chr16	25190382	0.0	39.0625
chr16	25277897	0.0	39.0625
chr16	25310214	0.0	39.0625
chr16	25344306	0.0	39.0625
chr16	25379670	0.0	39.0625
chr16	25480673	0.0	39.0625
chr16	25512806	0.3300994774357285	39.0625
chr16	25602173	0.0	39.092
chr16	25635210	0.0	39.092
chr16	25751277	1.2656904980318138	39.092
chr16	25837396	0.0	39.201
chr16	25940875	0.0	39.201
chr16	25956413	0.09490753294644363	39.201
chr16	26030169	0.09883376161308777	39.208
chr16	26070641	0.07585983195738343	39.212
chr16	26261783	0.0	39.2265
chr16	26274572	0.0	39.2265
chr16	26287447	0.0	39.2265
chr16	26323304	0.08924018357968883	39.2265
chr16	26362524	0.23869793054448865	39.23
chr16	26452596	1.1170939484046918	39.2515
chr16	26514811	0.0	39.321
chr16	26576664	0.0	39.321
chr16	26584583	0.0	39.321
chr16	26636611	0.0	39.321
chr16	26708067	0.0	39.321
chr16	26741736	0.025805500258073443	39.321
chr16	26877366	0.0	39.3245
chr16	27006631	0.0	39.3245
chr16	27084055	0.0	39.3245
chr16	27154088	0.0	39.3245
chr16	27155684	0.611798042246288	39.3245
chr16	27202268	1.9456199231479716	39.353
chr16	27263945	0.09265877743368282	39.473
chr16	27301718	0.0	39.4765
chr16	27308856	0.0	39.4765
chr16	27314266	0.6887944331280111	39.4765
chr16	27399197	1.534943457695174	39.535
chr16	27463043	0.04122521334045619	39.633
chr16	27560071	0.0	39.637
chr16	27608333	0.7011217948715842	39.637
chr16	27618317	0.8357709987473649	39.644
chr16	27623103	0.055007661781445887	39.648
chr16	27877613	0.3334141610088138	39.662
chr16	27910605	0.04247572815528392	39.673
chr16	27993005	0.5470731586016205	39.6765
chr16	28013112	0.0	39.6875
chr16	28060592	0.0	39.6875
chr16	28082909	0.0	39.6875
chr16	28118637	0.10012444037586567	39.6875
chr16	28188550	0.08542627712294738	39.6945
chr16	28235374	0.0	39.6985
chr16	28306264	0.0	39.6985
chr16	28326740	0.0	39.6985
chr16	28370917	0.0	39.6985
chr16	28441773	0.0	39.6985
chr16	28504030	0.0	39.6985
chr16	28631918	0.03379977016154417	39.6985
chr16	28750262	0.0	39.7025
chr16	28752544	0.0	39.7025
chr16	28795212	0.0	39.7025
chr16	28837625	0.0	39.7025
chr16	28862813	0.0632648265640421	39.7025
chr16	28918136	0.0	39.706
chr16	28975802	0.0	39.706
chr16	29007626	0.4498521914228353	39.706
chr16	29030967	0.02127853603669268	39.7165
chr16	29195452	0.0	39.72
chr16	29252376	0.18666002986561187	39.72
chr16	29292556	0.16215515004757164	39.7275
chr16	29338808	0.0	39.735
chr16	29451166	0.0	39.735
chr16	29471609	0.0	39.735
chr16	29510912	0.0	39.735
chr16	29555245	0.0	39.735
chr16	29597057	0.0	39.735
chr16	29617247	0.6241928540679372	39.735
chr16	29640477	0.25052264206370684	39.7495
chr16	29698356	0.0	39.764
chr16	29723700	1.329352094240791	39.764
chr16	29748148	0.1112504551154545	39.7965
chr16	29847024	0.0	39.8075
chr16	29891001	1.1781338360038147	39.8075
chr16	29897367	0.0	39.815
chr16	29910246	0.0	39.815
chr16	29934786	0.0981752785723778	39.815
chr16	30158875	0.2514909822515913	39.837
chr16	30172792	0.09972620623381975	39.8405
chr16	30283094	5.2192066805842545	39.8515
chr16	30287884	0.0	39.8765
chr16	30307199	0.36051715564400133	39.8765
chr16	30387639	0.0	39.9055
chr16	30409708	0.16969285593069866	39.9055
chr16	30474531	0.0	39.9165
chr16	30501679	0.13390705065257877	39.9165
chr16	30557688	9.241909359418297	39.924
chr16	30589175	0.0	40.215
chr16	30605250	0.17949543215070415	40.215
chr16	30686032	0.0	40.2295
chr16	30711805	0.07899607276656424	40.2295
chr16	30756111	0.27098435065408094	40.233
chr16	30770872	0.0	40.237
chr16	30787876	0.6495822294681314	40.237
chr16	30827132	0.0	40.2625
chr16	30879330	0.0	40.2625
chr16	30879504	2.0011435105748405	40.2625
chr16	30881253	0.0	40.266
chr16	30942033	0.1765358619995209	40.266
chr16	30961859	1.6477431922189156	40.2695
chr16	31036810	0.9915678883388606	40.393
chr16	31102867	0.4409530011939496	40.4585
chr16	31176571	0.0	40.491
chr16	31198590	0.0	40.491
chr16	31220678	0.37255973374399104	40.491
chr16	31240809	0.0	40.4985
chr16	31262408	0.11935887234284867	40.4985
chr16	31350378	0.5122235157160785	40.509
chr16	31371853	0.0	40.52
chr16	31386726	0.0	40.52
chr16	31452342	0.0	40.52
chr16	31468846	0.0	40.52
chr16	31483713	0.0	40.52
chr16	31507374	0.0	40.52
chr16	31521752	0.08853279033217022	40.52
chr16	31566933	0.3317221116484221	40.524
chr16	31577484	0.0	40.5275
chr16	31689204	0.21099590065100968	40.5275
chr16	31722380	0.16100096600558422	40.5345
chr16	31744119	0.3019566792817572	40.538
chr16	31768957	0.0	40.5455
chr16	31794205	0.384258645819671	40.5455
chr16	31831940	0.34195473762732154	40.56
chr16	31864108	0.17621427656034191	40.571
chr16	31926532	0.0	40.582
chr16	31945969	0.04910213243550086	40.582
chr16	32017249	1.0483004429069147	40.5855
chr16	32055406	1.175796234512534	40.6255
chr16	32123445	0.03618057206655676	40.7055
chr16	32220182	0.0	40.709
chr16	32246011	0.5932497307558707	40.709
chr16	32300794	0.19290123456790856	40.7415
chr16	32339674	2.2432701894315175	40.749
chr16	32365752	0.42789901583237194	40.8075
chr16	32391459	0.25201965753329714	40.8185
chr16	32462882	0.28402174795118895	40.8365
chr16	32475205	0.0	40.84
chr16	32564088	0.07169927276442478	40.84
chr16	32612903	0.8899039820338854	40.8435
chr16	32743816	0.25714873482823436	40.96
chr16	32772982	1.6105701619275765	40.9675
chr16	32922308	0.0	41.208
chr16	32932795	0.2837010450755197	41.208
chr16	33008579	0.0	41.2295
chr16	33030270	0.08782715615656811	41.2295
chr16	33070121	0.10991124666844966	41.233
chr16	33106514	0.5443822773325475	41.237
chr16	33139579	0.6414935740039455	41.255
chr16	33184786	6.58669081032134	41.284
chr16	33206876	0.0	41.4295
chr16	33239719	1.3344282488195949	41.4295
chr16	33283558	0.3216024993109184	41.488
chr16	33327090	0.41159587959142907	41.502
chr16	33372037	0.20696435039089817	41.5205
chr16	33391364	0.19026873819019238	41.5245
chr16	33467572	0.13386880856742764	41.539
chr16	33493717	0.0	41.5425
chr16	33515232	0.0	41.5425
chr16	33559932	0.23295284368880836	41.5425
chr16	33589981	0.4838655854772977	41.5495
chr16	33649915	0.0	41.5785
chr16	33703673	1.070703341332838	41.5785
chr16	33757843	0.4609356994698918	41.6365
chr16	33805572	0.16890317770950153	41.6585
chr16	33891420	0.0	41.673
chr16	33947924	0.09322922736272655	41.673
chr16	33990829	0.0	41.677
chr16	34002360	0.0	41.677
chr16	34031871	0.0	41.677
chr16	34053896	0.07512825466337178	41.677
chr16	34100483	0.027905567559342353	41.6805
chr16	34225906	0.7133636795978258	41.684
chr16	34240625	0.5900910101904939	41.6945
chr16	34284686	0.0	41.7205
chr16	34334857	0.0	41.7205
chr16	34364518	0.4596191726853511	41.7205
chr16	34379748	0.21915406530779	41.7275
chr16	34398000	0.10437168247159602	41.7315
chr16	34431534	0.0	41.735
chr16	34431535	0.0	41.735
chr16	34491392	0.0	41.735
chr16	34545054	0.072539611809427	41.735
chr16	34641553	0.0	41.742
chr16	34691841	0.0	41.742
chr16	34707200	0.0	41.742
chr16	34719087	0.14885677993014218	41.742
chr16	34769471	0.2170542635658997	41.7495
chr16	34817846	0.046207060438868075	41.76
chr16	34893592	0.05976524212891988	41.7635
chr16	35019083	0.18745782199005936	41.771
chr16	35059092	0.0	41.7785
chr16	35071495	0.14029538555717266	41.7785
chr16	35149901	4.351885817187613	41.7895
chr16	35179888	1.3185654008438357	41.92
chr16	35204536	0.5621614255051148	41.9525
chr16	35263238	0.0	41.9855
chr16	35314615	0.1777810473142578	41.9855
chr16	35396176	0.0	42.0
chr16	35406413	0.3758813770219354	42.0
chr16	35444989	0.0	42.0145
chr16	35580650	0.0	42.0145
chr16	35614961	0.0	42.0145
chr16	35701013	0.8420343550016546	42.0145
chr16	35739610	0.20904175260606175	42.047
chr16	35775488	0.20772746157056807	42.0545
chr16	35792337	0.26259877294761835	42.058
chr16	35834226	0.0	42.069
chr16	35878389	0.5631927911322342	42.069
chr16	35917452	0.0	42.091
chr16	36040339	0.1531080943145919	42.091
chr16	36089324	0.18040307200636027	42.0985
chr16	36108725	0.2388650023886854	42.102
chr16	36198734	0.0	42.1235
chr16	36302650	0.49820256330105045	42.1235
chr16	36353834	0.0	42.149
chr16	36370939	1.0595315457858632	42.149
chr16	36477118	0.0	42.2615
chr16	36486470	0.8905010498108851	42.2615
chr16	36608873	0.0	42.3705
chr16	36644208	0.0	42.3705
chr16	36740005	0.0	42.3705
chr16	36741306	0.3402447700254797	42.3705
chr16	36838295	0.0	42.4035
chr16	36860306	0.0536661657823821	42.4035
chr16	36925524	0.0	42.407
chr16	36960643	0.08155631191483656	42.407
chr16	37052604	0.0	42.4145
chr16	37141603	0.17239739382704722	42.4145
chr16	37225711	0.14158512412296417	42.429
chr16	37352843	0.0	42.447
chr16	37424892	0.022004828488050722	42.447
chr16	37583948	0.04251363270488898	42.4505
chr16	37760362	0.0	42.458
chr16	37895942	0.1473966698517716	42.458
chr16	37994316	0.39639797262943144	42.4725
chr16	38177213	0.24307607159150404	42.545
chr16	38310916	0.0	42.5775
chr16	38383590	0.1520773769694078	42.5775
chr16	38432907	0.1977561271440135	42.585
chr16	38508758	0.424725880940076	42.6
chr16	38611177	0.23107843769476233	42.6435
chr16	38704219	0.0	42.665
chr16	38720130	0.365256775513178	42.665
chr16	38829642	0.27161260282496513	42.705
chr16	38842528	0.0	42.7085
chr16	38925620	0.09389671361502704	42.7085
chr16	39005495	0.22597261088133433	42.716
chr16	39167019	0.6669426429327875	42.7525
chr16	39210501	0.8762117822519956	42.7815
chr16	39264141	0.5148980954428751	42.8285
chr16	39440875	0.0	42.9195
chr16	39475574	0.03386386725366456	42.9195
chr16	39578929	2.6361503062810208	42.923
chr16	39710181	0.020796506186986006	43.269
chr16	39902521	0.11582500496377642	43.273
chr16	39932739	0.0	43.2765
chr16	40127481	0.0	43.2765
chr16	40203540	0.1452410106986712	43.2765
chr16	40427306	0.3109323825712153	43.309
chr16	40451427	0.6257675430020055	43.3165
chr16	40579270	0.08793671828345921	43.3965
chr16	40823764	0.07488252803410493	43.418
chr16	40877181	0.007413228164341739	43.422
chr16	41349310	0.17135023989045828	43.4255
chr16	41369736	0.0	43.429
chr16	41391449	0.16381166339021788	43.429
chr16	41412815	0.028781711278339714	43.4325
chr16	41534420	0.294513631773725	43.436
chr16	41558188	0.056467399488031055	43.443
chr16	41823828	0.03937275620032424	43.458
chr16	42103209	0.06552043559792224	43.469
chr16	42324514	0.05908020559909773	43.4835
chr16	42442997	0.29962954892140947	43.4905
chr16	42479709	0.0	43.5015
chr16	42509938	0.46001686728515123	43.5015
chr16	42549067	0.0	43.5195
chr16	42634214	0.0	43.5195
chr16	42677246	0.0	43.5195
chr16	42794903	0.04247486903582209	43.5195
chr16	42971478	0.0	43.527
chr16	42980554	0.28608542356100525	43.527
chr16	43045220	0.042438388553790674	43.5455
chr16	43210165	0.4387461609710504	43.5525
chr16	43333243	0.0	43.6065
chr16	43376624	0.0	43.6065
chr16	43424993	0.0	43.6065
chr16	43444095	0.0	43.6065
chr16	43498640	0.0	43.6065
chr16	43585529	0.0	43.6065
chr16	43609682	0.1801065062258737	43.6065
chr16	43712399	0.010168949838030423	43.625
chr16	44056584	0.0	43.6285
chr16	44083199	0.0	43.6285
chr16	44108580	0.0	43.6285
chr16	44187538	0.05261496369560583	43.6285
chr16	44254059	0.0	43.632
chr16	44279880	0.24867580135776457	43.632
chr16	44440732	0.3964478274659205	43.672
chr16	44459650	0.18938392967252599	43.6795
chr16	44573176	0.2927062914112989	43.701
chr16	44685917	0.10568590150060077	43.734
chr16	44719034	0.8928571428577808	43.7375
chr16	44722954	0.5898158463857619	43.741
chr16	44753472	1.5833238409841188	43.759
chr16	44797367	0.16374408288431905	43.8285
chr16	44864545	0.6415837954262313	43.8395
chr16	44886366	0.8962309853697834	43.8535
chr16	44907008	0.2621487977136612	43.872
chr16	45004281	0.0	43.8975
chr16	45025315	0.0	43.8975
chr16	45050194	0.0	43.8975
chr16	45053506	0.0	43.8975
chr16	45054172	0.0	43.8975
chr16	45062313	0.47903881509091284	43.8975
chr16	45100932	0.0	43.916
chr16	45119682	1.1894328283461075	43.916
chr16	45143643	0.19303156066040383	43.9445
chr16	45164365	0.04884422355998416	43.9485
chr16	45246258	1.3434439933125792	43.9525
chr16	45313250	0.06537977476675583	44.0425
chr16	45374431	0.22923511882021194	44.0465
chr16	45452953	0.13007509668916012	44.0645
chr16	45510612	0.20958083832329033	44.072
chr16	45544012	0.0	44.079
chr16	45608086	0.5883785099821681	44.079
chr16	45682018	0.09412397472086582	44.1225
chr16	45719203	3.0564045568221134	44.126
chr16	45722802	4.259518986026738	44.137
chr16	45761304	0.0	44.301
chr16	45790345	1.3472220866322193	44.301
chr16	45892778	0.0	44.439
chr16	45944534	0.022466140317109577	44.439
chr16	46100324	0.20066889632107784	44.4425
chr16	46175074	0.13659958109462314	44.4575
chr16	46251941	0.09237021984103921	44.468
chr16	46333136	0.1848805926379494	44.4755
chr16	46489994	0.5293455965063077	44.5045
chr16	46565559	1.0551433063915878	44.5445
chr16	46638061	1.661605454649422	44.621
chr16	46655514	0.0	44.65
chr16	46700579	0.8750861121972882	44.65
chr16	46754288	0.04002470095825304	44.697
chr16	46841734	0.17827029631417074	44.7005
chr16	46945509	0.08087670346552192	44.719
chr16	46994967	4.660869565217403	44.723
chr16	47023717	4.131360120184992	44.857
chr16	47099600	0.0	45.1705
chr16	47135446	0.4334744250089409	45.1705
chr16	47253100	2.7204502814262166	45.2215
chr16	47263760	0.25920382618292104	45.2505
chr16	47502954	0.0	45.3125
chr16	47529006	0.0	45.3125
chr16	47628215	0.029152212028193927	45.3125
chr16	47868334	0.0	45.3195
chr16	47919044	0.2602974571631479	45.3195
chr16	48030455	1.0482180293499732	45.3485
chr16	48044288	0.0	45.363
chr16	48064702	0.0	45.363
chr16	48077508	1.6820242796548832	45.363
chr16	48118530	0.7599567211087318	45.432
chr16	48157348	1.73260638044224	45.4615
chr16	48220259	0.0	45.5705
chr16	48269198	0.0	45.5705
chr16	48320430	0.3840877914950835	45.5705
chr16	48356880	3.469720526335879	45.5845
chr16	48383251	0.7197431070756033	45.676
chr16	48428406	0.0	45.7085
chr16	48483494	0.15194617728742885	45.7085
chr16	48601957	0.07514588666962853	45.7265
chr16	48794915	0.0	45.741
chr16	48911082	0.11331965330313357	45.741
chr16	49074337	0.0	45.7595
chr16	49171493	0.22901112994090211	45.7595
chr16	49280658	8.30348420709898	45.7845
chr16	49283729	0.0	45.81
chr16	49303751	0.0	45.81
chr16	49307589	0.0	45.81
chr16	49424569	0.0	45.81
chr16	49441103	0.8664993426556685	45.81
chr16	49508039	0.1190564295298527	45.868
chr16	49818816	0.055726716183817734	45.905
chr16	49944429	0.0	45.912
chr16	49993459	0.0	45.912
chr16	50050006	0.0	45.912
chr16	50100518	0.07631923244663108	45.912
chr16	50146378	0.08613017139904434	45.9155
chr16	50355364	0.18179538615845262	45.9335
chr16	50435124	0.12899231205820622	45.948
chr16	50551410	0.0765964896923557	45.963
chr16	50597104	0.11093854004875146	45.9665
chr16	50633160	0.0	45.9705
chr16	50713757	0.0	45.9705
chr16	50869228	0.59080316407919	45.9705
chr16	50899695	0.0	45.9885
chr16	50948249	0.14615904119667142	45.9885
chr16	51047456	0.8125297694095531	46.003
chr16	51083147	0.18117817579472517	46.032
chr16	51121783	0.07941718376077728	46.039
chr16	51216221	0.9415788220523842	46.0465
chr16	51308619	0.6743630671765152	46.1335
chr16	51389436	0.0	46.188
chr16	51392170	0.1205363869217352	46.188
chr16	51425355	0.691367336035903	46.192
chr16	51457176	1.0977504559887326	46.214
chr16	51516388	1.289860265137483	46.279
chr16	51530343	1.6094420600858979	46.297
chr16	51555507	0.3339911947776768	46.3375
chr16	51588442	0.6853463389753619	46.3485
chr16	51619813	6.309575389948118	46.37
chr16	51656741	0.5427854763764579	46.603
chr16	51778336	0.18155410312279677	46.669
chr16	51858202	4.397834912043299	46.6835
chr16	51886284	0.07147524914220299	46.807
chr16	51935252	0.0	46.8105
chr16	51979439	0.6342751885448815	46.8105
chr16	52036985	0.7247164546870882	46.847
chr16	52092179	4.174058228112193	46.887
chr16	52130511	4.442196120587538	47.047
chr16	52193768	0.927003837364553	47.328
chr16	52216961	0.0	47.3495
chr16	52293662	0.3123535842572063	47.3495
chr16	52306468	0.8574955476192822	47.3535
chr16	52624837	4.481836766787252	47.6265
chr16	52720222	2.1525063090699463	48.054
chr16	52740431	1.3087153367291362	48.0975
chr16	52754567	0.0	48.116
chr16	52806718	0.19053425805960633	48.116
chr16	52846081	0.0	48.1235
chr16	52877228	0.0334275672371877	48.1235
chr16	52981932	0.0	48.127
chr16	53003271	0.13978194017314574	48.127
chr16	53028310	0.0	48.1305
chr16	53059421	0.0998630449669739	48.1305
chr16	53094469	0.48795261811812424	48.134
chr16	53124185	0.6649511287951121	48.1485
chr16	53216673	0.2617423011660743	48.21
chr16	53272071	0.2637965600928664	48.2245
chr16	53300502	0.25893319523581426	48.232
chr16	53314019	0.0	48.2355
chr16	53339502	0.0	48.2355
chr16	53349157	1.3301696865110701	48.2355
chr16	53363065	10.319475124460203	48.254
chr16	53393396	0.0	48.567
chr16	53472428	0.31323702830189865	48.567
chr16	53553836	1.0774260662801443	48.5925
chr16	53580752	0.0	48.6215
chr16	53595631	2.835782418149115	48.6215
chr16	53618905	0.12323509735581496	48.6875
chr16	53647306	3.631874619815879	48.691
chr16	53675253	2.122313151550138	48.7925
chr16	53704702	1.4620424177371234	48.855
chr16	53731719	0.6154329636370391	48.8945
chr16	53808088	0.0	48.9415
chr16	53842120	0.2109415976830981	48.9415
chr16	53929822	0.0	48.96
chr16	53941121	0.038647983127383184	48.96
chr16	54122243	0.19305951059403365	48.967
chr16	54142962	0.08814788696928678	48.971
chr16	54182668	0.34094783498114545	48.9745
chr16	54203199	0.0	48.9815
chr16	54281231	0.8457711442786391	48.9815
chr16	54341531	0.0	49.0325
chr16	54347500	0.0	49.0325
chr16	54359854	0.0	49.0325
chr16	54401898	0.25268767803001896	49.0325
chr16	54445430	0.637139437000449	49.0435
chr16	54497224	0.04375929885094827	49.0765
chr16	54577207	1.0989344125627927	49.08
chr16	54643180	3.008405162515015	49.1525
chr16	54708497	4.004071028738338	49.349
chr16	54745834	4.6655673088524985	49.4985
chr16	54770697	0.9822203874788625	49.6145
chr16	54840946	6.136091931588067	49.6835
chr16	54881933	4.637015006083402	49.935
chr16	54918918	2.8340680917275924	50.1065
chr16	54945911	1.920954755384683	50.183
chr16	54970378	0.8187742103064487	50.23
chr16	55058925	3.390617742684644	50.3025
chr16	55080455	1.0848888360479327	50.3755
chr16	55114099	0.48663491953154087	50.412
chr16	55142868	2.979193695641613	50.426
chr16	55163679	3.824091778202822	50.488
chr16	55185645	0.32713337695101863	50.572
chr16	55207043	1.1659953360185746	50.579
chr16	55225911	0.7847076179415103	50.601
chr16	55257770	0.5695203085766023	50.626
chr16	55296399	0.8656048580407729	50.648
chr16	55333945	0.26979387747761735	50.6805
chr16	55361744	0.8327056164964022	50.688
chr16	55531672	0.3874795125774473	50.8295
chr16	55643936	1.1747430249636817	50.873
chr16	55650746	0.0	50.881
chr16	55653061	3.4448818897627445	50.881
chr16	55655093	3.888135835057746	50.888
chr16	55669110	0.8758093973103043	50.9425
chr16	55789570	0.16670635865677297	51.048
chr16	55831560	2.1539985144838645	51.055
chr16	55851755	0.7914807886026214	51.0985
chr16	55879551	5.812484205206185	51.1205
chr16	55891422	1.8589743589741259	51.1895
chr16	55899222	1.5126009417160118	51.204
chr16	55940211	0.6646663374985109	51.266
chr16	55966540	6.313786542120775	51.2835
chr16	56012788	0.9162973065122394	51.5755
chr16	56036252	0.0	51.597
chr16	56071280	0.0	51.597
chr16	56108857	0.20067537643930167	51.597
chr16	56181113	0.45915136162122167	51.6115
chr16	56212693	1.3988622586963133	51.626
chr16	56298477	0.0	51.746
chr16	56316482	8.359489107803174	51.746
chr16	56348661	0.22979532476687828	52.015
chr16	56507498	0.0	52.0515
chr16	56556517	0.06544257881160953	52.0515
chr16	56609999	0.19590401762080467	52.055
chr16	56704433	0.20983156248203422	52.0735
chr16	56756856	0.08290695470917427	52.0845
chr16	56799072	0.06760541615967436	52.088
chr16	56850843	0.07725928215079678	52.0915
chr16	56896145	1.5709735732118342	52.095
chr16	56919379	0.33109450383080086	52.1315
chr16	56929950	0.6174704730875382	52.135
chr16	57006067	0.12306309391317168	52.182
chr16	57099515	0.16310862275633228	52.1935
chr16	57231329	1.4538640475574716	52.215
chr16	57308709	0.2546542388804965	52.3275
chr16	57510944	1.126204172153263	52.379
chr16	57539802	0.0	52.4115
chr16	57565581	0.0	52.4115
chr16	57582650	0.0	52.4115
chr16	57607134	1.0208741906885597	52.4115
chr16	57681580	0.19683573260134987	52.4875
chr16	57775567	0.07015798302178587	52.506
chr16	57932356	0.0	52.517
chr16	57946317	0.0	52.517
chr16	57973281	0.19325087962466922	52.517
chr16	58048313	0.07719963826445057	52.5315
chr16	58093650	0.09635767970709705	52.535
chr16	58207808	1.4683709521344583	52.546
chr16	58296682	0.05939451534079727	52.6765
chr16	58355610	0.0	52.68
chr16	58370519	0.5512595904066294	52.68
chr16	58436731	0.16203703703682387	52.7165
chr16	58458331	0.7398301805185382	52.72
chr16	58502260	1.4080464924396296	52.7525
chr16	58613762	0.3424427583428586	52.9095
chr16	58688227	0.06127021917224626	52.935
chr16	58745351	0.31303851923481946	52.9385
chr16	58906673	0.0	52.989
chr16	58920723	0.0	52.989
chr16	58943714	0.0	52.989
chr16	59008527	0.350466389888086	52.989
chr16	59268181	0.11742411972399809	53.08
chr16	59391665	0.0	53.0945
chr16	59459409	0.0	53.0945
chr16	59495949	0.0	53.0945
chr16	59550449	0.0	53.0945
chr16	59608261	0.0	53.0945
chr16	59624532	0.2912465351705647	53.0945
chr16	59724104	1.0932475884244788	53.1235
chr16	59747429	3.7549057216205872	53.149
chr16	59815207	0.34748572113273674	53.4035
chr16	59940392	0.0	53.447
chr16	59953593	0.3703991349387803	53.447
chr16	60120980	0.788009888751575	53.509
chr16	60153340	0.08200370188129134	53.5345
chr16	60196021	0.6027727546716415	53.538
chr16	60214270	2.280424475050781	53.549
chr16	60236415	0.0	53.5995
chr16	60279459	0.0	53.5995
chr16	60317803	0.2557905692663527	53.5995
chr16	60431177	0.0	53.6285
chr16	60477238	0.02856959195478707	53.6285
chr16	60617247	0.06421679590293283	53.6325
chr16	60679536	0.0	53.6365
chr16	60699883	0.14153423106474716	53.6365
chr16	60774070	0.0	53.647
chr16	60810482	0.27076510482478655	53.647
chr16	60849261	0.4390297442653206	53.6575
chr16	60867483	0.03439228826628864	53.6655
chr16	60969250	0.05894637564003134	53.669
chr16	61028626	0.0	53.6725
chr16	61187618	0.5273226724223286	53.6725
chr16	61228390	0.0	53.694
chr16	61250728	0.3125621572470571	53.694
chr16	61285921	0.0	53.705
chr16	61380018	12.105711849957633	53.705
chr16	61391748	0.0	53.847
chr16	61506540	0.214308675929572	53.847
chr16	61590531	0.0	53.865
chr16	61621438	8.658008658008473	53.865
chr16	61626058	1.0209250672173966	53.905
chr16	61754373	0.6007499016012339	54.036
chr16	61802646	0.1864677677145712	54.065
chr16	61821416	0.554946655752704	54.0685
chr16	61893495	0.46197674717040993	54.1085
chr16	61932458	0.0	54.1265
chr16	61964334	0.4481948565775897	54.1265
chr16	61996686	0.0	54.141
chr16	62026614	0.1555140851329646	54.141
chr16	62049120	1.2788467127825651	54.1445
chr16	62066323	0.059730529980441635	54.1665
chr16	62183516	0.12330076138235221	54.1735
chr16	62215957	0.0	54.1775
chr16	62236140	2.3281030743715174	54.1775
chr16	62251818	4.199720018665582	54.214
chr16	62264676	0.46971767963918226	54.268
chr16	62489279	1.5867804771285348	54.3735
chr16	62516693	0.08924018357968883	54.417
chr16	62555913	1.7196904557200725	54.4205
chr16	62558239	0.38656358304447297	54.4245
chr16	62595749	0.33173914245432934	54.439
chr16	62704268	0.1346207976893647	54.475
chr16	62785979	1.8803923014527666	54.486
chr16	62813101	0.19344060494157717	54.537
chr16	62869966	1.93406331825749	54.548
chr16	62886770	1.1300186120713005	54.5805
chr16	62909336	0.20256974186821092	54.606
chr16	62943892	1.3744956886321869	54.613
chr16	62994456	0.0	54.6825
chr16	63037666	6.036063569682742	54.6825
chr16	63044210	0.6289835625629222	54.722
chr16	63056134	4.675683308752029	54.7295
chr16	63088001	0.8970804110255814	54.8785
chr16	63100263	0.0	54.8895
chr16	63117862	0.6542447398722542	54.8895
chr16	63156074	0.30909295268075715	54.9145
chr16	63191662	0.6920415224915247	54.9255
chr16	63207557	1.9195128408787636	54.9365
chr16	63230219	1.21247869969872	54.98
chr16	63245477	1.306260885507429	54.9985
chr16	63267295	3.6639292482626318	55.027
chr16	63291040	2.755372977305732	55.114
chr16	63311001	3.634894991922593	55.169
chr16	63346903	3.790620595070252	55.2995
chr16	63425650	0.572932796531529	55.598
chr16	63457940	0.0	55.6165
chr16	63496220	0.7006369426751103	55.6165
chr16	63527620	2.0684900022984003	55.6385
chr16	63553726	0.3417764781832811	55.6925
chr16	63606392	2.833283626603008	55.7105
chr16	63639922	7.769145394006428	55.8055
chr16	63653437	4.035080495738419	55.9105
chr16	63677724	5.594168503136337	56.0085
chr16	63683623	1.4543144662498506	56.0415
chr16	63773356	10.624363265900218	56.172
chr16	63780227	0.0	56.245
chr16	63856104	0.0	56.245
chr16	63874044	1.1459941400712446	56.245
chr16	64001008	0.0	56.3905
chr16	64009857	0.43391088368190384	56.3905
chr16	64043274	3.1232119015830686	56.405
chr16	64064246	3.8818201423335523	56.4705
chr16	64068883	0.39876501291050725	56.4885
chr16	64195524	0.071207682291573	56.539
chr16	64244676	0.16431828451731048	56.5425
chr16	64269019	0.0	56.5465
chr16	64295495	0.12291052114044795	56.5465
chr16	64323971	0.0	56.55
chr16	64339220	0.0	56.55
chr16	64355818	1.4731369150780456	56.55
chr16	64373128	0.20286170241541435	56.5755
chr16	64410099	0.1800457830706809	56.583
chr16	64448978	0.4305396096436957	56.59
chr16	64466398	1.7778020896015518	56.5975
chr16	64484679	1.369153345174361	56.63
chr16	64498191	1.2795905310301188	56.6485
chr16	64512258	0.0	56.6665
chr16	64529054	0.8926294312675677	56.6665
chr16	64540817	0.7045561296383546	56.677
chr16	64562107	0.5248556646920519	56.692
chr16	64575444	5.935854475825866	56.699
chr16	64596334	3.1990029081843865	56.823
chr16	64632439	0.25391988827555945	56.9385
chr16	64648192	0.2314508662872236	56.9425
chr16	64663314	0.9855230068650368	56.946
chr16	64678027	3.0972948397361515	56.9605
chr16	64695623	0.18439127829243457	57.015
chr16	64717316	2.399763715572537	57.019
chr16	64730859	13.994910941475894	57.0515
chr16	64746186	0.0	57.266
chr16	64771398	5.500041985053331	57.266
chr16	64795216	0.0	57.397
chr16	64821296	11.498198043590213	57.397
chr16	64850431	9.632882348286945	57.732
chr16	64875709	0.2618715083798982	57.9755
chr16	64904349	0.0	57.983
chr16	64927269	0.0	57.983
chr16	64933605	0.5166814289932289	57.983
chr16	64953927	0.14816461088287175	57.9935
chr16	64980924	0.4292862006690405	57.9975
chr16	65014701	0.606986625363667	58.012
chr16	65110255	0.9313351960036604	58.07
chr16	65133877	0.308108385683242	58.092
chr16	65192298	0.7149941185967388	58.11
chr16	65279012	0.0	58.172
chr16	65364591	0.13600507752289934	58.172
chr16	65441794	0.0	58.1825
chr16	65461157	0.23503143545477928	58.1825
chr16	65478176	0.0	58.1865
chr16	65495812	0.09332711152587023	58.1865
chr16	65570817	0.0	58.1935
chr16	65577622	0.12315270935953766	58.1935
chr16	65610102	0.08896344873169898	58.1975
chr16	65688786	0.0	58.2045
chr16	65714971	0.23389989084672647	58.2045
chr16	65747036	2.1521753526255787	58.212
chr16	65762137	1.2128635588538932	58.2445
chr16	65803774	4.8882530185774575	58.295
chr16	65849905	1.1173877956422298	58.5205
chr16	65866014	1.5392150003497143	58.5385
chr16	65880307	8.907918149466214	58.5605
chr16	65925267	0.2728343771314995	58.961
chr16	66005902	0.0	58.983
chr16	66037653	0.0	58.983
chr16	66059441	0.9845834952714148	58.983
chr16	66136631	17.7704779061143	59.059
chr16	66183816	1.6533708097383188	59.8975
chr16	66208009	0.5563877594693635	59.9375
chr16	66254739	6.9588077242765625	59.9635
chr16	66306472	9.83058403923312	60.3235
chr16	66373762	0.0	60.985
chr16	66384674	0.7254210286754941	60.985
chr16	66419826	0.0	61.0105
chr16	66439143	0.362706829251456	61.0105
chr16	66468092	0.7940709370037357	61.021
chr16	66500205	2.6483852416840277	61.0465
chr16	66533244	2.970581004670901	61.134
chr16	66557650	0.632724511747609	61.2065
chr16	66581357	3.6251266030441816	61.2215
chr16	66861761	0.0	62.238
chr16	66877609	0.0	62.238
chr16	66911345	0.14223095721437806	62.238
chr16	66988684	0.24378352023371147	62.249
chr16	67003041	0.0	62.2525
chr16	67010586	0.23406869916328257	62.2525
chr16	67044764	1.9165085388994134	62.2605
chr16	67071114	0.0	62.311
chr16	67074406	0.6944712373162808	62.311
chr16	67100325	0.12468827930167652	62.329
chr16	67132405	0.17279684028647255	62.333
chr16	67172915	0.8800234672921471	62.34
chr16	67193369	0.6951026856241886	62.358
chr16	67225019	0.0	62.38
chr16	67248497	0.0	62.38
chr16	67264479	0.2037964364734713	62.38
chr16	67281653	0.04437907336497986	62.3835
chr16	67360519	0.5857372968220504	62.387
chr16	67367348	0.0	62.391
chr16	67415296	1.7019993105827245	62.391
chr16	67438504	0.13066344363498458	62.4305
chr16	67469117	0.27170556996425305	62.4345
chr16	67509602	0.1323201391250008	62.4455
chr16	67536053	0.1292371316742671	62.449
chr16	67590217	1.026061974142791	62.456
chr16	67604836	0.4662156301501254	62.471
chr16	67650952	0.0	62.4925
chr16	67685582	0.36207395964083633	62.4925
chr16	67706296	0.0	62.5
chr16	67744659	0.0	62.5
chr16	67749118	0.0	62.5
chr16	67826898	0.12547051442914095	62.5
chr16	67914568	0.0	62.511
chr16	67927895	0.0	62.511
chr16	67946138	0.4244854943059862	62.511
chr16	67980297	0.0	62.5255
chr16	68006907	2.248813699195415	62.5255
chr16	68055377	0.9239945841109442	62.6345
chr16	68110031	0.0	62.685
chr16	68133382	0.14801458616461483	62.685
chr16	68207699	0.2789244672542781	62.696
chr16	68234588	0.0	62.7035
chr16	68268829	4.851120776179508	62.7035
chr16	68277796	0.0	62.747
chr16	68380057	0.0	62.747
chr16	68422226	0.0	62.747
chr16	68452572	0.0	62.747
chr16	68472061	0.7291286912139837	62.747
chr16	68526921	21.558293116586295	62.787
chr16	68542669	0.7365259083819816	63.1265
chr16	68577291	0.45846127601492825	63.152
chr16	68624187	0.21626722765080286	63.1735
chr16	68675050	2.7301967237639464	63.1845
chr16	68701788	1.0428532464823392	63.2575
chr16	68764117	0.1629422718809358	63.3225
chr16	68785597	0.0	63.326
chr16	68818528	1.1929247223363375	63.326
chr16	68830683	0.5159958720330903	63.3405
chr16	68881071	0.6049943325243297	63.3665
chr16	69024874	0.13234515616737885	63.4535
chr16	69051320	3.3640964572789382	63.457
chr16	69084910	0.0	63.57
chr16	69106053	0.3483973720882887	63.57
chr16	69126145	1.4964536099382457	63.577
chr16	69150536	4.393143250926019	63.6135
chr16	69196972	7.810824336884208	63.8175
chr16	69224946	344.58128078817754	64.036
chr16	69226976	1.103060452038464	64.7355
chr16	69411916	2.21853407397372	64.9395
chr16	69441440	0.0	65.005
chr16	69445153	7.102010699133357	65.005
chr16	69472258	1.028441070326532	65.1975
chr16	69525737	0.0	65.2525
chr16	69560978	17.66666666666576	65.2525
chr16	69565478	0.0	65.332
chr16	69596265	1.6984013213252027	65.332
chr16	69628354	0.9034190938010797	65.3865
chr16	69693108	1.4419907712591187	65.445
chr16	69765924	7.576488755911421	65.55
chr16	69786646	0.0	65.707
chr16	69837906	0.13394565633381175	65.707
chr16	69864036	0.6744328632746714	65.7105
chr16	69880346	1.732707126897848	65.7215
chr16	69924208	0.0	65.7975
chr16	69943664	0.0	65.7975
chr16	70025154	0.4795431261853559	65.7975
chr16	70071031	0.0	65.8195
chr16	70224171	3.0176640380072604	65.8195
chr16	70296578	0.0	66.038
chr16	70342332	0.15693044058240374	66.038
chr16	70367821	0.19130910084736275	66.042
chr16	70386116	0.29308323563888466	66.0455
chr16	70435590	0.9096498161878885	66.06
chr16	70515291	0.0	66.1325
chr16	70551772	0.0	66.1325
chr16	70586850	0.0	66.1325
chr16	70588209	0.0	66.1325
chr16	70601601	0.0	66.1325
chr16	70616812	0.1331557922770592	66.1325
chr16	70643097	0.0	66.136
chr16	70645904	1.2251795521761966	66.136
chr16	70669574	0.0	66.165
chr16	70691724	0.0	66.165
chr16	70736508	0.0	66.165
chr16	70750146	1.93656443002156	66.165
chr16	70769252	0.8026909257707746	66.202
chr16	70782333	1.48185998978009	66.2125
chr16	70792118	0.0	66.227
chr16	70792139	0.638063806380558	66.227
chr16	70814864	0.44047510556208214	66.2415
chr16	70913621	0.0	66.285
chr16	70930427	1.7926988265970065	66.285
chr16	70954971	0.0	66.329
chr16	70997202	0.271675851898044	66.329
chr16	71022968	1.1965072172296287	66.336
chr16	71062249	4.531597594134203	66.383
chr16	71074386	0.0	66.438
chr16	71086083	0.679281901988432	66.438
chr16	71096388	4.827414743297644	66.445
chr16	71120521	2.1593887268838112	66.5615
chr16	71147612	4.126260076257374	66.62
chr16	71205049	3.593220338982866	66.857
chr16	71227174	0.0	66.9365
chr16	71255996	0.0	66.9365
chr16	71272173	0.10693185767382812	66.9365
chr16	71309580	0.0	66.9405
chr16	71398608	4.35026662924485	66.9405
chr16	71412860	0.0	67.0025
chr16	71426406	0.0	67.0025
chr16	71439394	5.334987593052194	67.0025
chr16	71479694	0.26924181504857764	67.2175
chr16	71507550	4.14569536423863	67.225
chr16	71545300	13.211535557904059	67.3815
chr16	71558546	0.057785335732841905	67.5565
chr16	71619115	9.845347756274997	67.56
chr16	71630948	0.7100417863671087	67.6765
chr16	71692212	2.019122275669653	67.72
chr16	71742729	12.431848710722317	67.822
chr16	71780696	1.6146993318483498	68.294
chr16	71798656	8.950479589561297	68.323
chr16	71816588	12.418701102836902	68.4835
chr16	71837806	9.166787282288693	68.747
chr16	71858533	31.732290516134878	68.937
chr16	71892032	48.51490960319299	70.0
chr16	71909068	0.0	70.8265
chr16	71925474	5.877632898696216	70.8265
chr16	71950399	0.0	70.973
chr16	71963557	0.3484482438211945	70.973
chr16	71985081	0.3347360367251114	70.9805
chr16	72016449	16.27355198883457	70.991
chr16	72052274	0.0	71.574
chr16	72072529	0.0	71.574
chr16	72091684	0.2355025059881851	71.574
chr16	72340089	0.0	71.6325
chr16	72348368	0.0	71.6325
chr16	72352045	4.0879797364459245	71.6325
chr16	72383234	19.083514584512372	71.76
chr16	72416797	0.130356465680815	72.4005
chr16	72501181	0.0	72.4115
chr16	72515333	0.0	72.4115
chr16	72533982	0.20649258142245058	72.4115
chr16	72797914	0.8452064718673028	72.466
chr16	72802055	1.282367447596077	72.4695
chr16	72822330	0.36119711042264147	72.4955
chr16	72841710	0.0	72.5025
chr16	72852335	0.4732159757718083	72.5025
chr16	72868184	0.8684222879401426	72.51
chr16	72889487	0.0	72.5285
chr16	72959004	0.0	72.5285
chr16	72978737	0.5477542077487249	72.5285
chr16	72998819	0.5419253128384904	72.5395
chr16	73019117	0.371021936150871	72.5505
chr16	73139056	1.0031825100316991	72.595
chr16	73153510	9.139966273187689	72.6095
chr16	73168335	11.539665154122867	72.745
chr16	73206681	0.3649271804397598	73.1875
chr16	73236824	3.6966118823469496	73.1985
chr16	73255625	0.991578375441558	73.268
chr16	73292435	0.1582395324549341	73.3045
chr16	73387228	0.2506624650854609	73.3195
chr16	73401191	0.0	73.323
chr16	73427922	0.19082928956995263	73.323
chr16	73446263	2.064199327089241	73.3265
chr16	73501248	29.09557497572474	73.44
chr16	73515666	13.433854554479794	73.8595
chr16	73531782	0.48163370151601526	74.076
chr16	73547354	0.24779638217299735	74.0835
chr16	73575603	2.214022140220787	74.0905
chr16	73595928	1.6116799393250516	74.1355
chr16	73627572	12.72850372376487	74.1865
chr16	73649727	0.0	74.4685
chr16	73679712	0.0	74.4685
chr16	73691696	0.0	74.4685
chr16	73703924	0.0	74.4685
chr16	73720087	0.6984126984124241	74.4685
chr16	73735837	4.746948390320857	74.4795
chr16	73749846	0.4365760395025496	74.546
chr16	73783059	0.0	74.5605
chr16	73795707	0.880281690139687	74.5605
chr16	73803659	0.07413055449660061	74.5675
chr16	73850873	4.020716914269967	74.571
chr16	73858210	0.856697819315412	74.6005
chr16	73871050	5.373176206509278	74.6115
chr16	73906690	0.6682214826657601	74.803
chr16	73944851	0.4608011796506008	74.8285
chr16	73961127	0.0	74.836
chr16	73997803	0.690359554387164	74.836
chr16	74050674	14.053996935594185	74.8725
chr16	74069601	0.0	75.1385
chr16	74121516	6.581673306773082	75.1385
chr16	74184266	3.2218696607273447	75.5515
chr16	74286691	5.340389704113746	75.8815
chr16	74307476	4.49994375070302	75.9925
chr16	74343032	2.8318759936407285	76.1525
chr16	74433608	8.203781943475475	76.409
chr16	74457987	5.086901229334656	76.609
chr16	74479218	0.0	76.717
chr16	74499443	1.3975081718697593	76.717
chr16	74541661	3.043859649122881	76.776
chr16	74598661	0.6895283626000077	76.9495
chr16	74620415	4.764418967164362	76.9645
chr16	74660189	3.726694255328705	77.154
chr16	74705135	1.853584583861308	77.3215
chr16	74789566	8.387096774193484	77.478
chr16	74801966	26.41095565567955	77.582
chr16	74835702	2.5666221785488634	78.473
chr16	74903885	3.873239436623201	78.648
chr16	74906725	95.54140127387765	78.659
chr16	74907981	10.339077265147695	78.779
chr16	74916976	0.0	78.872
chr16	74948940	1.9378527231931106	78.872
chr16	75037182	6.058613563779385	79.043
chr16	75047828	8.517132729421121	79.1075
chr16	75068140	5.688842325825107	79.2805
chr16	75115865	0.583980106999802	79.552
chr16	75142407	1.3681138270707234	79.5675
chr16	75169817	5.845607198120186	79.605
chr16	75222164	0.37248992584049573	79.911
chr16	75251695	17.087232620320513	79.922
chr16	75263663	2.492106155893668	80.1265
chr16	75340305	0.716571919935058	80.3175
chr16	75361238	7.713095372142803	80.3325
chr16	75370119	12.181616832779628	80.401
chr16	75390888	1.1061946902655286	80.654
chr16	75428856	0.7915836780554086	80.696
chr16	75448437	4.36445664966647	80.7115
chr16	75479025	0.4797850562947981	80.845
chr16	75510289	0.26260857854681346	80.86
chr16	75584544	1.2505437146587235	80.8795
chr16	75621328	5.381705639614652	80.9255
chr16	75650408	9.287156904943334	81.082
chr16	75680611	3.3829406090672034	81.3625
chr16	75753181	0.0	81.608
chr16	75777991	0.5090538869900564	81.608
chr16	75860497	17.338246843471996	81.65
chr16	75877050	16.831730311398765	81.937
chr16	75898052	0.13888888888905862	82.2905
chr16	75926852	0.24725834133289107	82.2945
chr16	76098737	0.22298408451084445	82.337
chr16	76134614	0.0	82.345
chr16	76146065	0.5394470667572339	82.345
chr16	76153480	0.9430403621274072	82.349
chr16	76190594	0.7264274298996822	82.384
chr16	76238775	0.3324468085110446	82.419
chr16	76250807	31.09951845906925	82.423
chr16	76253299	0.9240720776220895	82.5005
chr16	76324722	0.7995212682466571	82.5665
chr16	76426658	0.2183654868600575	82.648
chr16	76479322	0.49781603288807025	82.6595
chr16	76510458	0.4934563398411529	82.675
chr16	76533763	0.755029470505283	82.6865
chr16	76554292	0.05833236112735623	82.702
chr16	76614293	2.622969314079522	82.7055
chr16	76649749	3.355858961981947	82.7985
chr16	76671502	1.9277953031896544	82.8715
chr16	76725709	2.7209014703862513	82.976
chr16	76762094	0.0	83.075
chr16	76827583	4.319654427645507	83.075
chr16	76859530	0.0	83.213
chr16	76865515	0.0	83.213
chr16	76880477	0.0	83.213
chr16	76896965	6.188574938575246	83.213
chr16	76929525	2.7739398448293726	83.4145
chr16	76976570	0.3669724770642341	83.545
chr16	77009270	0.5352754029643548	83.557
chr16	77075591	0.0	83.5925
chr16	77082961	0.6433823529413097	83.5925
chr16	77126481	1.081639414550389	83.6205
chr16	77177792	7.045370711914515	83.676
chr16	77191347	0.0	83.7715
chr16	77199349	1.6566761988560372	83.7715
chr16	77272085	4.2297498456958955	83.892
chr16	77299628	0.6345909772701291	84.0085
chr16	77351630	2.4123269909235683	84.0415
chr16	77417956	7.349132349132474	84.2015
chr16	77448844	1.3728538820337823	84.4285
chr16	77479073	0.06721333512579761	84.47
chr16	77546024	4.377218184890758	84.4745
chr16	77575609	0.09400263207364597	84.604
chr16	77660713	3.720615592762053	84.612
chr16	77684365	1.4743972902968334	84.7
chr16	77734555	0.8413897779388874	84.774
chr16	77764862	1.2449896756952756	84.7995
chr16	77781328	5.1618453597162945	84.82
chr16	77809225	0.41526802090183945	84.964
chr16	77953710	12.131078668206834	85.024
chr16	77963231	0.7875929797268031	85.1395
chr16	78168921	0.25504943617793246	85.3015
chr16	78261060	2.7282648235717946	85.325
chr16	78274805	0.3208071064304829	85.3625
chr16	78365202	1.0154997327635198	85.3915
chr16	78383912	0.9879300717321478	85.4105
chr16	78407193	2.4648419779224393	85.4335
chr16	78440258	0.9533448397387235	85.515
chr16	78550921	0.30048076923065126	85.6205
chr16	78569225	1.976652730057566	85.626
chr16	78617539	0.6986007131982678	85.7215
chr16	78713445	2.6015228426393917	85.7885
chr16	78729205	0.0	85.8295
chr16	78756342	0.0	85.8295
chr16	78787828	0.21280217909472518	85.8295
chr16	78811324	1.3444248382487385	85.8345
chr16	78835126	0.9201427615432478	85.8665
chr16	78853058	4.080470677548527	85.883
chr16	78863596	1.284360329504696	85.926
chr16	78897465	0.4435662728339808	85.9695
chr16	78922264	2.12750294464066	85.9805
chr16	78990184	1.7258277581281984	86.125
chr16	79013651	0.6841911595602764	86.1655
chr16	79100615	0.0	86.225
chr16	79118981	0.0	86.225
chr16	79179226	2.3815913055144895	86.225
chr16	79194132	0.31848260731095723	86.2605
chr16	79222391	0.14966574649949016	86.2695
chr16	79282525	0.15866299978856271	86.2785
chr16	79348703	0.0	86.289
chr16	79365541	0.0	86.289
