Chromosome	Position(bp)	Rate(cM/Mb)	Map(cM)
chr18	0	0.0	0.0
chr18	143715	0.6806649890681078	0.0
chr18	240679	4.586007199874785	0.066
chr18	304569	0.14163688660332968	0.359
chr18	350461	0.0	0.3655
chr18	397342	0.5944517833553506	0.3655
chr18	427622	5.146108094129815	0.3835
chr18	446957	3.615800455235204	0.483
chr18	489133	0.9628312937262143	0.6355
chr18	576895	0.42714506914410844	0.72
chr18	595624	0.9914582062233077	0.728
chr18	634960	0.0	0.767
chr18	658583	0.6680658692570351	0.767
chr18	1002112	1.457574180114522	0.9965
chr18	1040532	0.21003990758244084	1.0525
chr18	1050054	0.08576656247617498	1.0545
chr18	1102522	0.1510834844168203	1.059
chr18	1125688	7.028327097808656	1.0625
chr18	1144398	2.806669968631338	1.194
chr18	1156512	12.657464890603336	1.228
chr18	1173103	0.8369778313979808	1.438
chr18	1239413	3.313027679811897	1.4935
chr18	1248770	12.98047896961159	1.5245
chr18	1263677	3.672959670902813	1.718
chr18	1318129	1.7357631863052498	1.918
chr18	1472816	0.013380432455575492	2.1865
chr18	1547552	0.02412312442707671	2.1875
chr18	1609733	0.2186588921282666	2.189
chr18	1630313	1.582137445405117	2.1935
chr18	1697627	0.0	2.3
chr18	1714023	1.5131219923599728	2.3
chr18	1734180	9.419071475139834	2.3305
chr18	1763323	4.5475364784401044	2.605
chr18	1778606	1.520223580356867	2.6745
chr18	1876289	3.408008820728716	2.823
chr18	1916195	2.3244142740167484	2.959
chr18	1954054	0.32444549315715315	3.047
chr18	1971006	0.0	3.0525
chr18	1990189	0.32909170688890144	3.0525
chr18	1994747	0.0	3.054
chr18	2016181	0.0	3.054
chr18	2031086	0.10297146219477142	3.054
chr18	2065076	6.739586785990492	3.0575
chr18	2083178	2.1289371690594425	3.1795
chr18	2119816	3.5754695632496123	3.2575
chr18	2164006	0.0	3.4155
chr18	2164283	7.249242124686926	3.4155
chr18	2171870	0.4613422345246792	3.4705
chr18	2208719	10.955848586236321	3.4875
chr18	2223962	2.119249452328782	3.6545
chr18	2244960	1.8647340439601134	3.699
chr18	2282767	1.7386838823270494	3.7695
chr18	2350922	13.822646175587378	3.888
chr18	2362244	6.6905548401544985	4.0445
chr18	2380105	3.9021396001403	4.164
chr18	2425721	3.3221014664705177	4.342
chr18	2467863	17.820017820017835	4.482
chr18	2474597	8.867062794995949	4.602
chr18	2540064	1.9003968475769832	5.1825
chr18	2557955	2.524518706865226	5.2165
chr18	2585485	0.0	5.286
chr18	2607156	1.1410466610537682	5.286
chr18	2652290	0.39318147227434946	5.3375
chr18	2691712	1.8498067366096127	5.353
chr18	2709822	12.708889200954925	5.3865
chr18	2724064	3.9582797316286373	5.5675
chr18	2774591	4.917267576616024	5.7675
chr18	2836719	2.089783281733722	6.073
chr18	2862559	5.047117609577788	6.127
chr18	2892378	6.1120911088416365	6.2775
chr18	2924691	0.353731871241717	6.475
chr18	2927518	7.765604667758051	6.476
chr18	2975164	2.1248952730186845	6.846
chr18	3057521	0.5876821814762451	7.021
chr18	3066029	2.3337222870478485	7.026
chr18	3109736	2.431970553437618	7.128
chr18	3124950	0.6535445179147878	7.165
chr18	3137956	2.250443269128772	7.1735
chr18	3203943	10.785406561624429	7.322
chr18	3237136	2.3309538179774836	7.68
chr18	3285185	0.19369834710744538	7.792
chr18	3331649	12.427480916030534	7.801
chr18	3364399	9.94334277620394	8.208
chr18	3382049	5.218945830610119	8.3835
chr18	3434071	0.6471281889039332	8.655
chr18	3468840	1.0426637494872137	8.6775
chr18	3498092	1.6560473797962265	8.708
chr18	3569346	0.6168823885686053	8.826
chr18	3613925	0.33888196063545223	8.8535
chr18	3650811	1.109956546382028	8.866
chr18	3693155	55.55555555555553	8.913
chr18	3707618	1.5179631565101765	9.7165
chr18	3848267	3.9704696321111768	9.93
chr18	3864386	12.744490662890533	9.994
chr18	3875685	1.4910768370532608	10.138
chr18	3918607	3.0662235773750433	10.202
chr18	3976985	29.392145418160524	10.381
chr18	3988978	8.64789799267772	10.7335
chr18	4020662	2.38953018160421	11.0075
chr18	4034263	15.27883880825079	11.04
chr18	4040808	1.8618574766355198	11.14
chr18	4068200	1.3566263518269646	11.191
chr18	4146335	5.1418064663097605	11.297
chr18	4207792	0.386835684104079	11.613
chr18	4224595	5.446770200315122	11.6195
chr18	4246810	0.30371750222720123	11.7405
chr18	4271504	2.092479382923733	11.748
chr18	4295877	1.0494402985075024	11.799
chr18	4330181	0.053310587482644514	11.835
chr18	4348939	0.8147044212618056	11.836
chr18	4399264	3.388471908474822	11.877
chr18	4440433	0.7080352928360976	12.0165
chr18	4467974	6.818702727481078	12.036
chr18	4502878	0.41989754499903614	12.274
chr18	4538601	0.6989829797644278	12.289
chr18	4567214	14.016097696364508	12.309
chr18	4570817	1.7006293077614647	12.3595
chr18	4637557	2.3995483203160997	12.473
chr18	4658811	0.0	12.524
chr18	4689021	3.174923146701638	12.524
chr18	4708864	1.470540443924482	12.587
chr18	4770406	0.19189648555287836	12.6775
chr18	4788645	1.3816771778129648	12.681
chr18	4833518	1.178274855988607	12.743
chr18	4886986	2.2087407232890457	12.806
chr18	4903964	1.1535996581926617	12.8435
chr18	4927369	0.020339672531260972	12.8705
chr18	4976534	1.0198729529692914	12.8715
chr18	5028011	0.5089022386964525	12.924
chr18	5239250	0.08929102922793361	13.0315
chr18	5256049	2.3148743537642393	13.033
chr18	5294928	1.758087201125201	13.123
chr18	5309148	4.746796827333732	13.148
chr18	5350123	7.83251231527097	13.3425
chr18	5390723	0.9529344975804807	13.6605
chr18	5464705	2.375252487469153	13.731
chr18	5518173	0.45989698307569954	13.858
chr18	5523609	1.8746833305185047	13.8605
chr18	5553214	0.7133685261806098	13.916
chr18	5581250	1.9983139226277846	13.936
chr18	5613277	5.045515489379744	14.0
chr18	5641619	1.4985569451639074	14.143
chr18	5668645	1.9977525284055457	14.1835
chr18	5676654	1.1031514722305384	14.1995
chr18	5713367	1.126092754482153	14.24
chr18	5747112	3.927742790851812	14.278
chr18	5777282	1.5321927009892624	14.3965
chr18	5867349	2.6318191499072294	14.5345
chr18	5900216	6.876562855194287	14.621
chr18	5909014	3.0065359477124702	14.6815
chr18	5928139	1.4209757887586651	14.739
chr18	6056220	3.207332557401353	14.921
chr18	6131828	4.507160909856752	15.1635
chr18	6155568	19.247003207833846	15.2705
chr18	6167414	0.7477009196321518	15.4985
chr18	6292464	1.932963743506452	15.592
chr18	6366961	1.3187581429342912	15.736
chr18	6398430	10.779816513761606	15.7775
chr18	6400610	1.8417324428253607	15.801
chr18	6425315	0.9778529520587512	15.8465
chr18	6463153	8.420314007543285	15.8835
chr18	6485955	2.196257577088516	16.0755
chr18	6508721	8.35073068893536	16.1255
chr18	6533629	7.731879370360031	16.3335
chr18	6566092	1.4246897260777163	16.5845
chr18	6634177	0.3430702574687013	16.6815
chr18	6814898	4.949437402079453	16.7435
chr18	6842982	5.490575563783296	16.8825
chr18	6866750	3.3925305327746442	17.013
chr18	6883699	2.251103373328339	17.0705
chr18	6928788	2.7063897201196436	17.172
chr18	6951512	1.5685480810585464	17.2335
chr18	6991039	1.5824349718128785	17.2955
chr18	7071927	2.109053497942345	17.4235
chr18	7101087	16.579032084987908	17.485
chr18	7110406	1.7275787090816976	17.6395
chr18	7177552	0.7510519872012186	17.7555
chr18	7274749	79.36507936508409	17.8285
chr18	7275442	1.3657909536434047	17.8835
chr18	7300336	18.43281200127686	17.9175
chr18	7306602	3.636604072996543	18.033
chr18	7314164	6.292272523743301	18.0605
chr18	7356597	1.9884981831706645	18.3275
chr18	7391548	3.014100501561467	18.397
chr18	7497218	0.3429214161283093	18.7155
chr18	7570121	3.4307374886042097	18.7405
chr18	7590962	0.26665697004955535	18.812
chr18	7673465	3.34677955583145	18.834
chr18	7696024	1.1063386697904576	18.9095
chr18	7734439	0.03642102707287857	18.952
chr18	7775624	0.48543689320447675	18.9535
chr18	7777684	4.4946169123026305	18.9545
chr18	7787251	2.095788568024938	18.9975
chr18	7832580	3.0869212022745365	19.0925
chr18	7863355	1.2649287273661405	19.1875
chr18	7941225	5.629352394392081	19.286
chr18	7973822	1.8438749263999468	19.4695
chr18	8006091	0.12172360626471287	19.529
chr18	8018414	0.06909144746583872	19.5305
chr18	8119729	0.0	19.5375
chr18	8124231	0.5005738285351112	19.5375
chr18	8165184	0.059639775754445415	19.558
chr18	8190335	0.26968976045768944	19.5595
chr18	8294158	2.2566682697643423	19.5875
chr18	8321189	0.6710679048172907	19.6485
chr18	8348757	0.1456603616538256	19.667
chr18	8396814	1.0937292854302416	19.674
chr18	8426986	0.09427355492105123	19.707
chr18	8464112	2.9300241296105902	19.7105
chr18	8481518	1.9585748014593605	19.7615
chr18	8500154	4.007884362680913	19.798
chr18	8515374	4.4613003687498685	19.859
chr18	8567713	5.18921655486652	20.0925
chr18	8575614	1.000583673809464	20.1335
chr18	8587607	0.26558661443472115	20.1455
chr18	8602668	12.73458445040206	20.1495
chr18	8613112	0.5755632297320712	20.2825
chr18	8625274	13.17339284607269	20.2895
chr18	8641405	0.18573394456687703	20.502
chr18	8759854	0.3024315496592719	20.524
chr18	8784653	0.24996591373901814	20.5315
chr18	8828659	1.748775856900161	20.5425
chr18	8938736	0.08389261744966761	20.735
chr18	9010256	0.0	20.741
chr18	9018883	0.3299749219059476	20.741
chr18	9041612	0.8506294658047276	20.7485
chr18	9094514	0.0	20.7935
chr18	9106216	0.20353333876084853	20.7935
chr18	9130782	0.50542953852748	20.7985
chr18	9196073	0.12080536912752135	20.8315
chr18	9233323	0.1678471919165651	20.836
chr18	9263112	0.11112522225041112	20.841
chr18	9294608	0.45259371010794336	20.8445
chr18	9337693	0.966625966625955	20.864
chr18	9386833	1.7649303568021395	20.9115
chr18	9460207	24.380079183162973	21.041
chr18	9469805	5.80136138613865	21.275
chr18	9527981	5.344589606137426	21.6125
chr18	9559134	2.4669429642786427	21.779
chr18	9589536	1.5760981292400251	21.854
chr18	9618722	2.922679850230841	21.9
chr18	9756267	0.0	22.302
chr18	9757115	0.800342879135104	22.302
chr18	9871441	5.245076989141751	22.3935
chr18	9887742	3.2495847176079984	22.479
chr18	9935902	10.967180101235472	22.6355
chr18	9954275	3.246972874247489	22.837
chr18	9998624	0.11551536354331655	22.981
chr18	10028923	0.2031969655919882	22.9845
chr18	10036305	1.716637522924056	22.986
chr18	10083199	0.19786960393101696	23.0665
chr18	10113522	0.6731740154829764	23.0725
chr18	10205623	2.7009551008311896	23.1345
chr18	10279856	0.19075440642676988	23.335
chr18	10371597	0.009063389345090564	23.3525
chr18	10481931	2.651798463316792	23.3535
chr18	10555466	3.4999938757762474	23.5485
chr18	10718752	2.4768669969155552	24.12
chr18	10761548	4.361969540144896	24.226
chr18	10802126	0.6388264521471909	24.403
chr18	10844391	2.42595774790256	24.43
chr18	10883963	5.686806608667964	24.526
chr18	10909021	2.7783791585479607	24.6685
chr18	10936735	21.10758057194741	24.7455
chr18	10960968	6.027347966894582	25.257
chr18	10966526	2.7708319253902265	25.2905
chr18	11010917	0.6774918075039751	25.4135
chr18	11146712	0.0	25.5055
chr18	11247265	0.21443628698116415	25.5055
chr18	11384835	0.4729004561309305	25.535
chr18	11533915	0.8700553894416689	25.6055
chr18	11574717	1.2704472479963627	25.641
chr18	11653823	0.7361904912686503	25.7415
chr18	11716986	0.9866423800850405	25.788
chr18	11736750	0.0	25.8075
chr18	11763384	0.7988815658078993	25.8075
chr18	11778405	4.673894200637413	25.8195
chr18	11853396	1.2585082246170936	26.17
chr18	11881604	0.0	26.2055
chr18	11910291	0.6304496495127357	26.2055
chr18	12050667	0.18989745537410518	26.294
chr18	12121758	0.3330541061534037	26.3075
chr18	12220841	0.0	26.3405
chr18	12248245	0.07423415100876245	26.3405
chr18	12308864	0.0	26.345
chr18	12337145	1.3268667642752523	26.345
chr18	12359001	0.3538212697129127	26.374
chr18	12418353	0.16203953764719203	26.395
chr18	12455381	0.2712127082525338	26.401
chr18	12468286	0.04235261290709086	26.4045
chr18	12668982	0.0	26.413
chr18	12706008	0.38804811796660077	26.413
chr18	12762702	0.0	26.435
chr18	12770992	0.0384644972690677	26.435
chr18	12796990	0.0	26.436
chr18	12817911	0.38374212529181845	26.436
chr18	12849182	0.0	26.448
chr18	12860968	0.5981921304502177	26.448
chr18	12883536	0.058323774714701744	26.4615
chr18	12934973	1.8520916979665933	26.4645
chr18	12973578	0.30865150158949384	26.536
chr18	13005977	1.4890121174779172	26.546
chr18	13025453	6.632124352331612	26.575
chr18	13039928	0.0	26.671
chr18	13063062	0.20716515205922945	26.671
chr18	13099265	4.561927094436125	26.6785
chr18	13122720	0.7323798035500177	26.7855
chr18	13134326	0.05497261676526774	26.794
chr18	13279853	1.260212975992916	26.802
chr18	13327464	0.0	26.862
chr18	13354309	0.06692544505421215	26.862
chr18	13376722	0.21328649394646526	26.8635
chr18	13456427	4.5098993225794315	26.8805
chr18	13483146	1.9019361710219924	27.001
chr18	13509435	1.444607587742148	27.051
chr18	13530548	3.736287031639338	27.0815
chr18	13549417	0.29500770826591427	27.152
chr18	13601958	0.5849549584682201	27.1675
chr18	13627601	2.6870127716038983	27.1825
chr18	13657746	0.1631853785900845	27.2635
chr18	13703706	0.33186508175946516	27.271
chr18	13736852	3.1682130563727324	27.282
chr18	13820811	1.3610071452875385	27.548
chr18	13911920	0.0	27.672
chr18	13934613	0.16121704210694893	27.672
chr18	14002844	0.9137101087537176	27.683
chr18	14025280	0.0	27.7035
chr18	14036121	2.884219200659359	27.7035
chr18	14043402	2.265935437259946	27.7245
chr18	14073853	2.7615494133240994	27.7935
chr18	14114591	0.4341413896355217	27.906
chr18	14271222	0.2712369323562559	27.974
chr18	14379983	0.08286033889888736	28.0035
chr18	14404120	4.89079458662715	28.0055
chr18	14419046	17.735527809307605	28.0785
chr18	14429618	0.38163882474565763	28.266
chr18	14533119	2.9800391259657197	28.3055
chr18	14653755	4.784996719961924	28.665
chr18	14731498	4.385318396226406	29.037
chr18	14785770	3.135402957343155	29.275
chr18	14798687	1.5879028028669915	29.3155
chr18	14833009	0.10994326927295511	29.37
chr18	14855748	0.4334445841099893	29.3725
chr18	14878819	3.8234666097261547	29.3825
chr18	14953751	1.7319091581037205	29.669
chr18	15022750	0.480192076830786	29.7885
chr18	15056070	1.8468770987239662	29.8045
chr18	15130520	0.6864237323544241	29.942
chr18	15164027	4.16577327166353	29.965
chr18	15196674	0.4780114722753881	30.101
chr18	15230146	1.3547050385920147	30.117
chr18	15317988	2.0445874039728062	30.236
chr18	15376435	2.220685135971457	30.3555
chr18	15403904	0.5556188739457699	30.4165
chr18	15439000	0.5453962143087268	30.436
chr18	15454585	1.1166634097316976	30.4445
chr18	15490406	1.1027591483998624	30.4845
chr18	15512623	5.322040687859451	30.509
chr18	15547572	0.5375245917500802	30.695
chr18	15733610	0.9788397869583682	30.795
chr18	15768345	0.6976628295210717	30.829
chr18	15808479	2.5040368818890526	30.857
chr18	15893941	0.21011934778950264	31.071
chr18	15941533	0.18429782528588687	31.081
chr18	15946959	0.08126645645735872	31.082
chr18	15977722	0.38244097106756303	31.0845
chr18	16037862	0.636498651228965	31.1075
chr18	16070855	0.11051189107953668	31.1285
chr18	16116099	0.7699745729326946	31.1335
chr18	16144022	0.9522600304722668	31.155
chr18	16183402	0.20796265914920953	31.1925
chr18	16226679	0.5154915964130572	31.2015
chr18	16319794	0.571393273002425	31.2495
chr18	16352171	3.567018795445164	31.268
chr18	16395905	1.2020148057697166	31.424
chr18	16422111	2.1414857480430314	31.4555
chr18	16442424	4.089679668915253	31.499
chr18	16473111	1.5599869396441994	31.6245
chr18	16555804	4.283761203098892	31.7535
chr18	16621634	1.273560876209931	32.0355
chr18	16639301	4.615232247202079	32.058
chr18	16689786	1.6204044697911422	32.291
chr18	16737305	0.07871890603201376	32.368
chr18	16781767	20.848084336401584	32.3715
chr18	16807189	1.3686067349488538	32.9015
chr18	17020910	1.469356568758457	33.194
chr18	17088967	0.978605655666146	33.294
chr18	17103784	0.9288853375947794	33.3085
chr18	17153844	15.911510706258285	33.355
chr18	17196109	0.8292761221976273	34.0275
chr18	17214800	1.2542971290532854	34.043
chr18	17236326	0.40602953864889196	34.07
chr18	17275732	4.016584607412012	34.086
chr18	17279591	0.5202744447695588	34.1015
chr18	17310344	0.2135430473328942	34.1175
chr18	17378246	1.0703591800235834	34.132
chr18	17452053	0.10207355128474149	34.211
chr18	17486342	0.6902263942566886	34.2145
chr18	17489964	0.0	34.217
chr18	17506375	0.0	34.217
chr18	17552506	0.0	34.217
chr18	17598772	0.23100993342719586	34.217
chr18	17646389	0.0	34.228
chr18	17672603	0.0	34.228
chr18	17706614	0.1977862072375532	34.228
chr18	17848181	0.4252906152537728	34.256
chr18	17872870	1.3554805063523214	34.2665
chr18	17916397	1.6798035921953614	34.3255
chr18	18040221	0.904055963697339	34.5335
chr18	18154152	0.085698442304835	34.6365
chr18	18253337	0.0780890736032931	34.645
chr18	18368590	0.4732669883128592	34.654
chr18	18444657	0.6134083856534835	34.69
chr18	18486228	0.16357777305216512	34.7155
chr18	18547361	0.33142823473958366	34.7255
chr18	18683137	0.010239816502537169	34.7705
chr18	18780795	0.053538922796748545	34.7715
chr18	18799473	1.0356689311649558	34.7725
chr18	18880580	2.9545250292082907	34.8565
chr18	18969596	0.217696586149585	35.1195
chr18	19132667	0.0	35.155
chr18	19197407	0.0	35.155
chr18	19224368	0.0	35.155
chr18	19267311	0.2237961085805522	35.155
chr18	19305292	0.4568590355588789	35.1635
chr18	19476023	0.9632287427456631	35.2415
chr18	19517550	0.620539869686584	35.2815
chr18	19553003	0.3243951869118053	35.3035
chr18	19702512	0.45093733003793457	35.352
chr18	19847765	6.1134081512111	35.4175
chr18	19864695	1.4925967202675299	35.521
chr18	19889819	3.024231185672798	35.5585
chr18	19970170	0.3422875763301587	35.8015
chr18	20116246	2.3472615282169325	35.8515
chr18	20146281	5.0837988826816245	35.922
chr18	20164181	33.08919696573373	36.013
chr18	20168004	4.341346225142017	36.1395
chr18	20302870	0.020850882826359905	36.725
chr18	20422769	0.8714596949891398	36.7275
chr18	20429654	1.579019634765823	36.7335
chr18	20466069	2.6170947550185737	36.791
chr18	20484601	0.0	36.8395
chr18	20535800	0.4711055276382088	36.8395
chr18	20618584	1.936819017970798	36.8785
chr18	20675120	3.7733012627781837	36.988
chr18	20708380	0.0	37.1135
chr18	20738831	0.02585649644467148	37.1135
chr18	20777506	0.27941596119088896	37.1145
chr18	20861610	0.030897574540546112	37.138
chr18	20893975	6.257569640694148	37.139
chr18	20903883	1.0336101507643856	37.201
chr18	20931940	2.9611118718335243	37.23
chr18	20961152	1.5726285911549827	37.3165
chr18	21039365	0.0	37.4395
chr18	21051133	0.737136960047161	37.4395
chr18	21105397	3.8350716285865034	37.4795
chr18	21154679	0.0	37.6685
chr18	21188642	0.03398355196077175	37.6685
chr18	21218068	0.2837362387924293	37.6695
chr18	21244501	2.9718227179337786	37.677
chr18	21271757	0.23429446127894427	37.758
chr18	21303768	0.6555990271756118	37.7655
chr18	21351053	0.049189082834350785	37.7965
chr18	21422207	2.1431543903454338	37.8
chr18	21470267	0.11045887773788111	37.903
chr18	21501953	2.1278653641549923	37.9065
chr18	21522631	0.16401893247117957	37.9505
chr18	21543970	0.5283232823049948	37.954
chr18	21582772	0.4581673306772138	37.9745
chr18	21607872	1.0841220076768316	37.986
chr18	21676130	0.8048430556040219	38.06
chr18	21704707	0.9107764369125023	38.083
chr18	21796936	0.16526476555196357	38.167
chr18	21884674	1.0804970286329563	38.1815
chr18	21893929	0.0	38.1915
chr18	21908254	0.2099958000841484	38.1915
chr18	21924921	0.529674591851534	38.195
chr18	22041974	0.6205869373345336	38.257
chr18	22114486	0.39910865733197376	38.302
chr18	22174620	0.951677509161674	38.326
chr18	22245022	2.4300607515187735	38.393
chr18	22311687	0.2739726027397364	38.555
chr18	22355487	0.5787916700770773	38.567
chr18	22441010	0.5826588138954982	38.6165
chr18	22472761	0.6410310836397425	38.635
chr18	22590540	0.7628567670655363	38.7105
chr18	22628555	0.5346050711109804	38.7395
chr18	22687477	0.4708358721540992	38.771
chr18	22723583	0.0	38.788
chr18	22739596	0.1842787215664307	38.788
chr18	22826421	1.4927421845507889	38.804
chr18	22855562	0.04920832489075786	38.8475
chr18	23028297	2.6842001576044563	38.856
chr18	23068905	0.4691269770348178	38.965
chr18	23091287	0.18985739600034474	38.9755
chr18	23138691	0.0	38.9845
chr18	23160710	0.11630729398443679	38.9845
chr18	23259586	0.9689464479840435	38.996
chr18	23280743	0.03213092280010404	39.0165
chr18	23327427	1.2057795671455211	39.018
chr18	23376358	1.0709823287916154	39.077
chr18	23393165	0.10668942707771746	39.095
chr18	23430657	0.7601581128875852	39.099
chr18	23493144	0.2690858768351961	39.1465
chr18	23506151	0.0	39.15
chr18	23519440	0.18127201160153827	39.15
chr18	23538748	0.03459888360935685	39.1535
chr18	23582102	0.0	39.155
chr18	23612973	0.0	39.155
chr18	23642799	0.021142543025025783	39.155
chr18	23690097	0.056080846147835366	39.156
chr18	23779254	0.4454563452781796	39.161
chr18	23809560	0.034572169403549506	39.1745
chr18	23838485	1.2276691220047566	39.1755
chr18	23850296	0.06964176277243389	39.19
chr18	23886194	0.21132713440377948	39.1925
chr18	23902756	0.1925828106086993	39.196
chr18	23920930	0.0	39.1995
chr18	23933284	0.08385920040247768	39.1995
chr18	23980983	0.0	39.2035
chr18	24002130	0.0	39.2035
chr18	24031741	0.05322141629795632	39.2035
chr18	24097504	0.20204741379311109	39.207
chr18	24134624	0.264100005868899	39.2145
chr18	24151663	1.7694994179276695	39.219
chr18	24173138	0.12260482712728138	39.257
chr18	24201685	0.5403769669722827	39.2605
chr18	24224817	1.2688960604273816	39.273
chr18	24324904	0.0	39.4
chr18	24350044	0.9265425485712013	39.4
chr18	24384581	0.21510927551176443	39.432
chr18	24407825	0.19658968628430445	39.437
chr18	24456149	1.038189862609634	39.4465
chr18	24559213	0.0	39.5535
chr18	24597440	0.0465130701727203	39.5535
chr18	24629689	6.671930517173191	39.555
chr18	24655019	1.6136019059995768	39.724
chr18	24701189	1.8812147272240631	39.7985
chr18	24719794	5.281982264338722	39.8335
chr18	24774035	0.2943923336176815	40.12
chr18	24823289	0.34648319556491103	40.1345
chr18	24843492	0.0	40.1415
chr18	24887185	0.13238545348634456	40.1415
chr18	24962722	0.678087080656615	40.1515
chr18	24990742	2.9538841372013125	40.1705
chr18	25036106	0.0	40.3045
chr18	25082887	0.5748327759198779	40.3045
chr18	25121159	0.06078879540917488	40.3265
chr18	25162285	0.0	40.329
chr18	25200553	2.1075076862043476	40.329
chr18	25220719	10.593863912515321	40.3715
chr18	25247055	0.03728977887152438	40.6505
chr18	25273872	0.6409446259952511	40.6515
chr18	25329259	0.3927233331828795	40.687
chr18	25440024	0.4410323423717907	40.7305
chr18	25470634	0.8585040265047756	40.744
chr18	25511985	0.49171711005991264	40.7795
chr18	25570962	0.0	40.8085
chr18	25592368	0.06591957811470257	40.8085
chr18	25615123	1.919596336313091	40.81
chr18	25633356	1.3865551155658686	40.845
chr18	25718459	0.17099863201103138	40.963
chr18	25747699	0.0	40.968
chr18	25775673	1.3831258644536213	40.968
chr18	25824837	1.0851916895854752	41.036
chr18	25885195	1.9688943029546981	41.1015
chr18	25955793	3.176278476979475	41.2405
chr18	26006009	0.07454342154313993	41.4
chr18	26032839	0.9975989990192671	41.402
chr18	26062410	0.29290250971211473	41.4315
chr18	26094844	0.6060801965315132	41.441
chr18	26156717	1.7279649349555317	41.4785
chr18	26227899	0.44227981925141957	41.6015
chr18	26321731	6.140729907598254	41.643
chr18	26381903	0.7168173310501645	42.0125
chr18	26407014	4.238065534069544	42.0305
chr18	26434267	2.2521300265913715	42.146
chr18	26452694	0.11559849600275889	42.1875
chr18	26534875	0.8924827792752376	42.197
chr18	26618350	0.04492362982918551	42.2715
chr18	26640610	0.5544926603795955	42.2725
chr18	26758736	0.41226545438329465	42.338
chr18	26803610	0.3033612425676816	42.3565
chr18	26918984	0.5336110682507741	42.3915
chr18	26996756	0.1064156833069305	42.433
chr18	27039043	0.11632262770843929	42.4375
chr18	27292648	0.05723508739800774	42.467
chr18	27380007	0.13144058885384305	42.472
chr18	27437067	0.140269317088626	42.4795
chr18	27462019	0.0510955742716771	42.483
chr18	27579446	0.3762362046725096	42.489
chr18	27607354	0.399169726968111	42.4995
chr18	27632406	0.1906370797918763	42.5095
chr18	27802887	0.3203593657588432	42.542
chr18	27944915	0.0	42.5875
chr18	28053005	0.2621499206268395	42.5875
chr18	28190331	0.47068514105840137	42.6235
chr18	28224324	0.09288971457526418	42.6395
chr18	28342744	0.36277207905924896	42.6505
chr18	28382714	2.8997274256222387	42.665
chr18	28399957	0.49028140411951526	42.715
chr18	28572307	0.48301400740623307	42.7995
chr18	28590940	0.2824991760440806	42.8085
chr18	28612179	0.8557980316645	42.8145
chr18	28651908	0.0	42.8485
chr18	28692282	0.0	42.8485
chr18	28715294	0.38106270767904576	42.8485
chr18	28748097	0.39866119931311195	42.861
chr18	28862229	0.6865774116027777	42.9065
chr18	28873881	0.0	42.9145
chr18	28930670	1.4735601212531027	42.9145
chr18	28954422	0.5140859551717243	42.9495
chr18	28969011	1.1930079360960701	42.957
chr18	28988290	0.47852440474466007	42.98
chr18	29022771	0.12184819339745717	42.9965
chr18	29084323	0.2205071664830235	43.004
chr18	29106998	2.4711696869852666	43.009
chr18	29122173	0.0	43.0465
chr18	29152879	1.3697796176793409	43.0465
chr18	29185731	0.052386029570360315	43.0915
chr18	29347988	0.07189761779226654	43.1
chr18	29598344	0.0	43.118
chr18	29626448	0.8643808595047402	43.118
chr18	29671567	4.852238369258078	43.157
chr18	29692073	0.0	43.2565
chr18	29738684	0.0	43.2565
chr18	29789605	0.0	43.2565
chr18	29838622	0.05341119498647119	43.2565
chr18	29866706	0.0	43.258
chr18	29899436	0.019200245763146495	43.258
chr18	29977560	0.0	43.2595
chr18	30074920	0.02212389380525817	43.2595
chr18	30120120	0.6678752027479677	43.2605
chr18	30141082	0.0	43.2745
chr18	30164241	0.2451881819294951	43.2745
chr18	30180555	0.010266729635942155	43.2785
chr18	30326658	1.7350479689728422	43.28
chr18	30336456	0.04712288601497639	43.297
chr18	30431951	0.26126112280814234	43.3015
chr18	30497020	0.0	43.3185
chr18	30530817	1.389766266582491	43.3185
chr18	30554562	0.5977846803024314	43.3515
chr18	30639877	0.46151393352520886	43.4025
chr18	30759050	0.6300586439198432	43.4575
chr18	30779683	0.12710577060197545	43.4705
chr18	30940966	0.2236869575591364	43.491
chr18	30974495	0.020985037668093707	43.4985
chr18	31022148	0.5246589716685484	43.4995
chr18	31064080	0.4302925989671288	43.5215
chr18	31089644	0.28304557033673916	43.5325
chr18	31114375	0.23026618771304858	43.5395
chr18	31168660	0.28352234823216554	43.552
chr18	31258600	7.184015565367065	43.5775
chr18	31285326	0.6291781360597026	43.7695
chr18	31336186	0.6458868406255829	43.8015
chr18	31401987	0.3198482375258786	43.844
chr18	31447321	3.5823411653143946	43.8585
chr18	31466303	0.9790552117207267	43.9265
chr18	31552100	0.4231105923548453	44.0105
chr18	31654910	1.522226800347887	44.054
chr18	31698596	0.11599685916201397	44.1205
chr18	31754632	0.0	44.127
chr18	31767975	0.21196919381050758	44.127
chr18	31810434	0.57435614675945	44.136
chr18	31853961	1.212162407105303	44.161
chr18	31898097	0.58297140525256	44.2145
chr18	32035325	0.0	44.2945
chr18	32113090	0.0	44.2945
chr18	32158188	0.10627293724229216	44.2945
chr18	32228761	0.0	44.302
chr18	32320643	0.08631655460660302	44.302
chr18	32430703	0.0	44.3115
chr18	32452202	0.19288883173660823	44.3115
chr18	32623285	0.20267130668623037	44.3445
chr18	32724434	0.6463107881496634	44.365
chr18	32753058	0.020012236052915217	44.3835
chr18	32927951	0.0	44.387
chr18	32957869	1.1037527593818635	44.387
chr18	32988673	0.287356321839163	44.421
chr18	33021733	0.0	44.4305
chr18	33063554	0.032008877128591545	44.4305
chr18	33110416	0.4179437169128049	44.432
chr18	33160662	0.5940745851058162	44.453
chr18	33186753	0.0	44.4685
chr18	33188214	0.43278802042750847	44.4685
chr18	33211320	0.1441485966105517	44.4785
chr18	33259881	0.0	44.4855
chr18	33262737	1.2841549546979156	44.4855
chr18	33276754	2.8661346521300404	44.5035
chr18	33285651	0.11722483723774116	44.529
chr18	33341100	0.0	44.5355
chr18	33424150	0.669840680970318	44.5355
chr18	33472669	2.471832605196636	44.568
chr18	33516159	0.04919807143548506	44.6755
chr18	33536485	1.328756505370441	44.6765
chr18	33581640	0.0	44.7365
chr18	33592321	96.13259668508653	44.7365
chr18	33593226	0.10052849264692656	44.8235
chr18	33628042	13.34360804672322	44.827
chr18	33640370	1.0052154657498706	44.9915
chr18	33674691	0.2899631332586842	45.026
chr18	33698832	5.559402109721748	45.033
chr18	33723385	1.736690007780371	45.1695
chr18	33795361	1.222200243027113	45.2945
chr18	33866135	3.769497400346763	45.381
chr18	33877675	5.477509988400165	45.4245
chr18	33885434	0.8921179594050644	45.467
chr18	33955492	2.836563864401231	45.5295
chr18	33991451	1.9169068464841905	45.6315
chr18	34028229	2.3747778198666016	45.702
chr18	34096867	1.536611437733785	45.865
chr18	34164223	0.0	45.9685
chr18	34177184	4.657007687758899	45.9685
chr18	34183948	0.5923422000379324	46.0
chr18	34247256	2.582427013278848	46.0375
chr18	34311343	0.40724903278356256	46.203
chr18	34326076	13.44068353598419	46.209
chr18	34356506	0.11177243132975055	46.618
chr18	34392293	1.451399000250412	46.622
chr18	34500120	0.2307185234013809	46.7785
chr18	34530460	1.192655927163964	46.7855
chr18	34589991	0.0	46.8565
chr18	34620479	0.0	46.8565
chr18	34641231	0.07749401573989857	46.8565
chr18	34815438	0.33206043499957566	46.87
chr18	34821461	0.3049652149051413	46.872
chr18	34873926	0.8752219091010995	46.888
chr18	34954477	0.0	46.9585
chr18	35025369	0.0	46.9585
chr18	35040582	0.7872888634411132	46.9585
chr18	35068526	0.09197187704382297	46.9805
chr18	35117454	2.562877372833494	46.985
chr18	35186517	0.0	47.162
chr18	35242055	0.017722640673419044	47.162
chr18	35298480	0.03631082062456469	47.163
chr18	35436180	0.10683760683758559	47.168
chr18	35529780	0.0	47.178
chr18	35567563	0.0	47.178
chr18	35639228	0.0	47.178
chr18	35679810	0.0	47.178
chr18	35689441	0.020330575151995895	47.178
chr18	35787815	0.571902754104265	47.18
chr18	35832403	0.8981919006520145	47.2055
chr18	35858010	0.0	47.2285
chr18	35910720	0.0	47.2285
chr18	35922902	0.14098587577866223	47.2285
chr18	36000924	0.0	47.2395
chr18	36020049	0.0	47.2395
chr18	36076429	0.0	47.2395
chr18	36102434	0.4388414585495406	47.2395
chr18	36127500	0.0	47.2505
chr18	36165574	0.0	47.2505
chr18	36267938	0.0	47.2505
chr18	36278842	0.5562467979213452	47.2505
chr18	36347157	0.0	47.2885
chr18	36347399	0.1715747441975867	47.2885
chr18	36379455	0.9286541393898751	47.294
chr18	36553901	0.41708872072918407	47.456
chr18	36570684	0.0	47.463
chr18	36589778	0.0	47.463
chr18	36627937	1.5606136450633747	47.463
chr18	36661898	0.3002338663802139	47.516
chr18	36693540	3.125964803951818	47.5255
chr18	36745364	0.2202643171801034	47.6875
chr18	36749904	6.247544939301607	47.6885
chr18	36803365	0.08524240809798153	48.0225
chr18	36850290	5.730260328383168	48.0265
chr18	36929344	0.0	48.4795
chr18	36959193	0.47281536785031014	48.4795
chr18	37070230	0.11699555416894601	48.532
chr18	37095872	1.6230838593327936	48.535
chr18	37112507	0.5960896518836659	48.562
chr18	37175417	1.9630264913285427	48.5995
chr18	37201652	0.031462371004205555	48.651
chr18	37233436	0.9639758649006043	48.652
chr18	37261445	1.8129209638495904	48.679
chr18	37344736	0.35949145111796516	48.83
chr18	37458786	0.0	48.871
chr18	37474325	0.0	48.871
chr18	37489761	3.580172772208646	48.871
chr18	37533055	1.8691999824073922	49.026
chr18	37555792	0.597697565032178	49.0685
chr18	37594273	0.7326007326004449	49.0915
chr18	37609288	0.007244329501066143	49.1025
chr18	37747327	0.0	49.1035
chr18	37767780	0.0	49.1035
chr18	37793156	0.0440994884459357	49.1035
chr18	37827170	5.637866638344577	49.105
chr18	37883663	0.0	49.4235
chr18	37911485	0.1065144220529518	49.4235
chr18	37934956	1.4340772609124328	49.426
chr18	38024212	0.34562406217858493	49.554
chr18	38083525	0.0	49.5745
chr18	38145281	0.0	49.5745
chr18	38197564	1.690004828585239	49.5745
chr18	38245197	0.020014730841881438	49.655
chr18	38495013	0.0	49.66
chr18	38506660	0.021625763080512724	49.66
chr18	38668504	0.0	49.6635
chr18	38692569	0.09947147489671922	49.6635
chr18	38843366	0.12121212121220783	49.6785
chr18	38872241	0.26245875648108363	49.682
chr18	38965589	0.22021042329337756	49.7065
chr18	38986024	0.8007864274984317	49.711
chr18	39076560	0.3279106625617234	49.7835
chr18	39131453	0.6345013337477869	49.8015
chr18	39170066	0.10011660640037165	49.826
chr18	39254967	1.5651997154181967	49.8345
chr18	39304162	0.2540134119086397	49.9115
chr18	39314004	0.0	49.914
chr18	39328872	1.1845534233593684	49.914
chr18	39362640	1.2872723868370481	49.954
chr18	39405366	1.7973327581867484	50.009
chr18	39433185	0.05244663554858	50.059
chr18	39452252	0.16449172058340353	50.06
chr18	39488728	0.7697526354242445	50.066
chr18	39527052	0.8833922261482912	50.0955
chr18	39558182	1.0639326820776107	50.123
chr18	39620216	0.4267518711428358	50.189
chr18	39665910	0.20406497428791764	50.2085
chr18	39690412	0.31078610603283197	50.2135
chr18	39717762	0.0	50.222
chr18	39740226	0.30004286326578616	50.222
chr18	39751891	1.3617377869143064	50.2255
chr18	39828264	0.06632364542677956	50.3295
chr18	39971501	0.0	50.339
chr18	39976056	0.0	50.339
chr18	40001356	0.26659557451353055	50.339
chr18	40042617	0.0	50.35
chr18	40065697	0.3400204012237642	50.35
chr18	40080402	1.0985223797010712	50.355
chr18	40103615	0.03982437450846655	50.3805
chr18	40204056	0.3017939100340525	50.3845
chr18	40459197	1.0381705443994724	50.4615
chr18	40494355	3.94502417918043	50.498
chr18	40521858	0.49777777777788085	50.6065
chr18	40549983	0.6964848002434757	50.6205
chr18	40635412	0.08841928424584503	50.68
chr18	40680651	0.0	50.684
chr18	40687252	1.3314285158945398	50.684
chr18	40790149	0.2988524067580604	50.821
chr18	40915629	0.9077863060164032	50.8585
chr18	41007611	0.6660272804774336	50.942
chr18	41063915	0.0	50.9795
chr18	41089500	0.094643195154272	50.9795
chr18	41121198	1.1180191972075921	50.9825
chr18	41139534	3.6510627200417103	51.003
chr18	41185548	9.494880836059364	51.171
chr18	41209087	0.0	51.3945
chr18	41269202	21.470304611719467	51.3945
chr18	41286831	0.5384571784841367	51.773
chr18	41304474	0.08298204268588728	51.7825
chr18	41334601	4.694536494179702	51.785
chr18	41358139	2.084589109905526	51.8955
chr18	41397955	0.16791402801777497	51.9785
chr18	41418799	0.5893446487508909	51.982
chr18	41427283	3.5695768356399724	51.987
chr18	41452356	0.3468609087753888	52.0765
chr18	41463888	0.6305023001658226	52.0805
chr18	41506711	0.8735465991926129	52.1075
chr18	41523310	1.823617973239435	52.122
chr18	41570469	0.0	52.208
chr18	41575079	0.2747630168980173	52.208
chr18	41604195	0.4543389368464746	52.216
chr18	41615200	4.563090879283064	52.221
chr18	41670097	0.4168129168130365	52.4715
chr18	41692889	0.640284460358276	52.481
chr18	41773322	8.844735077129382	52.5325
chr18	41785250	0.8919239077416216	52.638
chr18	41857005	3.0372801646012206	52.702
chr18	41877418	3.1738118976402174	52.764
chr18	41907508	0.0	52.8595
chr18	41939959	1.1097547442020992	52.8595
chr18	41948970	32.78061224489679	52.8695
chr18	41952890	4.313658494917532	52.998
chr18	41964597	1.689731140247698	53.0485
chr18	42011350	1.7910986263949953	53.1275
chr18	42050153	0.7612109999806663	53.197
chr18	42102044	0.2802559671166438	53.2365
chr18	42123453	1.9357336430517065	53.2425
chr18	42126036	5.095883062893483	53.2475
chr18	42133493	0.2038101776367186	53.2855
chr18	42180105	3.094804980037332	53.295
chr18	42222434	1.494368983912533	53.426
chr18	42342217	0.5799182591406384	53.605
chr18	42360323	2.236630478488104	53.6155
chr18	42380219	1.075170425950537	53.66
chr18	42445790	2.9764235920736124	53.7305
chr18	42458557	4.327967292704753	53.7685
chr18	42489865	3.4321892702430663	53.904
chr18	42519875	0.4568713450293437	54.007
chr18	42547235	0.027934131318385468	54.0195
chr18	42618832	0.6202361380959379	54.0215
chr18	42685742	0.7974708780723617	54.063
chr18	42720853	0.3910119388978825	54.091
chr18	42740034	0.9039548022598677	54.0985
chr18	42784284	2.486260141324045	54.1385
chr18	42799568	0.18936083435304477	54.1765
chr18	42833894	2.5424362521497734	54.183
chr18	42860640	1.2611711496227322	54.251
chr18	42906629	1.6650342801176878	54.309
chr18	42932154	0.9188407543530884	54.3515
chr18	42965348	0.5285412262158374	54.382
chr18	42992782	0.37720777491788987	54.3965
chr18	43082918	2.052816994675935	54.4305
chr18	43120671	0.08885334754966186	54.508
chr18	43143180	0.4724409448819077	54.51
chr18	43187630	1.3251499511786702	54.531
chr18	43223475	6.114769520226008	54.5785
chr18	43242609	5.269040395976285	54.6955
chr18	43267661	8.068181818181786	54.8275
chr18	43302861	14.233746457425697	55.1115
chr18	43326502	0.163208207041385	55.448
chr18	43347947	0.22982341900640546	55.4515
chr18	43374054	1.5252760023239438	55.4575
chr18	43394706	5.160003468909886	55.489
chr18	43417768	5.9626851317563325	55.608
chr18	43433365	5.67501833764423	55.701
chr18	43459268	5.071212775140255	55.848
chr18	43528778	0.30996538719844124	56.2005
chr18	43567492	1.311570970562568	56.2125
chr18	43584647	0.07616726331005175	56.235
chr18	43597776	3.9372392313568887	56.236
chr18	43614793	4.664992054134468	56.303
chr18	43634300	2.6297945644804197	56.394
chr18	43688867	5.7229379459015295	56.5375
chr18	43708350	0.7563933245287836	56.649
chr18	43749995	16.102683780630052	56.6805
chr18	43771420	3.744909831297322	57.0255
chr18	43798924	8.346694331792804	57.1285
chr18	43851939	0.37013401403970103	57.571
chr18	43891114	2.4895675265553128	57.5855
chr18	43933290	1.921654508273996	57.6905
chr18	44002241	0.7009538469996692	57.823
chr18	44038620	0.31833375019886295	57.8485
chr18	44082599	1.3514945940216752	57.8625
chr18	44120335	0.8710801393720301	57.9135
chr18	44123205	3.1128556388828383	57.916
chr18	44200144	10.659297275957144	58.1555
chr18	44222941	22.854314661697817	58.3985
chr18	44240115	1.0593220338983453	58.791
chr18	44264187	0.8436565570269942	58.8165
chr18	44311007	0.04656918184594111	58.856
chr18	44386164	11.419753086419751	58.8595
chr18	44446104	12.184425947582046	59.544
chr18	44504252	2.6820303963445933	60.2525
chr18	44514319	4.580184028918809	60.2795
chr18	44538663	0.5704802406389595	60.391
chr18	44596509	0.21251275076505396	60.424
chr18	44631801	0.23975065931460612	60.4315
chr18	44640143	0.5216257335362076	60.4335
chr18	44663148	0.8609144824946204	60.4455
chr18	44710191	1.2898961686886694	60.486
chr18	44757094	0.7609970308639541	60.5465
chr18	44797173	0.7530673719784883	60.577
chr18	44824395	0.15899859792149496	60.5975
chr18	44962761	4.3497172683774625	60.6195
chr18	44981153	2.942688989200661	60.6995
chr18	45016155	1.9082898355502564	60.8025
chr18	45033972	2.1322753681331963	60.8365
chr18	45101271	3.2215063319262853	60.98
chr18	45132778	2.883662251058847	61.0815
chr18	45154972	1.585061561745829	61.1455
chr18	45252760	4.290575528924911	61.3005
chr18	45259519	1.5947181310309444	61.3295
chr18	45357969	6.347158033731495	61.4865
chr18	45424613	0.0	61.9095
chr18	45439155	0.8388256440982942	61.9095
chr18	45464190	0.3032370555680224	61.9305
chr18	45490572	0.34291291330902196	61.9385
chr18	45566393	0.44671864847285897	61.9645
chr18	45591017	3.278615398340744	61.9755
chr18	45613435	0.16977208098118854	62.049
chr18	45636996	0.13806433798157	62.053
chr18	45673211	0.10801728276524653	62.058
chr18	45714871	0.0	62.0625
chr18	45755260	5.433646812957859	62.0625
chr18	45760045	0.03575600104884405	62.0885
chr18	45801996	2.601107568383857	62.09
chr18	45825832	9.59002637257232	62.152
chr18	45834174	23.955361637858616	62.232
chr18	45846092	0.47064360513003317	62.5175
chr18	45871589	1.483533327494092	62.5295
chr18	45962925	27.302060064532	62.665
chr18	45966954	0.36147481725441166	62.775
chr18	45991852	4.75567708952552	62.784
chr18	46008674	0.3318094676301556	62.864
chr18	46062922	3.745364044505199	62.882
chr18	46103906	0.8361327749248927	63.0355
chr18	46171479	0.1360248109253891	63.092
chr18	46189858	2.474296516006107	63.0945
chr18	46254927	0.21200814111272717	63.2555
chr18	46302095	0.050671395996841624	63.2655
chr18	46341565	0.9944905225054054	63.2675
chr18	46391842	0.549031285477634	63.3175
chr18	46445573	1.2744598251048533	63.347
chr18	46471074	2.355750613140354	63.3795
chr18	46486568	2.7278649367570655	63.416
chr18	46523410	0.18300736803574322	63.5165
chr18	46586249	0.6814926078913991	63.528
chr18	46658150	0.08867999822650842	63.577
chr18	46680703	0.24282725642568048	63.579
chr18	46707471	0.0	63.5855
chr18	46713611	8.291191344231343	63.5855
chr18	46730617	0.8450228156158536	63.7265
chr18	46754285	6.765826228913562	63.7465
chr18	46781850	0.36273188931521416	63.933
chr18	46791499	0.47574745210810787	63.9365
chr18	46838793	0.15707464186967368	63.959
chr18	46854709	7.2247809988258185	63.9615
chr18	46876855	1.9488956258127292	64.1215
chr18	46888400	0.07221885200906278	64.144
chr18	46923017	0.0	64.1465
chr18	46929274	1.8386988316380488	64.1465
chr18	46976862	0.31502884482870985	64.234
chr18	47027651	0.06467946704123781	64.25
chr18	47081764	3.3908754623907766	64.2535
chr18	47085008	0.9039629736768038	64.2645
chr18	47112664	1.3054037644200636	64.2895
chr18	47162074	1.7540027241653784	64.354
chr18	47239896	25.452488687791806	64.4905
chr18	47240780	5.770340450086353	64.513
chr18	47263309	3.875253736851964	64.643
chr18	47268728	3.4098939929328242	64.664
chr18	47325328	5.375977450445685	64.857
chr18	47369320	3.9500097131381753	65.0935
chr18	47384763	2.0558572536849216	65.1545
chr18	47410543	1.744822552687027	65.2075
chr18	47454387	6.477580026413083	65.284
chr18	47470288	0.3952725404168195	65.387
chr18	47495587	2.324919339532757	65.397
chr18	47516663	1.0817994113254115	65.446
chr18	47607715	2.6981238627098176	65.5445
chr18	47623652	4.031178910745107	65.5875
chr18	47653544	0.27937643180395894	65.708
chr18	47671441	0.930068875370925	65.713
chr18	47691332	0.13564839934876433	65.7315
chr18	47709762	1.194912508101051	65.734
chr18	47734450	0.819298100058157	65.7635
chr18	47782662	2.435604980515309	65.803
chr18	47824746	5.293326314557617	65.9055
chr18	47841843	44.3129929431321	65.996
chr18	47846661	4.5306675230023945	66.2095
chr18	47918284	0.0721813194741808	66.534
chr18	47939065	0.5810111873136338	66.5355
chr18	47982954	2.8596823433936724	66.561
chr18	48008831	0.0	66.635
chr18	48024551	8.765425560086564	66.635
chr18	48043432	0.1453609103747197	66.8005
chr18	48067510	0.07498725216706338	66.804
chr18	48100849	0.7553715308861987	66.8065
chr18	48154465	2.963675971427596	66.847
chr18	48174204	10.139216475866997	66.9055
chr18	48208970	3.660814344415352	67.258
chr18	48235740	3.1446540880505065	67.356
chr18	48268335	17.6090951831434	67.4585
chr18	48291732	13.745458706410508	67.8705
chr18	48326689	0.06949270326648886	68.351
chr18	48348274	2.6251390433815027	68.3525
chr18	48707874	0.0	69.2965
chr18	48727748	0.12508512737835945	69.2965
chr18	48799699	2.728105088102861	69.3055
chr18	48853216	0.6374412883025763	69.4515
chr18	48897926	0.0	69.48
chr18	48910891	1.7094218617370298	69.48
chr18	48953303	1.7118214438557695	69.5525
chr18	48983680	0.035540644280767204	69.6045
chr18	49054022	3.710611953329864	69.607
chr18	49079220	1.4696313581188745	69.7005
chr18	49123789	1.9417696220929355	69.766
chr18	49167821	4.18392879117289	69.8515
chr18	49192200	8.886821861330302	69.9535
chr18	49231978	4.157507407052905	70.307
chr18	49242441	4.879301489471259	70.3505
chr18	49267752	0.0	70.474
chr18	49281394	0.9487215976472063	70.474
chr18	49344637	3.116619554975666	70.534
chr18	49399825	1.6169794823269041	70.706
chr18	49483314	1.6110308228105867	70.841
chr18	49525523	3.574843081015859	70.909
chr18	49597694	0.1845048051468509	71.167
chr18	49660023	3.1015609162779563	71.1785
chr18	49684688	8.5317901921509	71.255
chr18	49711646	0.9178029941832528	71.485
chr18	49795542	4.7293746715713825	71.562
chr18	49822184	10.395969344308549	71.688
chr18	49850368	0.9361257456351801	71.981
chr18	49873335	14.893970433531114	72.0025
chr18	49891396	5.713136189901264	72.2715
chr18	49916251	1.9551835275787819	72.4135
chr18	49981718	2.3552718467972555	72.5415
chr18	50004433	1.1101528524506792	72.595
chr18	50058930	0.0	72.6555
chr18	50099568	0.719624061454147	72.6555
chr18	50214906	3.045588655182375	72.7385
chr18	50246427	0.4191831916093056	72.8345
chr18	50304874	0.9204674733684831	72.859
chr18	50353219	1.1242474795098976	72.9035
chr18	50394580	3.448659472688709	72.95
chr18	50412558	0.9243421620967822	73.012
chr18	50470437	0.7816748232733869	73.0655
chr18	50485149	2.2362312050089397	73.077
chr18	50508626	0.33080053730042164	73.1295
chr18	50558505	3.678166500764734	73.146
chr18	50599694	0.7413997627514016	73.2975
chr18	50606438	2.2914032869787198	73.3025
chr18	50663390	3.900582458943803	73.433
chr18	50710947	2.8551436318426213	73.6185
chr18	50790978	0.8143469842016994	73.847
chr18	50846237	2.982523459029907	73.892
chr18	50874904	7.113256178298734	73.9775
chr18	50914478	4.1897445059852965	74.259
chr18	50970448	0.450142803923947	74.4935
chr18	51002660	4.332066130315786	74.508
chr18	51036593	3.054434384204068	74.655
chr18	51091595	5.586351494959503	74.823
chr18	51126412	2.513770285756629	75.0175
chr18	51207565	1.4492753623180374	75.2215
chr18	51213085	0.9098629139876603	75.2295
chr18	51312001	0.3241289895450956	75.3195
chr18	51384503	1.0255177096298362	75.343
chr18	51455199	0.36167182802516656	75.4155
chr18	51499438	0.8564310183744042	75.4315
chr18	51570080	0.18451319269328456	75.492
chr18	51602598	0.5607866663186044	75.498
chr18	51640937	2.23303501607442	75.5195
chr18	51698482	3.4340492658659807	75.648
chr18	51739687	0.016966406515020377	75.7895
chr18	51828097	0.04262574595075767	75.791
chr18	51863287	0.0	75.7925
chr18	51888898	0.2727054562908314	75.7925
chr18	51934735	0.0	75.805
chr18	51939085	0.0	75.805
chr18	51947135	2.4883587506170226	75.805
chr18	52022084	2.250027439358842	75.9915
chr18	52040306	2.1364298999650115	76.0325
chr18	52060199	0.08097603109441542	76.075
chr18	52078723	4.928414565635653	76.0765
chr18	52137464	0.17102982760210228	76.366
chr18	52181316	0.03544088460431319	76.3735
chr18	52223640	0.33921302578005674	76.375
chr18	52239854	0.0	76.3805
chr18	52259664	1.3761467889914705	76.3805
chr18	52271654	0.8793934440090854	76.397
chr18	52449049	4.663721158567859	76.553
chr18	52451086	7.768952062430782	76.5625
chr18	52465438	0.037659109738290425	76.674
chr18	52491992	0.0	76.675
chr18	52524243	0.6104739894473376	76.675
chr18	52547176	10.76368811991302	76.689
chr18	52569659	0.5762281472799834	76.931
chr18	52620854	4.536262775318272	76.9605
chr18	52639151	2.572372717019405	77.0435
chr18	52689688	1.794905635475725	77.1735
chr18	52803343	4.467332304429531	77.3775
chr18	52898590	2.6670436339648993	77.803
chr18	52951645	1.9897003745316586	77.9445
chr18	52998637	3.114021079527263	78.038
chr18	53042471	0.0	78.1745
chr18	53059289	0.0	78.1745
chr18	53079674	0.31393617709886856	78.1745
chr18	53234164	0.5209418628881664	78.223
chr18	53286953	0.39978012093344256	78.2505
chr18	53366997	0.0	78.2825
chr18	53382392	0.47670934350347327	78.2825
chr18	53397076	0.31249739585498715	78.2895
chr18	53517077	1.2687555163285105	78.327
chr18	53553333	1.1896264572922943	78.373
chr18	53582754	6.083851342414942	78.408
chr18	53597876	0.0	78.5
chr18	53604797	0.11882129277538848	78.5
chr18	53621629	0.1766046944738092	78.502
chr18	53652772	0.2746429641472112	78.5075
chr18	53672798	0.0	78.513
chr18	53697786	0.0	78.513
chr18	53724902	0.18918918918855623	78.513
chr18	53743402	0.32260046700281136	78.5165
chr18	53775950	0.4457373434055613	78.527
chr18	53797263	0.5777452528598609	78.5365
chr18	53823226	0.960592287146732	78.5515
chr18	53887249	3.23831607564079	78.613
chr18	53912262	0.3270966897814085	78.694
chr18	53981049	0.0	78.7165
chr18	54078091	0.7816647985369192	78.7165
chr18	54111993	0.0	78.743
chr18	54130164	0.03584807585469968	78.743
chr18	54185955	0.02639288447828313	78.745
chr18	54261733	0.05255302600318947	78.747
chr18	54309304	0.17349696836881306	78.7495
chr18	54364060	0.0	78.759
chr18	54426733	0.0	78.759
chr18	54451929	0.14456089627722	78.759
chr18	54465764	0.05404003285629083	78.761
chr18	54512026	0.1759324419431342	78.7635
chr18	54523394	2.0394160027446215	78.7655
chr18	54549627	0.06550504388831983	78.819
chr18	54625957	0.21258804688275865	78.824
chr18	54696516	0.1582578970689198	78.839
chr18	54712313	0.0	78.8415
chr18	54749822	0.04216847147720754	78.8415
chr18	54809108	0.22514585535871173	78.844
chr18	54860186	0.0	78.8555
chr18	54887575	0.0	78.8555
chr18	54904057	0.642135239265066	78.8555
chr18	54993602	0.2565253639454913	78.913
chr18	55071567	0.16283149161041352	78.933
chr18	55206676	0.6570733950985687	78.955
chr18	55221895	5.84907102989493	78.965
chr18	55234974	0.0	79.0415
chr18	55254434	0.0	79.0415
chr18	55272841	0.1849066837602693	79.0415
chr18	55353963	0.0	79.0565
chr18	55370135	0.0	79.0565
chr18	55394053	0.6570841889119238	79.0565
chr18	55418403	0.8163001398216998	79.0725
chr18	55542132	1.7525242780883086	79.1735
chr18	55573230	0.08050881571537837	79.228
chr18	55660177	0.14434821230296724	79.235
chr18	55705207	0.0	79.2415
chr18	55726127	0.0	79.2415
chr18	55730194	0.0	79.2415
chr18	55752891	0.0	79.2415
chr18	55765985	0.0	79.2415
chr18	55767727	0.1895902323110589	79.2415
chr18	55807286	0.0	79.249
