Chromosome	Position(bp)	Rate(cM/Mb)	Map(cM)
chr11	0	0.0	0.0
chr11	58340	0.0	0.0
chr11	58361	12.191157347204161	0.0
chr11	64513	0.519516163814229	0.075
chr11	115522	1.1795614176183582	0.1015
chr11	190126	0.0	0.1895
chr11	215036	0.06676993750333857	0.1895
chr11	252478	0.0	0.192
chr11	280199	117.6470588235295	0.192
chr11	280216	1.3938114770419339	0.194
chr11	305327	0.0	0.229
chr11	369720	0.0	0.229
chr11	380545	0.19141503565105028	0.229
chr11	485030	2.3874834908056477	0.249
chr11	504716	0.0	0.296
chr11	521230	0.1885757388740316	0.296
chr11	550396	2.690107225400675	0.3015
chr11	576789	1.3164843598618545	0.3725
chr11	839990	0.0	0.719
chr11	841307	0.0	0.719
chr11	843214	0.0	0.719
chr11	888815	0.3205180887259829	0.719
chr11	949654	7.672702171719851	0.7385
chr11	968487	0.0	0.883
chr11	995639	0.24664967524459447	0.883
chr11	1019965	0.11923105143444036	0.889
chr11	1074481	1.7836507059237345	0.8955
chr11	1094384	0.5482854888972181	0.931
chr11	1273123	20.627201073285256	1.029
chr11	1279086	0.38075072899835044	1.152
chr11	1332927	0.5523641184268552	1.1725
chr11	1346505	0.32085455909647326	1.18
chr11	1447797	0.9352458508153693	1.2125
chr11	1544563	1.5952854622574222	1.303
chr11	1571204	0.3011443485243952	1.3455
chr11	1596109	0.07449344457688006	1.353
chr11	1616245	0.0	1.3545
chr11	1636829	1.3092813500145486	1.3545
chr11	1664325	0.08371937266283115	1.3905
chr11	1700159	1.6945838493123915	1.3935
chr11	1715502	0.9689609508736806	1.4195
chr11	1746463	0.14959609055549844	1.4495
chr11	1776544	0.2698650674662704	1.454
chr11	1809894	6.080658141822408	1.463
chr11	1843443	1.4295925661186575	1.667
chr11	1854635	0.4323545307151868	1.683
chr11	1882390	9.750750057696749	1.695
chr11	1925720	0.6727588720076252	2.1175
chr11	1943557	0.12894906511926368	2.1295
chr11	1966822	0.7408405172413874	2.1325
chr11	1989094	0.0	2.149
chr11	2002193	0.6598826103566884	2.149
chr11	2030986	0.07155123068117043	2.168
chr11	2051950	0.3803727653099994	2.1695
chr11	2146594	0.2379609391525077	2.2055
chr11	2203326	2.6623153555479337	2.219
chr11	2226614	2.2381378692927005	2.281
chr11	2229965	0.06736728644570451	2.2885
chr11	2252231	0.0906618313689971	2.29
chr11	2285321	11.570005858230775	2.293
chr11	2288735	1.0088921668220563	2.3325
chr11	2360596	1.308962264150951	2.405
chr11	2402996	1.4865933826136764	2.4605
chr11	2439657	0.6488573779831531	2.515
chr11	2471251	2.270405267340222	2.5355
chr11	2497678	5.443379547780776	2.5955
chr11	2519172	1.1571638964864424	2.7125
chr11	2538184	4.907606790525308	2.7345
chr11	2558153	3.71649523237481	2.8325
chr11	2584791	4.57267283614587	2.9315
chr11	2593976	3.8291984425781123	2.9735
chr11	2656130	4.975460398937369	3.2115
chr11	2678339	1.7043107010053746	3.322
chr11	2707383	2.3699802501645744	3.3715
chr11	2730168	6.500933706816064	3.4255
chr11	2773008	8.805513016845316	3.704
chr11	2797822	7.5111233429659165	3.9225
chr11	2885026	24.72829405299794	4.5775
chr11	2901404	1.769366874374962	4.9825
chr11	2927402	13.890219369671383	5.0285
chr11	2937841	0.0	5.1735
chr11	2943966	0.29740840574036104	5.1735
chr11	3076780	0.08584870025066112	5.213
chr11	3105901	8.897769580216567	5.2155
chr11	3135178	0.5198979109556666	5.476
chr11	3283284	5.81511931020652	5.553
chr11	3298245	1.4734393175649576	5.64
chr11	3324035	0.07701786814542178	5.678
chr11	3356495	0.457827542904983	5.6805
chr11	3394719	10.097980403919125	5.698
chr11	3399720	3.807537469078916	5.7485
chr11	3420337	1.4537639845774406	5.827
chr11	3436158	1.9789894207294723	5.85
chr11	3463192	2.1877800622067634	5.9035
chr11	3482161	4.635420498859519	5.945
chr11	3509343	4.175365344467667	6.071
chr11	3529461	6.386128145485295	6.155
chr11	3553106	3.2393142134787087	6.306
chr11	3616391	6.662421006221531	6.511
chr11	3657217	0.07196315486471198	6.783
chr11	3678061	5.818264788089662	6.7845
chr11	3713123	10.003755676192432	6.9885
chr11	3742412	1.9474637681159355	7.2815
chr11	3775532	1.954192057154864	7.346
chr11	3799327	0.979791794243724	7.3925
chr11	3807492	8.329848041265823	7.4005
chr11	3821838	53.32269297736515	7.52
chr11	3828730	21.289725393396946	7.8875
chr11	3835212	0.0410401208221367	8.0255
chr11	3896128	0.44534763057764604	8.028
chr11	4011768	1.8584825234441904	8.0795
chr11	4041093	0.38037276531001823	8.134
chr11	4064754	0.6728026266214161	8.143
chr11	4101912	0.33079246368478704	8.168
chr11	4136677	0.6257476764516228	8.1795
chr11	4191012	0.974103112378246	8.2135
chr11	4212057	2.708936809355195	8.234
chr11	4230699	0.3142381296546456	8.2845
chr11	4262522	0.3404381290704513	8.2945
chr11	4296302	2.266679806839604	8.306
chr11	4306449	1.3958550203463023	8.329
chr11	4327583	11.475162313151218	8.3585
chr11	4340829	0.9382819015846432	8.5105
chr11	4417565	9.453703011733058	8.5825
chr11	4430946	3.005918630481727	8.709
chr11	4495319	4.293377388892282	8.9025
chr11	4544348	0.0	9.113
chr11	4574150	2.126392787275696	9.113
chr11	4585907	0.288375941923589	9.138
chr11	4665664	4.752112746696107	9.161
chr11	4705541	1.964317693409737	9.3505
chr11	4794885	3.6899096489412826	9.526
chr11	4809384	0.0	9.5795
chr11	4867884	2.538887895583756	9.5795
chr11	4895849	1.389031793394435	9.6505
chr11	4905568	3.2541029994340964	9.664
chr11	4930306	0.3584948950326998	9.7445
chr11	5000042	0.7092503438789051	9.7695
chr11	5023306	3.3960583453958324	9.786
chr11	5041268	4.1739394399331955	9.847
chr11	5054445	4.781868203851722	9.902
chr11	5092610	8.114676442723532	10.0845
chr11	5116887	0.6842324998840406	10.2815
chr11	5160001	0.0	10.311
chr11	5165792	0.5691519635744644	10.311
chr11	5169306	0.12225935284049694	10.313
chr11	5181575	25.16426674122742	10.3145
chr11	5188728	1.5110957602970443	10.4945
chr11	5200309	0.8548707753478979	10.512
chr11	5225459	0.7280513918629319	10.5335
chr11	5237134	6.424137433232266	10.542
chr11	5257915	2.1360021660867132	10.6755
chr11	5357634	11.474063597791872	10.8885
chr11	5379553	7.373184989628479	11.14
chr11	5406068	3.326125012872005	11.3355
chr11	5454623	0.396589331746991	11.497
chr11	5484881	3.344623200677381	11.509
chr11	5532121	3.5715294051215465	11.667
chr11	5673797	1.027241447948366	12.173
chr11	5814465	3.728437949209373	12.3175
chr11	5881249	1.3510738778694946	12.5665
chr11	6003004	0.0	12.731
chr11	6015694	0.0	12.731
chr11	6040768	8.61662272790341	12.731
chr11	6076803	1.8454681569692826	13.0415
chr11	6105522	2.5763853846099227	13.0945
chr11	6246223	0.7585899152163971	13.457
chr11	6291043	1.2873631251849622	13.491
chr11	6324833	6.181971890521023	13.5345
chr11	6343759	2.9867505052773216	13.6515
chr11	6366024	1.389061657751797	13.718
chr11	6414258	0.1674112481226031	13.785
chr11	6518791	0.11334563943129468	13.8025
chr11	6549670	7.77091109343454	13.806
chr11	6582356	1.803298137382815	14.06
chr11	6624501	7.9175284384695255	14.136
chr11	6655445	15.750536013005675	14.381
chr11	6697888	0.0	15.0495
chr11	6724009	7.207829123690417	15.0495
chr11	6748635	38.31490659550132	15.227
chr11	6764373	16.990938166311235	15.83
chr11	6771877	0.008838763280252631	15.9575
chr11	6885015	1.4007118593604144	15.9585
chr11	6958906	2.5315234949490177	16.062
chr11	7000383	0.5120702267739077	16.167
chr11	7034558	0.027220760366573938	16.1845
chr11	7089663	1.572493727693534	16.186
chr11	7117962	0.2610041201364557	16.2305
chr11	7171601	0.33836436715611157	16.2445
chr11	7220365	2.043596730245309	16.261
chr11	7240183	0.3667874008527403	16.3015
chr11	7261994	0.0	16.3095
chr11	7306119	0.34907495137891836	16.3095
chr11	7326172	7.369196757553415	16.3165
chr11	7338385	0.06828735318217014	16.4065
chr11	7440893	2.380756916509311	16.4135
chr11	7453074	0.3195398625978523	16.4425
chr11	7515664	4.665763880339836	16.4625
chr11	7556279	24.798627684964167	16.652
chr11	7569687	0.0	16.9845
chr11	7688494	1.2784976041599494	16.9845
chr11	7735033	0.36660598705497016	17.044
chr11	7774585	0.6035003017503524	17.0585
chr11	7781213	1.9499675005416723	17.0625
chr11	7841214	0.05607267018055612	17.1795
chr11	7867965	0.05041440642073295	17.181
chr11	7917554	0.0	17.1835
chr11	7940248	0.13113722198915648	17.1835
chr11	7959312	0.0	17.186
chr11	7970577	0.07827000916874897	17.186
chr11	8015294	0.0	17.1895
chr11	8041890	0.03942751251828341	17.1895
chr11	8067253	0.028926815157686494	17.1905
chr11	8101823	0.08845487032507965	17.1915
chr11	8130086	0.0	17.194
chr11	8150467	0.0612182430364453	17.194
chr11	8215807	0.6428222467922804	17.198
chr11	8254698	3.2844833934752566	17.223
chr11	8322593	0.7104234913367792	17.446
chr11	8575963	2.560646900269559	17.626
chr11	8590803	0.5146921205315007	17.664
chr11	8612175	0.6067344130268321	17.675
chr11	8759686	0.08865935965776511	17.7645
chr11	8940152	0.0	17.7805
chr11	9004016	0.0	17.7805
chr11	9014461	1.0732492621410141	17.7805
chr11	9021915	0.012314967611650232	17.7885
chr11	9103117	0.0	17.7895
chr11	9145810	0.09908277658246373	17.7895
chr11	9181134	0.24695423114916973	17.793
chr11	9241874	1.4410450561069352	17.808
chr11	9300512	0.0	17.8925
chr11	9331910	0.2369004802619427	17.8925
chr11	9378343	1.2406556963820028	17.9035
chr11	9505292	5.32240771940584	18.061
chr11	9518350	1.1128301169828831	18.1305
chr11	9555193	2.7122812093156274	18.1715
chr11	9569019	1.052620386811413	18.209
chr11	9663070	2.7229220529182077	18.308
chr11	9699428	0.07347123318638027	18.407
chr11	9787898	0.332960417665529	18.4135
chr11	9825440	0.1320151377357987	18.426
chr11	9859527	2.5302220972729956	18.4305
chr11	9902211	0.2548708654281927	18.5385
chr11	9937523	0.6389913987449823	18.5475
chr11	10007164	1.1483382869495167	18.592
chr11	10029370	1.1276075925577922	18.6175
chr11	10204963	0.6198565098121577	18.8155
chr11	10242875	0.298264642082505	18.839
chr11	10261315	0.04558577723750362	18.8445
chr11	10294220	0.4097175359106096	18.846
chr11	10314966	1.158211721102387	18.8545
chr11	10319283	0.9814860732291807	18.8595
chr11	10367679	1.9880202416605954	18.907
chr11	10387045	13.387660069848774	18.9455
chr11	10399071	2.140168753536192	19.1065
chr11	10480373	0.2588049128566897	19.2805
chr11	10615610	4.725983822593801	19.3155
chr11	10626613	0.1290855579077556	19.3675
chr11	10665347	0.0	19.3725
chr11	10676693	8.462026655384536	19.3725
chr11	10681420	1.830792521916685	19.4125
chr11	10709823	0.45835515976937513	19.4645
chr11	10717459	0.30648522741202133	19.468
chr11	10758244	0.0	19.4805
chr11	10804617	0.03287635204001782	19.4805
chr11	10835034	0.3315283456735677	19.4815
chr11	10889328	0.5818524925302568	19.4995
chr11	10921123	0.0	19.518
chr11	10954493	1.1064172198751994	19.518
chr11	10964435	5.879301400657158	19.529
chr11	10993350	0.356877747958639	19.699
chr11	11028376	0.0	19.7115
chr11	11063256	0.0801693175986957	19.7115
chr11	11094440	0.0	19.714
chr11	11119698	0.0	19.714
chr11	11196889	0.04190833808296642	19.714
chr11	11256543	0.0	19.7165
chr11	11306766	4.783859673449637	19.7165
chr11	11335613	0.161791353870017	19.8545
chr11	11428325	0.053983188092889656	19.8695
chr11	11493160	0.23252569408915058	19.873
chr11	11514663	5.3779448434999715	19.878
chr11	11541532	0.08597713008335017	20.0225
chr11	11588056	0.0	20.0265
chr11	11635272	0.0	20.0265
chr11	11641411	17.196904557182396	20.0265
chr11	11642574	0.0	20.0465
chr11	11688819	0.3147873567276216	20.0465
chr11	11858775	2.819003399386363	20.1
chr11	11882897	0.8458090163241461	20.168
chr11	11918366	0.905596214977443	20.198
chr11	12026582	0.0	20.296
chr11	12051616	0.35923363491220095	20.296
chr11	12089196	7.524349353345091	20.3095
chr11	12114248	0.6600264010560388	20.498
chr11	12155913	0.03690445436755617	20.5255
chr11	12183010	4.981830969405747	20.5265
chr11	12225665	5.152322557863278	20.739
chr11	12256816	0.865919785968535	20.8995
chr11	12340542	0.02713115198865021	20.972
chr11	12377400	0.0	20.973
chr11	12404251	0.0	20.973
chr11	12429443	0.223763705526972	20.973
chr11	12456257	2.04613095238103	20.979
chr11	12480449	0.5914148568913483	21.0285
chr11	12553156	0.3400470834423357	21.0715
chr11	12610501	2.1347583905900454	21.091
chr11	12645868	0.05653294740177466	21.1665
chr11	12690090	4.177190596463888	21.169
chr11	12715825	2.6640280103517013	21.2765
chr11	12761808	0.5822285919025394	21.399
chr11	12806464	0.1600207594498704	21.425
chr11	12922074	0.3195008269433734	21.4435
chr11	12948678	0.049356253437295675	21.452
chr11	13019591	0.3951707410132227	21.4555
chr11	13056284	0.0	21.47
chr11	13083989	0.0	21.47
chr11	13110739	0.184021289847761	21.47
chr11	13146061	0.6390401731741131	21.4765
chr11	13232910	0.09162207725578242	21.532
chr11	13260196	0.6508355321020058	21.5345
chr11	13345471	3.9872853000223256	21.59
chr11	13381335	0.1511182752367577	21.733
chr11	13391261	0.17373450209269892	21.7345
chr11	13454576	0.0892305580341693	21.7455
chr11	13527421	8.499378583169616	21.752
chr11	13552364	0.10448696898237159	21.964
chr11	13585861	0.3021544929059339	21.9675
chr11	13661981	0.0	21.9905
chr11	13707941	0.15211439002130178	21.9905
chr11	13767107	0.0	21.9995
chr11	13808009	0.0	21.9995
chr11	13830827	3.1058438904781576	21.9995
chr11	13843062	0.0	22.0375
chr11	13925468	0.10197518080982511	22.0375
chr11	13989209	0.15549197661408626	22.044
chr11	14005287	0.029556067860662928	22.0465
chr11	14039121	1.4500021804544359	22.0475
chr11	14084983	1.4422996293625123	22.114
chr11	14144610	0.2376425855516212	22.2
chr11	14148818	0.8211353088181412	22.201
chr11	14162823	0.4614271818023862	22.2125
chr11	14202916	0.0	22.231
chr11	14207053	0.7069735874667321	22.231
chr11	14224734	0.0	22.2435
chr11	14249106	3.4631875984901246	22.2435
chr11	14276393	0.7736650485436108	22.338
chr11	14309353	0.20913501756737418	22.3635
chr11	14357169	3.5927963681187762	22.3735
chr11	14390430	0.15679598602286987	22.493
chr11	14412752	1.4550845596309376	22.4965
chr11	14449176	0.3070809248555458	22.5495
chr11	14476856	0.25066844919787046	22.558
chr11	14482840	0.7451564828614141	22.5595
chr11	14562018	0.45116174148407207	22.6185
chr11	14570884	4.615998802335503	22.6225
chr11	14610962	0.20634156406906345	22.8075
chr11	14625501	0.10651495595290728	22.8105
chr11	14705302	0.7708230798181905	22.819
chr11	14843466	3.353227096536078	22.9255
chr11	14859719	15.31770045385776	22.98
chr11	14888803	4.273299082921313	23.4255
chr11	14909630	4.985313535799906	23.5145
chr11	14983848	0.19189438133261275	23.8845
chr11	14996876	0.0	23.887
chr11	15025917	1.310730513806411	23.887
chr11	15043083	0.627195183140423	23.9095
chr11	15047069	2.220647060864567	23.912
chr11	15248812	0.016530018513640936	24.36
chr11	15309308	0.43595514731227836	24.361
chr11	15407942	1.1632762631987557	24.404
chr11	15441468	0.0	24.443
chr11	15473024	0.0	24.443
chr11	15489679	0.040990326282959934	24.443
chr11	15550669	0.49354776579357573	24.4455
chr11	15592205	0.05117497748296337	24.466
chr11	15641057	2.375087966221061	24.4685
chr11	15658109	0.7007615823989485	24.509
chr11	15695925	0.6154550789356815	24.5355
chr11	15765792	2.7028657616892935	24.5785
chr11	15848667	0.0464252553389611	24.8025
chr11	15870207	0.027458194898300946	24.8035
chr11	15906626	0.7331882231641661	24.8045
chr11	15950271	0.0	24.8365
chr11	16008213	0.959888897965792	24.8365
chr11	16032695	3.6991368680640497	24.86
chr11	16049726	2.2940436071299417	24.923
chr11	16074355	0.0	24.9795
chr11	16080205	1.6071172334624015	24.9795
chr11	16115050	0.0	25.0355
chr11	16154756	1.7913121361398434	25.0355
chr11	16177086	0.057966533987713294	25.0755
chr11	16202963	1.6682554814107895	25.077
chr11	16236531	1.925348969500743	25.133
chr11	16259384	0.09482781977292662	25.177
chr11	16296293	0.0	25.1805
chr11	16317131	0.14660069635335665	25.1805
chr11	16344416	0.1567755544154094	25.1845
chr11	16379498	0.0	25.19
chr11	16446146	0.15031265031262042	25.19
chr11	16479410	4.136947218259617	25.195
chr11	16507450	1.818416578794432	25.311
chr11	16553919	29.61209402774321	25.3955
chr11	16565958	0.29457973291438666	25.752
chr11	16606694	3.23982774580435	25.764
chr11	16631541	0.770081513947487	25.8445
chr11	16997736	0.19431310318026515	26.1265
chr11	17028614	0.853373384990881	26.1325
chr11	17087205	0.1705972267714719	26.1825
chr11	17307021	0.1244648013542407	26.22
chr11	17347193	0.061704018165650666	26.225
chr11	17428225	0.03331889514543035	26.23
chr11	17578290	0.28626529259323735	26.235
chr11	17611476	0.4117845243889786	26.2445
chr11	17638189	0.1707533638411124	26.2555
chr11	17652830	1.2753253528883362	26.258
chr11	17687331	0.3458463269947774	26.302
chr11	17857927	2.2719648684090283	26.361
chr11	17890718	1.946974570818997	26.4355
chr11	17920251	0.5754071005237104	26.493
chr11	17937630	2.8458498023716494	26.503
chr11	17943955	0.052570707601726316	26.521
chr11	17972488	12.480931909582562	26.5225
chr11	17979699	1.5506194606677552	26.6125
chr11	18043222	5.306226825214178	26.711
chr11	18074506	0.43591979075872345	26.877
chr11	18080241	5.029483177245293	26.8795
chr11	18083124	0.6642929266089427	26.894
chr11	18139575	0.0	26.9315
chr11	18167787	0.0	26.9315
chr11	18185743	1.4995910206307133	26.9315
chr11	18229755	3.2867382093217423	26.9975
chr11	18255008	2.5896552521445195	27.0805
chr11	18298257	0.024790520105142103	27.1925
chr11	18338595	0.0976816879395713	27.1935
chr11	18353951	2.3610520848090246	27.195
chr11	18375128	0.6118576897600545	27.245
chr11	18464201	0.1645982157554254	27.2995
chr11	18494578	1.0214405229775174	27.3045
chr11	18545976	0.24900398406376445	27.357
chr11	18664448	0.02542052816593757	27.3865
chr11	18802132	0.5797299140635473	27.39
chr11	18860780	0.044438519308590954	27.424
chr11	18883283	0.42752742187604414	27.425
chr11	18958132	1.9382121461293138	27.457
chr11	18975158	2.3166776404029172	27.49
chr11	19016165	1.7127305147576464	27.585
chr11	19058787	2.712170866764575	27.658
chr11	19085334	0.4154937623998831	27.73
chr11	19181605	0.15214083894800906	27.77
chr11	19204610	0.06979164023045697	27.7735
chr11	19283416	0.7753388765607014	27.779
chr11	19320819	2.440445263174486	27.808
chr11	19384332	1.1643583772520132	27.963
chr11	19400650	0.787805890255839	27.982
chr11	19542817	0.0	28.094
chr11	19544323	0.07513524343819158	28.094
chr11	19564287	1.0618471806873726	28.0955
chr11	19587360	3.7544217539442752	28.12
chr11	19633439	0.08082332022199779	28.293
chr11	19651998	0.8259911894273441	28.2945
chr11	19677422	5.569465024781473	28.3155
chr11	19696993	9.191899331498288	28.4245
chr11	19717337	5.0362144751125815	28.6115
chr11	19773530	1.699941680832853	28.8945
chr11	19854121	8.093451847019457	29.0315
chr11	19878647	3.5692116697702803	29.23
chr11	19917311	1.0888152154946944	29.368
chr11	20060586	2.4685106652319204	29.524
chr11	20107983	0.5292532717476321	29.641
chr11	20128767	0.3143285458677432	29.652
chr11	20149446	3.3245382585751364	29.6585
chr11	20168396	0.14415948157505076	29.7215
chr11	20241232	0.11256190905003507	29.732
chr11	20263442	0.7520339098926119	29.7345
chr11	20292696	1.508712282192952	29.7565
chr11	20363286	2.7125506072874566	29.863
chr11	20387986	0.0	29.93
chr11	20397165	0.0	29.93
chr11	20406763	5.036338135917418	29.93
chr11	20414606	0.7175417862570915	29.9695
chr11	20426452	1.3966480446927285	29.978
chr11	20464758	10.081815782528315	30.0315
chr11	20483703	0.0	30.2225
chr11	20517172	10.091926458832843	30.2225
chr11	20522176	19.721516306649658	30.273
chr11	20541064	1.282974700639285	30.6455
chr11	20563278	0.4088307440719697	30.674
chr11	20585292	5.674104500992107	30.683
chr11	20614019	34.75696926375988	30.846
chr11	20630807	0.26052521884113194	31.4295
chr11	20649999	1.7261929226090098	31.4345
chr11	20698661	6.8228807718815565	31.5185
chr11	20720426	0.19535489472542525	31.667
chr11	20743461	6.119582664526479	31.6715
chr11	20758413	10.768022486772356	31.763
chr11	20782605	1.8886488420415524	32.0235
chr11	20927947	4.984763552913746	32.298
chr11	20954528	4.341260853152074	32.4305
chr11	20965124	0.6090958310774459	32.4765
chr11	20987288	56.37375225004033	32.49
chr11	20993399	2.7036035702381542	32.8345
chr11	21047401	1.1935038669525537	32.9805
chr11	21162608	0.0	33.118
chr11	21170780	0.03160156743774611	33.118
chr11	21218246	2.880102403641001	33.1195
chr11	21274494	0.41062528318979896	33.2815
chr11	21345118	3.5951649889230493	33.3105
chr11	21370847	1.4220758565200402	33.403
chr11	21477733	15.023225730581398	33.555
chr11	21494740	8.97121026060872	33.8105
chr11	21524056	4.30217871802947	34.0735
chr11	21536724	7.35470781387653	34.128
chr11	21574183	19.023857788866344	34.4035
chr11	21587009	3.499547905294585	34.6475
chr11	21616870	0.23769907297348367	34.752
chr11	21633698	1.0123506782751128	34.756
chr11	21653454	6.020490793226045	34.776
chr11	21681857	5.9198842333747494	34.947
chr11	21697060	14.050425415658397	35.037
chr11	21709871	32.18510786360513	35.217
chr11	21712745	18.081761006289412	35.3095
chr11	21733097	9.309157760034616	35.6775
chr11	21788580	0.1716856093120713	36.194
chr11	21817703	1.6781979667753215	36.199
chr11	22065290	0.5339435545389017	36.6145
chr11	22071845	0.10502877788504501	36.618
chr11	22095648	0.2479104689048696	36.6205
chr11	22123884	2.7619322694780455	36.6275
chr11	22151582	1.4417801519185398	36.704
chr11	22269145	0.046176579239042975	36.8735
chr11	22344941	0.43600908303485997	36.877
chr11	22515809	0.0	36.9515
chr11	22562958	1.9830723310298526	36.9515
chr11	22587415	0.22675736961430623	37.0
chr11	22598440	1.2774111134767356	37.0025
chr11	22607834	1.2321144674086317	37.0145
chr11	22645574	0.48434201775433783	37.061
chr11	22714740	1.9081272084806378	37.0945
chr11	22728890	2.032520325204462	37.1215
chr11	22733072	1.0486922191150259	37.13
chr11	22757388	1.8239525154056233	37.1555
chr11	22805909	2.013332736790377	37.244
chr11	22828260	0.11090573012939423	37.289
chr11	22841785	0.0	37.2905
chr11	22854003	0.16695605716560213	37.2905
chr11	22868977	1.1478930608015223	37.293
chr11	22882480	0.0	37.3085
chr11	22907267	0.11847779726068558	37.3085
chr11	22949469	0.0	37.3135
chr11	22963783	19.725343320849095	37.3135
chr11	22967788	0.1397428731134765	37.3925
chr11	22978522	1.6074376574854043	37.394
chr11	23001540	0.03732921882388216	37.431
chr11	23041723	0.2621191562848483	37.4325
chr11	23074151	0.0	37.441
chr11	23094437	1.4785939915315858	37.441
chr11	23109316	0.8656199629871757	37.463
chr11	23126067	0.47817047817054553	37.4775
chr11	23174167	2.542544277830775	37.5005
chr11	23208778	5.407124681933545	37.5885
chr11	23222926	1.8628974320418272	37.665
chr11	23282779	2.905270571663451	37.7765
chr11	23299817	3.995100898168682	37.826
chr11	23316963	5.078732503888102	37.8945
chr11	23337539	0.673907872829458	37.999
chr11	23350152	7.287481288899483	38.0075
chr11	23362845	10.644922741602715	38.1
chr11	23388538	4.244521337946886	38.3735
chr11	23410213	0.5612272168475277	38.4655
chr11	23447631	0.04686474833619221	38.4865
chr11	23468969	2.1632251720748115	38.4875
chr11	23484224	1.336451720681641	38.5205
chr11	23502182	4.5779685264658765	38.5445
chr11	23505677	2.361693334120514	38.5605
chr11	23522614	9.608433734939837	38.6005
chr11	23539214	6.403013182674442	38.76
chr11	23555144	0.8704482808646783	38.862
chr11	23568930	1.0365701965333558	38.874
chr11	23580989	7.184553210597336	38.8865
chr11	23596578	12.969979597784704	38.9985
chr11	23613733	2.235015238740349	39.221
chr11	23628498	1.9735166793994086	39.254
chr11	23636352	0.27174897641219914	39.2695
chr11	23663951	3.3712194182235207	39.277
chr11	23674333	0.9246417013410393	39.312
chr11	23691637	1.3255567338280487	39.328
chr11	23725585	8.129660314830343	39.373
chr11	23744897	1.9275863439448788	39.53
chr11	23770058	1.0723477266228603	39.5785
chr11	23777052	7.1776814734567145	39.586
chr11	23784436	1.7166906634178658	39.639
chr11	23847639	0.3536901674133593	39.7475
chr11	23851880	1.6313213703097713	39.749
chr11	23861688	1.1403192894009333	39.765
chr11	23878350	0.06615069127456964	39.784
chr11	23893467	6.009287080032844	39.785
chr11	23908111	0.1508125023564957	39.873
chr11	23961157	5.573006383625465	39.881
chr11	23971026	0.38005954266169806	39.936
chr11	23986813	0.29403571760199104	39.942
chr11	24019122	10.595832110360728	39.9515
chr11	24036157	0.6755452615325482	40.132
chr11	24051700	0.1500420117635837	40.1425
chr11	24068362	2.044029699823672	40.145
chr11	24137588	4.611273918290125	40.2865
chr11	24172394	2.5341351790915003	40.447
chr11	24198833	1.057320255556489	40.514
chr11	24221059	2.0175438596490953	40.5375
chr11	24243859	0.5013967480837975	40.5835
chr11	24257820	0.7068034361521164	40.5905
chr11	24285409	0.09408753904624313	40.61
chr11	24311980	1.539514197742104	40.6125
chr11	24332441	0.1261161277306579	40.644
chr11	24352264	4.796761492818378	40.6465
chr11	24370297	0.5247769697879489	40.733
chr11	24396975	1.7513729599658663	40.747
chr11	24500037	0.46725960299040287	40.9275
chr11	24531069	5.209008775342578	40.942
chr11	24554202	0.578266091365959	41.0625
chr11	24576683	0.2832660576449889	41.0755
chr11	24590804	3.092737128590291	41.0795
chr11	24635263	5.049654940245941	41.217
chr11	24653086	2.6848945497936865	41.307
chr11	24691635	1.0098629952536822	41.4105
chr11	24721342	1.6102925225691078	41.4405
chr11	24781269	0.2963088384692642	41.537
chr11	24804893	6.260088979881335	41.544
chr11	24830292	4.456502256766201	41.703
chr11	24891663	2.0045741961523063	41.9765
chr11	24928828	0.21606757022187548	42.051
chr11	24979738	10.57857472034877	42.062
chr11	25003607	3.808285342745385	42.3145
chr11	25008990	0.18895019272929323	42.335
chr11	25035452	2.1210371746278387	42.34
chr11	25075291	2.247937761444835	42.4245
chr11	25100870	0.27316184839518454	42.482
chr11	25122835	3.7945446546414305	42.488
chr11	25168295	0.21132713440406548	42.6605
chr11	25175393	12.782788138183982	42.662
chr11	25201561	3.3437156467570723	42.9965
chr11	25223393	1.306620209059283	43.0695
chr11	25233725	1.3630437359252838	43.083
chr11	25250599	3.501469147894238	43.106
chr11	25271019	4.059539918809035	43.1775
chr11	25293189	12.540219453840526	43.2675
chr11	25305310	0.6842072525968298	43.4195
chr11	25337464	0.6220829354244364	43.4415
chr11	25486158	2.233063075443099	43.534
chr11	25515266	3.5728495265378553	43.599
chr11	25578101	0.038568343103890367	43.8235
chr11	25604029	0.3122552761228917	43.8245
chr11	25704908	2.070766183487908	43.856
chr11	25782657	0.08509769215051148	44.017
chr11	25812035	7.057268346765662	44.0195
chr11	25835486	0.9173546826787105	44.185
chr11	25871459	0.8788944114437011	44.218
chr11	25887957	0.5687850750796515	44.2325
chr11	25901143	0.0	44.24
chr11	25927117	0.0	44.24
chr11	25952678	2.620267326149639	44.24
chr11	25969661	1.3937282229964818	44.2845
chr11	26051456	13.419602204648873	44.3985
chr11	26063975	14.285034045998014	44.5665
chr11	26084976	45.107564191533726	44.8665
chr11	26093622	3.777206724666395	45.2565
chr11	26158220	2.1668528941844385	45.5005
chr11	26253981	9.471004487400913	45.708
chr11	26277157	0.9334504722158965	45.9275
chr11	26295369	10.006348855825884	45.9445
chr11	26331596	6.22742190635842	46.307
chr11	26416302	20.314067966694754	46.8345
chr11	26453173	11.922453390975464	47.5835
chr11	26482781	18.575080508615248	47.9365
chr11	26512902	0.9187798603454961	48.496
chr11	26529228	15.355866103347422	48.511
chr11	26566152	0.9236320937092112	49.078
chr11	26635985	0.0809487189865251	49.1425
chr11	26710106	18.864480009736646	49.1485
chr11	26726539	2.5568804903669546	49.4585
chr11	26813168	0.07035741567166207	49.68
chr11	26862914	0.1754509088355482	49.6835
chr11	26877163	12.08430007733952	49.686
chr11	26892679	0.19306752873566077	49.8735
chr11	27004039	0.7742129572280396	49.895
chr11	27117057	0.3375967713472178	49.9825
chr11	27247390	0.5753138075314251	50.0265
chr11	27352550	0.2664416714772714	50.087
chr11	27397588	0.0	50.099
chr11	27429585	0.9137830618762496	50.099
chr11	27479378	1.515012395556021	50.1445
chr11	27490269	15.315447035601908	50.161
chr11	27503948	1.9186683942987688	50.3705
chr11	27524014	0.585579137767274	50.409
chr11	27600861	0.4034569893614412	50.454
chr11	27695047	0.0	50.492
chr11	27701801	0.049814689355693456	50.492
chr11	27751987	0.7145141303913373	50.4945
chr11	27852055	0.13681906205268715	50.566
chr11	27947071	0.0	50.579
chr11	27968767	3.1561861248047367	50.579
chr11	27985401	2.057511766010418	50.6315
chr11	28025984	1.387317884316018	50.715
chr11	28129421	0.5571304504563668	50.8585
chr11	28373529	0.1895964628883776	50.9945
chr11	28637247	0.494340386441821	51.0445
chr11	28765701	0.024594921640592234	51.108
chr11	28968995	0.32563811213034566	51.113
chr11	29113327	0.689490328749015	51.16
chr11	29167715	0.2615370532620153	51.1975
chr11	29320657	0.15744725516952418	51.2375
chr11	29520724	0.0	51.269
chr11	29646380	0.2801674412474063	51.269
chr11	29676719	0.2050020500203866	51.2775
chr11	29696231	0.1111495331719649	51.2815
chr11	29736717	0.3103480582751515	51.286
chr11	29822105	0.22801055363134815	51.3125
chr11	29914206	0.384280195159424	51.3335
chr11	30059933	0.054392537343894584	51.3895
chr11	30207012	2.746839253461785	51.3975
chr11	30233588	0.2190757310210226	51.4705
chr11	30276952	0.29795424614598726	51.48
chr11	30444763	0.16628277926269616	51.53
chr11	30525950	0.03666710667191338	51.5435
chr11	30594131	0.2504006410256505	51.546
chr11	30624083	0.03780083161829704	51.5535
chr11	30862173	0.7504127269997006	51.5625
chr11	30875499	0.28679121599496077	51.5725
chr11	30899907	0.5351301647597789	51.5795
chr11	30966246	0.0	51.615
chr11	31096168	0.0	51.615
chr11	31159122	0.47509699897064117	51.615
chr11	31222267	0.0	51.645
chr11	31296556	0.0	51.645
chr11	31389556	0.08596973865191632	51.645
chr11	31418636	0.08651085360491177	51.6475
chr11	31632482	0.08085201293635154	51.666
chr11	31811822	0.23139539688441546	51.6805
chr11	31932827	0.01901249120674605	51.7085
chr11	32038021	0.005203382892664815	51.7105
chr11	32326295	0.3680809216071937	51.712
chr11	32504245	0.0	51.7775
chr11	32846153	0.028461485917230883	51.7775
chr11	33021829	0.0	51.7825
chr11	33104556	0.8008827507653183	51.7825
chr11	33132650	0.12099579539604294	51.805
chr11	33165709	0.032955909700830975	51.809
chr11	33378114	0.0	51.816
chr11	33410326	0.6975662687955619	51.816
chr11	33429679	0.24275211541121852	51.8295
chr11	33516187	0.0	51.8505
chr11	33564285	0.0	51.8505
chr11	33752937	0.0	51.8505
chr11	33944419	0.0	51.8505
chr11	33974393	0.044202493951250366	51.8505
chr11	34189313	0.0	51.86
chr11	34313793	0.0	51.86
chr11	34527869	0.0	51.86
chr11	34538534	0.0	51.86
chr11	34733485	0.0	51.86
chr11	34792912	0.0	51.86
chr11	35002875	0.0	51.86
chr11	35023578	0.0	51.86
chr11	35033383	0.03291899294213797	51.86
chr11	35109327	0.014266759876232646	51.8625
chr11	35179420	0.0	51.8635
chr11	35247443	0.0	51.8635
chr11	35318069	0.0	51.8635
chr11	35402203	0.0	51.8635
chr11	35673133	0.019303342373721312	51.8635
chr11	35880351	0.0	51.8675
chr11	36104078	0.0	51.8675
chr11	36227282	0.0	51.8675
chr11	36268105	0.0	51.8675
chr11	36276949	0.0	51.8675
chr11	36493547	0.0	51.8675
chr11	36712214	0.0	51.8675
chr11	36762884	0.007999232073702279	51.8675
chr11	36887896	0.0	51.8685
chr11	36913092	0.00994441074398885	51.8685
chr11	37013651	0.05478651521239113	51.8695
chr11	37041030	0.17560804284826512	51.871
chr11	37063808	0.0	51.875
chr11	37112678	0.0	51.875
chr11	37151116	0.0	51.875
chr11	37174439	0.0	51.875
chr11	37205145	0.0	51.875
chr11	37259573	0.0772814590739241	51.875
chr11	37350151	0.0	51.882
chr11	37377735	0.06730743343307842	51.882
chr11	37414878	0.012504480772277206	51.8845
chr11	37534835	0.02815354945873241	51.886
chr11	37818991	0.0	51.894
chr11	37838968	0.018780048076923787	51.894
chr11	37918840	0.0	51.8955
chr11	38031869	0.0	51.8955
chr11	38170098	0.07584376185064198	51.8955
chr11	38262393	0.0	51.9025
chr11	38289547	0.004989920360859411	51.9025
chr11	38489951	0.08307027745465115	51.9035
chr11	38520046	0.0	51.906
chr11	38534392	1.0317347374414212	51.906
chr11	38562500	0.6316093405997869	51.935
chr11	38590207	0.10661738574170566	51.9525
chr11	38646483	0.06528608361835653	51.9585
chr11	38684776	0.01361285053096617	51.961
chr11	38758236	0.2207505518760893	51.962
chr11	38774091	3.021513173798125	51.9655
chr11	38778228	0.6084263093017966	51.978
chr11	38841506	0.10306303335125032	52.0165
chr11	38890020	0.01757263355201566	52.0215
chr11	38975380	0.02766175209531325	52.023
chr11	39011531	0.0	52.024
chr11	39084966	0.4953928465273149	52.024
chr11	39145524	0.014329521680532906	52.054
chr11	39215310	0.0	52.055
chr11	39283782	0.009046499004885451	52.055
chr11	39449592	0.048219107625050044	52.0565
chr11	39480700	0.10207206287642483	52.058
chr11	39559076	0.0	52.066
chr11	39578554	0.08221881166411187	52.066
chr11	39615042	0.8382743815170071	52.069
chr11	39639497	0.7784952145441519	52.0895
chr11	39705008	0.0	52.1405
chr11	39893651	0.0	52.1405
chr11	39922960	0.0	52.1405
chr11	39959369	0.0	52.1405
chr11	39996015	0.0	52.1405
chr11	40012793	0.0	52.1405
chr11	40023259	0.0	52.1405
chr11	40076064	0.027074590496755636	52.1405
chr11	40112999	0.0	52.1415
chr11	40134151	0.07439147771224562	52.1415
chr11	40167757	0.02417935276713186	52.144
chr11	40271151	0.0	52.1465
chr11	40308945	0.011946330257990885	52.1465
chr11	40601922	0.011176431142061101	52.15
chr11	40691396	0.029217724640449326	52.151
chr11	40862525	0.0	52.156
chr11	40978454	0.0	52.156
chr11	40995310	0.0	52.156
chr11	41014425	0.0	52.156
chr11	41097674	0.0	52.156
chr11	41123460	0.011029249569833562	52.156
chr11	41214128	0.04069231186587968	52.157
chr11	41250990	0.0	52.1585
chr11	41274636	0.0	52.1585
chr11	41306884	0.0	52.1585
chr11	41361791	0.0	52.1585
chr11	41441038	0.0	52.1585
chr11	41458768	0.0	52.1585
chr11	41655690	0.06507592190889618	52.1585
chr11	41678740	0.04795396419437522	52.16
chr11	41772580	0.09131419387847292	52.1645
chr11	41799958	0.18767888143376266	52.167
chr11	41821271	2.0466444550217213	52.171
chr11	41831776	0.0	52.1925
chr11	41867251	0.412104085717526	52.1925
chr11	41884237	0.0	52.1995
chr11	41962602	0.0	52.1995
chr11	42016586	0.0	52.1995
chr11	42054758	0.0	52.1995
chr11	42138665	0.0	52.1995
chr11	42151977	1.0037038084197738	52.1995
chr11	42187346	0.0	52.235
chr11	42215358	0.07228009984291399	52.235
chr11	42319121	0.18850649000929073	52.2425
chr11	42337688	0.3462304163420888	52.246
chr11	42372347	0.17439156719889048	52.258
chr11	42398151	0.870541339259048	52.2625
chr11	42441802	0.08195774705603476	52.3005
chr11	42710233	0.466845892561108	52.3225
chr11	42772352	0.0337456733225546	52.3515
chr11	42876069	0.09850922703093563	52.355
chr11	42891296	0.36730652528043606	52.3565
chr11	42922605	0.17899925646450335	52.368
chr11	42958918	0.8590394377198584	52.3745
chr11	42984528	0.06494430252907521	52.3965
chr11	43146205	0.0	52.407
chr11	43152313	0.18405359640728075	52.407
chr11	43193062	0.44761464710647325	52.4145
chr11	43227690	0.04980139204852186	52.43
chr11	43478687	0.09036076535563248	52.4425
chr11	43522954	0.07440159857154248	52.4465
chr11	43569996	0.3186404673393642	52.45
chr11	43588826	0.33120146185468663	52.456
chr11	43676386	2.4613220815753394	52.485
chr11	43693450	0.6550831331690674	52.527
chr11	43725507	0.34058978798286993	52.548
chr11	43760740	0.08131403480233294	52.56
chr11	43791485	0.15634993959210838	52.5625
chr11	43861840	0.8582939218776036	52.5735
chr11	43890385	0.304125975737517	52.598
chr11	43949571	0.0	52.616
chr11	43970222	0.0	52.616
chr11	44005755	0.9903562035264319	52.616
chr11	44036552	0.06524221171082495	52.6465
chr11	44067207	0.03892262182780779	52.6485
chr11	44144283	4.8320915667855	52.6515
chr11	44162805	5.345505138031224	52.741
chr11	44203774	0.20019218449721965	52.96
chr11	44228750	0.0	52.965
chr11	44263945	0.0	52.965
chr11	44322747	0.0	52.965
chr11	44359764	0.06936736958925392	52.965
chr11	44410220	0.061458282118042336	52.9685
chr11	44450898	1.0877672799603335	52.971
chr11	44483074	0.1265822784808975	53.006
chr11	44502824	0.043915506565577925	53.0085
chr11	44525595	0.2630088209110427	53.0095
chr11	44550309	1.1629838843670048	53.016
chr11	44556328	0.6901361384340365	53.023
chr11	44625155	0.9440485054781135	53.0705
chr11	44662759	2.2770265536326537	53.106
chr11	44677032	0.16456751656646956	53.1385
chr11	44722606	2.268643306379135	53.146
chr11	44767126	2.860533118616882	53.247
chr11	44790723	2.74505715973455	53.3145
chr11	44819502	14.574678199277983	53.3935
chr11	44834185	0.21190481235824649	53.6075
chr11	44881376	0.09227135159067419	53.6175
chr11	44908470	1.6896988715228893	53.62
chr11	44925041	0.6021332721638544	53.648
chr11	44942479	0.08655011251514955	53.6585
chr11	44959810	0.11676786548397651	53.66
chr11	44968374	0.11213276519399393	53.661
chr11	44981751	0.4340374385113793	53.6625
chr11	45026678	1.1871988988299296	53.682
chr11	45084798	0.1718780542056266	53.751
chr11	45233159	0.13371241977258655	53.7765
chr11	45304207	0.2741729117163328	53.786
chr11	45309678	1.881950384944468	53.7875
chr11	45327213	0.6557528814552603	53.8205
chr11	45392024	6.400566839867756	53.863
chr11	45413194	0.7765945567320384	53.9985
chr11	45511701	5.298958428228562	54.075
chr11	45544632	0.8997369999538938	54.2495
chr11	45566305	1.078491792257244	54.269
chr11	45602003	1.0217113665389914	54.3075
chr11	45625493	4.675601583917182	54.3315
chr11	45658323	1.3929227668781277	54.485
chr11	45708936	0.0	54.5555
chr11	45716383	0.8010821804785463	54.5555
chr11	45820617	0.513884045735656	54.639
chr11	45875104	0.5360972122945165	54.667
chr11	45889094	18.945134889360414	54.6745
chr11	45895692	0.09178016814118456	54.7995
chr11	45922931	0.0	54.802
chr11	45930464	0.0	54.802
chr11	45966737	4.254683884451905	54.802
chr11	45980134	7.068062827225089	54.859
chr11	46003054	12.104412104412125	55.021
chr11	46024699	2.2830442719004727	55.283
chr11	46212606	0.5707762557076802	55.712
chr11	46235382	0.10700680563274093	55.725
chr11	46258745	0.6178252551021586	55.7275
chr11	46283833	1.163323580216493	55.743
chr11	46312200	1.3424585417213697	55.776
chr11	46350190	1.6361805672093255	55.827
chr11	46362108	7.550796265788965	55.8465
chr11	46365750	1.0441472797216003	55.874
chr11	46393045	1.4630438913167048	55.9025
chr11	46419360	1.200358072916616	55.941
chr11	46443936	3.058332090108934	55.9705
chr11	46470748	1.9376880322266434	56.0525
chr11	46490359	1.0904210702900623	56.0905
chr11	46502281	1.6035312171319813	56.1035
chr11	46560278	6.447144075021241	56.1965
chr11	46597814	0.6154266958424741	56.4385
chr11	46619750	4.828504828505405	56.452
chr11	46625756	1.916921015409708	56.481
chr11	46652622	3.5627426718437	56.5325
chr11	46676059	0.04198505332097953	56.616
chr11	46735604	0.14580615455456572	56.6185
chr11	46800759	0.09881032370253058	56.628
chr11	46826060	0.42430086788824634	56.6305
chr11	46851985	0.10855405992184519	56.6415
chr11	46907257	0.2618985262254632	56.6475
chr11	46949258	1.8037779630906445	56.6585
chr11	47004420	1.1338393187706495	56.758
chr11	47026028	1.5440315195400436	56.7825
chr11	47054201	4.648121310664261	56.826
chr11	47082492	1.9529660672145115	56.9575
chr11	47131648	0.33079722130332223	57.0535
chr11	47207223	5.742828142529072	57.0785
chr11	47225942	0.11200716845878561	57.186
chr11	47266118	0.7878463550956901	57.1905
chr11	47299754	0.0295922192191611	57.217
chr11	47350443	0.22322425108275182	57.2185
chr11	47372842	0.7866789038940905	57.2235
chr11	47395723	2.47534634886404	57.2415
chr11	47420770	1.0250777960826907	57.3035
chr11	47448085	9.204311493278492	57.3315
chr11	47456342	1.8345475662548278	57.4075
chr11	47494226	0.17533401129160003	57.477
chr11	47551260	0.6885554830760228	57.487
chr11	47620245	0.26806571439504834	57.5345
chr11	47646358	1.8975332068312813	57.5415
chr11	47672708	0.9330914690643407	57.5915
chr11	47749335	1.5195982521359428	57.663
chr11	47826000	0.5752268950530705	57.7795
chr11	47849469	0.4113370436264981	57.793
chr11	48051250	0.3114889170234311	57.876
chr11	48101011	1.8821153139917746	57.8915
chr11	48122795	2.219421306444626	57.9325
chr11	48141043	4.468642457239884	57.973
chr11	48160512	0.4014910419613193	58.06
chr11	48296256	1.5491422342074141	58.1145
chr11	48331114	0.6534879921580141	58.1685
chr11	48361719	1.1581580654130308	58.1885
chr11	48383305	1.536534446764071	58.2135
chr11	48443180	0.21771584971379376	58.3055
chr11	48475332	0.296840299918655	58.3125
chr11	48566290	0.0	58.3395
chr11	48592208	0.1306620209059283	58.3395
chr11	48638128	0.690659579898794	58.3455
chr11	48704731	2.0936429387133346	58.3915
chr11	48749390	0.1662944837745285	58.485
chr11	48770437	0.7565979794381551	58.4885
chr11	48792906	2.064362875403187	58.5055
chr11	48810587	1.2074201456222329	58.542
chr11	48837918	2.0869006849313325	58.575
chr11	48865950	2.779424844352314	58.6335
chr11	48879442	7.731104375828824	58.671
chr11	48921674	5.12426338713799	58.9975
chr11	48945092	4.466877378571906	59.1175
chr11	48976098	0.18809641133240598	59.256
chr11	49164831	0.13453624564732436	59.2915
chr11	49228011	0.0732508737783324	59.3
chr11	49275792	0.20396508117820664	59.3035
chr11	49300306	0.2664618567688507	59.3085
chr11	49364105	0.44235969685844806	59.3255
chr11	49483917	0.04755111745121685	59.3785
chr11	49536492	0.05768343331795327	59.381
chr11	49562496	0.0	59.3825
chr11	49579841	0.0	59.3825
chr11	49596562	0.5049123766646522	59.3825
chr11	49644095	2.3080200738565617	59.4065
chr11	49686339	1.001031365649495	59.504
chr11	49735788	1.1233097367639624	59.5535
chr11	49759379	0.8397816567692719	59.58
chr11	49859405	0.5386151128219328	59.664
chr11	49929028	3.3094264319443	59.7015
chr11	49979641	0.0	59.869
chr11	50089825	0.30635278942274025	59.869
chr11	50151845	0.0	59.888
chr11	50163572	0.053520297572919914	59.888
chr11	50200941	0.46831955922853735	59.89
chr11	50219091	0.11204607334533731	59.8985
chr11	50308340	0.11889321227853318	59.9085
chr11	50354600	0.3437087549492889	59.914
chr11	50390968	0.3953396432641802	59.9265
chr11	50433969	0.2716038205604195	59.9435
chr11	50478151	0.0	59.9555
chr11	50520652	0.8709872373705497	59.9555
chr11	50548781	0.04781303192000457	59.98
chr11	50653355	0.45156920298037384	59.985
chr11	50679929	0.19006305621389816	59.997
chr11	50724651	0.4984438825132639	60.0055
chr11	50765779	0.08950414702548225	60.026
chr11	50782538	3.691794688579112	60.0275
chr11	50807729	0.46247499408461423	60.1205
chr11	50900707	0.24246622791818137	60.1635
chr11	50929577	0.2790238458071407	60.1705
chr11	51069350	0.6749441061912317	60.2095
chr11	51140467	0.8550808906522072	60.2575
chr11	51169704	21.729079981507443	60.2825
chr11	51174030	0.060621981530505256	60.3765
chr11	51223517	0.7402743269460136	60.3795
chr11	51282279	3.209969788519461	60.423
chr11	51306111	4.084738918398491	60.4995
chr11	51338304	0.15493394180111664	60.631
chr11	51373803	0.9829827713772702	60.6365
chr11	51421108	1.5344429737739125	60.683
chr11	51506481	0.0	60.814
chr11	51531756	1.0404774635472005	60.814
chr11	51600955	4.677541588500578	60.886
chr11	51681446	5.074532191563595	61.2625
chr11	51719282	0.41939635848260026	61.4545
chr11	51788429	1.7607118758434714	61.4835
chr11	51835853	1.221181956111507	61.567
chr11	51862876	2.179021576586282	61.6
chr11	51886281	0.04014290875507484	61.651
chr11	51911192	0.4361295756007514	61.652
chr11	51944439	2.222130776511339	61.6665
chr11	51968740	1.651380006731703	61.7205
chr11	52016276	1.3288522653767694	61.799
chr11	52087390	0.3465860338942183	61.8935
chr11	52354279	1.1234973223314244	61.986
chr11	52434386	0.5330591886077387	62.076
chr11	52486913	0.6469412995908842	62.104
chr11	52539468	0.2048131080391648	62.138
chr11	52558998	0.05425515423963647	62.142
chr11	52688018	0.11133377866845222	62.149
chr11	52741910	0.167336010709439	62.155
chr11	52807646	0.11396530896001089	62.166
chr11	52851519	0.028498553698434636	62.171
chr11	52921698	0.12249128427391895	62.173
chr11	52974763	0.044960563163200434	62.1795
chr11	53052609	1.248699271592139	62.183
chr11	53067024	0.23033513762525346	62.201
chr11	53145171	0.0	62.219
chr11	53205597	0.2844288152245871	62.219
chr11	53244271	0.12782275244994093	62.23
chr11	53291211	0.1571908780924342	62.236
chr11	53415264	0.21560087965169927	62.2555
chr11	53461646	0.09944382489360074	62.2655
chr11	53602429	0.07866206094598356	62.2795
chr11	53748624	0.022419011321628116	62.291
chr11	53837834	0.10694272147827892	62.293
chr11	53861211	0.13657470636444274	62.2955
chr11	53945414	0.02845516888142839	62.307
chr11	54156272	0.08520394726646899	62.313
chr11	54220823	0.1829714564528003	62.3185
chr11	54294605	0.25867272152445436	62.332
chr11	54364191	0.05758157389635535	62.35
chr11	54390241	0.6477849354014712	62.3515
chr11	54445815	0.063543301582851	62.3875
chr11	54603188	0.037427951193953056	62.3975
chr11	54643265	0.0	62.399
chr11	54696698	0.02437300446020301	62.399
chr11	54737727	0.013356127791494482	62.4
chr11	54812599	0.47810288774123355	62.401
chr11	54843973	0.88667454821824	62.416
chr11	54879499	0.07021266636501491	62.4475
chr11	54943590	0.17989554814737707	62.452
chr11	55121471	0.49654023577639195	62.484
chr11	55152687	0.432713111207286	62.4995
chr11	55180419	0.8104286650342629	62.5115
chr11	55209416	0.19311170546605702	62.535
chr11	55312983	0.9129845195418675	62.555
chr11	55387464	0.4342462373550855	62.623
chr11	55488789	0.06858585119613984	62.667
chr11	55598141	0.11795632245872861	62.6745
chr11	55627813	0.0	62.678
chr11	55630574	0.0	62.678
chr11	55688418	0.9616335681551157	62.678
chr11	55870400	0.03978516013527105	62.853
chr11	56021210	0.04778059152361171	62.859
chr11	56042139	0.5305659970144198	62.86
chr11	56097740	0.2057719018468106	62.8895
chr11	56156057	0.15108250615658209	62.9015
chr11	56222246	0.8869110599365494	62.9115
chr11	56286514	0.05157297576072778	62.9685
chr11	56383464	0.20610218001663314	62.9735
chr11	56512041	0.06887052341581745	63.0
chr11	56526561	0.0	63.001
chr11	56578987	0.5273798013536282	63.001
chr11	56601741	0.03738231758868302	63.013
chr11	56775620	0.09935485580298971	63.0195
chr11	56851107	0.24576850743712744	63.027
chr11	56897899	0.0	63.0385
chr11	56918190	1.234830743027612	63.0385
chr11	56941675	0.916019346328282	63.0675
chr11	56955321	0.1330030786942304	63.08
chr11	57184639	0.12408627380195471	63.1105
chr11	57273287	0.15927166608441354	63.1215
chr11	57370605	0.09017132551852139	63.137
chr11	57442690	0.02991012008911558	63.1435
chr11	57576424	0.12061707696573282	63.1475
chr11	57742238	0.5969436485207334	63.1675
chr11	57746426	0.13899092587808307	63.17
chr11	57796789	0.5597330179114277	63.177
chr11	57844133	0.0675249842441729	63.2035
chr11	57866347	0.3677490979738917	63.205
chr11	57938407	0.22571565138894947	63.2315
chr11	57976065	1.942004678465681	63.24
chr11	57998722	2.327676828352623	63.284
chr11	58032017	0.2743826390620911	63.3615
chr11	58112197	0.2547243405028472	63.3835
chr11	58175010	0.7670262980444535	63.3995
chr11	58293650	0.57793233027234	63.4905
chr11	58496961	0.0	63.608
chr11	58502045	0.0	63.608
chr11	58502326	0.621817690262719	63.608
chr11	58613291	0.1775083292370587	63.677
chr11	58649909	0.9470616804274279	63.6835
chr11	58670499	0.4690088685313212	63.703
chr11	58752587	1.3195175261069918	63.7415
chr11	58814352	1.3261343184616223	63.823
chr11	58856580	0.31047222825919396	63.879
chr11	58953207	1.318812218157076	63.909
chr11	59011972	0.6107204383066014	63.9865
chr11	59153608	0.46335226785195077	64.073
chr11	59211879	0.010617514652220916	64.1
chr11	59306063	0.032859067459822394	64.101
chr11	59336496	0.4492156004515363	64.102
chr11	59423314	0.2612410486522406	64.141
chr11	59520925	0.38003109345295144	64.1665
chr11	59549870	6.702933747814515	64.1775
chr11	59591046	0.4723383960671189	64.4535
chr11	59700078	0.10940320551444395	64.505
chr11	59718359	0.36647270818527994	64.507
chr11	60030797	0.09191211669775431	64.6215
chr11	60291916	0.05473453749341953	64.6455
chr11	60310186	0.09636139377111187	64.6465
chr11	60336130	1.1541947544327515	64.649
chr11	60406742	0.0	64.7305
chr11	60432213	3.686342329222151	64.7305
chr11	60498132	0.7160919283012168	64.9735
chr11	60542819	0.8007920561429024	65.0055
chr11	60577160	0.08577800651905049	65.033
chr11	60606305	0.9828086487159243	65.0355
chr11	60638356	0.5622557701501288	65.067
chr11	60673927	0.6401887929301532	65.087
chr11	60713759	0.022492127755393047	65.1125
chr11	60758219	0.5551443375277783	65.1135
chr11	60779835	0.3845858010922382	65.1255
chr11	60818838	0.8769731896766872	65.1405
chr11	60838793	0.8937349182230772	65.158
chr11	60861171	0.16715575201542573	65.178
chr11	60888092	0.31746031746012626	65.1825
chr11	60946367	3.188836674019607	65.201
chr11	60967221	0.21445114802869042	65.2675
chr11	61002194	3.5684298908471677	65.275
chr11	61016486	0.23065298655869548	65.326
chr11	61079351	0.7812500000000295	65.3405
chr11	61087031	0.5295519402194899	65.3465
chr11	61121022	0.19958088015121633	65.3645
chr11	61141064	0.25793139025037776	65.3685
chr11	61168203	0.16776646907489495	65.3755
chr11	61212908	0.4501083073115971	65.383
chr11	61248455	0.9769713886957434	65.399
chr11	61255620	0.02832139114646589	65.406
chr11	61290929	0.25450746108722183	65.407
chr11	61328256	0.5718048239536918	65.4165
chr11	61357112	1.4075538724483856	65.433
chr11	61386951	0.06802412589030712	65.475
chr11	61409002	0.9761225409220261	65.4765
chr11	61442297	0.5516705516705358	65.509
chr11	61506647	0.3341063637434831	65.5445
chr11	61532088	0.8598652103185251	65.553
chr11	61553603	0.8909591096661585	65.5715
chr11	61617579	1.4918608603695231	65.6285
chr11	61644056	1.343542328806549	65.668
chr11	61678666	0.7019877336880485	65.7145
chr11	61759864	2.204564745826457	65.7715
chr11	61802276	0.1532540952902386	65.865
chr11	61831639	1.309785364204683	65.8695
chr11	61867141	1.9122287025527844	65.916
chr11	61908977	0.02723806065021177	65.996
chr11	61964047	1.4391312880219376	65.9975
chr11	61979334	0.0	66.0195
chr11	61993161	0.01942803854532124	66.0195
chr11	62044633	2.476017997113831	66.0205
chr11	62079972	0.5950686916249549	66.108
chr11	62118623	1.4563586097945669	66.131
chr11	62199647	2.1797451374918975	66.249
chr11	62223503	0.11910433539770016	66.301
chr11	62244493	0.1679148335964858	66.3035
chr11	62304047	4.064936067303025	66.3135
chr11	62342916	0.25150905432596526	66.4715
chr11	62366772	2.1830754864595487	66.4775
chr11	62406395	0.0	66.564
chr11	62406801	2.902229305629358	66.564
chr11	62508447	0.33119033703534634	66.859
chr11	62534112	4.956002832001567	66.8675
chr11	62573660	0.07716287539731863	67.0635
chr11	62606059	2.684801569995676	67.066
chr11	62642747	0.9311853990127582	67.1645
chr11	62685703	3.4787448688511207	67.2045
chr11	62700076	2.002609113588119	67.2545
chr11	62743769	0.12565971349645322	67.342
chr11	62755706	2.315578177646993	67.3435
chr11	62825451	1.5952556086797003	67.505
chr11	62934211	2.769060365516073	67.6785
chr11	62961296	2.5311152617521606	67.7535
chr11	63018583	5.705006610334991	67.8985
chr11	63053377	0.0	68.097
chr11	63070465	0.26816840976152173	68.097
chr11	63096568	0.24723101265835434	68.104
chr11	63137016	0.0	68.114
chr11	63145325	0.0	68.114
chr11	63145700	48.076923076923144	68.114
chr11	63153812	0.27400263042500284	68.504
chr11	63162936	2.265491060494762	68.5065
chr11	63203766	5.726795604140427	68.599
chr11	63238253	3.6851458035950464	68.7965
chr11	63272580	6.413175470552404	68.923
chr11	63298932	5.091457665472567	69.092
chr11	63330750	0.15781333838321662	69.254
chr11	63362433	4.773007817857814	69.259
chr11	63398888	8.727877255567323	69.433
chr11	63427761	5.5390679866790995	69.685
chr11	63516043	7.204691426975581	70.174
chr11	63551853	4.710403424568596	70.432
chr11	63613525	0.038950921838669494	70.7225
chr11	63652035	0.3043954705951207	70.724
chr11	63668461	19.016697588124686	70.729
chr11	63670617	4.059464374013164	70.77
chr11	63733310	3.4641143414331403	71.0245
chr11	63772281	0.0	71.1595
chr11	63789923	0.12250898399274439	71.1595
chr11	63802167	0.7506018977481557	71.161
chr11	63872777	2.2530761556369723	71.214
chr11	63932917	4.881359258229464	71.3495
chr11	63994068	1.0065256412407488	71.648
chr11	64053679	0.12238903394275663	71.708
chr11	64090447	0.9710331245383894	71.7125
chr11	64127006	0.23849272597130206	71.748
chr11	64135392	0.6205460805510031	71.75
chr11	64160370	2.0978344934259914	71.7655
chr11	64212090	1.3407393219692492	71.874
chr11	64232974	0.342005330565799	71.902
chr11	64275371	6.2722873153337595	71.9165
chr11	64291075	1.93373469957355	72.015
chr11	64316156	4.075295944110075	72.0635
chr11	64362533	9.645568175332283	72.2525
chr11	64380054	1.7223632046148238	72.4215
chr11	64478175	0.05972288580983926	72.5905
chr11	64921891	2.9956161714561724	72.617
chr11	64942421	1.0561031646039087	72.6785
chr11	65050365	1.1518083390921459	72.7925
chr11	65085093	6.223797380818838	72.8325
chr11	65108230	0.6640106241697602	72.9765
chr11	65145880	2.450369632029725	73.0015
chr11	65169958	0.0471031559110016	73.0605
chr11	65191188	0.4971341677387971	73.0615
chr11	65208286	9.10628980891825	73.07
chr11	65218334	0.2529795367659695	73.1615
chr11	65236122	15.421115065242962	73.166
chr11	65253825	0.15179771869725034	73.439
chr11	65276882	0.0	73.4425
chr11	65289957	0.10736525660347594	73.4425
chr11	65303928	0.0	73.444
chr11	65320620	0.0	73.444
chr11	65339356	0.060009601535679545	73.444
chr11	65356020	0.0	73.445
chr11	65377464	0.0	73.445
chr11	65399099	0.1252714214136598	73.445
chr11	65411073	0.15260518857652064	73.4465
chr11	65434008	0.20645800644130202	73.45
chr11	65482444	1.472569119426715	73.46
chr11	65526245	11.456729288573628	73.5245
chr11	65542480	2.5485982709510733	73.7105
chr11	65562491	0.3943217665613593	73.7615
chr11	65576439	1.9192016121296542	73.767
chr11	65597281	3.1488065007616868	73.807
chr11	65616971	0.7436928037786419	73.869
chr11	65705045	91.82858663827491	73.9345
chr11	65708802	13.602949595804802	74.2795
chr11	65752469	0.0	74.8735
chr11	65773309	0.8902831948442675	74.8735
chr11	65796897	3.233270052207192	74.8945
chr11	65847465	0.41317435957919907	75.058
chr11	65864407	2.3594523740173985	75.065
chr11	65881572	1.8962995069619435	75.1055
chr11	65900029	2.0243777702011347	75.1405
chr11	65923493	2.4496644295304533	75.188
chr11	65938393	1.4833183733701996	75.2245
chr11	66004124	0.6548602015829433	75.322
chr11	66039246	0.13720916557235827	75.345
chr11	66090263	2.962563964449217	75.352
chr11	66127393	0.644867612472343	75.462
chr11	66153755	4.061429115370425	75.479
chr11	66169513	1.5555325106291626	75.543
chr11	66208085	10.700909577314984	75.603
chr11	66217430	10.788690476190634	75.703
chr11	66226838	52.321778940482865	75.8045
chr11	66229896	3.4940049356455316	75.9645
chr11	66350245	0.0	76.385
chr11	66350264	0.7544729467532421	76.385
chr11	66354903	3.4353529044351543	76.3885
chr11	66362908	1.050972149238085	76.416
chr11	66380035	15.401650895912178	76.434
chr11	66385002	1.719690455718036	76.5105
chr11	66412914	1.1291460832745666	76.5585
chr11	66434169	2.4874623871613886	76.5825
chr11	66459094	1.2107329842933945	76.6445
chr11	66474374	4.854368932039018	76.663
chr11	66490442	0.3227276178904227	76.741
chr11	66516780	1.4152312754018126	76.7495
chr11	66558116	7.636539391009523	76.808
chr11	66568461	2.135728542914158	76.887
chr11	66618561	26.946495660059387	76.994
chr11	66626280	6.750574218968956	77.202
chr11	66679831	1.1800665480147534	77.5635
chr11	66705677	0.0	77.594
chr11	66709863	4.6616247229104415	77.594
chr11	66725201	11.895114609863432	77.6655
chr11	66742477	8.259212198221405	77.871
chr11	66766087	2.817256748801323	78.066
chr11	66789869	6.323603537552363	78.133
chr11	66811692	5.207174329075812	78.271
chr11	66834161	0.35665458003924555	78.388
chr11	66867807	7.4096385542166345	78.4
chr11	66909307	7.635764526963243	78.7075
chr11	66925088	11.990089372621298	78.828
chr11	66936389	3.736535587280581	78.9635
chr11	66955792	1.0607762386119999	79.036
chr11	66971818	8.000715147722792	79.053
chr11	66994191	0.0	79.232
chr11	67044286	0.6565601299652608	79.232
chr11	67163087	0.8704903762453178	79.31
chr11	67183765	2.283362462648386	79.328
chr11	67201502	2.4567280848694106	79.3685
chr11	67210457	1.255846180495252	79.3905
chr11	67222003	3.4583886675520144	79.405
chr11	67240075	1.6968925654895117	79.4675
chr11	67268362	2.3763777935077885	79.5155
chr11	67288140	9.509235982074905	79.5625
chr11	67297289	8.580794446586834	79.6495
chr11	67312847	1.6297574537432564	79.783
chr11	67333709	5.392187597969323	79.817
chr11	67349658	1.3593816755348813	79.903
chr11	67375405	3.8618373710722325	79.938
chr11	67396250	0.0	80.0185
chr11	67396474	20.46127155832136	80.0185
chr11	67406273	8.113633459687383	80.219
chr11	67429752	1.5957822868166291	80.4095
chr11	67528763	8.059300532311777	80.5675
chr11	67568965	2.0337922403004525	80.8915
chr11	67588141	280.57553956835596	80.9305
chr11	67588280	0.0	80.9695
chr11	67588689	0.0	80.9695
chr11	67590035	9.970482125287047	80.9695
chr11	67605280	0.4469364537626017	81.1215
chr11	67642198	5.899280575539452	81.138
chr11	67683898	0.08135637345822273	81.384
chr11	67714627	0.0	81.3865
chr11	67741593	12.38174735670543	81.3865
chr11	67745187	6.859906560505389	81.431
chr11	67775581	1.3197683358106793	81.6395
chr11	67814603	11.49604336718798	81.691
chr11	67830652	24.32808155699732	81.8755
chr11	67847916	2.206981324468177	82.2955
chr11	67919507	0.08225578258144067	82.4535
chr11	67949900	0.9629140530427146	82.456
chr11	67968074	4.827470405507299	82.4735
chr11	67991896	1.3014608233733491	82.5885
chr11	68010721	2.097628613076315	82.613
chr11	68038848	1.753907315742359	82.672
chr11	68064505	6.612275369273995	82.717
chr11	68083258	4.143950658076108	82.841
chr11	68119576	24.698981167026336	82.9915
chr11	68122815	0.0	83.0715
chr11	68142325	0.42183921899511884	83.0715
chr11	68158919	1.5552593156852081	83.0785
chr11	68174672	0.0	83.103
chr11	68176422	0.0	83.103
chr11	68196507	0.0	83.103
chr11	68200259	0.0	83.103
chr11	68202575	0.0	83.103
chr11	68227594	0.4644681839316186	83.103
chr11	68229747	3.962913114999048	83.104
chr11	68243121	0.04896440287934069	83.157
chr11	68263544	8.896176388501098	83.158
chr11	68277876	2.579785737068291	83.2855
chr11	68331175	7.759923087487951	83.423
chr11	68345737	5.567858272698125	83.536
chr11	68361542	2.3900155323664536	83.624
chr11	68452964	0.19476472421297336	83.8425
chr11	68465800	8.764684287812155	83.845
chr11	68487592	0.2549185626233996	84.036
chr11	68597431	0.0	84.064
chr11	68624216	0.0	84.064
chr11	68668412	0.683696935795257	84.064
chr11	68684501	0.8560544450625357	84.075
chr11	68707864	0.7725219871645609	84.095
chr11	68733106	4.303252752815963	84.1145
chr11	68764710	12.205728864664046	84.2505
chr11	68781956	0.9330292349158991	84.461
chr11	68825363	0.03888402838538824	84.5015
chr11	68928233	1.0177175371238179	84.5055
chr11	68949850	0.0	84.5275
chr11	68971415	0.0	84.5275
chr11	69005137	0.03983428935590201	84.5275
chr11	69030241	0.2234776701112533	84.5285
chr11	69086175	2.338039678576489	84.541
chr11	69108202	2.2357360042925567	84.5925
chr11	69158521	0.738025336166552	84.705
chr11	69220172	4.134472007590998	84.7505
chr11	69242303	0.026589615868809712	84.842
chr11	69298716	1.1021619330224286	84.8435
chr11	69357691	2.9517453798763005	84.9085
chr11	69377171	0.7730820203210423	84.966
chr11	69404335	5.772167819603023	84.987
chr11	69426597	0.3420674557029256	85.1155
chr11	69441214	0.3843889034283977	85.1205
chr11	69502350	2.9078081799970743	85.144
chr11	69512839	0.0	85.1745
chr11	69533865	0.09611687812425748	85.1745
chr11	69544269	0.26192638122537504	85.1755
chr11	69572903	0.0	85.183
chr11	69585652	0.40441919888217354	85.183
chr11	69640051	0.24100132162019675	85.205
chr11	69704366	3.7422552664190945	85.2205
chr11	69724541	0.08005764150112593	85.296
chr11	69737032	0.6610259122160971	85.297
chr11	69752160	1.1565150346954949	85.307
chr11	69778100	0.08691117677692516	85.337
chr11	69795359	2.126747560010866	85.3385
chr11	69825687	9.113558877523984	85.403
chr11	69840939	3.043831168831284	85.542
chr11	69855723	0.14582361175908343	85.587
chr11	69872867	1.6454921169449856	85.5895
chr11	69885933	2.8720226698318387	85.611
chr11	69898990	0.991510884338569	85.6485
chr11	69943871	2.1726340561438726	85.693
chr11	70062851	1.4969172397438801	85.9515
chr11	70096587	0.24084778420067968	86.002
chr11	70113195	5.45157967033008	86.006
chr11	70124843	4.666695209144781	86.0695
chr11	70148200	0.7707275162359064	86.1785
chr11	70187773	0.13415615776701115	86.209
chr11	70198954	0.7782547432578469	86.2105
chr11	70259988	1.3052360774821583	86.258
chr11	70286420	0.6483555345983543	86.2925
chr11	70303386	0.9543747306202178	86.3035
chr11	70319627	1.6093953892993444	86.319
chr11	70342617	0.25881065412562676	86.356
chr11	70410234	0.45792787635894844	86.3735
chr11	70436439	3.0001714383684264	86.3855
chr11	70453938	2.198917456021849	86.438
chr11	70474630	3.2559380837999914	86.4835
chr11	70493365	0.3334444814937311	86.5445
chr11	70535351	2.1478702807356593	86.5585
chr11	70551879	3.447292092625416	86.594
chr11	70572910	0.707547169811188	86.6665
chr11	70617430	2.6623859676603128	86.698
chr11	70642971	1.3655166874168365	86.766
chr11	70667870	1.4402166085778483	86.8
chr11	70702587	0.7975435658176908	86.85
chr11	70727664	2.027112631445542	86.87
chr11	70767129	4.089760609824044	86.95
chr11	70790480	1.4210703791126138	87.0455
chr11	70811239	0.9961309695673097	87.075
chr11	70845873	0.1747527572102679	87.1095
chr11	70923125	2.280481235409968	87.123
chr11	70950970	4.845967462790404	87.1865
chr11	70965415	5.442334414080251	87.2565
chr11	70987005	15.887850467290724	87.374
chr11	70998775	0.3545847812208675	87.561
chr11	71012876	2.224585163835686	87.566
chr11	71048613	0.0	87.6455
chr11	71060568	0.8754825102473466	87.6455
chr11	71085697	6.937359722504907	87.6675
chr11	71100400	9.909165978530515	87.7695
chr11	71116143	6.147478154223677	87.9255
chr11	71148758	0.9110955593993161	88.126
chr11	71224491	2.732576280481477	88.195
chr11	71330252	9.252539912917623	88.484
chr11	71363324	1.5405436535360417	88.79
chr11	71432780	1.1434171839263119	88.897
chr11	71454207	3.566956323758521	88.9215
chr11	71480560	0.9521971845165349	89.0155
chr11	71599758	0.7736461192911515	89.129
chr11	71659863	0.17757483510920857	89.1755
chr11	71679573	0.7264048150259842	89.179
chr11	71698846	0.4975124378108905	89.193
chr11	71763166	1.8631336132967586	89.225
chr11	71780073	0.16686690695486092	89.2565
chr11	71795055	1.2835230715265262	89.259
chr11	71857773	0.8958706612773898	89.3395
chr11	71905771	0.6101965081816966	89.3825
chr11	71945922	1.5430144964233177	89.407
chr11	72009110	0.07092701610077133	89.5045
chr11	72023209	0.9704462421711882	89.5055
chr11	72084521	2.120777274781368	89.565
chr11	72210654	0.8952551477175573	89.8325
chr11	72232994	1.4198242967429113	89.8525
chr11	72266801	2.4404784082864532	89.9005
chr11	72293640	3.4714984366232757	89.966
chr11	72356005	1.346832621214767	90.1825
chr11	72388303	3.408048236990871	90.226
chr11	72403561	2.8908185816012915	90.278
chr11	72448358	1.437797576957469	90.4075
chr11	72511997	1.0421416009900124	90.499
chr11	72588762	0.9975827801868726	90.579
chr11	72614825	1.4721111088548176	90.605
chr11	72664074	4.918854564822692	90.6775
chr11	72680033	59.37794533458779	90.756
chr11	72683216	0.07013325318109409	90.945
chr11	72733121	0.3478502852369175	90.9485
chr11	72740308	2.814155385521263	90.951
chr11	72767492	1.4958585733710088	91.0275
chr11	72807937	2.3375689283146417	91.088
chr11	72824621	0.0	91.127
chr11	72841484	2.427513323096416	91.127
chr11	72885768	0.47801147227489993	91.2345
chr11	72890998	0.0	91.237
chr11	72902246	0.432672410550144	91.237
chr11	72928825	1.5835777126091972	91.2485
chr11	72945875	3.7367698149794433	91.2755
chr11	72970629	0.632724511747609	91.368
chr11	72994336	0.8228420966020831	91.383
chr11	73018642	2.476269087906669	91.403
chr11	73033180	3.3993276055288826	91.439
chr11	73046565	0.25101451700624305	91.4845
chr11	73070468	3.3887137007578825	91.4905
chr11	73091715	2.6796894565489437	91.5625
chr11	73111680	4.606279429007506	91.616
chr11	73165411	2.553626149131786	91.8635
chr11	73195760	0.5221771716425823	91.941
chr11	73212038	2.4952973242733973	91.9495
chr11	73238087	1.5584970111017826	92.0145
chr11	73284927	1.2487512487512051	92.0875
chr11	73310953	0.7641011392050348	92.12
chr11	73325349	10.978835978835768	92.131
chr11	73340469	2.286623253964631	92.297
chr11	73360586	15.07520588035063	92.343
chr11	73375279	0.34760845383826916	92.5645
chr11	73389663	0.8274948971148325	92.5695
chr11	73407790	7.788243961479564	92.5845
chr11	73445796	1.01002791898071	92.8805
chr11	73611633	3.2973621103104556	93.048
chr11	73616637	8.694652979929671	93.0645
chr11	73642745	0.28107573304557565	93.2915
chr11	73731689	3.6224976167780207	93.3165
chr11	73747424	13.31108639228753	93.3735
chr11	73774394	0.12345679012334451	93.7325
chr11	73794644	2.1305088872657825	93.735
chr11	73835714	0.33832769453832273	93.8225
chr11	73877094	1.316270566727655	93.8365
chr11	73904444	2.6724569901450206	93.8725
chr11	73916418	5.5667202572350325	93.9045
chr11	73941298	0.49388648619757747	94.043
chr11	73978756	0.11281588447643169	94.0615
chr11	74000916	4.189944134078719	94.064
chr11	74021322	20.156150414275483	94.1495
chr11	74027598	12.991049229239383	94.276
chr11	74059774	0.6958942240777727	94.694
chr11	74108632	12.452419793365918	94.728
chr11	74127022	15.0745648460229	94.957
chr11	74148681	2.1501873269262908	95.2835
chr11	74179376	3.547303031331253	95.3495
chr11	74208835	2.4901018451655617	95.454
chr11	74329312	0.22117043393619024	95.754
chr11	74351919	0.720596528604428	95.759
chr11	74383837	1.5570757606699777	95.782
chr11	74403425	0.5813953488373416	95.8125
chr11	74424925	0.15243902439010526	95.825
chr11	74441325	0.39845521976353915	95.8275
chr11	74457638	3.7790174554612115	95.834
chr11	74485423	0.6328822608856534	95.939
chr11	74528875	0.0	95.9665
chr11	74546554	0.37766727513062426	95.9665
chr11	74594215	0.7788161993768161	95.9845
chr11	74608981	0.1054439188986383	95.996
chr11	74642174	1.8529028811808237	95.9995
chr11	74672127	2.727516618475463	96.055
chr11	74705674	3.5059941189766684	96.1465
chr11	74714516	5.68720379146941	96.1775
chr11	74725066	15.005803349361415	96.2375
chr11	74737128	2.275548200248398	96.4185
chr11	74804804	0.4527462292706464	96.5725
chr11	74843457	0.0	96.59
chr11	74882100	0.0	96.59
chr11	74903773	10.493974942143693	96.59
chr11	74916304	0.0	96.7215
chr11	74974895	0.0	96.7215
chr11	74999585	0.12660150908987322	96.7215
chr11	75078573	0.7035629047430697	96.7315
chr11	75207204	0.0328579877765185	96.822
chr11	75237638	0.8480774318037508	96.823
chr11	75301901	0.07244626901749154	96.8775
chr11	75322606	0.0	96.879
chr11	75359557	1.2900671654015792	96.879
chr11	75432809	0.017587674557753966	96.9735
chr11	75489667	0.34679613722394514	96.9745
chr11	75508410	1.1273049359854175	96.981
chr11	75533248	3.7166214254150907	97.009
chr11	75596612	0.0	97.2445
chr11	75610257	0.5861970143030442	97.2445
chr11	75648640	15.15706566535411	97.267
chr11	75670478	10.530463125470254	97.598
chr11	75726316	0.20281507321605696	98.186
chr11	75750969	2.2769744361994007	98.191
chr11	75806086	0.6963217825837016	98.3165
chr11	75940363	0.2431476569406649	98.41
chr11	75962983	2.5402201524133057	98.4155
chr11	75987784	0.36339030625026764	98.4785
chr11	76027686	2.015451797111262	98.493
chr11	76051502	2.396578423420018	98.541
chr11	76092185	1.931691932767142	98.6385
chr11	76231700	10.024958402661625	98.908
chr11	76243720	0.0	99.0285
chr11	76257558	4.173118320178323	99.0285
chr11	76284037	0.1948102548116361	99.139
chr11	76296870	0.4739336492898658	99.1415
chr11	76306365	1.5135901069173336	99.146
chr11	76337417	0.06449116471074261	99.193
chr11	76352923	2.2359197486099025	99.194
chr11	76377745	0.6803546511124479	99.2495
chr11	76493126	5.1290021759400695	99.328
chr11	76509211	0.27419797093502546	99.4105
chr11	76520152	0.8058585131519915	99.4135
chr11	76584059	0.43126929362641764	99.465
chr11	76606087	2.2317856063163655	99.4745
chr11	76662320	9.660938225731464	99.6
chr11	76673085	0.14485119831477616	99.704
chr11	76711055	0.0	99.7095
chr11	76722296	7.273929575135878	99.7095
chr11	76740443	0.0	99.8415
chr11	76743577	3.246288934016015	99.8415
chr11	76778540	0.1576913979344354	99.955
chr11	76803906	0.8715770791076132	99.959
chr11	76835458	0.5199787386469864	99.9865
chr11	76878729	1.4504048144782282	100.009
chr11	76901826	2.0994877249951807	100.0425
chr11	76937549	2.148493450350166	100.1175
chr11	76975948	3.142899650375339	100.2
chr11	77002834	1.092018628553269	100.2845
chr11	77033969	0.6773363265147483	100.3185
chr11	77085642	3.4853868779434225	100.3535
chr11	77144459	1.5087926190561811	100.5585
chr11	77173290	0.47281323877070347	100.602
chr11	77179635	0.6916716446062615	100.605
chr11	77211442	0.4290712258236593	100.627
chr11	77241740	0.5104788854678701	100.64
chr11	77366133	1.5487954748236352	100.7035
chr11	77425534	0.029958657053125712	100.7955
chr11	77475603	3.551954534981996	100.797
chr11	77501645	0.5992562172833605	100.8895
chr11	77558382	3.7599344238922328	100.9235
chr11	77586441	0.19224196855806888	101.029
chr11	77609849	0.047637195121727365	101.0335
chr11	77641337	0.0	101.035
chr11	77653683	0.0	101.035
chr11	77661681	0.21107436853585548	101.035
chr11	77675894	0.58062707724335	101.038
chr11	77700867	0.4718464926079052	101.0525
chr11	77748552	2.7916827108198268	101.075
chr11	77774522	0.1985702938840425	101.1475
chr11	77804738	0.6735842702035443	101.1535
chr11	77867091	0.0	101.1955
chr11	77869055	0.3079291762895773	101.1955
chr11	77953490	0.6419968670552523	101.2215
chr11	78031372	0.9390887600788952	101.2715
chr11	78062253	0.6763670418480685	101.3005
chr11	78119914	0.2485707183694761	101.3395
chr11	78172213	0.26663111585122995	101.3525
chr11	78194716	0.03938248267152256	101.3585
chr11	78232804	0.3362022592788766	101.36
chr11	78247676	2.9193624743574356	101.365
chr11	78260350	0.6360002076736228	101.402
chr11	78298872	2.4101283465938326	101.4265
chr11	78316091	0.11689478239110933	101.468
chr11	78559900	0.020164136067686463	101.4965
chr11	78659086	0.0	101.4985
chr11	78666920	0.0	101.4985
chr11	78692292	0.0	101.4985
chr11	78751362	0.27885252187234016	101.4985
chr11	78780051	0.06167712436569748	101.5065
chr11	78901652	0.3529450390702473	101.514
chr11	78962568	0.12691819545397118	101.5355
chr11	79005903	0.060044733326401506	101.541
chr11	79072520	0.0	101.545
